0.23494147044669164,0.25135912783223846,0.3535863944867671,0.1601130072343029
0.2881359252378507,0.23315556139579277,0.29078592671733405,0.18792258664902245
0.33375609204613843,0.25435581834705284,0.27174405303498067,0.1401440365718281
0.34949764873997224,0.2579393295218869,0.24502655395313772,0.14753646778500315
0.16765980721026572,0.19792088559877935,0.24569017480540142,0.38872913238555346
0.18243433541852053,0.2207428539189932,0.32086751006015646,0.2759553006023298
0.40453799030751925,0.25517209142304975,0.2625082489585129,0.07778166931091808
0.3844655336364919,0.2606152494863676,0.22099164756043427,0.13392756931670624
0.3759492535091115,0.2623309437851416,0.23129797102500524,0.13042183168074165
0.36606286975270896,0.2562244715464417,0.2319418415642143,0.14577081713663506
0.10957991472336229,0.15380601250452103,0.20859963631563214,0.5280144364564846
0.2239244507143248,0.24093996932207834,0.3388420604820406,0.19629351948155616
0.40935519929123987,0.24614632898935834,0.2559663669219555,0.08853210479744633
0.3670311105322617,0.2562955710234833,0.22241300170956962,0.15426031673468532
0.2833129101678511,0.2455990547576678,0.2522289134159514,0.21885912165852983
0.3057066035590402,0.2519808494555626,0.2632150198625157,0.1790975271228814
0.1067768682541818,0.16195015854434625,0.22746808526531234,0.5038048879361596
0.2547998655755212,0.2612611972660927,0.33472361852201604,0.14921531863637003
0.39666946127025277,0.25570544927058225,0.24893546521638496,0.09868962424278002
0.34263242935630467,0.26276264373734476,0.23842691526103496,0.15617801164531564
0.22559201545682958,0.23424031541135026,0.2767191980651384,0.2634484710666819
0.23999731475115152,0.2321921323833906,0.2991732505933854,0.2286373022720725
0.09029090665636928,0.14884434461043142,0.2574106928398592,0.5034540558933401
0.26218414003111656,0.2574078902581823,0.34710258328544924,0.13330538642525191
0.42411967291991504,0.24956741561425833,0.2405949358848661,0.08571797558096049
0.3806942833302972,0.2658818255993643,0.21106876337309255,0.1423551276972459
0.37485438973513596,0.26678389892678317,0.23231250075517335,0.12604921058290752
0.47313050987696,0.26465386310906575,0.19583720520947628,0.06637842180449807
0.19195773645032949,0.2232213375908834,0.22221312494230724,0.3626078010164798
0.37117502450180423,0.26208217104352055,0.2783235778434389,0.0884192266112364
0.44765389107263676,0.2614096570012988,0.20808574887300782,0.08285070305305677
0.4040606697472759,0.2661156577975285,0.20861600286738902,0.12120766958780675
0.41512468191751734,0.265481457741398,0.2139350418275053,0.10545881851357941
0.5444745038065187,0.24966965614167078,0.16106314617225248,0.04479269387955803
0.2585584376315788,0.24681274597687117,0.2100855094884416,0.28454330690310853
0.422307341332591,0.25320272382802717,0.23673783332209414,0.08775210151728768
0.5100688597571874,0.25787364904547067,0.17250091318679,0.05955657801055172
0.5032401524747722,0.26770461580165694,0.16217384708759408,0.06688138463597695
0.4797740653907326,0.27015253133796396,0.17294279572502588,0.07713060754627765
0.41020159891089286,0.26911758527399143,0.19189631158572326,0.12878450422939253
0.2019850298393062,0.21548087755786471,0.22482778048438395,0.3577063121184451
0.38805283023815396,0.2665699298705367,0.2632663551135249,0.08211088477778446
0.5237271779172583,0.25524279161694124,0.17093213578661065,0.050097894679189785
0.5543641436054318,0.26168626451321847,0.1391542817438636,0.04479531013748611
0.41156054695900324,0.28143606201346544,0.18715903873088813,0.11984435229664311
0.3290240584000769,0.24920996093304443,0.23743582460721047,0.1843301560596681
0.084101907233866,0.13310853761316743,0.21019734499192555,0.5725922101610409
0.2856502671761234,0.2669279879157882,0.33638939750228014,0.11103234740580832
0.5240183590029289,0.2342580177713367,0.19463028043151484,0.04709334279421931
0.5226578533752018,0.2721009053155393,0.14812324938521607,0.057117991924042745
0.3906573208848923,0.2771275420251895,0.19362423386141414,0.138590903228504
0.4357479672523871,0.2671987834532053,0.20528568678223233,0.09176756251217506
0.18673500196994022,0.21909721303705854,0.2211760034309762,0.37299178156202506
0.3438932293150067,0.2602325090949264,0.285817964055452,0.110056297534615
0.5278466626215617,0.24839617198668687,0.17959142950756646,0.044165735884185105
0.4735972406432451,0.27599769277295105,0.17132512651114049,0.07907994007266347
0.3164828471469449,0.25492204679618796,0.22997008399015134,0.1986250220667159
0.34952714755376074,0.24943075081769342,0.25081442170185897,0.1502276799266868
0.1790548384691176,0.1981475738501156,0.24836384337593914,0.3744337443048277
0.3660503103161687,0.26023452858680185,0.27837637674451077,0.09533878435251872
0.5926568277913608,0.23315802793197368,0.1462052477883293,0.02797989648833627
0.5160769573983353,0.28265024539996064,0.1398813723763361,0.06139142482536789
0.37625440885112116,0.27100544584864533,0.20266426223734982,0.15007588306288386
0.38649745471145563,0.2636602362416547,0.2230621208066536,0.12678018824023615
0.1262001312253004,0.16679996403940464,0.20398990919621665,0.5030099955390782
0.3492838941512617,0.2686631049236268,0.30251141734140635,0.07954158358370506
0.5557217542667768,0.23772415004914815,0.1683938915710263,0.03816020411304876
0.39672435865324973,0.27236633703203444,0.1874331534023842,0.14347615091233162
0.22874595282776308,0.21878694025674675,0.2527231430130327,0.2997439639024575
0.3414960850529045,0.25301182913554043,0.26827786841616413,0.13721421739539105
0.08337224239965746,0.12862277090800006,0.1918514408584787,0.5961535458338638
0.33877446974041164,0.2803081148596973,0.3117939167275329,0.06912349867235824
0.5460073625037405,0.23825222323251247,0.17290280023319757,0.04283761403054942
0.289913337979607,0.26604008598580997,0.20484944040179953,0.2391971356327835
0.20446970824541377,0.22754022421114123,0.29025619141469455,0.2777338761287505
0.2703749257713828,0.2481520219293043,0.29884031421022894,0.1826327380890841
0.06987317100404442,0.13082804683358962,0.21863259087765632,0.5806661912847096
0.30594786369355287,0.2755912160037667,0.33407995839643395,0.08438096190624643
0.41295454081350585,0.2530041219467773,0.2381835021833244,0.09585783505639243
0.2909218618854467,0.2468860845633471,0.23984566051515774,0.22234639303604842
0.25061598816305175,0.23698038180812123,0.28484013986875417,0.2275634901600728
0.40897061304511806,0.2543229543216377,0.24834472466719765,0.08836170796604668
0.12278658148912755,0.16486830944355518,0.21391503436750994,0.4984300746998073
0.3465821665741885,0.2661879017935037,0.301195434050312,0.0860344975819957
0.44433946067199837,0.25466353049399443,0.21227561318406507,0.0887213956499422
0.337713362685572,0.25484741895071233,0.22373463018946746,0.18370458817424823
0.3334892981738152,0.2593452825312656,0.25715198529947253,0.1500134339954467
0.4077568663832589,0.25841506289169236,0.22128314733442744,0.11254492339062122
0.09940115228688824,0.1514987731350191,0.19601165022410763,0.553088424353985
0.33010017693309585,0.2797163095779749,0.3126946132932322,0.07748890019569707
0.36754926904120994,0.2583344621855854,0.24226154172215839,0.13185472705104626
0.37970550638196016,0.26291201033700834,0.23523869386426577,0.12214378941676568
0.335932828035358,0.2611323226144841,0.24419410242999048,0.15874074692016746
0.32463279906008496,0.25109004501735666,0.254469981867148,0.1698071740554106
0.0641056180695517,0.1161181074940855,0.18142361594237133,0.6383526584939914
0.2965463155135667,0.27725245827199085,0.3392489541832452,0.08695227203119728
0.4996691450921164,0.2380322552389998,0.20799721512689973,0.054301384541984264
0.3766824276136723,0.2702479566137031,0.20320174624455586,0.14986786952806877
0.3279067554347415,0.2536715722087116,0.24609453017690586,0.17232714217964104
0.2812025110228174,0.24788090817510552,0.2504952344452234,0.2204213463568537
0.20061543061350923,0.21799830825838554,0.26965774088603517,0.31172852024207
0.46297593085207767,0.2594248679200957,0.2297021186988341,0.04789708252899251
0.57272872365936,0.2519290523570237,0.13983055865746355,0.03551166532615268
0.40093208359671695,0.28618175110956884,0.18784727180858335,0.1250388934851309
0.27922071625812145,0.24633317348587327,0.2485832644483651,0.22586284580764027
0.25812947457398516,0.23220021706828847,0.2817303320507225,0.22793997630700372
0.20818115068021717,0.21432884260649976,0.29471837823859115,0.2827716284746919
0.5211514508789957,0.24235807553644237,0.20361092744257872,0.03287954614198337
0.48435114292048714,0.2732026053664415,0.1650695345067923,0.07737671720627905
0.4485013932077347,0.2681849114472697,0.1840079521965518,0.09930574314844376
0.43613616542843514,0.27117240571650003,0.19771979766159953,0.0949716311934653
0.4002877697485812,0.2697832981155646,0.20308633534691198,0.12684259678894214
0.3574948597426417,0.2600158078199312,0.22049420611824602,0.16199512631918112
0.5495018437545074,0.24920443323274377,0.16475861913451847,0.0365351038782305
0.4975835285770857,0.28247519176022323,0.15529471580679288,0.06464656385589822
0.42311085035967366,0.26861135730215946,0.19479618552304634,0.1134816068151205
0.40332396840043183,0.2624392099805126,0.213235589621033,0.12100123199802262
0.4094685997028851,0.2599682130365778,0.21661060970509685,0.1139525775554403
0.2546426873935461,0.23090300408701483,0.24102837214700074,0.2734259363724383
0.48102429604260133,0.2511925015279386,0.21352466014155033,0.05425854228790967
0.5814232755734586,0.25075747962106004,0.13314336132473084,0.03467588348075045
0.4560569143364022,0.2853553013521887,0.16414538161980477,0.09444240269160419
0.4232648392143835,0.26583738719671307,0.20370803017202888,0.10718974341687472
0.4134203990738825,0.2733504534002132,0.19612516928138907,0.11710397824451514
0.22977437472770587,0.2261580672814453,0.2287723541004326,0.31529520389041626
0.47021507359722675,0.25985045324218004,0.22461702649890325,0.045317446661689936
0.5985152841661187,0.24663629428265846,0.12688154930953108,0.027966872241691754
0.3071569356604275,0.2620400952454691,0.1951888576072689,0.23561411148683445
0.40168570616097643,0.2575405045530061,0.24656875280856236,0.09420503647745518
0.37554611654659886,0.2509455511931311,0.2190193708219867,0.1544889614382831
0.03554931367293443,0.053226362308156756,0.08537877191887631,0.8258455521000325
0.29495025595565055,0.29755833879701515,0.33706778799670567,0.07042361725062857
0.5690779785687052,0.21330225208420447,0.17589170207647944,0.041728067270610875
0.22192882970343497,0.2155969961112497,0.19516539880869602,0.36730877537661927
0.13755601188465763,0.1647623615360857,0.26684311536070054,0.43083851121855615
0.059833396444335295,0.10066740781359272,0.18244689791566285,0.6570522978264092
0.0012916314062910027,0.009489986879716193,0.025732944652070863,0.9634854370619219
0.08732863977694481,0.22271158656117795,0.34117659206569645,0.3487831815961807
0.28125472509618826,0.2635915240133688,0.3297799117720514,0.1253738391183916
0.05207480010703414,0.11842544892393593,0.1989621783985851,0.6305375725704448
0.009095768640621478,0.06661591639920751,0.19047269141204495,0.733815623548126
0.0015384649917740848,0.029523907716559935,0.0868872284239247,0.8820503988677413
0.0001242406431127135,0.005187187608522188,0.019199449578265658,0.9754891221700994
0.05777109984957471,0.19051679858041426,0.32700834087330993,0.42470376069670107
0.13603174429206796,0.20327019673385635,0.35070754116922537,0.3099905178048504
0.03983505775456845,0.0995314930650194,0.2485515133494501,0.612081935830962
0.05932586791187699,0.16168935281194421,0.3291968622577005,0.44978791701847826
0.06372982430236453,0.13898115502415995,0.2832614369816848,0.5140275836917907
0.016508367617371678,0.0673926441650161,0.17680014297385852,0.7392988452437539
0.2208927448886781,0.2871110699148172,0.37576234451747476,0.11623384067903002
0.19094591815409145,0.2196516588211741,0.30752513911737345,0.2818772839073611
0.1735571186296471,0.20852574272955146,0.32777212789316135,0.2901450107476401
0.28015248717059393,0.2522987365757135,0.31915197052391975,0.1483968057297727
0.09739051359741827,0.14688554587449665,0.2321346007387594,0.5235893397893256
0.06485799874127347,0.14029269821350435,0.29980939703044024,0.49503990601478187
0.3228771545452154,0.26196311811770334,0.3302198120355345,0.08493991530154674
0.3170181861846157,0.24057134752479795,0.26104578514871735,0.18136468114186902
0.3091769994654914,0.2521126869159669,0.26388003807700755,0.1748302755415342
0.3317863758273841,0.2573729283263625,0.259008560046286,0.1518321357999674
0.27433989845277307,0.247039710318069,0.2522726931202381,0.22634769810891994
0.19682844965641352,0.21631885185819924,0.25662759550163877,0.33022510298374846
0.4809851429788827,0.25454668638956746,0.22421989529716665,0.04024827533438322
0.41427319540281304,0.28283821515213947,0.20062970183211873,0.10225888761292878
0.3672803794760335,0.25308424591120526,0.23042569864780532,0.14920967596495585
0.20296229238152588,0.21181555913780412,0.26359237989726836,0.3216297685834016
0.2139931627833515,0.21795512923268706,0.30660172365898053,0.2614499843249809
0.14228742721834498,0.17124855060932068,0.2650726266473434,0.42139139552499094
0.3979741952044297,0.2616523095864304,0.2676760828096344,0.07269741239950556
0.5946858659526096,0.23475827538996386,0.14141128996887403,0.02914456868855247
0.4295956274186082,0.2947275841478858,0.17111483003215402,0.10456195840135205
0.24999860493698886,0.2331264423701624,0.24478766572936903,0.2720872869634796
0.14742196271587527,0.19042721477035013,0.2535778625514652,0.4085729599623093
0.07048662096375506,0.12926394006442965,0.22579917190592266,0.5744502670658928
0.3006388232557198,0.276489668368065,0.338919734928223,0.08395177344799214
0.5703821874604832,0.22840014722932178,0.16993910464461462,0.03127856066558044
0.3288776333151012,0.2696802832919478,0.1995584550855931,0.20188362830735784
0.20192602234561288,0.2107711606063949,0.27485261605160716,0.31245020099638515
0.08403644629648296,0.13594996949407825,0.23605606258560674,0.5439575216238319
0.053154664670128055,0.11844189612527439,0.2519724259829348,0.5764310132216628
0.3585803713973898,0.2716072565415941,0.3094184666630522,0.06039390539796387
0.567898270441551,0.23216704221714346,0.16240951981631643,0.03752516752498912
0.2251566699638024,0.24702008130078518,0.20823003905329682,0.3195932096821157
0.13329020234148933,0.1853100811641762,0.28692868543034317,0.3944710310639913
0.1507976128710372,0.2028875366333847,0.30442089582033105,0.341893954675247
0.09542891140766599,0.15645111444553964,0.2600459652732586,0.4880740088735358
0.36947475003973734,0.2692750591540782,0.300426695949058,0.06082349485712639
0.32939886129874624,0.26107957935058257,0.2503019001736276,0.15921965917704362
0.2344320218176577,0.21921009724122453,0.2646258277992949,0.2817320531418228
0.08559103346575898,0.14392978249034719,0.25468902205267563,0.5157901619912181
0.16410014282552826,0.21666139678547217,0.34816295632973854,0.27107550405926106
0.09487745502084527,0.1430385153271604,0.2655203496742677,0.4965636799777267
0.3118503231670885,0.2609974491356591,0.31883398590380024,0.10831824179345212
0.4136607805554196,0.25116162206432124,0.23287369046099515,0.10230390691926401
0.22094190825160542,0.2336780578044222,0.243176356447337,0.30220367749663546
0.1407897824900961,0.19294901676398182,0.29616495145764526,0.37009624928827684
0.2087696906220209,0.23315335593610623,0.3137513411591682,0.24432561228270483
0.1147986103756079,0.16768094628945696,0.25505223971462526,0.4624682036203098
0.2545076697247416,0.2589427496687706,0.34392751316915426,0.14262206743733358
0.363698376291979,0.2569251173257693,0.2675502650924723,0.11182624128977943
0.21479352346578268,0.2132083656697301,0.2530363949796576,0.3189617158848298
0.1291327125754088,0.17901568801390066,0.29377440021905354,0.398077199191637
0.18672655122730886,0.2159888833676916,0.3295935629420515,0.2676910024629481
0.05720874208865759,0.10033598082430473,0.20473697723359904,0.6377182998534386
0.2554117620900603,0.26454652027051007,0.3488365755352067,0.13120514210422293
0.43859729790273355,0.2400380334115318,0.23480005130413145,0.08656461738160316
0.19993610264601216,0.2186665683588126,0.23671571668027508,0.3446816123149001
0.14950649596718754,0.2003978981654035,0.30638618725111455,0.34370941861629434
0.17933333473083607,0.21911868567221396,0.2988358446077451,0.3027121349892049
0.05269232871792414,0.11285286101271061,0.20438098429916707,0.6300738259701982
0.2289975652362538,0.27484675139732845,0.36958569579875716,0.1265699875676606
0.3573906534193504,0.2611750143871955,0.2740372939792927,0.10739703821416141
0.12448357903115326,0.16697617462528772,0.2367601523447595,0.47178009399879955
0.15593885905264407,0.2180757266257433,0.3583360967729535,0.2676493175486592
0.13018964872862704,0.17688612948465357,0.30275987320163833,0.3901643485850811
0.02983647772475154,0.07313221250723169,0.1876732947551561,0.7093580150128607
0.23469753991625572,0.2689859005670717,0.3692675112483816,0.12704904826829086
0.40225415742522264,0.23230076781524303,0.25247304486393823,0.1129720298955961
0.15370103436938282,0.18592964381610555,0.2263426760523561,0.43402664576215555
0.21751340855266346,0.24452312910468763,0.3296267634346294,0.2083366989080195
0.32073998758539873,0.2503764981461358,0.27749294748968534,0.15139056677878013
0.07956980663623989,0.14830160244181093,0.20592267930221939,0.5662059116197299
0.24726248984861507,0.2694917880903044,0.35170225594895854,0.13154346611212195
0.21126670019631175,0.24365752430169332,0.2961978103019002,0.24887796520009473
0.1526906483279661,0.18881360365238792,0.2849322945445973,0.37356345347504866
0.17960714106746967,0.2189459724735203,0.3485344656621643,0.2529124207968458
0.3190420279377767,0.2429326641005633,0.3085359698099814,0.1294893381516786
0.04857824245308936,0.08809869612468041,0.1734392090268168,0.6898838523954135
0.13139400802811574,0.2062886778190006,0.3563841346646609,0.30593317948822274
0.25562573579295284,0.22592700577287125,0.31979128615641284,0.19865597227776308
0.2134230982905395,0.21470414514626238,0.27871237056819265,0.2931603859950054
0.3468441632463133,0.26473197702877016,0.2757872971653773,0.11263656255953924
0.44096577009004434,0.2606345707796081,0.20368350707669267,0.09471615205365483
0.10817346227252395,0.18328494863305153,0.19468822198000982,0.5138533671144148
0.17966580287345485,0.24328520585108893,0.35981114618674276,0.21723784508871358
0.24799584468728697,0.24040094248638944,0.33436994097500483,0.17723327185131862
0.16577369640968057,0.18627553455086396,0.2876799015752837,0.3602708674641718
0.1320848289574577,0.1819337420419868,0.3002079942458552,0.38577343475470033
0.14013172966988832,0.18455819243698887,0.31841258588381527,0.35689749200930754
0.09874353355463925,0.15595579757259143,0.30010574314076316,0.4451949257320063
