0.32488506949895973,0.19451627592229231,0.21093096658952576,0.2696676879892222
0.33102329176122514,0.20209598436061801,0.22775039813308484,0.23913032574507193
0.33727146705647987,0.20613924578245252,0.22367802811989562,0.23291125904117216
0.3220964799361911,0.2115381132568614,0.22579409354929272,0.2405713132576548
0.3038191474231687,0.21106552797045144,0.21727724632331513,0.2678380782830647
0.32784317193787044,0.19829210918231274,0.21446101038778495,0.25940370849203187
0.32638867163843993,0.20361605203897837,0.21742959631091627,0.2525656800116654
0.3411129599812592,0.20319836211732245,0.22729945659860298,0.22838922130281536
0.32653889138436826,0.20983757771917474,0.23078719760026672,0.23283633329619036
0.330941990168134,0.209169995427749,0.23250184690990464,0.22738616749421237
0.2997071247949664,0.2031910752789066,0.1936193520087796,0.30348244791734746
0.3383793982254238,0.18647682265292465,0.2078197652032718,0.26732401391837973
0.3316938359327302,0.19590834992150588,0.20394720049074258,0.2684506136550212
0.354898768345479,0.19564300239556903,0.22365036833351962,0.22580786092543237
0.324046669126399,0.2089242620965069,0.21181190537964803,0.2552171633974461
0.32523019352983223,0.20705276126905792,0.22032237804065172,0.2473946671604582
0.3017551332728658,0.2094135342971405,0.21432102305160658,0.2745103093783872
0.33691122625547065,0.2010038202315826,0.21877583356671967,0.24330911994622711
0.31426518961857813,0.2136189240406631,0.22787327838509155,0.24424260795566724
0.331088079897746,0.21118624610415035,0.24382246231034244,0.21390321168776133
0.3121138814871401,0.21592264796392344,0.23440433432242352,0.23755913622651298
0.3151726647429945,0.21056209898821535,0.22002665714414574,0.25423857912464437
0.2872519870953002,0.19729029209631682,0.18805705233578357,0.32740066847259947
0.3460606357056184,0.18588480874529148,0.2274598009065487,0.24059475464254143
0.329342956311755,0.20620744767217167,0.20772045003099565,0.2567291459850776
0.3348084704696473,0.20469231667212404,0.22530720824494802,0.23519200461328063
0.3211532321450692,0.21100302962083187,0.23443441545808372,0.23340932277601528
0.33750984474584383,0.21015658302602286,0.23733488095661787,0.2149986912715154
0.3097273056825626,0.21421148088746175,0.22091316814753595,0.2551480452824398
0.33802248706269966,0.20173487242666654,0.21927127658961845,0.24097136392101537
0.32079283510655754,0.20835329702832456,0.23832109798920684,0.232532769875911
0.34430822269845207,0.20516422422209976,0.22516166273797578,0.22536589034147234
0.3270423005769363,0.2034103906699897,0.21032706529657733,0.25922024345649675
0.34427359056943174,0.2006720604719614,0.23800423630300138,0.21705011265560545
0.33020209653220384,0.20586005361219,0.21247660195747842,0.2514612478981276
0.34242087051398,0.19694978040653133,0.21159001381866013,0.24903933526082858
0.32878592829173936,0.19719251150511807,0.19934291762487913,0.2746786425782634
0.36572664750783035,0.1901606409830246,0.22965868965281722,0.21445402185632773
0.34899059625414114,0.20698927757449587,0.22453227073778442,0.21948785543357857
0.33839610680182336,0.2097391481928722,0.21854727971260415,0.23331746529270028
0.30219972374748444,0.20927031432727503,0.20948297690879145,0.27904698501644914
0.3443832841710359,0.1964018729538065,0.22500883630362242,0.23420600657153515
0.3324745508642007,0.20803691150920117,0.2257955732461286,0.23369296438046958
0.35183942549059893,0.20624666585307608,0.23585639301484745,0.20605751564147753
0.32296619844567337,0.21533273397781758,0.2459300310533375,0.21577103652317153
0.3292391413189356,0.21164526020699662,0.2329638816429229,0.22615171683114488
0.28746697760767287,0.19425862579859726,0.17164579067190486,0.34662860592182504
0.34880700526346153,0.17567955301292043,0.2046240822355635,0.2708893594880545
0.34772609532890625,0.19448222897409825,0.209213785842982,0.2485778898540134
0.3579230176522526,0.2007803935096822,0.22449153112559686,0.21680505771246839
0.32864404836339906,0.21357778598029664,0.23348015654125637,0.22429800911504807
0.3326043356769763,0.21362115007983615,0.23523046785305862,0.2185440463901289
0.30846007900574457,0.21446866797264597,0.2220131095844929,0.25505814343711664
0.33554535908004907,0.20205515711672206,0.21732280294880185,0.24507668085442696
0.32721808244220885,0.20586171494427802,0.22990895099578082,0.23701125161773234
0.348692903957885,0.20480004963966061,0.24288599253741439,0.20362105386503998
0.3286999716522918,0.2101104804277516,0.21935973710282,0.24182981081713653
0.3267670813612242,0.2036349746135474,0.21796494712018855,0.25163299690503993
0.3052728116948175,0.1947461706183617,0.1864667260043794,0.31351429168244155
0.3550034966508327,0.18312330978978994,0.2137418497647804,0.24813134379459706
0.34345109787699857,0.20099732119314784,0.20752820767656252,0.24802337325329105
0.35797296729654415,0.20164805092356525,0.2384081321807087,0.20197084959918196
0.32575345444641063,0.21778679296300277,0.24491721855261683,0.21154253403796974
0.3301571121076659,0.21398083414370125,0.22394901301414727,0.23191304073448535
0.2960313079173103,0.2044505774557128,0.20075794608778544,0.2987601685391916
0.3560983486614617,0.18686385955262108,0.21812609441109482,0.23891169737482232
0.3337527107431993,0.2031670792805,0.21756987236144307,0.2455103376148577
0.3638022188884479,0.19824935750527017,0.23187803942322457,0.20607038418305745
0.31840277695591174,0.20730436828024068,0.20468511509138768,0.2696077396724599
0.32707583021339637,0.19804355417144515,0.20931075849071026,0.2655698571244481
0.3014762984524622,0.19233312802340047,0.18465035039895902,0.32154022312517844
0.3663299561507179,0.1827963339956426,0.21553501060780858,0.23533869924583092
0.33008436839818245,0.21260331306969055,0.22427414286718375,0.2330381756649432
0.3361628274882577,0.21224611679739755,0.24027753913826277,0.21131351657608194
0.30482247653967315,0.21762497694674648,0.22730014607026788,0.2502524004433125
0.3227207357263693,0.21034696104737166,0.22988749361081842,0.2370448096154406
0.28983426733921897,0.2056657481064579,0.1954508562559498,0.30904912829837333
0.34569378670652723,0.19221717605327462,0.22854982523118675,0.2335392120090114
0.3188083437894407,0.21335374012566946,0.2335950239281197,0.23424289215677013
0.33927081099497153,0.20763863540059016,0.22985576556208676,0.2232347880423516
0.30893906889476686,0.20845303869807477,0.21486252702053793,0.26774536538662047
0.33633104632957483,0.20003080577790874,0.22404156535483272,0.23959658253768368
0.3118526315192668,0.2009701726840454,0.2029428257050873,0.2842343700916005
0.3548975467481943,0.19057588379309395,0.21361284911954692,0.24091372033916483
0.31323176744109504,0.20381232754753026,0.2003889546037595,0.28256695040761515
0.3543824876703695,0.19334999901775937,0.23379451614381322,0.21847299716805796
0.3304212173444199,0.20783093224282054,0.21227578850140474,0.24947206191135476
0.3328080118342333,0.20767281333097617,0.2222784189765303,0.23724075585826018
0.29481910000757566,0.20914826456703106,0.2072056147904428,0.2888270206349505
0.342978042693744,0.19659252971183783,0.22292611482887292,0.23750331276554534
0.31911620236155414,0.2128681909799255,0.23690947155069456,0.23110613510782588
0.34048355614915876,0.2093037489927667,0.2224363222944166,0.2277763725636579
0.3168189297723597,0.21281775567861103,0.24984114510989044,0.22052216943913883
0.32380379734683146,0.21579824932437272,0.23132887643830705,0.2290690768904887
0.29170711385336917,0.19839017251437124,0.18288496673420346,0.3270177468980561
0.33950327960869775,0.18396942144790351,0.21452719046576807,0.2620001084776307
0.34985116683645295,0.19584570930308806,0.2138912778757592,0.24041184598469983
0.3511306661123582,0.20237478456913652,0.23194386586894047,0.21455068344956485
0.3244640369142379,0.21039942315054797,0.2078750538297758,0.25726148610543825
0.3172805467065641,0.20585690537061807,0.22230946410866725,0.25455308381415054
0.31919524944491473,0.20429772950286085,0.21243116225071684,0.26407585880150763
0.34711897765061,0.1982695327447758,0.21201766879697817,0.24259382080763608
0.32645807662610554,0.21287371288659213,0.2536839384598589,0.20698427202744343
0.3414035331432413,0.21547539253280748,0.24940836699220825,0.1937127073317431
0.30641741429146696,0.21868596611887373,0.23161587694073066,0.2432807426489287
0.3164395338589242,0.20275370265392145,0.2073396072022716,0.2734671562848828
0.32209613245941143,0.18783291183637382,0.19480015674097967,0.2952707989632351
0.36176997528882465,0.18734485818285132,0.22136530163620063,0.22951986489212348
0.34278837605220064,0.2026027435885303,0.20532546165250323,0.24928341870676576
0.3421399438947233,0.20181033653457625,0.22857650600999901,0.2274732135607015
0.3366821025827081,0.20748120941299025,0.22987093328888922,0.2259657547154125
0.3365973284106777,0.20864373373179476,0.2227412050506681,0.23201773280685944
0.3218033243632729,0.20822118598404651,0.21109674887718805,0.2588787407754926
0.3396726526965594,0.2028734586321081,0.23437282581319632,0.22308106285813623
0.3312518596602499,0.21196403909971936,0.2510870787274717,0.20569702251255895
0.3465034074810766,0.20952569852118008,0.22519205247268007,0.21877884152506333
0.32131133769893433,0.2084000245705232,0.22404863402641625,0.24624000370412624
0.3295088530640035,0.20171037954388357,0.21685626796206123,0.2519244994300517
0.3326517618497284,0.1941970069986927,0.20473447558844013,0.2684167555631388
0.3553444911522451,0.19135298190473313,0.20955730014910035,0.2437452267939214
0.3362985873382569,0.19853426066828075,0.19553190363313153,0.26963524836033076
0.35199291051841386,0.19680082706617744,0.24576218534142744,0.20544407707398135
0.34949923570806224,0.2108313092975516,0.23650585670560734,0.20316359828877883
0.3159312817597758,0.21553088337315882,0.1996124639908141,0.26892537087625135
0.30744862497426045,0.20388581058399954,0.2226112994601574,0.2660542649815826
0.3513712357817359,0.1976520592613643,0.24165500324118908,0.20932170171571068
0.3343261867230314,0.214849128094078,0.23344356984379105,0.21738111533909968
0.33779827546388264,0.20967200185413962,0.22971749175104372,0.222812230930934
0.32492249327507533,0.20696352917034566,0.2333524235151009,0.23476155403947818
0.3356887445253369,0.2038427322445309,0.231841283471414,0.22862723975871824
0.30832913439003995,0.18539728894212776,0.15877308424211944,0.3475004924257129
0.36076627180756143,0.16766143124921132,0.1894403655546871,0.28213193138854015
0.368436470423136,0.1850646250973209,0.20716505763146,0.2393338468480831
0.39795501321471294,0.18516618258057035,0.20176201340730093,0.21511679079741577
0.35228029281011836,0.19693597642889157,0.19329462950873008,0.25748910125225993
0.3016846463962672,0.19872095570269588,0.18237005878697715,0.31722433911405984
0.24480409819285093,0.18413815463997749,0.16608904367478997,0.40496870349238173
0.33563989581068776,0.18053633764822766,0.21184998319214499,0.27197378334893957
0.31733738360794866,0.2189545299267926,0.22399289779426604,0.23971518867099265
0.28242571308954145,0.23504165457905601,0.253287989811377,0.22924464252002563
0.2533047443397252,0.23227538289034366,0.22889238152242367,0.2855274912475075
0.2498433106034755,0.2126405346550881,0.21563653123626453,0.32187962350517185
0.24103334140749666,0.1896415259920124,0.18514139720308873,0.3841837353974022
0.3102713103431238,0.17907629293050387,0.1917765434274799,0.31887585329889234
0.2935549920846258,0.20504490182295648,0.2209102055975166,0.28048990049490097
0.31368010716611516,0.20588461031161762,0.230940213833056,0.24949506868921117
0.2871151732664898,0.2089121322267429,0.20319138061132666,0.3007813138954406
0.2947710078018246,0.20586803795640976,0.21563382302306955,0.2837271312186961
0.28874984957201716,0.20102165738428607,0.2033458844424857,0.3068826086012111
0.32490503738382326,0.20177339618200124,0.21937476343769946,0.25394680299647604
0.30536381081044817,0.21549284345160416,0.23307770394795124,0.24606564178999643
0.3244579165159416,0.21167511702664052,0.24243364813016527,0.22143331832725263
0.3075175603850576,0.2181590809075972,0.23001647908093667,0.24430687962640862
0.30072745177077603,0.21099612044185573,0.22466883741197557,0.2636075903753926
0.2986033127330586,0.1931654283776479,0.18691096089809048,0.3213202979912031
0.3456059888205239,0.1860472614417836,0.22360828476844274,0.2447384649692497
0.3232365768956058,0.20433738693251377,0.20394845119973457,0.2684775849721458
0.34196683390798494,0.19722939067268844,0.21666306621483342,0.24414070920449318
0.3222751262560823,0.21050413393931983,0.23911574992126844,0.22810498988332933
0.32996851792452,0.21201335288722734,0.21568531991546605,0.24233280927278666
0.3054318501731737,0.20765378136399984,0.20776821438758072,0.27914615407524557
0.3407527813446867,0.2010822744766994,0.2397938008444623,0.21837114333415164
0.33071468165223755,0.21242141899869768,0.24682117892195377,0.21004272042711095
0.3367576347580797,0.2118756404008869,0.22792222728812714,0.2234444975529063
0.3059705885168462,0.20510516866639006,0.20714102057872866,0.28178322223803504
0.3205555793368377,0.19392848885968472,0.21128625508587465,0.274229676717603
0.32590788565326667,0.1875696290425719,0.18423008153067358,0.30229240377348787
0.3497386210118974,0.18538152773620814,0.19844904193654309,0.2664308093153513
0.34518966650250965,0.19945533876276866,0.2177448869925634,0.23761010774215835
0.35331224796607286,0.20490512952570528,0.2445461037029526,0.1972365188052693
0.3313364717715422,0.2180362690147909,0.24068873862843537,0.20993852058523144
0.2978112157052682,0.21541604506606815,0.19444323893257487,0.29232950029608884
0.29247217529659936,0.19624621848728652,0.2031663951278168,0.3081152110882974
0.34648912213635463,0.18987944350055497,0.22372735457142975,0.23990407979166053
0.348652493729922,0.20522980785693243,0.2324006984527328,0.21371699996041274
0.3389559667350047,0.21393423971295975,0.24216642643783381,0.20494336711420186
0.29620091773518514,0.2148098687114935,0.21061389947070297,0.2783753140826185
0.30063193079780626,0.1964549996230968,0.21314498022839437,0.2897680893507026
0.31276011164303025,0.17887587313616166,0.1648582074960443,0.34350580772476386
0.3689835543863635,0.1758351365610228,0.20822284132570498,0.2469584677269088
0.33892906864662625,0.20890519943391958,0.22415794193342747,0.22800778998602658
0.3427296732243388,0.20875346686932963,0.2356647419135446,0.2128521179927868
0.30472138386747794,0.21681079116000876,0.22225575529111263,0.25621206968140064
0.31963566234040136,0.2046878941286196,0.20414604806892844,0.27153039546205054
0.2946529375586361,0.20098765963186785,0.20080980701842185,0.3035495957910741
0.3503085636232776,0.19485793940955265,0.23579288473554413,0.21904061223162555
0.3224887050987379,0.2160113912505627,0.24231945082986645,0.219180452820833
0.32375815322217133,0.2155369644679354,0.22702622616450385,0.23367865614538946
0.28483730435893323,0.20463134329757238,0.20137069998072651,0.30916065236276796
0.3205370961165725,0.19088735138869997,0.21286275594405804,0.27571279655066955
0.3193032740913191,0.18953625000225635,0.18669380558486823,0.30446667032155644
0.3508559344780554,0.18867737675126206,0.21130481013785582,0.24916187863282668
0.3219980208337061,0.20777261418384194,0.2137473412022106,0.2564820237802415
0.3276654656970002,0.20633161290838342,0.23216719389501317,0.23383572749960324
0.3186420651392622,0.21122282636720763,0.22314585043816848,0.2469892580553618
0.3163261020638793,0.21071793049694812,0.208162411610026,0.2647935558291467
0.2931173230176757,0.20965437987654534,0.21583531320983468,0.28139298389594436
0.3341664262321358,0.20160449156741536,0.23668274558257457,0.2275463366178743
0.3210089529919668,0.21447077635633163,0.2349305722391049,0.22958969841259663
0.32438107533991584,0.21250917314534884,0.23092837823943319,0.23218137327530214
0.2976811305418379,0.20706275307202443,0.20884023049365452,0.28641588589248307
0.31455925997940265,0.19562164154312883,0.21262958743297874,0.27718951104448974
0.315543627727848,0.18866863936472436,0.18908499808590942,0.3067027348215183
0.35202163971439515,0.18360088931691904,0.1991493791002237,0.26522809186846213
0.32340002454459843,0.20088121657863017,0.2051073930093498,0.2706113658674216
0.33928518071329866,0.19970609613649418,0.22812497457872902,0.2328837485714782
0.32669961907642725,0.20918634112496454,0.21956459165712783,0.2445494481414805
0.30366443204091503,0.21385745664175043,0.19973637269073577,0.28274173862659885
0.2872253789187213,0.20779123444634542,0.21537055564589191,0.28961283098904134
0.33209515921429433,0.2038849577754709,0.24153295184637572,0.222486931163859
0.31480582549090863,0.2220709008399423,0.23782586493562058,0.2252974087335285
0.30930364289144396,0.21921747341989803,0.2426037419154464,0.22887514177321167
0.29822841599950745,0.21239528913996078,0.22018379149432812,0.26919250336620376
0.30554744012129803,0.20174308774965674,0.22279616571894023,0.26991330641010497
0.30078524139014245,0.1861605102259954,0.17470377994426706,0.338350468439595
0.3550829173497247,0.17636323296751832,0.2033877009477058,0.2651661487350511
0.32032526230016833,0.20072752737573288,0.20108183625543558,0.27786537406866313
0.34284998391145177,0.19361238584104645,0.21296816283627104,0.25056946741123076
0.3245774703406963,0.2050926736312682,0.2153724411535463,0.25495741487448914
0.3291335870774133,0.21071215397635756,0.21828485569773357,0.2418694032484956
0.284546675682376,0.21720927044731755,0.21363890303552535,0.284605150834781
0.32900017761860834,0.20790150887198158,0.24717440499131837,0.21592390851809173
0.305934092619961,0.22393454905990767,0.24078311151925277,0.2293482468008786
0.3098829094300034,0.21711823525980123,0.2277182588725137,0.24528059643768163
0.3072301066841515,0.2065039259141608,0.22923001011699254,0.25703595728469514
0.32868936601294657,0.20266313822487872,0.23004451973683365,0.238602976025341
0.3011981542715539,0.19586458426037345,0.18731483945863392,0.3156224220094387
0.32715637345606646,0.17914723169717747,0.18625051482166224,0.3074458800250938
0.3107502430376237,0.18623825410459266,0.1859941370277493,0.3170173658300343
0.3446153708002872,0.1877575601568559,0.2102809713728638,0.2573460976699931
0.34328499091982895,0.2041105521159589,0.21705050424936642,0.23555395271484564
0.32548736099348935,0.2212057427433477,0.24052157215659298,0.2127853241065701
0.2830436426733963,0.22829252282473753,0.2258356337743225,0.26282820072754376
0.31485196952715844,0.209644554318686,0.24096458208176297,0.2345388940723926
0.31625906245594665,0.21398418887867357,0.2437041988726639,0.2260525497927159
0.3323463360436103,0.21020652593542977,0.22983297487938462,0.22761416314157537
0.27636232027620367,0.2061817234706721,0.18904381780495352,0.32841213844817063
0.31635535456165914,0.18623027989069257,0.21605793750371396,0.2813564280439344
0.32367183430719315,0.1878441605978642,0.19175989129893678,0.29672411379600594
