0.31295686492781083,0.08261577375157103,0.30743522877262286,0.2969921325479953
0.3903792200917605,0.20014247267073898,0.24669284101453376,0.16278546622296675
0.2724394242493049,0.30675047292887325,0.22346531928463126,0.19734478353719054
0.26060508801273835,0.2021098969798694,0.2636468229008727,0.2736381921065195
0.40373124633534313,0.1740234023021869,0.25330236998509675,0.16894298137737326
0.3180699566868186,0.30535407103346,0.2136634918192588,0.16291248046046247
0.3944466283052482,0.23057256933713713,0.235203124002096,0.1397776783555186
0.35317214923544327,0.2923501700586741,0.21463839892449726,0.13983928178138538
0.10792680395280804,0.2568474845683001,0.2197560319888328,0.41546967949005914
0.4099711286668411,0.09467009249017899,0.2925418165507549,0.20281696229222496
0.36292618623762246,0.25883927678459756,0.21784227899857517,0.1603922579792048
0.391660480223936,0.24502344589129083,0.2236695175307443,0.1396465563540289
0.38302171536704144,0.24525827106884235,0.22585744797235568,0.14586256559176058
0.4041297804064659,0.22983624623101168,0.2251012189289018,0.14093275443362055
0.14763855090038736,0.23666087086321022,0.2258332459862137,0.38986733225018877
0.377981331133664,0.10481315596883578,0.28879704162874853,0.22840847126875174
0.3456038063127458,0.24201037526353197,0.23163382325609144,0.1807519951676309
0.3335204177222806,0.2738513018588586,0.23009694018401244,0.16253134023484836
0.1819886015384488,0.2636766580542898,0.25506430683308423,0.2992704335741772
0.3181849915502267,0.1984393223026712,0.2719489181347252,0.21142676801237684
0.07120691649512742,0.1917756387910158,0.199974358615715,0.5370430860981417
0.4007493315815802,0.06734347294816284,0.30184102449067474,0.23006617097958215
0.29036929841646847,0.2911529719904845,0.215585033636194,0.20289269595685322
0.403578951450793,0.2096001739180732,0.2408889505291365,0.1459319241019972
0.40143079809103493,0.24433597502419344,0.22062838009319552,0.13360484679157617
0.35189870557131175,0.27973334807776234,0.21803250521879655,0.15033544113212927
0.17087081185466432,0.30637185505310494,0.2268668986432052,0.29589043444902563
0.4338835000336844,0.1319710101187762,0.2722432991962846,0.16190219065125483
0.33382278757158473,0.31767450084346444,0.20435973152577577,0.1441429800591751
0.3124549908626424,0.3053425929681773,0.22196482550526966,0.1602375906639108
0.35980836168704383,0.23998019118998515,0.24102602948686538,0.1591854176361056
0.4671566653235324,0.20423140721194127,0.21882992639504673,0.1097820010694795
0.14473157181783197,0.3855055106214461,0.19315446731635952,0.27660845024436237
0.43968021234642335,0.1240531022788127,0.27574799468002237,0.16051869069474167
0.38258118897966376,0.2721109996168548,0.20812832678801982,0.13717948461546153
0.4317097240266107,0.22825865215896418,0.21817647905389817,0.1218551447605269
0.42585550355605695,0.24872479745438852,0.20842790710919365,0.11699179188036093
0.41642795001899985,0.25469630923095493,0.20950958929259886,0.11936615145744636
0.34884871900663833,0.2656393481409835,0.2243658213192369,0.16114611153314123
0.42361492147171365,0.19481688579412118,0.23429529638959848,0.14727289634456675
0.33391399075373746,0.2758800450107749,0.2164469951174197,0.17375896911806804
0.43616066152224814,0.2114485718212745,0.22809342355857784,0.12429734309789961
0.35319962308511343,0.3122411852584767,0.2081461077225599,0.12641308393384987
0.3184857605442702,0.31913250051226766,0.21816741090178354,0.1442143280416787
0.03849623634011369,0.14590588214963765,0.17388175544919487,0.6417161260610537
0.40393029703164945,0.04376142362417331,0.3065434375692853,0.245764841774892
0.387426383793199,0.2359323836185961,0.21963729752678113,0.1570039350614237
0.4482849215890986,0.21819100726467178,0.21665731183597772,0.11686675931025202
0.4152785489463897,0.2518501098639658,0.2104951292972447,0.12237621189239978
0.41357703580277344,0.2404715332765735,0.217130962334005,0.1288204685866481
0.15418768078393058,0.27066680533369014,0.2269840396053654,0.3481614742770139
0.4051980155591666,0.11939093243874727,0.28279842250501125,0.19261262949707497
0.38428986326570225,0.2571523918722631,0.2174816072648424,0.1410761375971922
0.3596596690360186,0.30689574959978067,0.20829873091456333,0.12514585044963736
0.2689103265792371,0.3250940995662948,0.22823996898713228,0.1777556048673359
0.42117252069518457,0.2070331247813491,0.2400766268982476,0.1317177276252187
0.17924546234693897,0.3228279619700142,0.20869474078306124,0.2892318348999855
0.4340028983465641,0.12571152024358312,0.2712082763799627,0.16907730502989005
0.4442679451436544,0.2274690884525754,0.20863003919565112,0.11963292720811902
0.44012800375828753,0.24847343337596633,0.20303053398365295,0.10836802888209321
0.3961514986374888,0.268365135793068,0.21136140373053333,0.12412196183890993
0.3380615262865673,0.2715857161136859,0.22754314994487854,0.1628096076548683
0.16516124531716253,0.2503668438362177,0.2394933680790996,0.3449785427675204
0.43882696389888515,0.11358908761048309,0.2758386051741315,0.17174534331650015
0.36333036165569566,0.2962282601267936,0.20417913675606134,0.1362622414614494
0.3919611960763886,0.273755328621441,0.2142745542664201,0.12000892103575034
0.3085396812718903,0.27956964932442147,0.23569793515460272,0.17619273424908535
0.4453686764839406,0.19192872432124872,0.23415619815389463,0.12854640104091616
0.05049442211125951,0.17376687277787808,0.15263641873504608,0.6231022863758164
0.4111233164408807,0.042770440991182275,0.3038988543012033,0.24220738826673371
0.4113272791770336,0.2300531951919076,0.2176522151294519,0.14096731050160682
0.3560571729401023,0.28668804598916375,0.2161857834376967,0.14106899763303718
0.2488934247588088,0.2194262403024448,0.26921537696835984,0.26246495797038655
0.3138982146579707,0.198716204705795,0.2630802102898732,0.224305370346361
0.03429656137399075,0.11459259818914957,0.15811539281498713,0.6929954476218726
0.3899539389559765,0.039033078894820855,0.30777155555138797,0.26324142659781463
0.24798587840607436,0.3195881949481878,0.21308091461288123,0.21934501203285653
0.30770853243052565,0.2541321475103215,0.25037281103575104,0.187786509023402
0.32810678380782776,0.23378547920681475,0.2527424750902153,0.18536526189514207
0.4031257983425927,0.23280805884836664,0.22828355413728865,0.13578258867175205
0.08133404516233292,0.26692370395258014,0.18745399073295427,0.4642882601521327
0.4311543511982284,0.07240197092351576,0.29657787305567085,0.19986580482258495
0.3190713283997535,0.30148054938802654,0.21025234386100483,0.16919577835121521
0.40394083601087394,0.22276368196379134,0.23351277302264142,0.13978270900269316
0.3294851079045917,0.2515238371741655,0.23571501522789734,0.18327603969334547
0.4315667374007972,0.2046221060973009,0.23129776127460025,0.13251339522730177
0.14267507914270822,0.270717748229364,0.2212871075783378,0.36532006504959
0.43354143907574355,0.10019607668407189,0.2828387811020203,0.1834237031381643
0.22352748510953774,0.3211050063931159,0.20675407660458558,0.24861343189276064
0.3541860263566612,0.19767027837008025,0.2630453915970602,0.18509830367619842
0.3821376637106461,0.23662459991427298,0.23514945930008788,0.14608827707499297
0.3068960701601155,0.33521538718321714,0.20866706948666214,0.1492214731700054
0.011498950012321,0.06771658314552612,0.11766884123140538,0.8031156256107475
0.3731180037430372,0.026448124316074614,0.30804016696814174,0.2923937049727464
0.23576601144216253,0.2835158084176416,0.21888995831616326,0.26182822182403265
0.41501336218563073,0.1802858726977094,0.2544427520262319,0.15025801309042794
0.4036755804238351,0.24969013862919676,0.21739718285767792,0.12923709808929024
0.3797532391723669,0.2526959107774661,0.2216380786727996,0.14591277137736725
0.2602302976900156,0.2583226151093233,0.23091777864384258,0.2505293085568185
0.40993683083404464,0.1565114094107455,0.2582311663309633,0.1753205934242465
0.45646641826389284,0.2231146706219362,0.21027352329079058,0.11014538782338029
0.2686293429257711,0.3896953763443197,0.19660012568292928,0.1450751550469798
0.2661626316134329,0.27239867476449153,0.2582384441819154,0.2032002494401601
0.3012369180921254,0.2636490394263879,0.24427162879731368,0.19084241368417307
0.18600705337236662,0.24822168565892155,0.23952998909246778,0.3262412718762441
0.46883352463359346,0.11331119001078886,0.26691914065850975,0.150936144697108
0.3095663374561587,0.3607718558377869,0.18990371715690274,0.13975808954915167
0.45690787825513857,0.19132155803757322,0.23174335598564963,0.12002720772163868
0.37917147713795507,0.2681252571376384,0.21263969929681634,0.14006356642759007
0.3527109120597256,0.2561044589858232,0.22728906000436466,0.1638955689500866
0.4067463509838274,0.21819914720192846,0.23131806421221568,0.14373643760202853
0.4659811355041707,0.20660158265925563,0.21418780468870025,0.11322947714787342
0.3168768464049953,0.3485292421395071,0.19545432120235198,0.1391395902531457
0.30900261807030127,0.2893644626262715,0.23420546306544826,0.16742745623797914
0.41389910659115614,0.2229936943947893,0.23374278114887395,0.12936441786518046
0.3745199464107811,0.29904891503455927,0.204240682059957,0.12219045649470271
0.2114317174109028,0.303393521325483,0.22459990720984846,0.2605748540537657
0.46396904266206285,0.1323270085417036,0.2593351801391288,0.14436876865710468
0.41826123775408336,0.26579977389783743,0.19991903924615684,0.1160199491019224
0.45580708100047446,0.22690278329561167,0.20878995082473917,0.10850018487917477
0.3690184894256336,0.2738200894760338,0.21414281947928107,0.1430186016190517
0.3830249036442871,0.24233227601834126,0.22814211918901725,0.14650070114835448
0.38710448719136065,0.24114358124030286,0.2258029109624919,0.1459490206058446
0.42242791444332206,0.2120916526972145,0.22605689268113766,0.1394235401783257
0.34433459254278004,0.3133550150902858,0.20339473253544996,0.13891565983148405
0.3369026010427698,0.3121001385592611,0.21743722048298952,0.1335600399149796
0.4376617035200355,0.21615682614947698,0.22728134292184887,0.11890012740863863
0.2704639716881988,0.3866802093503987,0.18949919979306942,0.153356619168333
0.06898508979276632,0.19763968379029379,0.19041159436746335,0.5429636320494765
0.44691308749453973,0.05167072847663642,0.2978281102490003,0.20358807377982366
0.4064393793181388,0.2711699835998978,0.20047467625788457,0.12191596082407884
0.3164888448160809,0.298239172969081,0.2199596232923623,0.16531235892247578
0.47548145620619253,0.16380600389401864,0.2360156511660198,0.12469688873376901
0.411022862241803,0.23621934075821174,0.2103385678448218,0.14241922915516336
0.00654310601913913,0.020897694642505873,0.04007827388185622,0.9324809254564989
0.23363648182183044,0.013856067366682774,0.2596971523381829,0.4928102984733038
0.19655199357876035,0.08227163728438318,0.25416539956340395,0.4670109695734525
0.15442922033583986,0.0975305142017483,0.27356327232863176,0.4744769931337801
5.427631682402017E-08,2.442023942777286E-06,0.00035078039584123346,0.999646723303899
1.1691526866142177E-08,1.0776268584344708E-06,0.0005591191364182475,0.9994397915451964
2.1607987610317833E-37,1.7814255508697317E-22,7.476512813668542E-19,1
0.1399871924215471,0.013356355776147412,0.22980060960240528,0.6168558421999002
0.24239547702732345,0.12148863431519369,0.2704683000999354,0.3656475885575475
0.023600396340134666,0.08385121931838233,0.12331996731972007,0.7692284170217628
0.11413014678779147,0.0280100664004388,0.25863515598732695,0.5992246308244427
0.18239209267493472,0.08994975055200806,0.2648315094141235,0.46282664735893375
0.009350597783234698,0.021130793040925615,0.08219156011042296,0.8873270490654167
0.3143584181079473,0.0223716115134875,0.30110288676107394,0.3621670836174913
0.0737821055052732,0.17520031417206272,0.1794874314163211,0.5715301489063431
0.27512109029465237,0.08259039956602984,0.30866651926181504,0.3336219908775026
0.30841342067791955,0.19984912350594278,0.2664234122071329,0.22531404360900478
0.1316475926006632,0.3189799025528669,0.2154927932747308,0.33387971157173923
0.12383552134666437,0.12946847954883145,0.2624519758171401,0.4842440232873641
0.4152620473187417,0.08971977268433017,0.2893876223659138,0.20563055763101445
0.23808525526730193,0.3672012390397351,0.19594423638996225,0.19876926930300082
0.39998043795265187,0.1889011842785353,0.2547204598332548,0.15639791793555796
0.42710151515335215,0.2304910589629402,0.21720725508990887,0.12520017079379872
0.2185968569764155,0.3054195135225752,0.2154890644488769,0.26049456505213225
0.31762320803149247,0.16835438301858213,0.27649307870237355,0.2375293302475519
0.4772989289832056,0.16260843166739647,0.2347418679105603,0.12535077143883763
0.1469946941364684,0.4032373865224139,0.18986713419325313,0.25990078514786463
0.3544734366402841,0.1948258597693203,0.27378600985927803,0.17691469373111757
0.2543629218004054,0.2987645020014649,0.24034687392740753,0.20652570227072217
0.3807931761293208,0.21628826379732521,0.24679440016753326,0.1561241599058207
0.1445025301741644,0.25689927667793344,0.20364247332864369,0.3949557198192585
0.44823611774208866,0.08947651914431394,0.2817456413273858,0.1805417217862117
0.4650272689326584,0.22110811455711504,0.204562122991951,0.10930249351827553
0.3835894845429023,0.29080670667287506,0.20281849725259093,0.12278531153163151
0.31384375973707856,0.2652145432490376,0.23926217231329308,0.1816795247005907
0.2842691064453677,0.22831209254883938,0.2580828867594338,0.22933591424635924
0.27974148647487973,0.1999866106612654,0.2606400204975287,0.25963188236632617
0.36830799081313875,0.1723868794582048,0.255430941989248,0.2038741877394084
0.35460875329271535,0.26058870395682526,0.2237245564352131,0.1610779863152463
0.3835427319105626,0.2834125086903152,0.21484873663887047,0.11819602276025172
0.28876486129589035,0.3068533800613707,0.23305079185719207,0.17133096678554696
0.19173208668765054,0.2556929673504026,0.2461789108156424,0.3063960351463044
0.04848673108521358,0.08702181289872712,0.1577501335605152,0.7067413224555441
0.4014544751921364,0.03548891954478659,0.3037720724688877,0.2592845327941892
0.46643986712491387,0.20394099546383387,0.21499505937872262,0.11462407803252962
0.23084702045746083,0.33550859809769695,0.21925847492598075,0.2143859065188615
0.31703311953767177,0.17109465439252608,0.2830537187193339,0.2288185073504682
0.2145789937700022,0.1969391466792676,0.24983347181311105,0.3386483877376191
0.23930123131028552,0.15042255664212725,0.27371117573798953,0.3365650363095976
0.4575516485777596,0.12756952598944274,0.25882746817482627,0.15605135725797137
0.1576225277088521,0.363940050305059,0.20123616664078003,0.27720125534530876
0.3436398762636885,0.19141046662855277,0.27562411592674846,0.18932554118101022
0.0940640870241059,0.18780098063720005,0.24437726951597855,0.47375766282271553
0.34292049904763866,0.10421344395167673,0.2976887758935116,0.2551772811071731
0.05085081675251947,0.13872232072365523,0.15300483411574511,0.6574220284080802
0.40311674827881344,0.042291731137689595,0.3048360261600681,0.249755494423429
0.3777372027033195,0.2492154262539575,0.22059048982446675,0.15245688121825618
0.2945388898632226,0.27094617216670747,0.2352409226438046,0.19927401532626526
0.24039073393349386,0.1920023967255015,0.26969517820181477,0.29791169113918986
0.3398581142995911,0.16577107310504618,0.26911739632609166,0.22525341626927095
0.26562701645653536,0.23811350451356497,0.24477557425233118,0.2514839047775685
0.34631411448987115,0.1805934467474113,0.2615137725511504,0.21157866621156723
0.22661755521984753,0.27652679717825734,0.23549391645814435,0.2613617311437507
0.2914126847183667,0.24795996383373733,0.25712203103907666,0.20350532040881936
0.2543674115192558,0.25154934172399046,0.26048876228105444,0.23359448447569925
0.32342190097983287,0.2322580769284275,0.25027239326175016,0.19404762882998947
0.052971235345202386,0.16446391647125114,0.16126097014337654,0.62130387804017
0.40086631156613983,0.047453092700156976,0.3048416291438965,0.24683896658980667
0.416940825861881,0.22944780233614828,0.21803901683573493,0.13557235496623588
0.3026342374453767,0.29234177798788674,0.22208484568212167,0.18293913888461488
0.29920430137391935,0.19085694461077263,0.2672465302430968,0.24269222377221128
0.34718170593919223,0.19242816390815173,0.25340894444502965,0.2069811857076264
0.1686717757957757,0.1945280825167051,0.23968371247324055,0.3971164292142787
0.37260202439252427,0.10462025320109192,0.28559830937519026,0.2371794130311935
0.1596156193239159,0.2649188841580572,0.22053568852663036,0.3549298079913966
0.22592391813523985,0.19462236255223622,0.28453479928928266,0.29491892002324127
0.27604536423298803,0.19153901726817063,0.2843731057439246,0.24804251275491668
0.15512705101964852,0.29462896407920847,0.2245437249438422,0.32570025995730084
0.02877840754814103,0.0833504889224046,0.14510299824807743,0.7427681052813769
0.38293548847577735,0.03315924814275785,0.30735049897125827,0.2765547644102065
0.3846675284923022,0.2484911237420978,0.2187217658048759,0.14811958196072414
0.24748778642538707,0.2779812168438231,0.22985259659041726,0.24467840014037265
0.43323482258622503,0.14474443146755317,0.26023426123038,0.1617864847158418
0.34276805949984235,0.2593315675140279,0.21817757422460554,0.1797227987615242
0.13210390582847228,0.18719362499162265,0.24088471544728696,0.43981775373261817
0.42234986588195783,0.08578025646440683,0.28896406610219477,0.20290581155144063
0.03685679055018635,0.14541169670123802,0.15449893152907979,0.6632325812194959
0.21450245920328692,0.06632024756070252,0.3043113427815357,0.41486595045447466
0.22522096749972376,0.1489050301237335,0.2921221051764809,0.3337518972000618
0.309603191058325,0.24076067169953824,0.25361994553047246,0.1960161917116644
0.025697234268117805,0.1676382237640538,0.14248150343570964,0.6641830385321188
0.381056175580074,0.04270375484403247,0.31030654180758016,0.26593352776831336
0.35047495253214533,0.23241694694493328,0.22659515297929178,0.19051294754362955
0.34009670247465307,0.225574036827625,0.23495328501284796,0.19937597568487397
0.450584540820874,0.16929963280683807,0.23712898708814487,0.14298683928414296
0.4536534826310014,0.22375283076769928,0.2069520653995648,0.11564162120173457
0.07211137512708572,0.19097102225338697,0.20796214462647752,0.5289554579930498
0.20247374970524148,0.06183173001570178,0.3056366179399008,0.4300579023391559
0.10552376126458132,0.12408439488476351,0.23805344759107286,0.5323383962595823
0.20137116471267927,0.13192779143641398,0.2899021669960854,0.37679887685482133
0.3433577954601465,0.17914054397198412,0.2752456684380066,0.2022559921298628
0.29105431710231977,0.288575159311268,0.22721166287337324,0.19315886071303898
0.07918094617592743,0.18014672483861033,0.18822214404879556,0.5524501849366668
0.41005930444561495,0.06134738624643707,0.29975380342812014,0.22883950587982785
0.4241272271356538,0.2370705169128111,0.21402509381788498,0.1247771621336501
0.41352729409433386,0.24518538798536052,0.21367384876517984,0.12761346915512572
0.0775333406554014,0.15439541389752873,0.21159224468778348,0.5564790007592865
