0.31240095751791264,0.18133979143325962,0.2585790578553759,0.2476801931934519
0.30489743502261074,0.2549913610297126,0.21995860370536202,0.2201526002423147
0.31507977555155275,0.22518780544240305,0.22599271336396118,0.23373970564208296
0.33979339004928727,0.17387709976795943,0.2576086837081467,0.22872082647460648
0.34467357018350714,0.1996063866745716,0.2447317692229477,0.2109882739189737
0.3225082640588905,0.20593976090657,0.22956091572882814,0.24199105930571138
0.30399671103696707,0.1897467413310651,0.2365139829869002,0.2697425646450677
0.3041657961874671,0.28688295401308234,0.21474882647336596,0.1942024233260847
0.33068714681965006,0.20853930604981852,0.23143141098973877,0.22934213614079266
0.33905009816604526,0.16791554740835143,0.2552479633471177,0.23778639107848562
0.3368141972503344,0.2014789203859973,0.24554280073231521,0.21616408163135306
0.2802261506506396,0.2081673418335393,0.21609397794678933,0.2955125295690318
0.293994729029447,0.17650330840731485,0.2557752565814952,0.27372670598174303
0.30296064104380827,0.24817166911159272,0.2287613527028475,0.22010633714175154
0.33325281010477814,0.18527754586298403,0.2472944362148781,0.23417520781735973
0.3338284188107461,0.16885466852908299,0.2537682483778458,0.24354866428232516
0.3349815935791109,0.20831192451910954,0.24102519551393906,0.2156812863878405
0.2845646454717108,0.22550543078585433,0.20891298975588657,0.2810169339865482
0.30103055047911886,0.2199678510005441,0.23955040958319704,0.23945118893713987
0.3003394618224255,0.29575636316988757,0.20562433260690943,0.19827984240077748
0.33720213735292315,0.1886093747158503,0.24423926426135606,0.2299492236698705
0.3301749897415356,0.173525572943635,0.25370982625262517,0.24258961106220436
0.3321559974860616,0.21736489866674394,0.24164840827889286,0.20883069556830156
0.3005036270752063,0.19476924683490518,0.22512821431681956,0.27959891177306906
0.3311617905606117,0.16670440369001482,0.269878183137714,0.23225562261165938
0.32217949865014583,0.2838063331969359,0.21106104002049617,0.1829531281324221
0.3449752129407643,0.19769423661565308,0.2314797789448358,0.2258507714987469
0.345599280064131,0.17287918664121874,0.24979111943682067,0.2317304138578297
0.3461876391571836,0.2382223287801506,0.22941242449741128,0.1861776075652546
0.32877145964997395,0.22277901733807778,0.2191267982086235,0.22932272480332472
0.35284744298156073,0.16456150313781864,0.25897980584307945,0.22361124803754134
0.3346101388717405,0.24982098826147536,0.21893096498422104,0.19663790788256302
0.34464683793634593,0.2089862409403618,0.23149361757200998,0.21487330355128237
0.34777631178151897,0.1784160527318759,0.24520619411275205,0.228601441373853
0.362850199950447,0.18518041777810013,0.2516508301037805,0.20031855216767233
0.33591111839595267,0.18754191627111494,0.2342730656927235,0.2422738996402089
0.3318325577596417,0.19439817489059047,0.2409805868927701,0.2327886804569976
0.3190320800082298,0.2568303400464853,0.2119103908930168,0.2122271890522681
0.35141157419793656,0.17227408372376418,0.24960514557035726,0.22670919650794197
0.3647037955126201,0.16871081887282446,0.2585376750206722,0.20804771059388336
0.3659473210323685,0.18353915372500842,0.24569104687479798,0.20482247836782522
0.3255535320931822,0.19457046963652042,0.2234762287087819,0.2563997695615155
0.3191773331491514,0.22534874494238824,0.22847866768321315,0.22699525422524724
0.2999756142364485,0.33315021892214153,0.1874010028461872,0.17947316399522292
0.35297330654059733,0.19089575979586296,0.24001314868972068,0.21611778497381895
0.3609180376783055,0.14862050153081027,0.2643140962686484,0.22614736452223583
0.354238205696987,0.18371049457417532,0.2515932548490706,0.21045804487976713
0.29258133664759606,0.1986564087165155,0.21852589818509074,0.29023635645079776
0.3233889670021543,0.17200888111159077,0.26297446281144704,0.2416276890748078
0.3266338817712995,0.2552258431487186,0.2205280432770275,0.19761223180295437
0.35330297971548896,0.20636690186899898,0.23323116442028258,0.20709895399522954
0.3598427379513245,0.16175851901978697,0.2523613644980081,0.22603737853088052
0.35719404077564015,0.20033619146668702,0.24206950359614973,0.20040026416152315
0.3123248275826282,0.2468274845852287,0.2075796589769815,0.23326802885516168
0.31969655922282786,0.2109759576203034,0.23221417972428424,0.23711330343258444
0.31980358630973416,0.2680114999951678,0.21459394313784771,0.19759097055725025
0.35445647286048027,0.18871375268078092,0.24516149595262557,0.2116682785061133
0.3599048278878528,0.1495831656354206,0.262977395034431,0.22753461144229561
0.35917982308949054,0.17250111865724785,0.25563563065635264,0.212683427596909
0.31346107728808226,0.20651864625561525,0.22001316266814383,0.26000711378815866
0.320309217333227,0.1944433534366749,0.24034660309935085,0.24490082613074732
0.3212761002479772,0.2942728696435037,0.20678554173651784,0.1776654883720012
0.3625890668014563,0.17880082095097952,0.24257593716571957,0.21603417508184458
0.36115140285902425,0.1542166922771023,0.25941350303450433,0.22521840182936917
0.3440892624639537,0.22248725477767117,0.23160545140871172,0.2018180313496634
0.27692971628677043,0.23499707576665402,0.1978688764524593,0.29020433149411634
0.31008620592409103,0.1789483975765949,0.259748769938742,0.2512166265605721
0.31491937491795663,0.28498987572371803,0.21453670264857885,0.1855540467097465
0.3572177117302063,0.15890558880089337,0.2562322748028136,0.22764442466608686
0.33911814590440253,0.13762468660356875,0.2650872818782121,0.2581698856138166
0.3309277379464626,0.2258168742946802,0.23622016606585577,0.20703522169300143
0.24814309138583202,0.21243336368314147,0.18716347312198336,0.35226007180904306
0.30382893518338017,0.1805278891614598,0.2744494938215372,0.24119368183362286
0.31564400812367877,0.30568944402464954,0.2077292607942037,0.17093728705746805
0.34730438223685306,0.17020944584753755,0.2435695374842072,0.23891663443140226
0.3295534476825768,0.1665114955574855,0.2537794286724288,0.2501556280875088
0.3250194328201877,0.25413027232511337,0.22728280948759508,0.19356748536710386
0.2752270435670215,0.22506103177753659,0.20321904385328754,0.29649288080215447
0.3262424000570819,0.17205107958597854,0.273682693227103,0.22802382712983663
0.3176227093415609,0.2872932231846615,0.21049082180390344,0.18459324566987423
0.34100311244769027,0.18226758102882093,0.24156349742951583,0.23516580909397308
0.32528760135085844,0.16866973939200458,0.2508304476487497,0.2552122116083873
0.33666066580863385,0.22143480818851527,0.24229207696562535,0.19961244903722558
0.2892962293905689,0.19732070017318268,0.21713622356143042,0.29624684687481795
0.3216339689227794,0.17240848179017762,0.2696587072720183,0.23629884201502474
0.3080112546502097,0.2828591949645134,0.2067491693240247,0.20238038106125217
0.33879081697673247,0.16358071797059576,0.2504785019226726,0.24714996312999923
0.3363881045352068,0.17688625511733075,0.25476053123993214,0.23196510910753043
0.34231578350599917,0.23400382664006927,0.23130490498567788,0.19237548486825373
0.2893558165323691,0.18615360184568336,0.21434842491694836,0.31014215670499923
0.3179813818599285,0.20454252489546312,0.2568009261177165,0.22067516712689195
0.30110194723773615,0.32281521715636663,0.19356734770332543,0.18251548790257188
0.34812960122344405,0.18300487761843237,0.2433411541103034,0.22552436704782028
0.35190862910969894,0.1538654116578731,0.2624879904797939,0.23173796875263403
0.33869791479146444,0.22845209613041917,0.23363316047367788,0.19921682860443868
0.2594406325678182,0.20361738961141057,0.20107613751471695,0.33586584030605415
0.30541785296946705,0.18807258206974875,0.26913262592682163,0.2373769390339626
0.33045513146952377,0.24674655606624304,0.22985391953353784,0.19294439293069532
0.3609556420025769,0.16370654963894274,0.25412636113047576,0.22121144722800465
0.36474928623630365,0.15102506182575248,0.26372909019122637,0.22049656174671733
0.34392878189559123,0.20775177910640774,0.231865372860082,0.21645406613791915
0.30073562308388596,0.24920879645177488,0.2050888656015149,0.24496671486282418
0.3196557122529961,0.2540894654132565,0.21946364857676554,0.20679117375698183
0.3387936462155521,0.2630568926527858,0.21482605412313807,0.18332340700852406
0.36713312462109865,0.15508432291335494,0.25646091370353014,0.22132163876201633
0.34719377067403695,0.18137119001520297,0.24780741931877656,0.22362761999198347
0.3356393916501789,0.21325188931622885,0.2341295540326075,0.21697916500098474
0.3113129361694431,0.17978296029330781,0.23135750805455543,0.2775465954826937
0.34224018040840765,0.20095843282104642,0.25604245674928905,0.20075893002125691
0.3456104826333135,0.23257142707814232,0.22246932768990263,0.19934876259864157
0.3647803366468569,0.15281558400801437,0.254634030347472,0.22777004899765668
0.36051088143244625,0.17958729558704623,0.24987005193060252,0.21003177104990509
0.34382493815579374,0.2432324457513241,0.21841678077733268,0.19452583531554943
0.3330311434092436,0.21471461088339897,0.22005279539387146,0.23220145031348594
0.344045183712483,0.20728298113301613,0.23623267767399025,0.21243915748051068
0.3347367994609294,0.26239471191318287,0.21326788743588632,0.1896006011900014
0.35689485594907683,0.17992943075909804,0.2446180710241662,0.21855764226765897
0.3589464068749822,0.15960267330291067,0.2578132836630819,0.2236376361590251
0.35415362831981245,0.19079424351872612,0.24461463186031226,0.2104374963011491
0.32406199977652644,0.18949700393100175,0.22975240626080895,0.2566885900316628
0.332893861693792,0.20474972011829434,0.2425641031658865,0.21979231502202717
0.3354954641264924,0.26093626160668754,0.2120443513581776,0.19152392290864245
0.36722186698586357,0.15143762246449685,0.2553750986619396,0.22596541188770006
0.36788455303707535,0.15947646378079133,0.2618333580120428,0.2108056251700904
0.3391148249232116,0.2768508127319464,0.20569168717687286,0.17834267516796914
0.32518497374362104,0.18827998101212332,0.21914670551751078,0.26738833972674486
0.33361362642690184,0.19328414615754727,0.25014442231902306,0.22295780509652785
0.3087936678025281,0.3682902454643117,0.17962306727788052,0.14329301945527964
0.35725529791869326,0.14928106064151897,0.24828407921893905,0.24517956222084888
0.35891877020418517,0.1275901533609152,0.28045012232292416,0.23304095411197542
0.32093377675835183,0.2589351563366153,0.21883476225476736,0.20129630465026574
0.17847583939266132,0.16356916596965132,0.16622082623523313,0.4917341684024543
0.23611297482789256,0.1475883778202572,0.2848275970228228,0.33147105032902746
0.27226215334983955,0.24947272810517476,0.2371444827738196,0.24112063577116608
0.28994452225546563,0.14978120161113734,0.25380648953659496,0.3064677865968021
0.2962207533563417,0.12091736134155961,0.2861977272935996,0.2966641580084991
0.26310582876806915,0.20344047698606083,0.2318166979531361,0.3016369962927339
0.07817503537075565,0.10648855652300007,0.08451809862179921,0.730818309484445
0.14311268138859295,0.17052490276794355,0.2665217523496417,0.41984066349382176
0.24407447977795232,0.3262564592164401,0.24559471770361405,0.1840743433019935
0.2820132785221612,0.1884384884407584,0.24110635247219406,0.2884418805648864
0.23370942966856387,0.15533098502946546,0.25585651212179544,0.35510307318017525
0.20956063769956867,0.24212448443063703,0.2404715803815676,0.3078432974882267
0.1127006097590778,0.14719350555736607,0.17508773412263423,0.5650181505609219
0.20224985216256297,0.17214542486564322,0.3236289751074013,0.3019757478643925
0.27649396551388356,0.2701181661683775,0.24788169683605743,0.20550617148168143
0.2881474991220948,0.15573817099358148,0.25423660011793336,0.30187772976639027
0.28799756399765714,0.18941681445059114,0.26186939087116723,0.26071623068058447
0.30491794839003394,0.2449670745471697,0.23658656946610473,0.21352840759669175
0.23618134086334389,0.1695467751306897,0.2090794672066288,0.3851924167993376
0.2858594706025763,0.2517137819412862,0.2593848204598708,0.20304192699626677
0.2964105106308759,0.30194018785785853,0.2015334825689801,0.20011581894228547
0.3278979813382654,0.15963325507082768,0.25554113632914616,0.2569276272617609
0.3288688262970751,0.2110433878464975,0.24814410125866068,0.21194368459776672
0.3048949334265537,0.22486073650297828,0.225502111965155,0.2447422181053131
0.27223138136801683,0.17149892849760157,0.2352619418815976,0.321007748252784
0.3152192872278822,0.2018278903491304,0.2675714812693234,0.21538134115366406
0.3238414064420968,0.2513352192994814,0.22168471074218754,0.2031386635162343
0.35638378253676517,0.1469219655620865,0.2609246019397397,0.23576964996140856
0.352318683825333,0.18108057774987987,0.251748855483882,0.2148518829409051
0.3263580241077555,0.2577333289601901,0.2132257916570279,0.20268285527502647
0.282028310169855,0.2408713254259066,0.19627161477357466,0.28082874963066373
0.3193994924652289,0.22327874587995378,0.24396064141103072,0.21336112024378656
0.32079504194997255,0.25561716455365474,0.2188492564357358,0.20473853706063688
0.3540019171963964,0.17016479971860954,0.25627600576123416,0.2195572773237599
0.3504668809809293,0.14026958712899779,0.2672628165536094,0.2420007153364637
0.3370428971241354,0.18348198963537116,0.2501413354021954,0.22933377783829811
0.2781532635020996,0.22067860646560616,0.20864347241692835,0.29252465761536584
0.29369845685857593,0.22874502799464314,0.22799390171359585,0.24956261343318514
0.3211623754425542,0.2556839472586265,0.22150130016540812,0.2016523771334112
0.35975926571156025,0.1658670760302921,0.2553319164626577,0.21904174179549007
0.3619325164540909,0.1517320577831195,0.26526746047206856,0.22106796529072098
0.3269010467478451,0.22554422305105942,0.22542721871547342,0.22212751148562193
0.2504055247525602,0.2174526816198185,0.18989760384133594,0.34224418978628535
0.27525193362234307,0.24194144231502243,0.2381731008564816,0.24463352320615284
0.31504830647891446,0.30182066197157675,0.21409659658018454,0.16903443496932424
0.36292729399010787,0.14376210046483115,0.2624566891384422,0.23085391640661884
0.34710581373473365,0.13667636287640358,0.270838890819459,0.24537893256940388
0.2839975299624138,0.22561927171660653,0.22101468636066057,0.2693685119603191
0.22598709139376852,0.22059972093925376,0.19859326256158746,0.3548199251053903
0.29635721894708056,0.1885628228432696,0.2712821360234777,0.2437978221861721
0.33445483888607525,0.24422229812550136,0.23500275234567677,0.18632011064274642
0.3495702370486356,0.15197686569640234,0.25373117585884364,0.24472172139611836
0.32022489991512443,0.18102898328769404,0.2472782274815051,0.2514678893156765
0.30093723102062053,0.2551518298466767,0.2198618318555323,0.22404910727717045
0.2434001815379395,0.23626950662800666,0.18669514405141038,0.33363516778264357
0.30651999359776144,0.20389540701123676,0.26822238078977845,0.2213622186012233
0.3126637263067677,0.25576047192953977,0.2232784652075391,0.20829733655615337
0.33734298257471546,0.1734585929331443,0.25420373076622843,0.23499469372591184
0.2894132559109587,0.15617026462038286,0.24481706683271848,0.30959941263594004
0.29240323710605154,0.22106187476062086,0.2485852985980862,0.23794958953524137
0.25518221894888926,0.2195420701823653,0.2107245600192261,0.3145511508495194
0.3034110997788162,0.1809461396686611,0.26765455631043916,0.24798820424208354
0.3173389402086219,0.23281128112322594,0.23292405068684036,0.21692572798131168
0.327793596904533,0.1831154827543628,0.2435269942758712,0.2455639260652329
0.31778076525949633,0.18156246830061665,0.24996548292711218,0.2506912835127748
0.3128307402736364,0.24961702652060974,0.2258121383958522,0.21174009480990166
0.2738401633412859,0.23612286291195533,0.2016832297952613,0.28835374395149754
0.29575392666566114,0.20378562867517336,0.24869941662982295,0.2517610280293426
0.30310554771815035,0.28686168983356153,0.21721691536892146,0.19281584707936658
0.33118561043104044,0.1777836010305,0.24834989134063493,0.24268089719782468
0.3053041295482854,0.15110947963886426,0.2578714472859594,0.285714943526891
0.2960263113795001,0.22733969157860248,0.2404958572781808,0.23613813976371675
0.23130374406098986,0.1952546503686845,0.20573218906437682,0.3677094165059488
0.27803599239680676,0.1760560295563475,0.27630151480296294,0.2696064632438827
0.3054330245118167,0.24864175231280045,0.2315596462944754,0.2143655768809074
0.3246047310144066,0.16122324261840593,0.2514662357866719,0.2627057905805155
0.31907336920292323,0.1677882350985036,0.2609930283530039,0.2521453673455693
0.3078574347450717,0.2814184326652032,0.21400879135669926,0.19671534123302573
0.2564757748929138,0.20395072741267598,0.19471927961864977,0.3448542180757605
0.28665079105142083,0.21735592606154233,0.2569049019222041,0.2390883809648328
0.2939082114894189,0.34901051541317935,0.1948159935661995,0.16226527953120232
0.3186713052374593,0.16740849520262746,0.2422407585006148,0.2716794410592984
0.30986764108707476,0.15547113078581104,0.2703516040008962,0.26430962412621795
0.28834582852373286,0.2529033115060492,0.22846136803299777,0.23028949193722023
0.23108925609893366,0.17283381278806298,0.21546003260805555,0.38061689850494773
0.291712009970557,0.1483260641466666,0.3021309643746841,0.25783096150809226
0.3075323251648957,0.2672396592856152,0.22505526498198597,0.20017275056750305
0.30636085847200123,0.1620764063696333,0.23579448955278207,0.2957682456055834
0.30943079196560164,0.17886163573832162,0.2581142366540703,0.25359333564200637
0.3197760480267351,0.27485391088465655,0.22120873715511444,0.1841613039334939
0.28414681093075334,0.21096492107249912,0.20394170563571662,0.30094656236103084
0.31792220447149244,0.18808513300516244,0.2654812642466549,0.22851139827669012
0.28116493799400577,0.3367805553906934,0.19058018325115053,0.1914743233641503
0.2916420481600849,0.22357757084761934,0.22066753358864233,0.2641128474036536
0.28416890466127515,0.16349694301777917,0.25615688398264314,0.2961772683383025
0.31513581320700756,0.218100329376956,0.260336845086231,0.20642701232980537
0.27985563246758965,0.1640732449336628,0.23937976180078274,0.3166913607979647
0.30626024518632333,0.1371104331373533,0.28889072151504414,0.26773860016127926
0.2987519894643207,0.24397961776883,0.22301061588741788,0.23425777687943142
0.303095991568037,0.20579105712987283,0.22497901556234357,0.2661339357397466
0.3241126836005425,0.197075006955741,0.24761751513103444,0.23119479431268206
0.32882644572457587,0.25394598823811854,0.22279919275627819,0.19442837328102747
0.27246558688985306,0.24617272109000854,0.19700866694953595,0.2843530250706024
0.2862273362779721,0.21451651810710382,0.24084278120851904,0.258413364406405
0.303935817335699,0.26654443144568174,0.2286091438026079,0.2009106074160113
0.33153576916987404,0.16746409021267283,0.25738946501838345,0.24361067559906976
0.3070548085153778,0.17417420376058235,0.2501914464207005,0.26857954130333933
0.29266641399341026,0.19019389914667853,0.2447397189614589,0.2723999678984522
