0.21713875998823365,0.18705669937468022,0.16578168148360528,0.43002285915348076
0.17601166940061702,0.18264889493844044,0.18143085985554672,0.4599085758053958
0.385643707255506,0.3113489621604857,0.1641135568405318,0.13889377374347645
0.2700988819076539,0.30350155153926056,0.22557441856734015,0.20082514798574533
0.3724419309041249,0.22503841205880776,0.28392428805876274,0.11859536897830457
0.3148674529193519,0.24450468821041246,0.27121901223006073,0.16940884664017475
0.13827787280949647,0.19565710252733615,0.2469269083510955,0.4191381163120719
0.3883557246802508,0.23741306115067762,0.1821277175884964,0.19210349658057504
0.34147090068212427,0.3215402928613503,0.1781872425016952,0.1588015639548303
0.34904844018917175,0.29168149616092454,0.2171693827683597,0.1421006808815439
0.361792846549845,0.22904084410496883,0.26653456991777374,0.14263173942741245
0.4041580018114117,0.2217457363353578,0.28433223547406233,0.08976402637916812
0.15007230762644477,0.11441771350561802,0.12735102889772074,0.6081589499702165
0.3106830709704274,0.20193830423563716,0.15541564146886352,0.331962983325072
0.3250464420655107,0.2764328272084803,0.17186589811644268,0.22665483260956637
0.2526941124462951,0.2010815010882608,0.2913863785038633,0.25483800796158085
0.14131939876482943,0.09917575961208454,0.22292646881321504,0.5365783728098709
0.19906134875210382,0.2512795874025938,0.2314893550344177,0.31816970881088463
0.11521537721918833,0.13878270300730403,0.11961700259743706,0.6263849171760706
0.43803483000683885,0.29322788623788343,0.15619668484901217,0.11254059890626565
0.2992120116896723,0.3534436873297818,0.1810760322138101,0.16626826876673564
0.35031826699605173,0.2748613569970611,0.286325994921035,0.08849438108585207
0.40720271685897363,0.21072924648314953,0.29189981582925173,0.09016822082862506
0.30560692498863085,0.25270332972114,0.30519217891531525,0.136497566374914
0.18052010024507678,0.18119138500169482,0.17324058759303348,0.4650479271601949
0.3818745127699248,0.24022564693185547,0.248137588024023,0.12976225227419674
0.32676080552732134,0.29299022224188637,0.18505116595346263,0.19519780627732952
0.24753478401429052,0.29034522310931943,0.20639412774328844,0.2557258651331016
0.2806891788143688,0.27196270408482537,0.24513358303275942,0.20221453406804632
0.5439528967854127,0.22152407642098124,0.1944677492058855,0.04005527758772051
0.20308155172068146,0.26112484335896147,0.18667531358041703,0.34911829133994
0.4777130126044126,0.2547649319489624,0.19572688409774627,0.07179517134887885
0.34191624763504974,0.32474468313913324,0.19776666200971013,0.13557240721610692
0.38806457539313527,0.29012247603886887,0.22177304663140593,0.10003990193658985
0.39524885738668813,0.2545855531003974,0.19589353920368857,0.15427205030922592
0.3600658549173018,0.2726240210070523,0.2653874249774333,0.10192269909821261
0.2761011436066644,0.1819909812489729,0.17747017688040492,0.3644376982639578
0.36624369822788244,0.22004231525898163,0.15520187217266815,0.25851211434046784
0.2895657066924791,0.3080020955506154,0.15118654261276357,0.251245655144142
0.37415035561000565,0.27132122840947404,0.23432232856064505,0.12020608741987535
0.32446339661668044,0.20336029975099207,0.3005635933671994,0.1716127102651281
0.23717103332886827,0.20800518751651564,0.2567723255918811,0.29805145356273494
0.09490854461654946,0.09800834652601195,0.08132783216421513,0.7257552766932234
0.4761232885792437,0.30665782956584164,0.13441405644658644,0.08280482540832812
0.3611056413191403,0.3465829328649943,0.16913097226795967,0.1231804535479057
0.4457429037305805,0.2782880286129288,0.2100224498115937,0.06594661784489697
0.41104846278204143,0.22408096056812957,0.28957974853236035,0.07529082811746872
0.3808810801746657,0.20354398595364628,0.3406489560138263,0.07492597785786166
0.13335519709138594,0.08168703189828858,0.09210811207869735,0.6928496589316281
0.2656115571652246,0.21291729403757095,0.12894333996956525,0.3925278088276392
0.32772919813621454,0.29352451386308853,0.14417216775513325,0.23457412024556365
0.29516324572851654,0.30893790232972274,0.20483011077285357,0.19106874116890712
0.21233814343433846,0.20606593199691883,0.28456838918410304,0.2970275353846397
0.38889745363822553,0.25703038053021365,0.24504043689796967,0.10903172893359106
0.1987276799950537,0.23480809228169786,0.14774538739607543,0.41871884032717305
0.43316026832269927,0.29474108382045056,0.16151909485472538,0.1105795530021247
0.4485739497931852,0.2990301899829454,0.18364500445375248,0.06875085577011694
0.42978908610894795,0.25771827845035417,0.2528121203939281,0.059680515046769786
0.3831307741982748,0.1982777623409298,0.2954341148578194,0.12315734860297597
0.24489540082227929,0.20061719949036175,0.31768733173059355,0.23680006795676548
0.13604255647929317,0.11199799773737842,0.09597196556438423,0.6559874802189442
0.3462997180518875,0.2509261653840223,0.1254133325184469,0.2773607840456434
0.32917411758153065,0.34197262433410147,0.1522132340545134,0.1766400240298544
0.3179558878078684,0.30544798529933526,0.23851465778010855,0.13808146911268795
0.2370625262473301,0.1923620873791238,0.3615389009647029,0.20903648540884306
0.4962376918826534,0.212088069769793,0.21617808319951953,0.0754961551480342
0.1328806706392505,0.13793635646564528,0.08851446927693857,0.6406685036181656
0.5975401581994843,0.22440698225703795,0.13902925095997634,0.03902360858350154
0.4423902391967333,0.28749341435554043,0.19707458600886596,0.07304176043886018
0.23802853112815586,0.17940110403319545,0.4318191947655371,0.1507511700731116
0.16045414361416194,0.04648835067620737,0.1825750887207964,0.6104824169888343
0.20097636079029568,0.2555520174930543,0.18655755271297061,0.35691406900367945
0.06762298195641557,0.040972643325396324,0.034224397056956166,0.857179977661232
0.4923412999962813,0.2621159594226589,0.13372613971007455,0.11181660087098512
0.2839499875304207,0.34373063583062363,0.18353895415118648,0.18878042248776908
0.1906343627837578,0.21420858823870703,0.4065022221094067,0.18865482686812848
0.24575759584349188,0.17874081557081598,0.3198077475646858,0.25569384102100645
0.37710600240388104,0.2623483102789389,0.24611522354766419,0.1144304637695159
0.16350846801892127,0.1699132113433001,0.1249596341527548,0.5416186864850238
0.5417658238679791,0.24178338831972848,0.16935247173310838,0.04709831607918409
0.32888481530008284,0.3353878446149664,0.20678399355868388,0.1289433465262669
0.3390771035384389,0.2577160270379406,0.28486620685153186,0.11834066257208867
0.2972541639199138,0.19323854870910498,0.22880834857759952,0.28069893879338176
0.4301559822178294,0.26216302704298655,0.22688492937156277,0.08079606136762124
0.14721202303337522,0.09877545460946906,0.10818005741436786,0.6458324649427879
0.5033848390311496,0.22583524217957035,0.16606103361518218,0.10471888517409773
0.25151325032938043,0.3003810880119308,0.1665836781201517,0.28152198353853697
0.20576729707878533,0.191077531258831,0.39735628857233407,0.2057988830900496
0.3690084348976981,0.16221623543038438,0.24601066852128808,0.22276466115062946
0.24222417078743214,0.27497271387663746,0.24520977642284988,0.2375933389130806
0.08188811481052541,0.06873265955380566,0.08286585986614778,0.7665133657695211
0.5708463787562071,0.25453601145621363,0.1336346635149146,0.04098294627266474
0.2674870195120793,0.3656155733945249,0.18180178325011512,0.18509562384328065
0.3717294707571596,0.29478186371403386,0.2332653374828148,0.10022332804599178
0.3427789332141061,0.2213720067992814,0.31892404077189723,0.11692501921471522
0.35198777945888937,0.2371899536710372,0.30516870985329253,0.10565355701678103
0.17159063251222859,0.1161031694758334,0.08961368838740669,0.6226925096245313
0.34738200553474124,0.3001177200398461,0.1592732761101599,0.1932269983152527
0.5068787842454164,0.25917234640872666,0.1825569338979588,0.051391935447898315
0.19551774576439154,0.17136762873496938,0.41061536857331554,0.2224992569273235
0.17682520886897413,0.12542357234022702,0.30839599960768427,0.3893552191831146
0.18371915700222904,0.21892092290297746,0.17833284572152383,0.41902707437326964
0.16511492316157586,0.21826782676747838,0.10901527224732895,0.5076019778236168
0.5331924012685236,0.27751084967306516,0.13853069301573115,0.0507660560426802
0.29248517822402,0.37928588901791893,0.19426665636446838,0.13396227639359273
0.5253267020911667,0.20124589911813742,0.24106606815826206,0.03236133063243385
0.36718188121591305,0.2509922490185993,0.26150517133237067,0.1203206984331169
0.27750539075996244,0.28862078859814827,0.24466618449038469,0.18920763615150457
0.29146907502748554,0.1904530353627892,0.14588701863467307,0.3721908709750522
0.49647129255991646,0.2463599979456185,0.18250942976299145,0.07465927973147364
0.294862377606717,0.27186597865148615,0.17797610335041242,0.25529554039138436
0.206727431801691,0.2148416380035667,0.2817081822531705,0.2967227479415717
0.34515055092074737,0.24695461543217534,0.25358234710870514,0.15431248653837212
0.306502013479026,0.28423961944793563,0.1909461608282412,0.21831220624479714
0.1973325490148262,0.20838689722842887,0.11827402688681223,0.4760065268699327
0.5015278083961829,0.288294603447155,0.15287197519084844,0.05730561296581358
0.3948113401236591,0.32143224008431254,0.20351665092361293,0.0802397688684155
0.48649130172678573,0.23660379010549126,0.22178477499972848,0.05512013316799451
0.32538012572470126,0.2328303987582492,0.24941017572507773,0.1923792997919718
0.301694689448224,0.2725419936210917,0.25288404121374375,0.17287927571694045
0.2618815020319791,0.16779974195446992,0.14427905380061992,0.42603970221293097
0.362052845733385,0.20691211144007055,0.14289980220196474,0.28813524062457985
0.2919149769557603,0.34218608886681884,0.14800909106731905,0.21788984311010173
0.19687230297911457,0.22452986076187562,0.4044728896171691,0.1741249466418408
0.45889987190095516,0.15415629737410222,0.3055114766797647,0.08143235404517786
0.24722344322981002,0.2801574159696329,0.1662831951616587,0.3063359456388985
0.16023508621682672,0.21512122631068661,0.1340063943712126,0.4906372931012741
0.6975238532602501,0.1602924506697201,0.1283122360300778,0.013871460039952042
0.43021163517306066,0.3131491259668578,0.1957020932444387,0.06093714561564283
0.25418434884690566,0.22976239066338333,0.27242790560086844,0.24362535488884268
0.5895812484395239,0.15903406331817632,0.21516975754754702,0.03621493069475275
0.46749659631305535,0.22047241433675221,0.24592747254117334,0.06610351680901903
0.014291053696853098,0.0012978348750295812,0.0041370748788970525,0.9802740365492203
0.33952018171436427,0.08530835079473639,0.06738198248985888,0.5077894850010405
0.32398466379291047,0.18683362424307,0.16544588910545002,0.3237358228585695
0.06800140547501328,0.003476042841338369,0.08308498503291571,0.8454375666507326
0.0025734772457778527,0.0001034331700017534,0.0061286746168348364,0.9911944149673856
0.00019805774225699354,0.0008052102746518817,0.002865067740206491,0.9961316642428846
0.0015410115059309101,0.0013555477859947343,0.0009581396964769304,0.9961453010115975
0.07447441538435612,0.09699750370940008,0.05285497443310722,0.7756731064731366
0.3119104651070235,0.39534991904845546,0.1369741447234023,0.15576547112111877
0.026073930485514783,0.08029756684617657,0.7124176463348316,0.18121085633347697
0.0261108213768506,0.05996461099402305,0.5555510639710247,0.3583735036581017
0.09665016202481867,0.17908706390713722,0.3896172089691541,0.33464556509889004
0.043866747943967804,0.08085618391104218,0.1900176776982148,0.6852593904467752
0.5584299479734378,0.22117779202327884,0.15587269976226714,0.06451956024101621
0.13797971424122332,0.3273586040654855,0.2727076807728948,0.2619540009203964
0.09702130892057685,0.10082530204016027,0.6679383740188591,0.13421501502040376
0.23703082518670002,0.13240138714412383,0.342539220756619,0.2880285669125572
0.0962952267480112,0.20471575288919133,0.3411882289079866,0.3578007914548108
0.08656963734164057,0.07259477957216132,0.10838620629800338,0.7324493767881947
0.4567799627713781,0.31533784093142886,0.14872793959895803,0.07915425669823489
0.25691318757964615,0.3827912220123686,0.19516659231332786,0.16512899809465723
0.3370763639015823,0.21846443977183921,0.3558830099562284,0.08857618637035002
0.5222126070969816,0.19026637367765362,0.2374006521935556,0.05012036703180923
0.1894227699491739,0.2640151650180195,0.29713959371544524,0.2494224713173613
0.24576278641677834,0.1724403186870713,0.18499260420244715,0.39680429069370315
0.5541590450270105,0.21776923361947187,0.18039839844056121,0.04767332291295649
0.2101088985165723,0.26311050865122015,0.2091397265489722,0.31764086628323546
0.2308240545116999,0.19896646955380443,0.31770709531273267,0.25250238062176295
0.16157789623770322,0.17317087013550853,0.35160181317786626,0.3136494204489221
0.31472258411075515,0.2589231936002544,0.1896799162132175,0.236674306075773
0.15636893490986464,0.16719832981138166,0.07664241968572683,0.5997903155930269
0.5556834270145411,0.26557062937738857,0.14165783035860738,0.03708811324946303
0.5296503793369347,0.23769099930191515,0.1982904695903865,0.03436815177076387
0.3523638740891303,0.2373958018038121,0.3228713470738979,0.08736897703315967
0.23033907278431942,0.14279149261428414,0.34397483532877915,0.28289459927261734
0.16324198018976935,0.15450226120750254,0.28569592795809245,0.39655983064463557
0.09726046953077153,0.05044470477338992,0.04035620359196645,0.811938622103872
0.1828923421283273,0.14630782234406062,0.054737321867756206,0.616062513659856
0.2931351241346637,0.38245172966774893,0.13115734983904526,0.19325579635854206
0.2861610267349303,0.2502672739446779,0.3696362943597707,0.09393540496062111
0.1453783634130103,0.0902143442613002,0.6144859228330987,0.14992136949259088
0.13104511547295505,0.10441298035509672,0.13977290712042054,0.6247689970515277
0.08246096974581542,0.12292315746084226,0.046600436605180366,0.748015436188162
0.582122234210128,0.2600868926645542,0.12240665769182334,0.035384215433494494
0.5454207987719694,0.23544064197527712,0.1894558001741945,0.02968275907855899
0.16449700457560346,0.1401048614148664,0.5168579128695843,0.178540221139946
0.21988298757866853,0.12474051431596708,0.38702805436921184,0.2683484437361526
0.1389103399453355,0.16031894646433437,0.21262495372426293,0.4881457598660671
0.11654559259739468,0.06592545937502751,0.04936968818586697,0.7681592598417109
0.4453431691887631,0.22382204649011653,0.1165165608300063,0.2143182234911141
0.20781507864944157,0.3081156086618844,0.21809741074953198,0.265971901939142
0.17625976021367198,0.1527448300177564,0.5026336270943823,0.16836178267418922
0.08276951268636483,0.07727776171609728,0.2978908919788253,0.5420618336187125
0.27360466403540556,0.255385902383007,0.16383513012676454,0.30717430345482294
0.11964298471870811,0.13353731342973363,0.06500629924492961,0.6818134026066287
0.5842806780013633,0.24344896916620715,0.14108197972030573,0.03118837311212382
0.4201587972189949,0.28123913029169434,0.22503620419612305,0.07356586829318772
0.21106396482175804,0.2000276312696053,0.42547010425112436,0.16343829965751222
0.16432469044189807,0.10604237872469272,0.21862743870611268,0.5110054921272966
0.25157610768566796,0.2624598693741974,0.2397553626655842,0.24620866027455046
0.17904166002743585,0.09742184245027906,0.09481972543749248,0.6287167720847926
0.24658383215597987,0.15808571501213955,0.1336786813490863,0.4616517714827943
0.20232577720658157,0.2878958081292335,0.17991483450070514,0.32986358016347983
0.1655151998857541,0.2100930386056698,0.40036628159840937,0.2240254799101668
0.1557395188150533,0.1172142205722429,0.34667954166370674,0.3803667189489971
0.2564004387090382,0.2353554610097292,0.17896024965106133,0.3292838506301712
0.13383292736364868,0.20965049510871664,0.11889263762769718,0.5376239398999375
0.5500129409834034,0.24556355209938482,0.163349022789281,0.04107448412793081
0.4726675876729579,0.2653226809567073,0.2100681636238431,0.051941567746491724
0.23973636490322903,0.21751828517421282,0.3724959695698597,0.17024938035269843
0.24911824594512763,0.13978622086465772,0.28269021263266547,0.3284053205575491
0.29606802038791635,0.2516336016809378,0.2533883685614694,0.19891000936967637
0.10895369152777436,0.04738786130070924,0.06937139592134621,0.7742870512501702
0.338100431942095,0.14245295704477925,0.114817602890427,0.4046290081226988
0.17345610411335316,0.25466929836645663,0.15993901433670646,0.4119355831834837
0.09137304776938868,0.10899731183663615,0.5397278730946982,0.25990176729927694
0.13273976567556112,0.06643317168507792,0.3495551693533819,0.45127189328597905
0.12698759054603434,0.19586432848509377,0.14141086516593812,0.5357372158029338
0.09034562962937097,0.14282443907616238,0.09128409552013061,0.6755458357743361
0.5723189950707408,0.24535104952640435,0.14593425339004604,0.03639570201280876
0.43334377129756046,0.3054573046204757,0.20191387014218828,0.05928505393977544
0.19242342387058056,0.20801206890100066,0.40133388001590975,0.1982306272125089
0.5559900693686641,0.15788449179207922,0.23791888197683667,0.04820655686241991
0.3294944812569929,0.26811229547230175,0.28736380381246984,0.11502941945823558
0.11835486662837987,0.043416941413002355,0.10270795152600719,0.7355202404326106
0.5040329681142017,0.16730287239728106,0.1525511242977315,0.1761130351907857
0.11213517238818842,0.1790705334475679,0.1648248423031274,0.5439694518611163
0.11715910301517567,0.0881381874300966,0.22206286465042077,0.572639844904307
0.12114087339356532,0.11009012763743095,0.18416313138490203,0.5846058675841018
0.22284860355136407,0.3217917148607477,0.18957557990291773,0.26578410168497046
0.12325418319306779,0.15330813683533898,0.12769755257219959,0.5957401273993935
0.4651923568485646,0.26264450827115804,0.21180651065879527,0.06035662422148217
0.40192809517124745,0.3028097147690303,0.20155919644261183,0.0937029936171105
0.31723972802552175,0.3081815206881649,0.2314987051154532,0.14308004617086015
0.5590364524659469,0.189310916827239,0.2116868148066181,0.039965815900195975
0.5650690214146584,0.17908431711991415,0.23096228032625693,0.024884381139170565
0.10662173185736581,0.04298286056352549,0.17388388430443968,0.676511523274669
0.07293680512716001,0.02526818894491177,0.07886088723873703,0.8229341186891912
0.07991653430039429,0.12608035760546027,0.06351879073353324,0.7304843173606123
0.11981160207857933,0.1349620150164305,0.12296980547995015,0.62225657742504
0.2145477838548305,0.18819457180576935,0.14658898431326017,0.4506686600261399
0.23139002952895896,0.3031285825086221,0.19863251277313604,0.2668488751892828
0.1543137013115838,0.27044099549997946,0.16368661465913684,0.4115586885292999
0.5254103031519116,0.2552602247730161,0.17468183722389186,0.04464763485118031
0.4624252734497204,0.26216156335334384,0.22654640539663054,0.04886675780030534
0.42015262023311517,0.18688889597354938,0.3240665841567258,0.06889189963660954
0.12503212566676478,0.12338251360852136,0.19359727293449278,0.557988087790221
0.22877114042652966,0.2651513872931162,0.24428045103803597,0.2617970212423182
