0.3117526753788481,0.2320971263672333,0.23343998277751496,0.2227102154764037
0.3248828123290987,0.2252544843528926,0.23409172225100924,0.2157709810669994
0.3280020158728677,0.21734548438860835,0.23645896768872532,0.21819353204979872
0.3245832426236041,0.21989471709747216,0.23737007935860188,0.21815196092032174
0.3164466260022012,0.2197565112998573,0.23873972182184067,0.2250571408761009
0.32561685401186585,0.21575076568694163,0.2335729161000051,0.2250594642011874
0.32240370879772684,0.2307213977188533,0.22989192601027095,0.21698296747314902
0.33126494925870886,0.21925148852966825,0.2440331986060635,0.20545036360555946
0.3318870401459965,0.21566587117364897,0.23934085342283837,0.21310623525751615
0.33144897294215253,0.2125209945863507,0.2358997610818752,0.22013027138962163
0.3151251369657533,0.21568146917279915,0.2349534309776231,0.23423996288382448
0.33377706790993156,0.2076274758888492,0.23758226940535637,0.22101318679586293
0.31891104426825767,0.2275416293134232,0.2270160705191771,0.22653125589914208
0.33288486518761723,0.21256428217769568,0.2364693067910365,0.21808154584365055
0.32274059425358675,0.21310168906330215,0.23190501453613824,0.23225270214697277
0.31883752010793087,0.2202450280901439,0.23467723144843053,0.22624022035349478
0.3085194041797878,0.2229928081992468,0.22663368581149212,0.24185410180947334
0.32598989743397155,0.2197166766798714,0.23320758887489174,0.22108583701126533
0.31553228255197024,0.24154162657394562,0.2284111053044222,0.21451498556966186
0.33052668538540125,0.2225783175026937,0.24458064944984884,0.20231434766205628
0.3226123255838548,0.22130100819874177,0.2318913430088734,0.22419532320853008
0.3210811557334136,0.22053859596113684,0.2392762774858917,0.21910397081955796
0.3039931637549567,0.2260917511785913,0.240025606952889,0.22988947811356297
0.3358642408951682,0.20964546118335223,0.23503924125950307,0.21945105666197642
0.316411400298047,0.23046742507931114,0.22792788489972524,0.22519328972291655
0.3302861244725744,0.21870776714117637,0.25052342132446775,0.2004826870617816
0.3269215323346912,0.22131404166499888,0.23850093813610532,0.2132634878642045
0.3257349614319885,0.2277174328763405,0.23618275009961393,0.21036485559205712
0.32142708047426444,0.22099202549527217,0.23959253891131935,0.21798835511914402
0.3321171501721299,0.21642662761377315,0.25208743170313574,0.1993687905109612
0.32669119594982077,0.22862825512978377,0.23378176335650208,0.21089878556389346
0.3341936631213858,0.21640463162309984,0.2461093157975264,0.203292389457988
0.33027608323884766,0.2184004033107383,0.24496838030630347,0.20635513314411066
0.33816053844755256,0.212770263492911,0.2477474437946505,0.20132175426488594
0.33129125939163506,0.2080463342389146,0.23729584460386705,0.2233665617655833
0.33958855444711883,0.204872908998769,0.24381392503071214,0.2117246115234
0.3228557698286363,0.2254775454285412,0.2420485556794058,0.20961812906341665
0.3367413117830954,0.2153879408992927,0.2434247361168082,0.20444601120080363
0.334959691073273,0.21082827103271748,0.23279092181815936,0.22142111607585016
0.329612095711846,0.21170104484024999,0.24492112190290355,0.21376573754500053
0.3207066216790752,0.2156656068430059,0.24078812028471017,0.2228396511932087
0.33162070482424194,0.21753881443144993,0.23588308991228815,0.21495739083201992
0.32427343650591195,0.23838719357222815,0.2263443829712852,0.21099498695057464
0.3387673293558696,0.21880352525534005,0.2546247063062549,0.1878044390825354
0.3343742552494372,0.21591130102064834,0.24308731738118736,0.206627126348727
0.3319569569102108,0.21074375189892797,0.23891760643032495,0.21838168476053627
0.30924758406028197,0.2162376217771254,0.23804671380918752,0.23646808035340516
0.335998458357688,0.20722518514681296,0.24220442331497263,0.21457193318052648
0.3269633974396641,0.22269922751924318,0.2290121750825006,0.22132519995859212
0.3321371541230938,0.21902995516067014,0.246086695655054,0.20274619506118197
0.3301750454611631,0.21566041395197208,0.23969274009306377,0.21447180049380105
0.3276273629787652,0.21929927873664856,0.23912308207971975,0.21395027620486645
0.3194906923204803,0.22112394430599142,0.23460051502069898,0.22478484835282936
0.33197328530649084,0.21676608404133918,0.2466161253595694,0.20464450529260061
0.32553322794417033,0.23404328915569234,0.23778485823900328,0.20263862466113391
0.33733203479155477,0.21853669348007146,0.2461144432227205,0.19801682850565322
0.3315895726072363,0.2118332854941795,0.2411071911668475,0.21546995073173678
0.33328428204935207,0.20853080585669645,0.24414384013510515,0.21404107195884636
0.31593982325132614,0.21658789354386634,0.23810550869028133,0.2293667745145262
0.3391043404321229,0.20651207238631922,0.23594915712363973,0.21843443005791816
0.3235936873775284,0.2313961962210042,0.23395622991988593,0.21105388648158138
0.3367329973049163,0.21766249643564553,0.25054532110783,0.19505918515160825
0.33562822679013393,0.2100006116209666,0.23614805443719353,0.21822310715170584
0.3270112249781503,0.2164777532782432,0.2402540262259058,0.2162569955177007
0.3183016666155194,0.21918787956035332,0.23874640705236752,0.22376404677175987
0.3381827650391596,0.21015581838430064,0.24342296847465386,0.20823844810188588
0.32283435792779813,0.237458352627228,0.22670946731295438,0.21299782213201943
0.34311551145810626,0.20786184181852824,0.24619299358550606,0.2028296531378594
0.3323355919527933,0.20181279116718465,0.2332745985273343,0.2325770183526878
0.3240152435159687,0.2136667434971848,0.23608070380740967,0.22623730917943666
0.30687796527015315,0.21802322310161826,0.22915165112286318,0.2459471605053654
0.3370449542972834,0.2088485178039908,0.23346435147579733,0.22064217642292844
0.31663155725543746,0.24119173389084364,0.22349563044639603,0.21868107840732273
0.33204994798460136,0.2169975354943705,0.24594024312350432,0.2050122733975238
0.316635541902659,0.22306401428788414,0.22952440600636906,0.23077603780308778
0.31911598426296545,0.22536195458238026,0.23175528539741924,0.22376677575723505
0.30297980898870996,0.2268146291760632,0.23627966753432206,0.23392589430090477
0.3332277088266764,0.2157063912713761,0.24456406453582966,0.20650183536611783
0.31668042511164196,0.2395116003164819,0.2238907995687336,0.21991717500314256
0.33411362415429496,0.2154151885232925,0.24685802142115176,0.20361316590126083
0.32688266011630224,0.21589516267979236,0.2367161585727066,0.22050601863119873
0.32727040017259934,0.2195979901389364,0.24088200507568497,0.21224960461277925
0.3206518760316725,0.21306231068398454,0.23197782881218992,0.23430798447215315
0.3401138226803062,0.20351648785383045,0.2396670291259031,0.21670266033996027
0.3124592260876023,0.23565032709077038,0.23185914612866784,0.22003130069295962
0.3367675075682681,0.21137739652011805,0.24188393414951675,0.20997116176209704
0.3232308797150502,0.21644869954609838,0.2251837398449332,0.2351366808939181
0.3246165582327964,0.2190000280055437,0.24027977536320475,0.21610363839845523
0.3127282074871672,0.2167913012503456,0.23696648162747946,0.2335140096350078
0.3266001919036037,0.2222182282991018,0.23674140250440115,0.21444017729289339
0.31645229640721956,0.243757839051132,0.2181821164388567,0.2216077481027917
0.32978203113908944,0.22287997892904607,0.2518313481146638,0.19550664181720073
0.3338833818842749,0.21636049507409813,0.2368765709622111,0.21287955207941586
0.3267726746064434,0.21562431864826836,0.2363269882945968,0.2212760184506914
0.31303063467074094,0.2184196762188799,0.2396716609302632,0.22887802818011593
0.33474748550108635,0.21332867047776535,0.2440242142247011,0.20789962979644705
0.3195902450127442,0.23445704785356575,0.2300734634848125,0.21587924364887753
0.3399098351692117,0.2091726412132249,0.24007785029790338,0.21083967331966
0.32359687483732175,0.21334592924674803,0.24145927935820335,0.22159791655772676
0.3220548176288998,0.21867232790926006,0.2370010745626858,0.22227177989915445
0.319632556383139,0.22010908540002916,0.23055322050463706,0.22970513771219486
0.32657488391005224,0.22774018973337837,0.24156371861187886,0.20412120774469053
0.3313015221441863,0.23254172244461693,0.2408284878204763,0.19532826759072056
0.3363728927705958,0.21626172154287146,0.24906392109740277,0.1983014645891302
0.3285490000732694,0.21676281688966492,0.23943692599947475,0.21525125703759088
0.32394153928396224,0.21859298492695536,0.24778421059659295,0.2096812651924895
0.3269571704852682,0.2152010809418232,0.23861642537410316,0.21922532319880533
0.34257646405713715,0.2072910695401593,0.23917348133804206,0.21095898506466162
0.3255953946170042,0.22036027897622207,0.24361671108232788,0.21042761532444584
0.3347216208229912,0.2133161864423924,0.2510068616423844,0.20095533109223196
0.3282377644447394,0.21764508828114218,0.23239218460414302,0.22172496266997524
0.32896170711242523,0.21702006316838643,0.23620534103632682,0.21781288868286153
0.32896987911009157,0.21620355092013496,0.2472826198852482,0.20754395008452528
0.33179287721393175,0.22199890886787899,0.24914405530261177,0.1970641586155775
0.3299884298094375,0.23037046782287296,0.23297341180259304,0.20666769056509657
0.3359015830915093,0.2156589386796121,0.24844045161940473,0.1999990266094739
0.3362312886290762,0.21128998614528668,0.24713045510725448,0.20534827011838266
0.3291835942509371,0.21548622095833406,0.24585518833695671,0.20947499645377218
0.331696079259214,0.2090580179774414,0.2348446985586552,0.22440120420468945
0.3439477926327399,0.20113705001439888,0.238107071780811,0.21680808557205009
0.3191629046846711,0.23039450869080086,0.24865852847601905,0.201784058148509
0.33732641956121845,0.2157789027994225,0.24576721935461115,0.201127458284748
0.34042822464423,0.20242759098846805,0.2268312147139636,0.23031296965333822
0.31644351995180586,0.2248852991605966,0.24673078082682726,0.21194040006077036
0.3263562817911938,0.21850895874380885,0.25185810590277574,0.20327665356222155
0.3376565358591062,0.21734047457216846,0.23241445456559642,0.21258853500312883
0.32492037468566837,0.24314097353331507,0.22799763227542177,0.20394101950559484
0.34141526809443606,0.21260793957218996,0.25785824075956576,0.18811855157380813
0.34059405370564516,0.20787747180256327,0.24356906563893002,0.20795940885286152
0.3391273711147574,0.20252694749926475,0.22658760468747877,0.231758076698499
0.33499469835001205,0.19181911436482676,0.23483079122878622,0.238355396056375
0.3437286274276174,0.1967483471102368,0.24282051540612717,0.21670251005601868
0.33193959521596317,0.2145969526596407,0.21911037342089412,0.23435307870350203
0.3319458681941822,0.1984515912587126,0.22591625172569718,0.24368628882140808
0.3415109901300086,0.17867013028908207,0.21825824992913742,0.26156062965177196
0.3000228050155635,0.20158748420939243,0.21500202734021323,0.28338768343483084
0.2689532525809546,0.22139581197631322,0.21212879898439893,0.29752213645833336
0.30815892196956995,0.22778573670135274,0.19695862783739482,0.2670967134916825
0.2854393826241421,0.2862400658485703,0.18772306182572884,0.24059748970155873
0.3178115400128545,0.22956399174505598,0.2270370124780855,0.22558745576400405
0.27330909258879366,0.23945386748666925,0.2229157009125707,0.2643213390119664
0.255418578547746,0.2525173337878533,0.20571356584491954,0.2863505218194811
0.2563673876696754,0.22880070391244342,0.21793657512417147,0.29689533329370976
0.3030824185246947,0.22587937319329418,0.22485861346558295,0.246179594816428
0.29635007063929003,0.25052070624720185,0.22030312978442831,0.23282609332907975
0.30656871434300653,0.2229292978360282,0.23056887065513057,0.2399331171658348
0.29429558162156494,0.23243234374719407,0.21804870691716588,0.2552233677140751
0.2970981171291066,0.23003962011166232,0.23004625285757407,0.24281600990165694
0.29809986539686784,0.22126682524678815,0.22853413060379915,0.2520991787525449
0.31574664034861105,0.23308763172202882,0.2273132001405486,0.22385252778881148
0.3042311757053976,0.2494701622657451,0.22492211369200812,0.22137654833684914
0.3321330804216215,0.21748247734930304,0.2406656769608509,0.20971876526822467
0.3190102262086926,0.2282441560146649,0.2326947673186564,0.2200508504579862
0.31742788666352156,0.22113076129164858,0.23847990684869005,0.22296144519613978
0.31265072727988835,0.2206660511607741,0.23778619334325904,0.22889702821607855
0.3330733958264069,0.2157535485123082,0.231765857167625,0.21940719849365983
0.3136341059222602,0.22705590186484642,0.23351142914091438,0.22579856307197904
0.3260032913506423,0.2175881127755995,0.24829248968894402,0.2081161061848142
0.3278072867428652,0.21608549905479588,0.22582877412472618,0.23027844007761278
0.3202008039299556,0.21904331633898766,0.23375366412927057,0.22700221560178616
0.3213265955300848,0.22252849046343331,0.24123273530826397,0.21491217869821785
0.33197690070097025,0.22359645300295175,0.2467119332317849,0.19771471306429314
0.3250157427404019,0.23606325682079768,0.22644686166613917,0.21247413877266114
0.3354947129217148,0.2153290608697678,0.2479129872317099,0.20126323897680753
0.32629174715784837,0.21191520400963706,0.24290337108362853,0.21888967774888587
0.32834763173344644,0.20810598103374112,0.23377824648273599,0.22976814075007637
0.3243962542831415,0.2064326300686126,0.22757011969024404,0.24160099595800177
0.3352768137440293,0.20922118609815968,0.23869270240206894,0.2168092977557421
0.3223112339546914,0.23243558425480945,0.2404292855510339,0.2048238962394653
0.3293372903967509,0.22494477395273396,0.23676005333246167,0.20895788231805357
0.33514381721519676,0.2027738239096915,0.2269239584953715,0.23515840037974015
0.3116001060422701,0.216955303365099,0.24061809889413216,0.23082649169849856
0.31515910423381904,0.22159690528731504,0.24033893466680656,0.22290505581205933
0.32666070269096903,0.22915953746559398,0.2267065192582124,0.2174732405852246
0.32620963171542766,0.24368365585662066,0.2243678140909231,0.20573889833702855
0.3456377223032814,0.20683485776031818,0.2476501018263104,0.19987731811009013
0.32347792677536724,0.2126950020790027,0.242297074951512,0.22152999619411795
0.31635151088745506,0.21469045747453666,0.22441513547196096,0.24454289616604744
0.3083997509218286,0.21732523948384913,0.22625288734845453,0.24802212224586773
0.3384690827969867,0.20830352310744196,0.23639635799664138,0.21683103609892995
0.32297609835754143,0.2280770197357988,0.2350191936876609,0.21392768821899893
0.32441747950605127,0.2163137466930757,0.23908640612348248,0.22018236767739038
0.3171928407360137,0.2135834026010016,0.2216784969714223,0.24754525969156246
0.3127956712672206,0.22062037753288827,0.23188671042634376,0.23469724077354753
0.3103982838300125,0.22849260146089165,0.23287652824983404,0.2282325864592618
0.3304315855530214,0.223455808558548,0.23883376233901965,0.20727884354941098
0.31976365161024856,0.23665076637006152,0.21939590025185882,0.224189681767831
0.33147553656980544,0.2138906270161321,0.2456985238457283,0.20893531256833411
0.315428214154411,0.21601947728430274,0.23505040039099037,0.2335019081702959
0.32030805158265485,0.2176167184850192,0.22721278251767038,0.23486244741465553
0.3121225810607103,0.21757637838212082,0.2247819550120617,0.2455190855451072
0.33656413529939405,0.2064177461327203,0.23696245417996986,0.22005566438791582
0.3130844880566884,0.23013897557761592,0.23228115171763355,0.22449538464806212
0.31696518517549466,0.22446179931899965,0.23240132007352785,0.2261716954319779
0.318012075883116,0.2146196651237831,0.22129955415964225,0.24606870483345866
0.31418671102256485,0.22265741804033923,0.23332518519819728,0.22983068573889867
0.3110076332568472,0.2279944922595423,0.23718309390566727,0.22381478057794338
0.3255700175464766,0.22512812738826257,0.23291237785438393,0.21638947721087703
0.3164391716673066,0.243335051241297,0.21972231423080008,0.2205034628605964
0.33393243475524426,0.21376538126463818,0.24431168936475964,0.20799049461535798
0.3238140447430757,0.21267506313544723,0.23764657097920297,0.22586432114227425
0.318860339048915,0.21979672934071845,0.2290362015558679,0.23230673005449878
0.31841034765714904,0.20914664519594092,0.22483660798929098,0.24760639915761906
0.3365111869973739,0.203156439815125,0.2329556345398186,0.2273767386476824
0.3126592396795097,0.2316119975817176,0.23125885871452992,0.22446990402424286
0.31890326949061243,0.21867277165835772,0.23167693442076961,0.23074702443026016
0.3205516939502545,0.20873334660469645,0.21623600101386117,0.25447895843118784
0.3001149766549255,0.22899195467204905,0.23052780028554543,0.24036526838747996
0.3045113758159542,0.22711520506932212,0.2362335971211064,0.2321398219936173
0.32297390814735,0.2300820784247113,0.22218101804453533,0.2247629953834034
0.30831365218340934,0.25950718783793153,0.2147685857404075,0.2174105742382516
0.33616904412017146,0.2149762800030078,0.2460537194781597,0.20280095639866094
0.32243863916615817,0.22012595219302883,0.23853627037338507,0.2188991382674281
0.3144246068477923,0.22652030112632324,0.2255898334289192,0.23346525859696535
0.31064138826086735,0.21244747769366543,0.2318959828203995,0.24501515122506776
0.3396314659915947,0.20002176589950413,0.2326370733831139,0.22770969472578717
0.31322598206633145,0.22556357342003522,0.22650216663495248,0.2347082778786807
0.3182996254073551,0.21459212501271607,0.23608814459780272,0.23102010498212605
0.3207506636465586,0.2164620749361163,0.21681884488223072,0.24596841653509452
0.30933186822070413,0.23003883892226268,0.22697334265079708,0.23365595020623614
0.29937529592556683,0.23078898827911296,0.23505815693502805,0.23477755886029228
0.327863132504652,0.22150578178868485,0.23260831771459442,0.21802276799206863
0.30657435734119326,0.24985754437627655,0.21331890426758143,0.23024919401494884
0.32918646405160484,0.2220987857652259,0.24822191654045228,0.20049283364271706
0.3261593321958052,0.22168664403522426,0.23921422813068585,0.2129397956382846
0.3246959128680897,0.22419100859625207,0.23074738462104946,0.22036569391460886
0.3146928445910771,0.20730135266662952,0.23196637753165997,0.2460394252106334
0.3323368873066095,0.19911509221080817,0.23503266563193292,0.23351535485064942
0.3068216544859744,0.22531331012711023,0.22306316284946304,0.24480187253745234
0.31758095086423366,0.21855415784933105,0.22720432162548387,0.23666056966095142
0.3239734918684008,0.21924807636658897,0.22271362129171446,0.23406481047329578
0.3283234470570467,0.21945721293866355,0.23198661455454297,0.2202327254497468
0.30424681087629746,0.23266718301095834,0.23749976521871324,0.22558624089403087
0.31773313133441633,0.23452949383232857,0.2355415215658616,0.21219585326739349
0.31263893013992067,0.2474996805101078,0.21701998672973716,0.22284140262023447
0.33911057424832686,0.20758216375490016,0.23863245262272695,0.21467480937404596
0.3181574622019214,0.21705388091955,0.2442469959375476,0.22054166094098093
0.3209728727254866,0.21779200631190573,0.23648312394194576,0.2247519970206619
0.3167038654824876,0.21578737754052976,0.21571650354794417,0.2517922534290386
