0.2053027863270023,0.18339361301185625,0.21059081812132951,0.40071278253981185
0.2352293313702069,0.22259484305254873,0.22768703510203253,0.31448879047521194
0.2677650811078706,0.22989901941266638,0.23014403080519988,0.272191868674263
0.2836460802533981,0.20760837590331796,0.23040080622091094,0.27834473762237305
0.29077963179754995,0.2424566951796824,0.22234658588541198,0.24441708713735558
0.3035353832993904,0.2517314768618951,0.22219723682998527,0.22253590300872927
0.3145004345232248,0.2541512867065415,0.22096379474581637,0.21038448402441728
0.32015376142938357,0.25481188232840146,0.2191970809033372,0.20583727533887777
0.30751484850542177,0.18842200591797775,0.22821701846411607,0.27584612711248446
0.2961412645992311,0.23852312483934082,0.2188034404135306,0.24653217014789752
0.3036670421416702,0.25264774105112436,0.22082390372430202,0.22286131308290347
0.3142281249222269,0.2567888344966543,0.22038442791635696,0.20859861266476173
0.3210700426733738,0.24967163583722235,0.22060772346540014,0.2086505980240038
0.32240171834851206,0.2512076919888953,0.21892145704030852,0.20746913262228417
0.30609005033194114,0.17769248323688513,0.22876511759908247,0.28745234883209125
0.2898822482472342,0.21841132268917735,0.22108791341565756,0.2706185156479308
0.2932664384122116,0.24032251258564374,0.22212755459264738,0.24428349440949723
0.30460679092217763,0.24785225440770253,0.22273438483449762,0.22480656983562222
0.30861519591545966,0.1994181824723867,0.230198166049871,0.26176845556228273
0.29991768942268154,0.23494874294377124,0.2197627917902404,0.24537077584330677
0.27076842615581576,0.19220510456388215,0.21994842765111772,0.31707804162918424
0.27544776917018643,0.2388986970229966,0.22252988608421992,0.26312364772259716
0.29383508425379995,0.2509572721935728,0.22369804333200172,0.23150960022062558
0.30949073972740593,0.25598565182974464,0.22186025570427859,0.21266335273857087
0.31871863898929126,0.25348182172612077,0.22040542166841504,0.2073941176161729
0.32219382229421706,0.25193360128381004,0.2192823445034974,0.2065902319184755
0.31459066560257454,0.2056630328688783,0.22590460977219917,0.253841691756348
0.30556501011933856,0.24544365127306864,0.218227024028918,0.23076431457867475
0.31122004818262605,0.25507237270375516,0.21973718933685768,0.2139703897767612
0.3184362056934125,0.25562080980701635,0.2196378806738342,0.2063051038257371
0.3222277705844888,0.2489974911577054,0.21984027802750802,0.20893446023029769
0.3226328495233508,0.259441822911029,0.21702650004838367,0.20089882751723653
0.3221711423639777,0.24807502858120392,0.2193150895353855,0.21043873951943284
0.3222619143927691,0.2571167885115866,0.2174954049080844,0.20312589218755986
0.323416387239877,0.2588248258670091,0.2171258220678759,0.20063296482523818
0.3256702386673657,0.26031049886204954,0.21712223572138947,0.1968970267491952
0.32730994842988254,0.2588059545267333,0.21714291354450188,0.19674118349888223
0.32773315698399236,0.25837020972460306,0.2169529923564672,0.19694364093493746
0.32741154085556623,0.24240506415535243,0.22027724918336627,0.20990614580571504
0.3228617089243787,0.2460950664429473,0.2185802008817462,0.21246302375092774
0.3199334613198485,0.24750743681617857,0.21875268731051642,0.21380641455345667
0.3205093494591316,0.25754063118095316,0.21765894782978684,0.2042910715301283
0.3239136877600809,0.25576165149044144,0.21847879920442584,0.20184586154505174
0.3253234780393877,0.25232105859009707,0.218631774757082,0.20372368861343323
0.22523521970477361,0.09414111947891612,0.2073173100727075,0.4733063507436028
0.21295147200814324,0.20278468945661202,0.21538704781911125,0.36887679071613344
0.2478531287924782,0.23472038264771514,0.2286467710778785,0.28877971748192827
0.2815519379356432,0.2487351326349211,0.22777816256166136,0.2419347668677743
0.30366497995502584,0.24714154340474984,0.22529475096694743,0.22389872567327695
0.3141761669953478,0.24650494608912488,0.22242478865916723,0.2168940982563602
0.296644022758011,0.15908019033494347,0.2311355116181403,0.3131402752889052
0.2797914660747423,0.22269965800888786,0.21982140929578484,0.2776874666205849
0.2901112026630824,0.24595294986843122,0.222951862113522,0.2409839853549644
0.3054418282863884,0.25461885086239644,0.22225344521551055,0.21768587563570463
0.31560890641944717,0.24200631408739645,0.22322870904426087,0.21915607044889562
0.31785818076197414,0.25569018696666485,0.21835247139616598,0.20809916087519512
0.3146180726159635,0.24408396781897776,0.2193302924546778,0.2219676671103808
0.31665434260233116,0.2557300839421485,0.21852963181063106,0.2090859416448892
0.3212215264076913,0.26006202233236597,0.21791179363191782,0.20080465762802488
0.32516208453456136,0.26123904527475295,0.21730698794386968,0.19629188224681618
0.3280967618401879,0.25222231764537556,0.218925240980748,0.20075567953368847
0.3262076500905044,0.230577825166844,0.22246689237559794,0.22074763236705372
0.29265763883963525,0.15730171362363743,0.22631037741586096,0.32373027012086636
0.2762885806482075,0.2306938598168414,0.21870003961093992,0.27431751992401116
0.29104590325313096,0.2495468373695613,0.2234801073960996,0.23592715198120812
0.30743109281542425,0.25627675683260165,0.22207218269737786,0.21421996765459622
0.31754514513380155,0.2374226332976677,0.22417143445136378,0.220860787117167
0.31768924742471893,0.254256687747437,0.2181868437284708,0.20986722109937328
0.26705868621187423,0.16631859263614723,0.217319699972317,0.3493030211796616
0.2634301537507325,0.23059209285597526,0.22147229340238148,0.2845054599909108
0.2852696315319728,0.24850581756333526,0.22522271773820307,0.24100183316648882
0.3049185973687391,0.24752431938046432,0.22476819844567886,0.22278888480511766
0.29523412357912726,0.12080407365378938,0.24030073823629808,0.3436610645307852
0.26114828783731175,0.19353309322458734,0.21754659444191934,0.32777202449618154
0.18196271383230087,0.10014016308678399,0.1970139989229819,0.5208831241579334
0.19160348206690875,0.19528164239948165,0.21603128774922217,0.39708358778438746
0.233667410819378,0.22695757920632637,0.22940897527180965,0.30996603470248596
0.2713192092660886,0.23712230355620978,0.23052426877894086,0.2610342183987608
0.29261488524408,0.22702054394965315,0.2283941801213403,0.2519703906849265
0.3020025357747608,0.25040467445525644,0.22151821971506017,0.22607457005492268
0.29773388884706514,0.21499860885176877,0.2249039533065762,0.2623635489945898
0.29964639523834113,0.24842658218799565,0.22044831554561276,0.23147870702805046
0.3094161610985825,0.25531854845953755,0.2205733560922326,0.21469193434964737
0.3182807996793568,0.256914465033228,0.21976801016024705,0.2050367251271682
0.32131722084252673,0.22801678997285735,0.22409740872356348,0.22656858046105252
0.31640065111295373,0.25154558201632704,0.21769563363858158,0.2143581332321377
0.307641289163511,0.2071992199017708,0.225497743959475,0.2596617469752432
0.30238556897003166,0.24126957688323983,0.22007920078413534,0.23626565336259325
0.30396491514725016,0.24158279491901277,0.22106465106204526,0.2333876388716919
0.31058066281330693,0.24685451951349122,0.22169973738691676,0.2208650802862851
0.3161105798741779,0.2479753547512284,0.22075643617523866,0.2151576291993551
0.3186502353694108,0.2546469634633268,0.2186415465204863,0.20806125464677627
0.2107441906821431,0.07313624937358268,0.20606758202022535,0.510051977924049
0.19835685769879222,0.19375141477988206,0.2125791855021605,0.3953125420191651
0.23499946921285994,0.22797778150327505,0.22815458099632113,0.3088681682875438
0.2724422458590463,0.2446492611110746,0.22917431115758696,0.25373418187229224
0.29717454095628165,0.24752158859027196,0.22573175021077588,0.22957212024267057
0.31060642810965766,0.24860227930057593,0.22274334695344014,0.2180479456363263
0.3106915670316463,0.22351293959854684,0.2241700769576813,0.24162541641212545
0.30820662226519907,0.24079959991072164,0.2205153390727407,0.2304784387513387
0.3125352226057892,0.2560337219282363,0.2192326619956476,0.21219839347032693
0.3194086930179677,0.25366475448655834,0.22000032868087138,0.20692622381460257
0.32343001414043815,0.2080790947854919,0.22881571989351146,0.2396751711805584
0.30728567303630133,0.23564541604972364,0.21729884162778876,0.23977006928618633
0.29897681478794663,0.2309145173751676,0.22051590636887042,0.2495927614680153
0.30426022998441493,0.2533095886984288,0.220356699757438,0.22207348155971837
0.3143087239472063,0.25853717458402414,0.2198780418237051,0.20727605964506435
0.3216915679290872,0.2603717491976091,0.2184698155272213,0.19946686734608243
0.3249820308921954,0.25103112971344643,0.21927962898836406,0.20470721040599402
0.3244768520054025,0.24052098814168368,0.22078506718856714,0.21421709266434663
0.32043570052452386,0.246814169908042,0.2185784869020939,0.2141716426653404
0.32044515150543984,0.2573885789952673,0.21756196262427444,0.20460430687501846
0.3234882413820331,0.2563140557467014,0.21829394026958734,0.20190376260167817
0.3250708884068643,0.24069492832960152,0.2211993678845876,0.21303481537894658
0.3217470562585483,0.2532130264909064,0.2173874185972123,0.20765249865333307
0.3226234200734884,0.25924510870089906,0.21719199633751649,0.20093947488809613
0.3223340796643863,0.24057848296000364,0.22086060945363714,0.21622682792197281
0.320192322274982,0.25706726395601615,0.2170640433769844,0.20567637039201742
0.32307250617902794,0.2607162008385572,0.2173389726406061,0.19887232034180877
0.32621366217627423,0.26141854077199667,0.21703053659184018,0.19533726045988892
0.32804866447777126,0.24485593389858293,0.2202540593340106,0.2068413422896354
0.32462451380746765,0.239588743101257,0.22024679517526813,0.21553994791600728
0.31962994957790086,0.2454704168584509,0.21869594842823784,0.21620368513541036
0.31933973111913583,0.25121218160100417,0.21880542923223803,0.21064265804762192
0.3211431273148283,0.25617947452167317,0.21810198464825398,0.20457541351524458
0.3236200958192849,0.2562563368331676,0.21811664581582668,0.20200692153172087
0.32536670190068784,0.25866320990792313,0.21732864946914435,0.19864143872224457
0.3256755325380339,0.2582871004779247,0.2169722148191604,0.199065152164881
0.2840269052058011,0.15611062537040352,0.22467667030901736,0.3351857991147781
0.27131537334320405,0.23215562084519822,0.21939275510697037,0.27713625070462733
0.28959621105828587,0.2508373490670483,0.22413620805237755,0.23543023182228828
0.30815342720901245,0.24016371876051532,0.22612792791723224,0.22555492611323996
0.3151544366809777,0.2326350826767978,0.2243897436470156,0.22782073699520886
0.31315061604834526,0.24561762133174134,0.21954162270006747,0.22169013991984596
0.16706861283039184,0.021238578292129558,0.1857154703404206,0.625977338537058
0.13169266372076782,0.09235241648801616,0.1855272221147742,0.5904276976764418
0.14434115561588218,0.13165726740591405,0.20090534312086414,0.5230962338573397
0.16365340247241236,0.10863961012805466,0.2160587769128101,0.511648210486723
0.01350130632827852,0.00027959736062017394,0.04042403277378069,0.9457950635373206
0.0008653867243215024,8.207546511984511E-05,0.007478891678205902,0.9915736461323528
1.68543501483281E-05,1.5826016635969736E-05,0.0004046707230919435,0.9995626489101238
0.05601188312648276,0.0915683323053578,0.12607724517404328,0.7263425393941163
0.11979341422289902,0.1583162855134874,0.19812016063961238,0.5237701396240012
0.1755134159460762,0.18262574429652323,0.2241833872696894,0.41767745248771115
0.2040575661878943,0.1346097423712324,0.22893068877370365,0.43240200266716955
0.21253919658126885,0.198936516046504,0.21634550626616464,0.3721787811060625
0.19361660436689157,0.14049668133782678,0.21459711989398322,0.4512895944012984
0.21645309366576704,0.21094562795537244,0.22330096715891054,0.34930031121995
0.24166953437108948,0.22012639165972803,0.22594626932708106,0.31225780464210146
0.2712244420223474,0.22517641171674926,0.2306983551714362,0.27290079108946713
0.28814802205339185,0.23497676273486992,0.22528437367279966,0.2515908415389385
0.294217885754481,0.2330496505453387,0.22402749580681264,0.24870496789336768
0.2833390332790998,0.18900482075815278,0.22599496793195042,0.30166117803079695
0.28293269364632656,0.24021536657151968,0.22093061983577114,0.25592131994638256
0.29811314725370214,0.2527439688255492,0.22272746903519636,0.2264154148855522
0.3120842846924898,0.25556103043874584,0.22147201510150596,0.21088266976725842
0.3198073578480242,0.25708761748096276,0.21920392801667551,0.20390109665433748
0.32031118072735126,0.23767027733178048,0.22168617569384794,0.22033236624702038
0.31586319441601246,0.20959321023464766,0.226003930867191,0.24853966448214893
0.30772348584458087,0.24854667324262897,0.21784414695051588,0.22588569396227437
0.3116490123904678,0.2427811408774303,0.2219296365694158,0.22364021016268607
0.31579640946777404,0.24884168045263175,0.22043253836467827,0.21492937171491586
0.3146224308524318,0.23928836103346682,0.2205035621832855,0.22558564593081576
0.3152066544699917,0.25457737160915256,0.21841633485550202,0.21179963906535362
0.30644977914734073,0.23590049227968007,0.2192097421769601,0.23843998639601918
0.30947702989639464,0.25470130856143264,0.21938308333442672,0.2164385782077461
0.31749040630408515,0.2597118602869064,0.21903858883751418,0.20375914457149427
0.3237897555265728,0.2564725649632056,0.2190035979675684,0.2007340815426532
0.32458049502945485,0.18893135602492708,0.2318873815186932,0.2546007674269249
0.2945062666148889,0.17830262652879847,0.2240450597269505,0.3031460471293621
0.2745015431763775,0.20319417500601247,0.22131872060716903,0.300985561210441
0.27956298428936505,0.2341333306732678,0.22325591513146917,0.26304776990589795
0.29544197403586714,0.24896522316999536,0.22360586568601093,0.2319869371081265
0.30959756556812734,0.2562322839206751,0.2214490554030811,0.2127210951081165
0.31894573462842996,0.2465629280818928,0.22204535206224182,0.21244598522743538
0.3127814656898117,0.20856638834357458,0.22576122363838214,0.2528909223282316
0.1732579336860814,0.09760509596275908,0.17477018269243141,0.5543667876587282
0.18021189538221752,0.19128260021805052,0.21276431222293835,0.41574119217679356
0.22742471498766287,0.22650943583121189,0.23012379032977953,0.3159420588513457
0.2681657722886397,0.2232573769477636,0.2338673636377672,0.2747094871258296
0.25669116670517717,0.09004302616900449,0.23954452236441567,0.41372128476140274
0.18537341157809778,0.12427817468096816,0.19520994898946106,0.49513846475147294
0.18964036585066738,0.16873685826390541,0.21621834315213678,0.4254044327332904
0.22500895762269574,0.21994449574033648,0.22734284784443906,0.32770369879252864
0.2606030254535914,0.22551104085287604,0.23113680694048858,0.28274912675304414
0.28549378557044336,0.23750032582005232,0.22769605082109798,0.2493098377884063
0.27306918297479243,0.16614354976937246,0.2283921785588596,0.3323950886969755
0.2692035245489059,0.22816044772851568,0.22132488450915688,0.2813111432134215
0.23620121848658113,0.18549231210350792,0.21304891025429396,0.3652575591556171
0.25306695443704813,0.23298684144847298,0.22523026647991384,0.28871593763456516
0.2820654455098556,0.2482769709982852,0.2267898989963067,0.24286768449555257
0.3037748170339917,0.23268669034388842,0.22840777941741233,0.23513071320470758
0.28047967112278704,0.12356646504451717,0.23304267582109472,0.36291118801160105
0.253589217083491,0.19953478630139235,0.2177860607574522,0.32908993585766444
0.2637000184395793,0.2207845708872673,0.22586245585995846,0.2896529548131949
0.2824110244000399,0.2326998887481606,0.22701157185203374,0.2578775149997657
0.29397949240206095,0.22742207026466352,0.2260821264094064,0.25251631092386906
0.3009337801005604,0.2413157954486448,0.2226637228120329,0.23508670163876189
0.307038158399613,0.2359941223060681,0.22335408100286713,0.2336136382914518
0.3101571653894244,0.24999969815046363,0.2197944908816781,0.22004864557843384
0.2745112183144006,0.19288439153138845,0.21832622672570842,0.31427816342850246
0.27717650074116995,0.23990239023774626,0.22210036031562305,0.2608207487054608
0.29614814338296025,0.25312783753656776,0.22364347626563316,0.2270805428148388
0.31166674456952587,0.2460135013635847,0.22396247428013627,0.21835727978675307
0.3058130028511172,0.15088641254372817,0.2363759412505592,0.3069246433545955
0.2786874395787532,0.20876783826719178,0.21867859645133167,0.29386612570272336
0.2694764363045553,0.18520005432651318,0.22702739129974722,0.3182961180691844
0.273043351615402,0.21952178575098685,0.2250481155181729,0.2823867471154382
0.2775047205655607,0.21171753528888523,0.2261580064008075,0.28461973774474664
0.2842229403287629,0.21430682934287396,0.22734578235324204,0.27412444797512103
0.2896460615121147,0.22364608527351335,0.2248979030461022,0.26180995016826974
0.290434100695351,0.2345643180944609,0.22183081604622112,0.25317076516396697
0.22668116092281473,0.1527974165996605,0.21015925151343182,0.410362170964093
0.2357028881261931,0.2216714886160254,0.22254910910101505,0.3200765141567664
0.26858544922836103,0.24397482561021472,0.22815593480396193,0.25928379035746224
0.29497936714522993,0.2380575350547544,0.22842641343655834,0.2385366843634573
0.3075119721970445,0.22669259628091673,0.22685615778880971,0.23893927373322907
0.3062470683553906,0.24137826158463704,0.2203903476150676,0.23198432244490474
0.2951991373391305,0.14886052295588242,0.2353607151719356,0.3205796245330515
0.2772569319174265,0.21933622841751502,0.21984205975027732,0.2835647799147812
0.24493655967932929,0.1559060212940352,0.2206544826398853,0.37850293638675025
0.24188301958132818,0.18283102808219134,0.22555028780008657,0.34973566453639376
0.24836877779400007,0.2006348916887588,0.22417435526393326,0.32682197525330775
0.26764032062189524,0.2375136411356128,0.2256000991056916,0.26924593913680034
0.24481063303871659,0.1845566038042158,0.2213744338679265,0.3492583292891412
0.25990451009204374,0.23383951235367761,0.22473438965133313,0.28152158790294546
0.2852676327125024,0.2494895241807407,0.22554559422445183,0.23969724888230506
0.3048619599138972,0.25187069138940094,0.22375763612462943,0.21950971257207244
0.3156711952295939,0.2478299756675476,0.22205947672250706,0.21443935238035156
0.319478575712725,0.2560295015984159,0.21864518701299196,0.2058467356758672
0.302061832683135,0.12784062846342004,0.23811207275279225,0.3319854661006527
0.2094966702067156,0.05784774255079063,0.20898791688648302,0.5236676703560107
0.13762449557791578,0.09952440508283629,0.17489293735486552,0.5879581619843824
0.15903910840810204,0.16751649792858872,0.20873385728735336,0.46471053637595594
0.20685835524220864,0.21105764469918856,0.2274241113651599,0.35465988869344284
0.25057725837570877,0.2341729483828097,0.23053870145481728,0.2847110917866643
0.261542331446728,0.19838871626818497,0.22841294394186135,0.31165600834322565
0.27585091798582706,0.24043776072535195,0.22430316949493054,0.2594081517938905
0.29647790696585774,0.253255893759079,0.22393974477891232,0.22632645449615094
0.3119152597819788,0.2551793706001424,0.22190211942336677,0.21100325019451205
0.23583562492374124,0.054645834208289036,0.22215813034544316,0.48736041052252654
