0.30270637267857275,0.23611621513162773,0.23657365311051987,0.2246037590792797
0.2988822070724691,0.23774805721608938,0.23563716312900362,0.22773257258243793
0.29922549469217924,0.23800231346860634,0.2349104547640408,0.22786173707517376
0.2997594388339625,0.23756014551460564,0.23555612340329987,0.22712429224813205
0.30022096752975647,0.23710225919609923,0.2363843576992512,0.22629241557489313
0.2980282189764147,0.23874962543148337,0.23387157191372748,0.22935058367837458
0.29781199310810685,0.2392776533143995,0.23254261640328242,0.23036773717421105
0.30162175112540945,0.23634043640156907,0.23702691584437502,0.22501089662864648
0.2994686056404261,0.23740886549408943,0.23618991608492615,0.2269326127805583
0.30074945501041195,0.23669711775677252,0.23707613475388975,0.2254772924789257
0.30005970851071917,0.23705104577496888,0.23672910487352294,0.22616014084078895
0.2954948261488555,0.2407226745062431,0.23046410269308262,0.23331839665181872
0.30192395558889845,0.2364713352521432,0.23639504755232377,0.22520966160663455
0.30109287174901145,0.2360929075430917,0.23815663386885222,0.22465758683904477
0.30106256350475297,0.23616544307796675,0.23823379077398782,0.22453820264329255
0.30051079028936123,0.23661029291623364,0.23758367506752948,0.22529524172687576
0.30112858247463403,0.2362098017925849,0.23807888121872778,0.22458273451405333
0.2968400266898726,0.2395098138989572,0.23285927736155976,0.23079088204961043
0.3005939036032977,0.23727501442854032,0.23558848122799528,0.22654260074016666
0.3001540616915908,0.23704578397518822,0.2365234461885323,0.22627670814468867
0.2990757554497973,0.2379279155857622,0.23522482727408278,0.2277715016903577
0.29664112285321054,0.240011241898166,0.23150709640388825,0.23184053884473527
0.29856689800742486,0.23893858725673145,0.23271200388593422,0.22978251084990947
0.2948524272157877,0.24150586026269882,0.2283608041429535,0.23528090837856008
0.302656313951924,0.23604065546288305,0.23667689950303594,0.22462613108215698
0.2999491668757556,0.2369019603942106,0.23697644228873208,0.22617243044130175
0.30121682537141437,0.23623250049391653,0.23790512393202307,0.2246455502026461
0.3010581872135421,0.23616223159349456,0.23823046944380527,0.22454911174915823
0.299974120576994,0.2370401235312059,0.2369173300242702,0.22606842586752993
0.2964816236117003,0.239970373169681,0.23185332320784255,0.2316946800107762
0.3023107983754342,0.23598723987283235,0.23738385536263515,0.22431810638909827
0.30046676356252483,0.236510289894383,0.23767774766850858,0.22534519887458362
0.29899055928210394,0.23791712406738713,0.23541292490559954,0.2276793917449093
0.29974859303050955,0.23758295836546509,0.2355801579164316,0.22708829068759376
0.30517028580967703,0.23311334801834377,0.24224377224993526,0.2194725939220439
0.29684220051308613,0.23885650008875853,0.23467056363238079,0.22963073576577456
0.30378147796013033,0.23465901775350945,0.23973426627708924,0.2218252380092709
0.3018520756927369,0.23511877502333411,0.24018099761525818,0.22284815166867075
0.3025309330912763,0.23480842411485953,0.24057107495490973,0.2220895678389543
0.30244999341616235,0.23477028372191705,0.240734286316742,0.2220454365451786
0.3018986187854076,0.2352220484818321,0.2400876416676268,0.2227916910651336
0.299806348487351,0.23700184889058976,0.2372787558842043,0.22591304673785495
0.3017411648070138,0.2358211173629399,0.2385889988945547,0.22384871893549152
0.3004374713171793,0.23656808752374286,0.23773752485044627,0.2252569163086315
0.30277017806353873,0.23489079883313257,0.2400492306942493,0.22228979240907926
0.30028275626050194,0.23650658463761903,0.23807678302740753,0.22513387607447138
0.2989756812563042,0.23794072164347155,0.23543744174904582,0.22764615535117846
0.2941951205054149,0.24187516159197614,0.2280581537791863,0.23587156412342253
0.30494363848255307,0.2343059352276696,0.23911979299122724,0.22163063329855023
0.30291283632893024,0.23412437446578507,0.24158435924311725,0.22137842996216744
0.30348604100831955,0.23383808047006902,0.24220168918386853,0.22047418933774282
0.30174060912302,0.23515972883057543,0.24043148600065717,0.22266817604574757
0.30142039157316697,0.23571361045270364,0.23928243993236306,0.22358355804176627
0.29675051212981446,0.23950590984163328,0.23305247617570365,0.2306911018528487
0.3011271373121076,0.23685681473221473,0.23626228072515018,0.22575376723052762
0.3011556304165906,0.2361524403046787,0.23801677866539275,0.22467515061333795
0.30052117141316365,0.23659656301774312,0.23756777634616402,0.2253144892229291
0.2979397622486179,0.23874346007186584,0.2340632028613254,0.22925357481819092
0.3020692062607495,0.23591413300500716,0.23789241930158492,0.22412424143265847
0.29729323813261255,0.239040672073262,0.23366649806435807,0.22999959172976733
0.30324982281102664,0.23506366006795665,0.23903713094769596,0.22264938617332072
0.30414592367785687,0.23335033484473228,0.24259775943761974,0.21990598203979106
0.30333021016475004,0.23376272099079737,0.24252908722438252,0.2203779816200701
0.30118963302615376,0.23561490703255303,0.23978841540046633,0.22340704454082694
0.29933971152107947,0.23747754403174423,0.2364632470201737,0.22671949742700265
0.2965478085394506,0.24001430053848255,0.2317030019615324,0.23173488896053446
0.3028632624782042,0.23554133727536897,0.23802952668999827,0.22356587355642857
0.30147598355862687,0.23560401401688447,0.23916444512548454,0.22375555729900404
0.3015210352951742,0.23571096317392853,0.23907727169877532,0.223690729832122
0.2988281437726897,0.23786410903850977,0.23575573596188557,0.22755201122691493
0.3030036865949204,0.234986146757858,0.23954853841163226,0.2224616282355895
0.2956238863429747,0.24016834311048166,0.231953422094195,0.2322543484523486
0.3057156009221003,0.23335396202650702,0.24111445365044235,0.2198159834009505
0.30328961181808,0.23364091748892074,0.24260465103711065,0.22046481965588868
0.29958025220243645,0.2369131519746561,0.23779265278540115,0.22571394303750625
0.2979917164035498,0.23881774196013808,0.23394580823655173,0.2292447333997603
0.2988429646548821,0.2384748299215408,0.233904770850441,0.22877743457313607
0.2942899700056238,0.24186048606717925,0.22785194523988817,0.23599759868730877
0.30383676863735254,0.23518847510683782,0.23782107912758202,0.22315367712822776
0.29926605134770884,0.23725387447871896,0.23663366510759215,0.22684640906598003
0.29809498306043014,0.23881108104144028,0.23374254371596484,0.2293513921821649
0.29885027380004764,0.23846162963903234,0.23389344604937753,0.22879465051154244
0.30146476008488743,0.2362843205973229,0.2373598442239254,0.22489107509386438
0.29536286467327516,0.2406272342095419,0.23075638071924784,0.23325352039793515
0.3046886078526858,0.23426172366124337,0.23964768886423166,0.22140197962183916
0.3007079567403649,0.23592488878497694,0.23899223498015415,0.22437491949450414
0.3010460632017435,0.236200463951109,0.23827304280114195,0.22448043004600565
0.2994341801865561,0.23747124418527135,0.23625647075738782,0.22683810487078482
0.3023776757437649,0.235393226436772,0.23905671955815225,0.22317237826131087
0.2966975659390778,0.2394304926899648,0.23317213278094623,0.23069980859001105
0.3027703742993954,0.2355451056359267,0.2382317342483419,0.223452785816336
0.2987828457305748,0.2377649051056906,0.2358510217862435,0.22760122737749106
0.29921583635373417,0.23801664054316665,0.23492489487098286,0.22784262823211632
0.3002930679858688,0.2371372251856219,0.23622409788442716,0.2263456089440822
0.2990784618644475,0.2379178619024247,0.2352134902529374,0.22779018598019035
0.2932784527152324,0.2425430422948783,0.22663897922370335,0.23753952576618598
0.3056718395668941,0.23389052455081072,0.23942274920867673,0.22101488667361843
0.2995792745711011,0.23670890756557503,0.2377852960046603,0.22592652185866358
0.30174860915372204,0.23582563989166194,0.23859901194707378,0.22382673900754227
0.300976359584153,0.23613428950634505,0.23840270720679022,0.22448664370271162
0.3005081263645124,0.2366179729203022,0.23759023834068416,0.22528366237450143
0.2984580609160532,0.23833671283942356,0.23474236805076867,0.22846285819375456
0.3014438285310401,0.23632396442274128,0.23740298980731608,0.22482921723890248
0.30437624938673885,0.23346528276825443,0.2421055962608767,0.22005287158412998
0.29846260456029666,0.23768129431774448,0.23656617592475795,0.22728992519720093
0.2976306143550355,0.23928139638155643,0.2329375964534266,0.2301503928099814
0.298403986672037,0.23889649037647742,0.2330499624971138,0.22964956045437185
0.29681053697433035,0.2400294888243096,0.23113850817116297,0.2320214660301971
0.3067956212731692,0.23234924512878988,0.2424662912088495,0.21838884238919148
0.3009473888317344,0.2353519272417198,0.24032464452664676,0.22337603939989903
0.3042584713131975,0.23351849354413448,0.2423757148896825,0.21984732025298567
0.3011242579092834,0.23555046834015037,0.23992202534258256,0.22340324840798362
0.29987452838191364,0.23705430151910986,0.23713415609893385,0.22593701400004268
0.3011964570218872,0.23625503078975002,0.23792654272376404,0.2246219694645986
0.3038062500456302,0.23394292893274318,0.24149048847796947,0.22076033254365732
0.3001305088179121,0.2364423784551062,0.2384134901281937,0.22501362259878793
0.29844304545579636,0.23837085812466888,0.23478025490818352,0.22840584151135132
0.3014388500745461,0.23632905582425537,0.23740848515313429,0.22482360894806422
0.30106904493735615,0.23614140150719415,0.2382056086935703,0.22458394486187938
0.2973520436543592,0.23911328505280777,0.23354441838485962,0.2299902529079733
0.305478015678526,0.23325854817715955,0.241600208533229,0.21966322761108537
0.30328105397895966,0.23366163622090366,0.24262524610409894,0.2204320636960377
0.3039492836364569,0.23337187091995074,0.24303602435526286,0.21964282108832958
0.3005703695617286,0.23601569586208548,0.23929071921624737,0.2241232153599385
0.3004846695559285,0.236660356201925,0.23763714914299644,0.22521782509914998
0.30058030788930434,0.2366515328732846,0.23742456134385923,0.22534359789355166
0.301676176921038,0.23576604396031792,0.2387294972805086,0.22382828183813544
0.3009783033734038,0.2361373822307871,0.2384039028876669,0.22448041150814219
0.29943592205559727,0.2374738985606473,0.23625833210497757,0.22683184727877767
0.3023770626985844,0.2353934597097035,0.239057536399727,0.223171941191985
0.2992961102593876,0.2373808543418446,0.23655990564201562,0.22676312975675222
0.29459161244322796,0.24150750527251705,0.22893555164428633,0.2349653306399687
0.30992952616210756,0.23017856117105545,0.24490659079509733,0.2149853218717397
0.30499449065888506,0.23152631956494674,0.24629552343807343,0.21718366633809472
0.2987346572837033,0.23724007002938788,0.2378294157317609,0.2261958569551479
0.3039952158246883,0.2341217310725368,0.2410851244249771,0.22079792867779793
0.3023065998179078,0.23467335540165662,0.24103586639915642,0.22198417838127912
0.29609657879919016,0.23984638643561418,0.2327085950100361,0.23134843975515948
0.302838684277629,0.23558583183120183,0.238081662529205,0.2234938213619642
0.2998475268368223,0.2369132387014169,0.23718464793262434,0.2260545865291364
0.29698910369970927,0.2395839387981385,0.23254441498492512,0.23088254251722717
0.29266892393535215,0.24330083761317292,0.2245886124968958,0.23944162595457907
0.29092137136309115,0.24513305969212015,0.21867650075843753,0.24526906818635125
0.2895529966139231,0.24618368234186097,0.21405204317132112,0.2502112778728949
0.2976985261567907,0.2409461416996873,0.22594379486942404,0.23541153727409783
0.2993757854130456,0.23833446526092977,0.2328342038123129,0.22945554551371172
0.29340975530650376,0.24246329584365278,0.22638058548794782,0.2377463633618957
0.29609216962797524,0.24137895002935175,0.22746078485723029,0.2350680954854428
0.29730810659498197,0.2400976814505923,0.23008500551226907,0.23250920644215672
0.29369484626528775,0.2425781000395581,0.22574161427468903,0.23798543942046507
0.30236573317324666,0.2365073783198312,0.23550042782135724,0.22562646068556488
0.2958996091148314,0.24015380946786805,0.2313581760929654,0.23258840532433508
0.2976140879873961,0.23977446512138384,0.231207883545489,0.23140356334573114
0.2985106338583937,0.2388670079312356,0.2328300811372845,0.2297922770730861
0.29533674013113614,0.2411447146866022,0.22905670400927058,0.2344618411729911
0.29529927987990473,0.24166640083997376,0.22740821550038715,0.23562610377973434
0.30267714667199935,0.23599765784872845,0.23663143295687725,0.22469376252239492
0.2988914379594539,0.23774134343346473,0.23563108199457952,0.2277361366125018
0.30083083617440765,0.23672577722954935,0.23691036452596748,0.22553302207007553
0.3022356007564296,0.23529998990986,0.23936039806005027,0.2231040112736602
0.2977197143932268,0.23863785913715546,0.23454734550563658,0.22909508096398112
0.2988364467984475,0.23849518408517653,0.233929142864922,0.22873922625145388
0.3042180489983743,0.23406865862069332,0.24061585224478607,0.2210974401361463
0.29699736741446753,0.23890922822838884,0.23432614624114062,0.22976725811600293
0.29943568837268636,0.23812294016852692,0.23445476421490585,0.22798660724388092
0.2976688976504406,0.23919219952514983,0.23284103833980477,0.23029786448460474
0.30053526137119035,0.23721395354337094,0.23571616361136571,0.22653462147407297
0.2970150169724322,0.23952075612348284,0.232478834886862,0.23098539201722287
0.3055740140760973,0.23326428530506146,0.24140735865573779,0.2197543419631035
0.3049548602564531,0.23228558737214441,0.2445353928156543,0.21822415955574825
0.3009705893909528,0.23550396726174486,0.24028172544707732,0.2232437179002249
0.2988010953385198,0.23791810554398585,0.2358155493085109,0.2274652498089835
0.2981543160074084,0.23885289663237733,0.23358658435323354,0.22940620300698067
0.29833112171810205,0.23886589608220113,0.23320978486834154,0.22959319733135522
0.300461278226639,0.23717477372806942,0.23586951148741622,0.2264944365578754
0.30069156710394085,0.23662424387732625,0.23719663588787637,0.22548755313085644
0.3011420107134055,0.23618798062564048,0.23805618088282088,0.22461382777813318
0.29838904502439323,0.23829367786257705,0.2348963254353819,0.22842095167764784
0.2967086393215185,0.2400562436544797,0.2313602148750754,0.2318749021489265
0.2950596727452887,0.24161784887799728,0.22790993924151062,0.2354125391352034
0.3065720798105957,0.2328829240063622,0.24114278738338651,0.21940220879965566
0.3060196351961882,0.23128517514002345,0.24591932691467652,0.21677586274911192
0.29763039722698076,0.2380009277689078,0.2365957172032738,0.2277729578008375
0.298726199051814,0.23852929149243912,0.23416599197756288,0.22857851747818386
0.29773213288694217,0.2392434162391985,0.23269828443958857,0.23032616643427067
0.297899697580052,0.23928265464729717,0.2323531752755164,0.23046447249713445
0.30327803647687696,0.23500704443458176,0.2389739003857226,0.2227410187028187
0.29715390686111764,0.23895925491557962,0.23398097201680115,0.22990586620650152
0.2989169774750765,0.23852168489555708,0.2337650851451463,0.22879625248422
0.29573398312608923,0.2407689959148103,0.22993317978422828,0.23356384117487228
0.29978371763937467,0.23815021959374832,0.2337140728248269,0.22835198994205014
0.2951931541167292,0.24107019144479494,0.22936420793644263,0.23437244650203323
0.3053517292339545,0.2337984171642988,0.24007915418037606,0.2207706994213706
0.3017293051724462,0.2349959735331615,0.24046301048003407,0.22281171081435822
0.2982260638483287,0.23826727865635705,0.2352703376949504,0.22823631980036388
0.29771407469927347,0.2392870293297682,0.23274801842569662,0.23025087754526175
0.2994614415798199,0.23806140172339357,0.23438407149746932,0.2280930851993172
0.2981949852031841,0.23877897495139758,0.23350911495696142,0.22951692488845685
0.2993902268328739,0.2380301091980081,0.2345470030674272,0.2280326609016908
0.2976744161909803,0.23918978512882594,0.23283906124344225,0.2302967374367517
0.2978986435088144,0.2392862116709034,0.23235907489463134,0.2304560699256509
0.29739479028056526,0.23966287662988645,0.23165711148763618,0.23128522160191217
0.2990286450996183,0.23847566769362857,0.2335211490903338,0.22897453811641924
0.2947776751810155,0.2414822697241812,0.22852768932190917,0.23521236577289414
0.30431498506098,0.234717546595618,0.23862865571036979,0.22233881263303218
0.30298799335341253,0.23416513792022034,0.24142305555747745,0.22142381316888973
0.2986076220071687,0.23776905227442435,0.23625887052043001,0.22736445519797688
0.29867205467562186,0.23845632839881906,0.2342802325573438,0.22859138436821533
0.299832427990498,0.23759522596856947,0.2353943756757895,0.22717797036514312
0.29708253572962395,0.2395681238542334,0.2323307040245385,0.23101863639160414
0.3006088166528916,0.2372485265802505,0.23555990830478818,0.22658274846206986
0.2970174925707925,0.2395142435006759,0.23247212387582267,0.2309961400527088
0.2964491798469326,0.2404974942443843,0.23015999536222992,0.23289333054645325
0.29762719578960867,0.23973183393416853,0.23115994681146482,0.23148102346475807
0.295981745576539,0.24081322232453553,0.22940865907150612,0.23379637302741943
0.29336959396051454,0.24299040468450822,0.2247546302961887,0.23888537105878854
0.30466758093119506,0.234749217184097,0.2379166390101545,0.22266656287455353
0.30301031251190025,0.23412525569058731,0.2413852121494577,0.22147921964805467
0.29756897621567036,0.23858967436660258,0.23490070156498488,0.22894064785274224
0.3020495844364109,0.23594986523404018,0.2379356844226398,0.2240648659069091
0.3004497293346718,0.23654010303773762,0.23770806968263464,0.22530209794495593
0.296409038303358,0.23994154860369482,0.23201900654017416,0.23163040655277298
0.302306686418625,0.2359944252377387,0.23739267254631838,0.22430621579731785
0.2952977006017217,0.24057008182861667,0.2308940570969207,0.23323816047274104
0.29666932301680404,0.24058940136002768,0.22969425786800635,0.23304701775516204
0.297127458850621,0.24010195231562892,0.23045726746514564,0.2323133213686045
0.29859778550719207,0.23888293013408604,0.23265459002577854,0.22986469433294335
0.2930025810364456,0.2428623933310585,0.22554980048425768,0.23858522514823838
0.302981685549882,0.23611476911499782,0.236017394860717,0.22488615047440308
0.3015889436875789,0.23556683876779894,0.23893016400602407,0.2239140535385981
0.29991036105896396,0.2369963639752819,0.23707488054734654,0.2260183944184076
0.3028475483877197,0.23492183859171642,0.23988342160067277,0.22234719141989123
0.30357172340000066,0.2338409644681673,0.24199523946338553,0.22059207266844647
0.29595588847373233,0.2397641945620583,0.23302032755784216,0.23125958940636726
0.2975003492162026,0.23980919440757692,0.23143205989493568,0.23125839648128488
0.29596466572115054,0.24083679162230692,0.22943093549278418,0.23376760716375844
0.29620331233876857,0.2409003462686599,0.22893624937533294,0.23396009201723858
0.2987550215720665,0.23892442286770718,0.23232106698843016,0.2299994885717963
0.29837038365133567,0.23879501164238073,0.23314025461423496,0.22969435009204875
0.2953316754770472,0.24115730502217989,0.22907072068825204,0.23444029881252088
0.30423554806231,0.2346897496757155,0.23878916332209313,0.2222855389398814
0.30298493397619536,0.234172368851859,0.2414299604622987,0.22141273670964706
0.3012874847444353,0.2356194612185552,0.2395901755097209,0.2235028785272886
0.29624246193236203,0.23990802851267878,0.23237989682530352,0.2314696127296556
0.2995946119657351,0.23815802959857624,0.2341035868308406,0.2281437716048479
0.2992448011022401,0.23794567475860265,0.23484795186138144,0.2279615722777759
0.3019311615040891,0.23582561265708818,0.23819325452360385,0.2240499713152189
0.2938457046128931,0.24169310570342908,0.22883837041428648,0.2356228192693914
