0.2979118441186138,0.2458443247056292,0.22732843360904315,0.2289153975667139
0.29753752213486334,0.2518461356815596,0.22513002474387014,0.22548631743970687
0.29731131411635303,0.24951648437734966,0.2261520956710546,0.22702010583524265
0.29718010464059536,0.24898298522696077,0.22668349291102077,0.22715341722142307
0.29636782029158165,0.25274806392574006,0.22519544375973427,0.2256886720229441
0.29696193365248813,0.2551800084040514,0.22348367888365495,0.2243743790598055
0.2954308219729735,0.2509438459962732,0.2269677041679151,0.22665762786283838
0.298034954521544,0.24515750619280288,0.2276393051351361,0.22916823415051701
0.2994773832762376,0.24644122020300213,0.2264020108706305,0.22767938565012968
0.2957910779884108,0.24953447776794116,0.227506834652878,0.22716760959077015
0.2979172851624765,0.2548316890441603,0.22277547014737684,0.2244755556459863
0.29519025387006964,0.25482602471157084,0.22539672435053718,0.2245869970678223
0.29725615098610514,0.24187070342553452,0.22977527283092725,0.23109787275743307
0.29894683252822374,0.24340234288268928,0.22849132182458864,0.22915950276449845
0.3001458153397268,0.24284444847166617,0.227596748699941,0.229412987488666
0.2970827494349733,0.24672184687453874,0.22824452507359635,0.22795087861689164
0.29846147734773215,0.2503672131412694,0.22475007827456125,0.22642123123643715
0.2964087541479629,0.25369196490207613,0.22510135345170593,0.22479792749825497
0.2975559573443821,0.24646553132695517,0.2273109364412976,0.22866757488736517
0.29706195511871647,0.2511539872656119,0.22574121330756514,0.2260428443081065
0.29766149880749454,0.2550663837370881,0.2229094490313031,0.22436266842411431
0.2930522798392911,0.2625292584023083,0.22271324326830264,0.22170521849009814
0.2957105746870936,0.25966410088878905,0.22141501932517701,0.22321030509894044
0.2940974045587749,0.2564646910813388,0.22527210470620657,0.2241657996536798
0.29715369009612697,0.2425290143098158,0.2293067766943347,0.23101051889972246
0.2991160133094309,0.24511514231293743,0.2275527830348033,0.22821606134282832
0.2994496316117152,0.24242766460741558,0.22829103847724702,0.22983166530362223
0.2969025275959818,0.24810002640946663,0.2275595383623284,0.22743790763222316
0.29836838274555655,0.25259951808209896,0.22369924248075343,0.22533285669159106
0.29606043420506345,0.25158876530889174,0.22647078039337726,0.22588002009266772
0.29742770970014387,0.24309341408050447,0.22913040447173635,0.23034847174761533
0.297364038962146,0.24948661572278638,0.22643851581495536,0.22671082950011223
0.30011822874446686,0.24645423043507741,0.22556408803634626,0.22786345278410947
0.2956300110473666,0.24215104771079318,0.23178260696453765,0.23043633427730245
0.300963571121308,0.24016427266881668,0.22797757443726377,0.23089458177261157
0.2978632527671618,0.24718180617807647,0.22799883842384294,0.2269561026309187
0.29829436913328844,0.2354482316988769,0.2325653797971947,0.2336920193706399
0.30042646715180776,0.23770101169029353,0.23064140903819663,0.23123111211970207
0.3003194569236079,0.23636374925531795,0.23112223317168587,0.23219456064938826
0.299313528311673,0.2390091051278205,0.23066992503678435,0.2310074415237222
0.3000618802736407,0.24230908640190083,0.22814899525860566,0.2294800380658527
0.2976967237897974,0.24494253706746497,0.2287767961318439,0.22858394301089374
0.2994546481868686,0.2413933124614669,0.22880981145760856,0.23034222789405592
0.299083484876114,0.24145253928484597,0.22952762828026615,0.22993634755877382
0.30134452481036184,0.2402501289300805,0.22782628845458305,0.23057905780497467
0.29567884304022973,0.2534557953660547,0.22576681966758722,0.2250985419261283
0.29714268883136397,0.2586297496059028,0.22129023441708454,0.22293732714564865
0.29456897817028294,0.25254884189528837,0.22706635921258686,0.22581582072184195
0.2982829748055568,0.23143538779834458,0.23427048257366284,0.23601115482243568
0.3012065975239259,0.23426694123100658,0.2319747322301167,0.23255172901495078
0.30233420543025674,0.2350102007582392,0.23015521749861695,0.23250037631288697
0.2983258729850981,0.24316294554501588,0.22941851945336286,0.2290926620165232
0.29893174736785505,0.24939790178300014,0.22504826649601958,0.22662208435312514
0.29655810831026386,0.2525482050566088,0.225633440141414,0.22526024649171336
0.29801097741954957,0.2429788745856014,0.22878249123982433,0.23022765675502482
0.2975680199287665,0.24606193640444118,0.22809927420503712,0.2282707694617552
0.29994140320986057,0.24793053496486617,0.22492816209331257,0.22719989973196075
0.2953359286427723,0.2511037324929093,0.22729624975581578,0.22626408910850265
0.2976056984583046,0.2472049808181069,0.22681934665226705,0.2283699740713214
0.29752064431081293,0.24650977451248593,0.22817763321012655,0.22779194796657445
0.2988407777668588,0.2322481914918237,0.23395501688548964,0.23495601385582773
0.30179004748381666,0.232034356420166,0.23240726657753596,0.2337683295184814
0.30195810366474996,0.23742584663315766,0.2293719598071245,0.23124408989496786
0.29739072775783926,0.24838179760808263,0.22722620095723917,0.227001273676839
0.2979307457445052,0.2537083956628384,0.22352697937687532,0.22483387921578102
0.2957565093076785,0.2504451795547237,0.22721113603967427,0.22658717509792362
0.2989553457190751,0.23840808926728066,0.23034125502732472,0.23229530998631953
0.2983581902446868,0.24289901426050928,0.22938859546916288,0.22935420002564108
0.30197289647285025,0.2428870070156536,0.22592098240656536,0.22921911410493082
0.29537165236697127,0.24852640810370888,0.2287486272771176,0.22735331225220223
0.29934216998125396,0.2463786032517489,0.2259022477020828,0.2283769790649144
0.2977204582894189,0.24609765519073823,0.2285757074564934,0.22760617906334948
0.2994661255988565,0.23065394442497367,0.23393156014386468,0.23594836983230505
0.30123131801299124,0.2417894922401377,0.22783093202321983,0.22914825772365122
0.29963734767220296,0.2504009348465029,0.22420967389212204,0.22575204358917209
0.29376167455304214,0.25905169988316923,0.2240360394197686,0.22315058614402003
0.2970609669305886,0.25874757839288376,0.22095786627164993,0.2232335884048777
0.2940996236602236,0.25549120943784587,0.226077538398531,0.22433162850339944
0.29732579470277304,0.24282139143716575,0.2289187115317271,0.23093410232833428
0.29768564207943826,0.2537587191187998,0.22409298389359741,0.22446265490816453
0.29787538199225067,0.2518874149362642,0.2243963042951823,0.22584089877630287
0.29437571609243546,0.2520542256605992,0.2271773498232723,0.22639270842369305
0.29910259127562694,0.25051092524235485,0.2238151771939446,0.22657130628807365
0.29581201401509316,0.2504758140117775,0.2275633054487423,0.22614886652438704
0.29894374079907005,0.23637372182628538,0.2311751645616209,0.23350737281302372
0.2989990422383409,0.24472032345778322,0.2281131090020871,0.22816752530178874
0.30050149917315055,0.24372800642214082,0.22669113172088107,0.2290793626838276
0.29619534493350486,0.2473525598909177,0.22869800995956102,0.22775408521601637
0.3001750794246606,0.24622263540896597,0.22532906058326416,0.2282732245831093
0.29646472382658107,0.2510432962008102,0.22680689517826125,0.2256850847943475
0.2975425874380135,0.24480153889181427,0.22804399533215533,0.22961187833801688
0.29830369082186337,0.2513193605360266,0.22487161285917814,0.22550533578293178
0.29847514443087164,0.2477737191139755,0.22614704489027443,0.22760409156487835
0.29442914520861063,0.2547226994263438,0.22565511928918386,0.2251930360758617
0.2984501658090446,0.2588529894392734,0.22000112699015167,0.22269571776153033
0.2934986068645311,0.2553271572888194,0.2266593952824821,0.2245148405641674
0.29821627269134104,0.23661205576847974,0.23125242123526607,0.23391925030491317
0.29983498920850715,0.24479958025651902,0.22755551921845518,0.22780991131651862
0.29898386927312287,0.24144073217386056,0.22914193655092827,0.2304334620020884
0.29801759812646844,0.24572354612052472,0.22801567890186017,0.2282431768511468
0.2973966527611044,0.2490948604843594,0.2264554272630395,0.2270530594914967
0.299026453221027,0.24580639200906668,0.2269927677744599,0.22817438699544634
0.2981672972840112,0.2380910009988391,0.23173066972706888,0.23201103199008088
0.3002931028626419,0.2420702517103904,0.22781733577277233,0.22981930965419536
0.29812048813566694,0.254883888690752,0.22326242456402587,0.22373319860955515
0.29361848056781537,0.25953496807774457,0.2235277808177918,0.22331877053664828
0.2973339185822513,0.25417231736606927,0.2233007229590741,0.22519304109260535
0.29523527551913725,0.24403956796814458,0.231027293811992,0.22969786270072615
0.30081509351409125,0.22994999193973958,0.23323492907565885,0.23599998547051032
0.3010966216727863,0.23694174574079072,0.23095019341613168,0.23101143917029135
0.29957782209831507,0.23643099038531848,0.23151223010343958,0.23247895741292696
0.2991419611883623,0.24460024510195602,0.2279591406261061,0.22829865308357553
0.29922912474295893,0.24331725980689808,0.2282251465399657,0.22922846891017734
0.2989646011536487,0.23828117556417172,0.23110788604222102,0.23164633723995864
0.2991415232082787,0.2403537966657037,0.22978711013206093,0.23071756999395662
0.2991361785034118,0.24888511291599938,0.22552801264331643,0.22645069593727238
0.2979669875539871,0.24739786988407636,0.22703707198434453,0.227598070577592
0.29592294807233793,0.24546913514871985,0.22938418893841506,0.2292237278405272
0.2993253804422077,0.24743060234941494,0.22580314524481862,0.22744087196355878
0.29681106105671623,0.24299732810145203,0.2306034750314257,0.22958813581040596
0.3004452975510039,0.22861568486995573,0.23447496839899803,0.23646404918004227
0.3013864752536031,0.23303209451229157,0.23257913527001636,0.23300229496408909
0.30074770725940597,0.2371944830581199,0.23040824056765905,0.23164956911481507
0.29911207357557,0.24473702571184186,0.2279221251663117,0.22822877554627632
0.2984126472069931,0.24449025735400942,0.22818239836480925,0.22891469707418824
0.29882069406457185,0.24274229983951517,0.22882164740119182,0.2296153586947212
0.29794348198226145,0.24301598244960823,0.22935051081124402,0.22969002475688638
0.2999226916122959,0.2446105407844977,0.2269046783143443,0.228562089288862
0.2992573471472185,0.24395538450088217,0.22796496929236715,0.22882229905953225
0.29518449730151264,0.24880812175451905,0.22804497370374285,0.22796240724022532
0.29890515165983383,0.25480874361565276,0.22234239570061276,0.22394370902390057
0.29647948956108755,0.24125694891041294,0.23186739580454943,0.23039616572395002
0.2979741166116588,0.22133896815641307,0.24011039903479559,0.24057651619713255
0.30443662209450856,0.23576994966807402,0.22886426553932251,0.23092916269809505
0.30072938305806834,0.240448347714247,0.22915559040272837,0.22966667882495628
0.2971930232394945,0.238110643773082,0.23245116253646567,0.2322451704509579
0.3015060819972716,0.24702134777083426,0.22441486443114406,0.22705770580074996
0.29678489745598124,0.25096912478462857,0.22661142324110814,0.22563455451828204
0.2995174117364165,0.24232692406324877,0.22769738600168898,0.23045827819864573
0.2971127047051489,0.25543854424348716,0.22386672259251297,0.22358202845885103
0.29043682798927256,0.2696684532504172,0.22148724725742203,0.21840747150288817
0.2838810454075793,0.2911021733275011,0.21455695194477015,0.2104598293201494
0.28307802978541136,0.2953061581125659,0.21161182276427604,0.2100039893377468
0.2841756527389513,0.2798963342614487,0.220022546519944,0.2159054664796561
0.2904477435198271,0.26098672039552984,0.22477948154853247,0.22378605453611053
0.29435182217944783,0.264734795524644,0.21988520028787578,0.22102818200803234
0.2911883631005137,0.27058620462473026,0.22011865202230127,0.21810678025245478
0.29037519908604215,0.2683182847672686,0.2210077670866597,0.2202987490600296
0.2952344281537028,0.2639480503900901,0.21934599487400924,0.2214715265821978
0.2916433639882012,0.2620689399863945,0.22447965213485527,0.22180804389054898
0.2959166167345895,0.2525117247545991,0.22466806505032663,0.2269035934604847
0.2957944478509104,0.261293008011421,0.22160374106435746,0.2213088030733112
0.2933946660352034,0.25847387924176574,0.22443912466666968,0.2236923300563612
0.29336113462475094,0.2645174465204993,0.22091118902549373,0.2212102298292561
0.2941246760095439,0.26630851073926687,0.21948328338845158,0.22008352986273763
0.29291498721815756,0.2563879321954462,0.22586514226217005,0.22483193832422618
0.2969158398927348,0.24494232419669373,0.22823023834860473,0.22991159756196666
0.29955720417493387,0.2469641783700917,0.226166699385759,0.22731191806921539
0.2971666093163853,0.24355620478658424,0.2296077154116658,0.22966947048536474
0.29758576405966597,0.24838011184792438,0.22659172276513737,0.22744240132727214
0.29941367272339114,0.2513520976812373,0.22379521204697647,0.225439017548395
0.2954693171766581,0.24541680608934277,0.23009280320859182,0.2290210735254074
0.3003564344520315,0.24387123748092515,0.22632819578168123,0.22944413228536206
0.2961704036619042,0.2569074975437631,0.22388135056885144,0.2230407482254813
0.29700634521316976,0.2523016065196815,0.22452226131024422,0.22616978695690454
0.2945775185618497,0.2553991202154851,0.22528030204860883,0.22474305917405624
0.2968923599514372,0.2503341569624575,0.22569688097685064,0.22707660210925462
0.2977241179713608,0.24279366581817682,0.229898889491345,0.2295833267191175
0.2999569537517373,0.22746231550232057,0.2354907526984551,0.23708997804748713
0.30262680192545716,0.23527617775071052,0.23012555050048195,0.23197146982335037
0.29945265814239214,0.2474947676736268,0.22617130384531065,0.22688127033867034
0.2963875797438626,0.25455249430373844,0.22446464675230207,0.22459527920009684
0.2959696064507057,0.25506610967237675,0.22422912180542406,0.22473516207149352
0.29601364749054215,0.25110731930085467,0.22631153836940276,0.2265674948392004
0.29828064960682316,0.24493581811509652,0.22770665021198733,0.22907688206609306
0.2987021964515375,0.24470836153299005,0.22786001173543988,0.22872943028003248
0.29866048591097866,0.2488523735412481,0.2255768394006205,0.22691030114715272
0.294140002763442,0.2620248420685374,0.2219808747047452,0.22185428046327546
0.294623022945125,0.2631222485453918,0.22072593878541266,0.22152878972407064
0.2963060979356338,0.24566087374385837,0.22905929496045396,0.22897373336005386
0.2985085353345037,0.22659482983768736,0.23696593168918154,0.2379307031386274
0.30378646268878845,0.238582580975431,0.22725116429577294,0.2303797920400075
0.29740654818131024,0.25524145524819025,0.2239624097191248,0.22338958685137475
0.2945106753481031,0.25692602276651616,0.22420551848296333,0.2243577834024174
0.29765042714476275,0.2543019056162915,0.2231852407173106,0.2248624265216352
0.2950853410847255,0.24921017422306393,0.22835396331593066,0.22735052137627992
0.2999396721833963,0.2455492013603454,0.2256472853853544,0.2288638410709039
0.2952537581640787,0.2588781976580741,0.22349267668100037,0.22237536749684683
0.29669867927821386,0.25669607157898805,0.22234716809314894,0.2242580810496491
0.2929211154016553,0.26284522382807457,0.22255679726244953,0.22167686350782048
0.29640649291873283,0.25537120825356957,0.2230064187856818,0.22521588004201581
0.29608363188182363,0.249272490796825,0.2278282498447963,0.22681562747655504
0.2988384327745715,0.23508292296742264,0.23197489218162562,0.2341037520763802
0.2997650029756742,0.24797049201108354,0.2256479348503212,0.226616570162921
0.2969829175048185,0.2552951617349854,0.22362663426715396,0.22409528649304217
0.2951215802184411,0.2552901157945985,0.22488592368022306,0.22470238030673742
0.2968186159465766,0.25248687404660036,0.22474332361887367,0.22595118638794928
0.29592033902901455,0.2543469570986929,0.22488996462662314,0.2248427392456693
0.2962683501478907,0.2543920516037766,0.2242478954241329,0.22509170282419977
0.29499420343733085,0.25871340780473506,0.2232065569880617,0.2230858317698726
0.29611865344763,0.2566548732613491,0.2231067659816992,0.22411970730932163
0.2931634758794955,0.2605586341711216,0.22344718850314774,0.2228307014462351
0.2958860649658441,0.25869727154908345,0.22186951380641592,0.22354714967865652
0.29566989889129874,0.2515211693203397,0.22676992351899208,0.22603900826936943
0.2979233367033953,0.23515589791986244,0.23274124710464605,0.23417951827209615
0.30045815487805944,0.24416461013938126,0.2269591625101476,0.22841807247241164
0.2983160339499085,0.2519808105874326,0.2244988101787451,0.22520434528391373
0.2952364546672463,0.253269088773975,0.2259179105889066,0.2255765459698721
0.2980614867846589,0.2523475410963816,0.22380868716594327,0.22578228495301622
0.2954114832813127,0.25478209458149553,0.2253228933595051,0.22448352877768657
0.2959780415849126,0.25407940029116527,0.2244697568011512,0.22547280132277092
0.2953597910333704,0.26150704327867297,0.22153824443881698,0.22159492124913965
0.2933920967599834,0.26122004151930717,0.22313797773322597,0.2222498839874834
0.29193049646599306,0.2673738025855253,0.22038307867186735,0.2203126222766144
0.29351440261810247,0.26922873902391203,0.21810265467244197,0.2191542036855435
0.29362273633667674,0.2551420606833402,0.226165817048784,0.22506938593119907
0.2962037990206079,0.2360067206308654,0.23350089380287367,0.23428858654565315
0.3016121233383945,0.24392398043840652,0.22609169963172351,0.22837219659147548
0.29830946670411923,0.24815957536143904,0.2267785983245453,0.22675235960989643
0.29615854190417906,0.24552541392002133,0.2290898810315669,0.22922616314423283
0.30128938546724054,0.24979211204387028,0.22280738066314018,0.22611112182574897
0.2944199015212061,0.2545362143679638,0.22659826619298754,0.22444561791784257
0.29701493080272345,0.2531297409637829,0.22385179370001002,0.2260035345334837
0.29390917424061297,0.26641397096494884,0.2203270957086995,0.21934975908573856
0.29424733590348956,0.2597065658969497,0.2227780181749513,0.22326808002460943
0.2921988054074226,0.2635201683775702,0.22260315922057017,0.2216778669944371
0.29507050954316527,0.2638600916864386,0.21960238260428888,0.22146701616610726
0.29342076970057224,0.2597374409374483,0.2241347155186509,0.2227070738433284
0.29568629424275783,0.2404437656675008,0.2314223910900769,0.2324475489996645
0.29953470018461065,0.24334521174079585,0.22809169372779392,0.22902839434679947
0.3009423996008155,0.23978151395032218,0.22870457626206528,0.23057151018679709
0.2984403874445544,0.23794494279201378,0.23178507486013006,0.23182959490330174
0.3011040594329224,0.24713271943476087,0.22444838082734575,0.22731484030497084
0.29471865772051486,0.26261458863267856,0.22203548741266405,0.22063126623414253
0.2928895323833246,0.26366968315643996,0.22177043651673467,0.22167034794350077
0.29338807069527423,0.26533875461361633,0.2206424670042082,0.22063070768690132
0.29375783203383893,0.25956381874373385,0.22346984448548057,0.2232085047369465
0.2933965876098336,0.25863649874860184,0.22397672549641917,0.2239901881451454
0.29603769623811194,0.2591466084765168,0.22171354445963085,0.2231021508257404
0.29517944041076316,0.2507967919865467,0.22738891377356876,0.2266348538291214
0.30015864959841443,0.233033262859388,0.23194911089678064,0.23485897664541694
0.29950771543885096,0.24131216963843946,0.22946446481966007,0.22971565010304945
0.29913005604667575,0.2509807997174371,0.22412768168110955,0.2257614625547776
0.2951322176748799,0.2579357938961668,0.22380715259992298,0.22312483582903034
0.298939304821401,0.24741257273205394,0.2254050258313166,0.2282430966152284
0.2952783335245424,0.250599405638143,0.22774311983217982,0.22637914100513468
