0.3035871834710201,0.23202095134261932,0.2200741136372933,0.24431775154906737
0.2994919147367689,0.2358177183772648,0.22135721114013704,0.24333315574582925
0.3053493389108298,0.23367940481732358,0.22021716320212453,0.24075409306972215
0.3090988700423236,0.23295691912083497,0.2182762601472664,0.23966795068957494
0.30453562067977724,0.23548098257510575,0.22109294904921997,0.2388904476958971
0.3025053336290047,0.2332292254980211,0.21687414047705683,0.24739130039591722
0.30216697211917254,0.2341762087776247,0.2185320778325449,0.24512474127065792
0.3042814248573067,0.23629907782253043,0.2228747225272831,0.23654477479287986
0.3121880110321608,0.23258335257712584,0.2170773628971386,0.23815127349357465
0.3127016396175557,0.23430334538375483,0.21906138595126837,0.23393362904742115
0.2990872671463267,0.23751417098742744,0.2210966162131801,0.24230194565306568
0.30925321230072794,0.23159232607822436,0.21441672550556545,0.24473773611548227
0.30958334952091954,0.23505241792030915,0.2176818777003302,0.23768235485844125
0.3102418848139719,0.23643986437754702,0.21976798105526307,0.23355026975321808
0.3125997836416749,0.23445612442471675,0.21718039461805347,0.23576369731555488
0.3133973418024583,0.23383104447652578,0.21711917713706205,0.23565243658395393
0.29724828213205784,0.237586533415151,0.22146606022716278,0.2436991242256284
0.3005789759585015,0.23266605230188356,0.21858372613143537,0.24817124560817963
0.29754368868084347,0.23507891722148455,0.2222080769318134,0.24516931716585852
0.3017891989189765,0.23419451232422922,0.22454637013569603,0.23946991862109826
0.2998387133765319,0.23240938731991684,0.22043733742179047,0.2473145618817608
0.30071324251905474,0.23284109385013035,0.22129854769401347,0.24514711593680139
0.29370319947520257,0.2346065161646201,0.2208991930720228,0.2507910912881544
0.30773374978849893,0.22983245381516554,0.21378935684235945,0.24864443955397605
0.30471165633453,0.23635101924107982,0.22017630479342157,0.23876101963096846
0.31024214307722536,0.23542866875115848,0.21975561578842887,0.23457357238318738
0.316070724469413,0.23314687969890588,0.2159473548164696,0.23483504101521166
0.31096585655367515,0.23565793581774452,0.2189784998926003,0.23439770773598
0.29635700293407863,0.23926883299848922,0.22357394452935264,0.2408002195380794
0.31526431787912096,0.230646214703218,0.2150534725077215,0.23903599490993957
0.312921702502294,0.234672890121042,0.21696548132913168,0.2354399260475323
0.30807361770715547,0.23811176501356462,0.22208141905528622,0.23173319822399369
0.3119012531835913,0.23431891979367567,0.215318050848568,0.238461776174165
0.3242197801118295,0.2328049704729006,0.2153859360577129,0.22758931335755697
0.314142854488632,0.23895155865468096,0.21866015914839457,0.22824542770829262
0.32034305587993495,0.23392751020133207,0.21277545413531473,0.23295397978341825
0.3198969985527066,0.23664745696818895,0.21599696778672753,0.2274585766923769
0.32128967045713824,0.2365901517290615,0.21562961225558433,0.22649056555821595
0.32094244500481106,0.236483194404652,0.21581057541879747,0.22676378517173953
0.3222857105371131,0.23611241246183598,0.21620724644294026,0.22539463055811068
0.3169501338146026,0.23647402942887538,0.21540453302472523,0.2311713037317968
0.31613382009446767,0.2348012250065854,0.21411011512654263,0.2349548397724043
0.3011800342318842,0.24018137590997035,0.22078387005368488,0.23785471980446066
0.3125659400922074,0.2353567187805974,0.22130290456630994,0.23077443656088528
0.3200466267316256,0.23298730825175323,0.21659378287540115,0.23037228214122007
0.31483378919968374,0.23584290103050193,0.2190675492206726,0.23025576054914174
0.2981759202609134,0.23811201888653072,0.21923814999731578,0.24447391085524006
0.3150545437177315,0.230498869340328,0.2111842271316874,0.24326235981025296
0.31764663665421305,0.23601564194242963,0.21604341037397526,0.230294311029382
0.31965362413797527,0.2373285491690474,0.21748801530676234,0.22552981138621497
0.3211722103806324,0.23577543669758802,0.21599496420702144,0.2270573887147582
0.319665323726367,0.23517183595051577,0.2162469908920377,0.2289158494310796
0.30114141606735517,0.23932476076739786,0.22120647793405862,0.23832734523118831
0.30831816085687064,0.23338931697779683,0.21722767536011026,0.24106484680522222
0.30953976686280604,0.23456911872197256,0.2180461495225682,0.23784496489265314
0.31063910953724244,0.23653148315266684,0.22198346858720602,0.23084593872288472
0.3117226496135336,0.2350666412489453,0.21815874341019909,0.235051965727322
0.31890993568188797,0.23294927080103714,0.2148976575353342,0.2332431359817408
0.3111188397183069,0.23712707417529025,0.2169110988449283,0.23484298726147454
0.31573412186524186,0.2340637483922662,0.2122842431516508,0.23791788659084118
0.3159377340178287,0.23715479067723438,0.2170057991431277,0.22990167616180918
0.3214440140127242,0.23663563110165625,0.21784014854528516,0.22408020634033432
0.32195087242299797,0.2352705820172796,0.21608561004914853,0.2266929355105738
0.3153744727556609,0.2362123709682975,0.21782907945070498,0.23058407682533655
0.2993156563443191,0.2385373262071042,0.22014882270375977,0.24199819474481696
0.31424917931250995,0.23170155317622587,0.21460811658476625,0.23944115092649793
0.31088486462686155,0.23628121499547744,0.21808966763181875,0.23474425274584226
0.3149487452654466,0.23686784429587937,0.2213109903807712,0.22687242005790276
0.3185896855830003,0.23374288952399527,0.21415022826436975,0.23351719662863452
0.31989176029209987,0.23374300445168852,0.2140651794718944,0.2323000557843172
0.29971825438459887,0.24059074990088195,0.22054982050696598,0.23914117520755318
0.3139098167822594,0.23177522715074622,0.21269471634587023,0.24162023972112423
0.3111048329193159,0.23728343454647166,0.22005688814541793,0.2315548443887946
0.31030311633857366,0.23702981923432212,0.2227971994344505,0.2298698649926537
0.30705272724595245,0.23258415492254758,0.21721982833205403,0.2431432894994459
0.3008381149213646,0.2341604775430721,0.22107944424345,0.24392196329211327
0.28507901066960756,0.23738916893243953,0.22470124877101638,0.2528305716269365
0.3084111280643724,0.22795269590107284,0.21472110438518088,0.24891507164937388
0.30377840569950165,0.23569168417662625,0.22174690370319833,0.2387830064206737
0.30287945018789986,0.23638424549906326,0.22387899265317562,0.23685731165986124
0.30732093847438774,0.2320039984628697,0.2158254365099459,0.24484962655279666
0.312740530278146,0.23313608107773795,0.21794984650556082,0.23617354213855518
0.2979728752715464,0.23873343604922742,0.22129978548152726,0.24199390319769898
0.3161169204487898,0.23079764947666861,0.21357864590196812,0.23950678417257343
0.3129929541907934,0.23635443171700576,0.21803072284227468,0.23262189124992608
0.31414994098237925,0.23632496336269931,0.21903605418248445,0.23048904147243687
0.31085850586446484,0.23507768456224679,0.21618914898800137,0.23787466058528703
0.31230898337561885,0.2348253216580051,0.2185606170047836,0.2343050779615924
0.30313280999081155,0.23731222838351748,0.22088201889204467,0.23867294273362627
0.312091657250205,0.23085655629053797,0.21363604186495555,0.24341574459430124
0.2958137940490513,0.23934580849213313,0.22378408788239185,0.24105630957642382
0.30265057134299156,0.23517162696420918,0.22395745349194413,0.2382203482008551
0.31134879721486153,0.23060792977939634,0.2158304837430995,0.24221278926264253
0.30833491297914023,0.2352119063529684,0.2219349561224554,0.23451822454543597
0.29179773693992844,0.2372464501792777,0.22104494998800567,0.24991086289278813
0.311981173013174,0.22908570494359706,0.21294690762719184,0.24598621441603702
0.3111058284041251,0.23652592331762043,0.21950807284825863,0.23286017542999574
0.3121192618306833,0.23654353664124395,0.21922774718705948,0.23210945434101335
0.3211272364708362,0.23361457968381683,0.2155688562247222,0.2296893276206248
0.31689430412816305,0.23468345767053814,0.21431108813993027,0.2341111500613685
0.3030203762920654,0.2385823836603819,0.21966380886530532,0.23873343118224724
0.3055754186198446,0.2348461388001882,0.2169360613024813,0.24264238127748583
0.31108549775550454,0.23500117646467975,0.2204131463135124,0.23350017946630328
0.31394508180658726,0.2359980606031679,0.22230558494489397,0.22775127264535086
0.30890437552496447,0.2339721221828189,0.21702067215289458,0.24010283013932202
0.3067776099032336,0.23533479023357365,0.22023327681112118,0.23765432305207163
0.3034422886143531,0.23491061763942608,0.2152533056673914,0.24639378807882947
0.31956159531161027,0.2317499005242707,0.21371088118268547,0.23497762298143351
0.31910260701975757,0.23808607543185162,0.21810571143683696,0.22470560611155374
0.32805820017878196,0.23442319399490819,0.21347753708470152,0.2240410687416082
0.3243870013377748,0.23618204795437578,0.21413953341489067,0.22529141729295868
0.31084481202639513,0.23923974905982623,0.21827200670510674,0.23164343220867192
0.3118965933766887,0.2365666436606862,0.21783394537394143,0.23370281758868358
0.323199516406519,0.2327378503903199,0.2138114401914007,0.23025119301176053
0.31147917377528106,0.23867341775414103,0.22029008075038475,0.22955732772019327
0.3082377403007592,0.2379031349834314,0.22200570911678452,0.2318534155990249
0.317763042460902,0.23255731233562507,0.21469596444227448,0.23498368076119855
0.3214639372339129,0.23472055308856174,0.21614081570663216,0.22767469397089315
0.31048396121122107,0.23800535877045498,0.21591847832984043,0.2355922016884835
0.3197746353189266,0.23399898915799305,0.2135046672256155,0.23272170829746483
0.32417837357367973,0.2364283865424866,0.21537621346881053,0.22401702641502308
0.32704842949006635,0.23605178198860827,0.21466345505738404,0.2222363334639412
0.32147690581022875,0.2372756557145633,0.2159168165750263,0.22533062190018158
0.31293601339313754,0.2377594012165766,0.21775452351757976,0.23155006187270602
0.3145054214515219,0.2357546399224895,0.2173065816616148,0.23243335696437384
0.31802736368783635,0.23333230412131253,0.21316062542801392,0.23547970676283714
0.30287627821350527,0.2402401398174226,0.22273877559495875,0.2341448063741134
0.310330638595959,0.23697672575056972,0.22355893190474055,0.22913370374873063
0.32794028180357715,0.22953033961691416,0.20998847877827592,0.23254089980123285
0.31424404913667237,0.2378557981679761,0.21893928132678267,0.22896087136856894
0.29768292791872675,0.241228231087362,0.22197554793119964,0.23911329306271156
0.32810212235637526,0.22795445364023434,0.2073545590157839,0.23658886498760656
0.3285734282533348,0.23652859180724461,0.2154857703528408,0.21941220958657973
0.31505568124727074,0.24151940744034542,0.21979723339165375,0.22362767792073018
0.3216218463388335,0.2331551460353715,0.21199627138835597,0.23322673623743892
0.3199243592691655,0.23461925418824056,0.21539187203410334,0.2300645145084906
0.2897145790356226,0.23846490312080007,0.22126868120924828,0.2505518366343291
0.2833375433591782,0.232184937485506,0.22122528662733268,0.2632522325279831
0.26794077484915274,0.23685983855651097,0.23351038180376804,0.2616890047905682
0.26942085853385483,0.22852459940044198,0.23919455648849997,0.2628599855772032
0.26964973275641346,0.21538140403164813,0.23596618476384434,0.27900267844809407
0.2538637791174151,0.21608272359552247,0.23019705724886522,0.2998564400381971
0.23563795983197236,0.21891556696161127,0.233371659553834,0.3120748136525824
0.26243756125528506,0.21501756027025887,0.21864112945136988,0.3039037490230863
0.28200534354949475,0.22494572672474278,0.22701949732078464,0.26602943240497784
0.2794134071247643,0.22947890539254615,0.23219012152487595,0.2589175659578136
0.28064653462796335,0.22491508856224343,0.21850818223758983,0.27593019457220336
0.28362619261053434,0.22953135444398298,0.22629646020621214,0.2605459927392706
0.2774507246980619,0.22961073395177986,0.22435663821918658,0.26858190313097163
0.2934647057662876,0.22597747012824243,0.21738720039027612,0.26317062371519384
0.28192478417033395,0.2363002958020645,0.229953006586179,0.2518219134414226
0.29106805086059767,0.23049582442579164,0.2247108121412412,0.2537253125723695
0.29959228768704077,0.22876552620033377,0.21996489283824683,0.2516772932743787
0.2914684575338309,0.2346073156821125,0.22606752408444647,0.2478567026996102
0.291070815796139,0.23147892167916861,0.21878077614235308,0.2586694863823393
0.30464321729078925,0.2292433157501625,0.2147296526837844,0.2513838142752639
0.3013209026611112,0.23740324605452143,0.22341331616285678,0.2378625351215106
0.31406936215522746,0.23260386762811433,0.21641574162096397,0.23691102859569418
0.31623614134655603,0.23295315561507435,0.21492838866267092,0.23588231437569854
0.3038792354954439,0.23828050371021758,0.22203933559340613,0.23580092520093235
0.29795085707751945,0.23585025526693415,0.21877521254766197,0.24742367510788443
0.3145376241531469,0.23105986108158189,0.21726982389129273,0.23713269087397834
0.3005471885435538,0.23849903219179405,0.22364624434467037,0.23730753491998172
0.30429826166705065,0.23523295135432476,0.22336221569154108,0.23710657128708357
0.3117938233993419,0.23211453725944473,0.21631658790904487,0.23977505143216837
0.3135882239426436,0.23299847594526762,0.21440744009796392,0.23900586001412502
0.3025972347624138,0.23772438589155276,0.2176928780357001,0.24198550131033342
0.3139394894633246,0.23339674554626855,0.21372481077925223,0.23893895421115446
0.32150519327561217,0.23543487426129886,0.21672131525201238,0.2263386172110767
0.3173835570113184,0.23743159929629748,0.21903080184026363,0.22615404185212068
0.31005272698595454,0.23642394536630523,0.21977433821148476,0.23374898943625555
0.3060564157718989,0.23457531386849534,0.2188771304763484,0.2404911398832574
0.3018340648912106,0.23371691778061524,0.21714215586046545,0.24730686146770872
0.3017747491388407,0.23346976644795378,0.2174286748491754,0.24732680956403014
0.2955439041071152,0.2381589411624715,0.22373527183991593,0.24256188289049735
0.30905390081552897,0.2343199317854418,0.22381334718610138,0.23281282021292793
0.32009398705975045,0.2305913738384202,0.2149263480931194,0.23438829100871
0.30372443375732466,0.2351913386877651,0.2166149167965665,0.24446931075834388
0.28667807707491266,0.23801871814975986,0.22082476219996103,0.2544784425753664
0.3087255798898733,0.23009724392358827,0.21334527288159322,0.24783190330494512
0.32118683317825153,0.23403766217120522,0.2185203770305623,0.2262551276199809
0.31501328617072744,0.23711305451719905,0.2205107499021699,0.22736290940990345
0.30474323201623577,0.23419226610383362,0.21681852542377128,0.2442459764561594
0.29758722522694436,0.23480502914436024,0.2215539265398846,0.2460538190888108
0.29024584914479934,0.23488678486429806,0.2203263628738474,0.2545410031170552
0.30730533837525387,0.23028210542823777,0.21894891897257487,0.2434636372239336
0.2948886144757422,0.23726387508548066,0.2247832086751278,0.24306430176364927
0.3010342339082407,0.23375208651664497,0.2248484224539835,0.2403652571211308
0.30207144046082685,0.23076104429620903,0.2172727536685866,0.24989476157437754
0.30194587943666545,0.23184004792597873,0.2170121449523598,0.24920192768499605
0.28818006033420807,0.23755288932695484,0.2225799904115237,0.25168705992731344
0.30905875368240976,0.23015104204710152,0.21551370625595095,0.24527649801453763
0.31479189529630475,0.23410223197592117,0.21890316111718056,0.2322027116105936
0.30601813104324505,0.23629837739727336,0.22104205591194623,0.23664143564753531
0.29720881637540064,0.23454016139759154,0.2201896165277381,0.24806140569926977
0.2978232266344776,0.23280081671967406,0.22059034072991035,0.24878561591593795
0.295088874376204,0.2338825557969185,0.22228798395621896,0.2487405858706585
0.2999256425736643,0.23110311502373063,0.2202075671743064,0.24876367522829865
0.290378359017028,0.23536496243779417,0.22433631247957211,0.24992036606560575
0.29515104465434205,0.23409941774472529,0.22666249942627256,0.24408703817466007
0.30482470641202336,0.2294808507551385,0.21700161332644477,0.24869282950639338
0.30391337096041426,0.23213833383645266,0.2176371124615418,0.24631118274159136
0.2886411822998139,0.23766816170140306,0.2227104327933873,0.25098022320539576
0.30786691028726965,0.23002584661992315,0.21436517806951588,0.24774206502329132
0.31489091844918915,0.23393638712037643,0.21831545712219794,0.23285723730823635
0.308885096459216,0.23667549006281793,0.22085674052225673,0.23358267295570945
0.3015108054308961,0.23393633929909693,0.21793371592888863,0.2466191393411184
0.297953570581007,0.23413239468549477,0.22147330743732607,0.24644072729617214
0.2915592520679489,0.23402045211193434,0.2232704425665499,0.25114985325356687
0.2965742534200234,0.22939544212540286,0.21935429778680265,0.25467600666777096
0.2822360464312057,0.23678672983595592,0.228920071371857,0.2520571523609813
0.2870713188260608,0.23308144673216205,0.22983459767334033,0.25001263676843677
0.3023595656005559,0.22623694599478336,0.21718940676051215,0.25421408164414855
0.2932437981199924,0.232929958400439,0.22216449141134612,0.2516617520682226
0.28148219966378807,0.23593335640824126,0.22462601822951717,0.2579584256984535
0.3079976808293676,0.2266929358938788,0.21123801978135767,0.2540713634953959
0.31449705871917644,0.23409918204159644,0.21897490309741133,0.2324288561418158
0.30885342748219896,0.23720049306104138,0.2202654923750202,0.23368058708173947
0.3074517767556686,0.23281688031636275,0.2143122593915634,0.2454190835364053
0.30250785403511427,0.23611225132944919,0.22261084711250637,0.23876904752293035
0.2895640328527539,0.2365617182497308,0.2243053469786252,0.24956890191889017
0.3037004801174362,0.22823461166402584,0.21844398002371926,0.24962092819481868
0.2835879654167745,0.23653280295158127,0.2279433479309613,0.25193588370068287
0.2844439056680395,0.2333664696155326,0.229146837228059,0.2530427874883688
0.2966812596744575,0.22762704973204695,0.21919756625537257,0.2564941243381231
0.30001166930198053,0.23149071825826417,0.2217353642522149,0.24676224818754036
0.2871994914779418,0.23701116871759037,0.22559199104357036,0.25019734876089744
0.3101395909400217,0.22765728216119915,0.21107943449336644,0.25112369240541266
0.31403904101104896,0.233229729371187,0.2151224632034411,0.23760876641432296
0.30548246389272826,0.23837273392081393,0.2191690472907549,0.236975754895703
0.3065828252176768,0.2351507708564625,0.21700616618933596,0.2412602377365247
0.309788665427563,0.2346469863641709,0.22079834722877575,0.23476600097949032
0.295343313753989,0.23662635890623124,0.2266040585368164,0.24142626880296333
0.29287374446982234,0.22989359434500062,0.2212120621201358,0.25602059906504127
0.28241019456838407,0.23380637293013892,0.2266245673625451,0.2571588651389318
0.28722773744907004,0.23272631655056392,0.22747787072469136,0.2525680752756746
0.3035210260717539,0.2282097452754292,0.21707133343627064,0.2511978952165462
0.30733201803834975,0.2314818114625036,0.21725140494059866,0.243934765558548
0.28983620372897584,0.23697032289235812,0.21925789694560088,0.2539355764330651
0.30526866750593934,0.23224610754470723,0.21727651214014485,0.24520871280920864
0.3161825365372126,0.23387540502551007,0.2179728860825215,0.23196917235475592
0.321383632803059,0.23340894807755808,0.21618287010348852,0.22902454901589434
0.2964631423046182,0.23786778147294133,0.22004899491966942,0.24562008130277105
0.29262446420301996,0.23547098721241275,0.2231675645366618,0.24873698404790534
