0.3250448484072645,0.23372534536457512,0.1959559256465822,0.24527388058157806
0.25389402323533716,0.22271275256948045,0.2812088433479911,0.2421843808471914
0.18690088068914168,0.17949723215161104,0.2620735285458511,0.3715283586133962
0.4282242700634262,0.22005097209327198,0.16492956380103452,0.18679519404226733
0.36583775820578646,0.2822833664863638,0.22739354469123094,0.12448533061661883
0.4030826196229666,0.255807312391724,0.22656066561074437,0.1145494023745649
0.32978359594502715,0.25883697517591314,0.27550469344539563,0.13587473543366402
0.14958746190470076,0.12246049899071122,0.26231659041056665,0.4656354486940214
0.3397790608637725,0.20793163081512683,0.18862249108482643,0.2636668172362743
0.4198242013687983,0.26587318282196737,0.18170810632398454,0.13259450948524973
0.4174366001843688,0.2796119871035838,0.20579551034387425,0.09715590236817319
0.35269266327893983,0.2716370001774059,0.25894373649154656,0.11672660005210783
0.4448513751900178,0.2493884103774116,0.19398479663521764,0.11177541779735314
0.13407714456931413,0.18287821390443268,0.25769310867804046,0.4253515328482127
0.3230468613804728,0.2065031985217427,0.17744808279362,0.29300185730416456
0.41808471909690825,0.25898419244301446,0.1736198470861359,0.14931124137394147
0.37603837609574847,0.2708056085326987,0.2293799014907089,0.12377611388084381
0.23004106041464753,0.19959604848494053,0.316442272455557,0.253920618644855
0.30634068843552875,0.19108457576770704,0.24727511543094596,0.25529962036581816
0.08482608854395675,0.08901291781233144,0.2181603010808223,0.6080006925628896
0.30907122778829305,0.19759438907477822,0.17022245081457227,0.3231119323223565
0.3296092326809338,0.2572454444953489,0.22456369272461219,0.18858163009910514
0.39630913002343754,0.2531605478904159,0.22183620556751807,0.12869411651862855
0.34105741050806637,0.2646111972807581,0.2656199576950243,0.12871143451615125
0.40955025741908596,0.23811290802964763,0.214575188827617,0.1377616457236494
0.24505880595429,0.20671396965874683,0.2919068588671069,0.2563203655198564
0.44763040702783935,0.22490129090164546,0.18439762736086077,0.14307067470965434
0.40984566694874236,0.28067895843556595,0.20364049316310873,0.10583488145258299
0.3161109138692603,0.2587474285383635,0.28616318572001226,0.13897847187236387
0.3428554616950324,0.22970581891960623,0.2684629017470424,0.15897581763831917
0.5202520989712633,0.2428511167332572,0.15458304216699487,0.08231374212848452
0.2205019852556235,0.24905650807799257,0.3442413753485746,0.18620013131780927
0.47967121580305605,0.2096725484732123,0.18312953998872966,0.12752669573500214
0.40666486869566176,0.29621405572367043,0.2072188647361657,0.08990221084450213
0.508139470798306,0.2623955969502867,0.16031380712034746,0.06915112513105966
0.3945151558064032,0.30460008693619545,0.2228506014669538,0.07803415579044745
0.4781213404720887,0.25909604367274575,0.18325267360672068,0.07952994224844491
0.35676869148738066,0.28318992872097587,0.24215089863464223,0.11789048115700124
0.4275044985110654,0.2657692588741411,0.18966577092426332,0.11706047169053019
0.4656330104840765,0.27468552458548384,0.16760309212550586,0.0920783728049338
0.48363180810603695,0.2869070384043054,0.16665576632910734,0.06280538716055033
0.37405725270951873,0.2886052910646848,0.2446982193838574,0.09263923684193895
0.3073733900038322,0.23295122865760343,0.2980125924007986,0.1616627889377657
0.059406282575684685,0.05969423772411015,0.20470698023077627,0.6761924994694289
0.3603193253981719,0.20045383996611751,0.1410503797114006,0.29817645492430994
0.44590103562636,0.2826024055861037,0.1630639496643697,0.10843260912316666
0.45087977648579314,0.28898183417504153,0.18643142919892125,0.0737069601402442
0.34375942622496997,0.283179718755424,0.2702630750484935,0.10279777997111252
0.4805697014761648,0.23897529547533242,0.18067564012846407,0.09977936292003863
0.2022850833861328,0.1948702801688434,0.2645883452407746,0.3382562912042493
0.42644297013021154,0.21954556840808584,0.17163004556163539,0.18238141590006707
0.45258884966385793,0.28122486809921465,0.17249080741902756,0.09369547481789987
0.40465883579175826,0.2842772150603012,0.22056074875379655,0.09050320039414404
0.25282270064949025,0.2368816806045147,0.3428496594031031,0.1674459593428919
0.4345963630985773,0.2142101672661284,0.21072011650335187,0.14047335313194234
0.21271795208005592,0.223838668459365,0.3117667477555486,0.2516766317050306
0.47472890989210165,0.2188027130863306,0.16591587379657594,0.14055250322499177
0.4772210855851222,0.29524659179372736,0.1602584810009552,0.06727384162019526
0.4857615020883709,0.2893276488765936,0.1666403406499553,0.05827050838508022
0.3541279746037429,0.29257994753392047,0.2595258764413205,0.09376620142101601
0.3681350853037651,0.2327357822379469,0.2460903689532548,0.1530387635050333
0.19266126646688225,0.14803800832989616,0.22862304401307426,0.43067768119014743
0.4248812831106961,0.22917873036319028,0.1602164619277666,0.18572352459834707
0.46111273583812273,0.28306728126822095,0.16748834914170946,0.08833163375194687
0.3738751957972796,0.29106868238012945,0.24295257711651577,0.09210354470607508
0.2763321829187869,0.23480779455122164,0.32419804001111296,0.16466198251887845
0.4867495475887837,0.22289023782911485,0.17475764967221538,0.11560256490988614
0.051200322434589635,0.11323433005834188,0.22289930084171075,0.6126660466653577
0.4234262198302023,0.20144718229137426,0.12970749378359184,0.24541910409483153
0.46854630573010303,0.29489068682873576,0.15317123131403004,0.08339177612713118
0.39011701481709815,0.285295080359048,0.2279626693829814,0.09662523544087259
0.24528187235423787,0.22634602117973301,0.3191798925517297,0.20919221391429937
0.3410138066963824,0.1904928129695994,0.1970924430236195,0.27140093731039855
0.015546731967329416,0.017930446277847623,0.061521731482783476,0.9050010902720396
0.23405794185658985,0.1895826218297052,0.13780701419004623,0.4385524221236588
0.313019234881879,0.23418524362384224,0.20602948009528474,0.24676604139899408
0.24508526465627622,0.2218881644834156,0.3047875671278625,0.22823900373244574
0.2615065683493722,0.19768493621422417,0.2965719303326589,0.24423656510374475
0.44224945498854,0.224393783692389,0.18540096367918263,0.14795579763988834
0.13984431887322046,0.160723398810125,0.30146844711806886,0.39796383519858564
0.44149665562046986,0.2053281403913426,0.16516489399181222,0.18801030999637536
0.387699139699831,0.29051599024708347,0.20953673414450089,0.11224813590858461
0.4156489542181401,0.2647865787778203,0.21650892702390875,0.10305553998013084
0.30550629918865246,0.26225431446960523,0.2846048095770326,0.1476345767647096
0.5333480385260677,0.22814040758171328,0.14936280179891312,0.08914875209330587
0.2170593500770695,0.24406559276990697,0.3017248848092384,0.23715017234378516
0.4695680190132157,0.22300520917124278,0.1646500964520159,0.14277667536352573
0.36036176672034187,0.28357514624432667,0.21611551444751084,0.1399475725878206
0.4052114176871675,0.2517327055039164,0.2206264534180318,0.12242942339088411
0.3750371105097156,0.26352578269299165,0.24052571845059814,0.12091138834669463
0.35638163866097644,0.24151504867933743,0.2524866623761119,0.14961665028357413
0.027636848101580326,0.033852312367850315,0.14683783486667004,0.7916730046638992
0.3029442599014078,0.19441008343187904,0.1402666995561516,0.36237895711056156
0.3397062352094137,0.2583938153387104,0.20944276503381434,0.19245718441806148
0.40265487351539686,0.25824364814857714,0.21674205160393764,0.12235942673208841
0.27391556910577114,0.2569275720617171,0.32235100342408396,0.14680585540842767
0.43810835547653865,0.21543470306588405,0.18944433665927393,0.15701260479830342
0.21962904211745649,0.2598828064667431,0.2786946555410297,0.24179349587477075
0.47399523430391993,0.22558436741310087,0.15905023963743906,0.14137015864554012
0.5133906775000172,0.28851184415866005,0.14019545762063151,0.05790202072069109
0.2947560822323657,0.28853126010612157,0.3036616393112301,0.11305101835028268
0.268713163362833,0.1861527303044277,0.31042260715784814,0.2347114991748911
0.2685392450251981,0.19536432201271245,0.28090128968246125,0.2551951432796283
0.1808583316692415,0.14286729622892852,0.2200028675853384,0.4562715045164916
0.4622123106973689,0.22886956859001983,0.14510247486498717,0.1638156458476242
0.34904390490374765,0.29879131099793355,0.24309465703089828,0.10907012706742046
0.44880194635474874,0.25268379775185396,0.20439685707685454,0.09411739881654267
0.3247821924069732,0.27797731910498286,0.2770178415136326,0.12022264697441137
0.448320330894564,0.22751325749184023,0.1853768773992519,0.13878953421434378
0.42598744828235524,0.2860902821536584,0.1951898114121866,0.09273245815179977
0.5334434549649404,0.2662566333324241,0.1418708633656005,0.058429048337035015
0.4006423171883645,0.3029193248593467,0.2141755436530607,0.0822628142992281
0.31430214156506436,0.24969188839227446,0.2957710452538706,0.14023492478879068
0.4496403973774193,0.23246462445906466,0.20191198295412224,0.11598299520939391
0.3885856929741892,0.27929420537752275,0.2280712948779135,0.10404880677037438
0.2285744757123832,0.21409396072106165,0.31259968071338506,0.24473188285317005
0.5200444486588539,0.21599932158893664,0.15100824779957353,0.11294798195263604
0.4534288185823251,0.30862968019439896,0.17292682343197055,0.06501467779130544
0.4801110169366404,0.28278105852149726,0.17439322796844145,0.06271469657342092
0.3256528236221011,0.28779977696744413,0.2787671398003744,0.10778025961008031
0.4867665037940889,0.22834600275076652,0.17605691267070128,0.10883058078444315
0.40952943325972335,0.29295913508673643,0.20459706295623034,0.0929143686973099
0.4582600285445765,0.2756408364763315,0.1750804565977077,0.09101867838138415
0.4761610862373072,0.2797218426102729,0.17103555048996152,0.0730815206624585
0.3293000666167505,0.28678740596638663,0.2794383210259529,0.10447420639091003
0.4366153002664395,0.2389867298138459,0.21585053169715654,0.1085474382225579
0.3049631633040705,0.25461678743146327,0.28404868024993973,0.15637136901452636
0.12110300008040188,0.11359244369552784,0.2860229441794601,0.4792816120446102
0.511336469588586,0.20213987761211635,0.12286892125926609,0.1636547315400316
0.4773996207117522,0.3116084986286145,0.14999541062948574,0.06099647003014749
0.27869355992570904,0.2757477543550367,0.3154069591255943,0.13015172659365995
0.46854863252740914,0.2267178449213634,0.19416784611903568,0.11056567643219178
0.42741130925827914,0.30588204703186145,0.1683342956027304,0.09837234810712908
8.86504780808482E-15,7.541361831774451E-08,2.3496469766464023E-06,0.9999975749393962
0.001658863090352297,0.03136794731208608,0.03131124617182816,0.9356619434257334
0.06084765794107753,0.11069312587118599,0.08413294380524032,0.7443262723824962
0.165898460429751,0.11339186011824212,0.11889922088832756,0.6018104585636793
0.00040989124900411963,0.0006523765483416931,0.006927980925604074,0.9920097512770502
1.26257878987804E-22,1.3381326300402264E-18,7.899575575945412E-14,0.9999999999999211
2.1070416842878554E-25,1.6129636656354048E-19,1.3484353266619111E-14,0.9999999999999865
0.018725105780076613,0.05932488719835111,0.07204894942414063,0.8499010575974317
0.17479488499246965,0.1641829410283764,0.15913191505829913,0.5018902589208548
0.0590173862722302,0.09826973531499435,0.288723355032731,0.5539895233800444
0.05300765145606771,0.07947909614576415,0.225046045517519,0.6424672068806491
0.10814084339396664,0.11287365704632277,0.17895817900874783,0.6000273205509629
0.0006906655915685724,0.0030086860538620997,0.01618072115545974,0.9801199271991096
0.13227294605615467,0.1574855260215094,0.14060586902667632,0.5696356588956598
0.11581514492999297,0.12216156324467844,0.19148979945231653,0.570533492373012
0.1608292105541964,0.15128914736399085,0.22990710596068475,0.4579745361211279
0.1948997098709672,0.17421827285115132,0.26111029592237006,0.36977172135551145
0.12001652237401567,0.09031626195604069,0.20283653571158683,0.5868306799583569
0.04927998182825159,0.07361651945672104,0.19169048566026764,0.6854130130547598
0.28468142728848944,0.1892542137185531,0.1626449107540275,0.36341944823892985
0.3002240480546097,0.2421389273948762,0.23568393099982346,0.22195309355069062
0.3017978406463675,0.2371461720568902,0.2799820777631968,0.18107390953354552
0.4010512520636337,0.2390529167638717,0.2210776922289189,0.1388181389435758
0.24840315815205677,0.22914547365867854,0.2724760296107962,0.24997533857846851
0.32024817915409354,0.2129222329059173,0.22187458247602213,0.24495500546396706
0.5044248768478896,0.25139333445068435,0.14867665541718456,0.09550513328424154
0.3161242091741434,0.24233795306621914,0.2512378954600607,0.19029994229957684
0.2955965175082612,0.23035287200170126,0.29237205916485093,0.1816785513251865
0.2542123130309769,0.1974361856001554,0.3106972839713749,0.23765421739749285
0.3815301323510532,0.21394444128927276,0.2121320696700704,0.1923933566896036
0.13047411451309313,0.19860082325039194,0.314710246787943,0.356214815448572
0.5373902589190936,0.197329488614348,0.12881851550685788,0.13646173695970054
0.4552523082662717,0.31925737199348714,0.16409917615918368,0.06139114358105741
0.4176557157574729,0.28471333019921663,0.21516865716389172,0.08246229687941874
0.2894210100048623,0.24996539318199887,0.30797055612003205,0.1526430406931068
0.3362303746450251,0.19002984564643102,0.21936954043000584,0.2543702392785381
0.1947470587675682,0.20022993967141559,0.21158680345614883,0.39343619810486735
0.28089185770248654,0.23082490250609028,0.18754014351139778,0.3007430962800254
0.45112429151268124,0.2490114785030292,0.16636621834890203,0.13349801163538752
0.36597428299435164,0.291316832836945,0.24124043915204205,0.10146844501666112
0.2517075910651298,0.223345469705261,0.34284684882076066,0.18210009040884853
0.09560365929069972,0.10122164664122196,0.24438246551735981,0.5587922285507185
0.0013332908969422661,0.008896191522527375,0.03279025719216934,0.956980260388361
0.2815239216235475,0.20276704705620327,0.1171967615441745,0.39851226977607473
0.4741355958696594,0.26900896362149523,0.14180955592028913,0.1150458845885561
0.19918234078752098,0.25076916924431025,0.37223810663457146,0.17781038333359717
0.23905626234880648,0.1711299593054508,0.2891786341263527,0.30063514421938997
0.1254294766626109,0.1368493796873292,0.17582996594992287,0.561891177700137
0.10695504111388215,0.10812364316904723,0.11906938466108266,0.6658519310559878
0.3293971352703835,0.22452782668140617,0.1573885422888921,0.28868649575931826
0.2733549720175853,0.21162382169201846,0.2350318511183685,0.2799893551720279
0.2616657796490091,0.21708600453323246,0.28965271828191375,0.23159549753584474
0.14485157750518451,0.12853560143646853,0.28388178403693104,0.4427310370214159
0.2543682261159576,0.17783861615023636,0.19319172079928465,0.37460143693452147
0.039580255812272695,0.07904706106551668,0.17508449500998466,0.7062881881122259
0.36720172401382445,0.2013023313467646,0.13628888798685096,0.29520705665256003
0.3627129475772755,0.2843767062937847,0.21373759560757913,0.13917275052136072
0.27768644517020474,0.2302177198179113,0.28388050215125277,0.20821533286063104
0.1888716490031788,0.18748813091183578,0.2914185877814073,0.3322216323035782
0.3525751466063329,0.20038525325787152,0.1726543989589036,0.274385201176892
0.2880657839203834,0.23769796792148157,0.21440703939924516,0.2598292087588899
0.3073821348721902,0.24016745153954538,0.23079809624680836,0.221652317341456
0.30085730424971213,0.2124580530652831,0.23513893505223651,0.25154570763276823
0.29536472783767764,0.22182718569000254,0.26761537223443704,0.2151927142378828
0.24035803019513377,0.1928204569779371,0.2963260792664685,0.27049543356046074
0.266817207354887,0.19629821431805886,0.2542340421919141,0.28265053613514
0.04703488262726556,0.07583142364392696,0.19926580095721183,0.6778678927715956
0.3417050603481076,0.19682418006607794,0.14813811411506203,0.31333264547075246
0.423829023037177,0.27784453546191634,0.17677145868056232,0.12155498282034433
0.28462860437491866,0.2605621414028808,0.29157509728690706,0.16323415693529347
0.22560879329948288,0.20863110095417706,0.2904544083453655,0.27530569740097444
0.37046680616147937,0.2174073517247845,0.17788730602743041,0.23423853608630568
0.1287015170559091,0.17037082849509586,0.2037493886673835,0.49717826578161145
0.24147663029344987,0.20622746039783685,0.17840007574771058,0.3738958335610027
0.22474320985625493,0.17420988065632748,0.19709765210622027,0.4039492573811973
0.2153248202669001,0.17606988352660644,0.2522189891284455,0.35638630707804814
0.2014247278318358,0.1713597340116653,0.2758484724737943,0.35136706568270465
0.10352328293597406,0.08850958964811075,0.1988768197276366,0.6090903076882787
0.016679034285175996,0.027785730313430512,0.10677037993886317,0.8487648554625303
0.24819271803715262,0.18764432038352413,0.1456081966592995,0.41855476492002386
0.403228084298704,0.2577894120328674,0.1752276061717179,0.16375489749671068
0.18822688514374517,0.23194300120695835,0.35824633531754624,0.2215837783317503
0.3792512770997726,0.20714568426801788,0.21704932560474197,0.19655371302746755
0.4116050938684227,0.2710454711457351,0.18089165177008584,0.1364577832157564
0.14183765972995985,0.1483729555536515,0.2056082500842991,0.5041811346320895
0.344774701690012,0.22089874810291285,0.1735005566042923,0.26082599360278275
0.03516071956177714,0.03820178936607496,0.08783968605401656,0.8387978050181313
0.08776869656362368,0.09517636733378027,0.14682642503059384,0.6702285110720022
0.12006277753932607,0.12573187038181322,0.20168751677708047,0.5525178353017803
0.22658561451278286,0.16537780761339754,0.20038484962741318,0.4076517282464063
0.056390367066425404,0.07255234513379105,0.24202769646530986,0.6290295913344738
0.24923366067408448,0.17551751298626725,0.1928837717976409,0.38236505454200725
0.33433186995730174,0.24717027490651067,0.20718335249361827,0.21131450264256926
0.2940709470330841,0.26042347041370945,0.2474120372665653,0.19809354528664097
0.4324660717855864,0.25033863052643235,0.19224905554998895,0.12494624213799237
0.5296714360306547,0.2711113123211453,0.1377911969396779,0.06142605470852211
0.18670394614111097,0.1844760309448446,0.27336247551296294,0.3554575474010814
0.11235890855350224,0.11748020266368195,0.18938468033607875,0.5807762084467372
0.05758227068296647,0.04651358600198888,0.08569121105520362,0.810212932259841
0.10037665096735551,0.09328430221428972,0.13655284697148032,0.6697861998468744
0.14892387654817016,0.157570913622684,0.22374324857681158,0.4697619612523344
0.1572716335977568,0.15809777522972926,0.26283058517190677,0.4218000060006072
0.022964347629706016,0.05179999278728168,0.14845696281002832,0.7767786967729841
0.28067677445920447,0.18978476842543812,0.15007852038068933,0.37945993673466816
0.4260564951747229,0.2636179807714748,0.16957876904259064,0.1407467550112117
0.3330547138137361,0.28223975680950736,0.26080600540880605,0.12389952396795033
0.04326295770512207,0.1001594966460563,0.23424347078914876,0.6223340748596728
0.22774527132502523,0.16014486467670272,0.15007838059463685,0.4620314834036351
