0.332603759908329,0.2800698485585564,0.22770046358735047,0.15962592794576408
0.26236330626286536,0.2230394827752762,0.21614161596107712,0.29845559500078134
0.27039613132865264,0.2455367101204748,0.22146290740513855,0.262604251145734
0.2877720793607528,0.23778051397139294,0.23858497172150867,0.23586243494634573
0.3062825730363445,0.24222714763225772,0.24159862677258204,0.20989165255881576
0.2557540250479582,0.2284853342806359,0.22445963169434002,0.2913010089770659
0.17501333909566888,0.20110972050544637,0.1825518438565709,0.44132509654231383
0.308346436248687,0.2827414765060883,0.21884874536616677,0.1900633418790579
0.30837564222388825,0.23259829277735922,0.24428772836828672,0.2147383366304657
0.3246919251686372,0.23277928024754638,0.25136102983386927,0.1911677647499472
0.33146458438943704,0.23887018226233112,0.2452059536027223,0.18445927974550966
0.15175005190445523,0.1765961180432767,0.17567879886794657,0.4959750311843215
0.3084485205916711,0.27736157153993624,0.22095180381374796,0.19323810405464475
0.32467077478820744,0.2409448591516248,0.23012423004284863,0.20426013601731927
0.35386728670495327,0.23352592139414477,0.24369369252704443,0.1689130993738574
0.3236949524231266,0.22108571749626213,0.24029741404270827,0.214921916037903
0.3344903983390005,0.2375664587535434,0.234036478023708,0.19390666488374797
0.17936389247465476,0.1944369639674192,0.1814083839935886,0.4447907595643374
0.25594535368517485,0.2583003207659457,0.206480623138439,0.2792737024104403
0.28658996534684095,0.25396630451494173,0.22732473555471666,0.2321189945835007
0.2945046634402764,0.23923388251544433,0.2493502258664993,0.21691122817777997
0.18237425470189875,0.2039860917641933,0.20735091654629859,0.40628873698760926
0.2589837801782451,0.27109366697513765,0.22468660336948876,0.24523594947712854
0.09559931395350586,0.15241733095327,0.1434027032282762,0.608580651864948
0.31231893560196683,0.3014951340392179,0.21173463227828654,0.1744512980805287
0.3035956092980894,0.23977890785719655,0.22531263266508939,0.23131285017962472
0.3571138927437005,0.23530047092044337,0.2506536686668965,0.15693196766895967
0.34100007564799456,0.22283592373120661,0.24673803222399737,0.18942596839680143
0.32492760076294813,0.23591141237715765,0.23367980497390559,0.20548118188598877
0.2045276626641709,0.20602855719356045,0.2043775876492951,0.3850661924929735
0.3465777274587664,0.2566402116695608,0.24801499123420634,0.14876706963746641
0.32913571308406336,0.23559742229292163,0.23812633364750316,0.19714053097551193
0.3197575469174224,0.23101467054748415,0.24117664174042797,0.2080511407946655
0.2905216737892052,0.22026825664310787,0.2363909191063433,0.2528191504613436
0.42488079984626614,0.24012975189501928,0.25875338312760215,0.07623606513111231
0.2528153127339237,0.1901533643556693,0.2139290587902612,0.3431022641201459
0.38588268172005485,0.25224030293409383,0.24219940771147,0.11967760763438125
0.38530035467080825,0.22202673709110637,0.24256835022343307,0.15010455801465228
0.4095955014319023,0.21769728247869216,0.24722122235713287,0.12548599373227273
0.41243254235656496,0.21507285008146862,0.24868209501774616,0.12381251254422028
0.411052559063583,0.21415916380104413,0.24868029895263374,0.12610797818273908
0.32673977101463214,0.2111589701162166,0.2271642499219199,0.2349370089472314
0.33472430551122984,0.23291784669792148,0.21828813559170848,0.21406971219914012
0.3231658853961599,0.23829948582370158,0.2220149681567561,0.2165196606233823
0.4305111976630233,0.22290855449336738,0.2655175951364483,0.08106265270716093
0.3690588105863986,0.20942484681525933,0.2596038368059711,0.16191250579237085
0.33683072478952636,0.23154981042671124,0.2432552857280177,0.18836417905574485
0.10191932269403793,0.13897398089981933,0.13737498762577818,0.6217317087803645
0.36665279410025364,0.2983538010915921,0.21682660188011574,0.11816680292803859
0.3898331515041891,0.22941074621299243,0.2352056881058089,0.14555041417700953
0.4433835062720646,0.21362645272072325,0.25011891068910547,0.09287113031810668
0.40613670847295347,0.20534514406509072,0.248901531567947,0.13961661589400867
0.3831639139058124,0.22133076124062778,0.23947102120579383,0.15603430364776602
0.22254593505579445,0.20099706766905892,0.19809911494793775,0.37835788232720885
0.31252411625609555,0.25425294162080797,0.23007043814337125,0.20315250397972523
0.3351593333658716,0.2406968532516816,0.24088859285264758,0.18325522052979903
0.37174124871741154,0.23315358363366778,0.25796919660664336,0.13713597104227723
0.2729904681670525,0.20672832838856176,0.2376176881029194,0.28266351534146633
0.36193575303767167,0.25124978112110463,0.25005943489695787,0.13675503094426572
0.22996618152091503,0.1987636534108264,0.20111215516718514,0.3701580099010733
0.34696637972935523,0.25659613658808317,0.22247343385403887,0.17396404982852262
0.4167727655288999,0.23083021122151143,0.2419426850689272,0.11045433818066143
0.4583371275992116,0.2030604634590712,0.25720800515109854,0.08139440379061871
0.40160495736267265,0.20560928036362305,0.25000117579528214,0.14278458647842218
0.3359075773145386,0.22151385874739302,0.2323806240532434,0.21019793988482507
0.1982744741837645,0.2001690641134505,0.19064211285816093,0.4109143488446239
0.34969250365394805,0.26188109080376176,0.2342803252560715,0.15414608028621868
0.35455966433042313,0.2357160797556974,0.2398829822610891,0.16984127365279028
0.4150326216224199,0.22209150071074898,0.2632959615818838,0.09957991608494722
0.28883882603966055,0.19669984393842968,0.23274348787199048,0.28171784214991924
0.37111623446573183,0.25449468339718595,0.2343468911389112,0.1400421909981709
0.13456429736253125,0.1550086937818968,0.14941256423470603,0.5610144446208659
0.3813658381552536,0.28159925565762195,0.2191736594879649,0.11786124669915954
0.4108786304250664,0.22919842875505259,0.2411802450223628,0.11874269579751812
0.36380035141228095,0.21260439702483963,0.2535052850082412,0.1700899665546382
0.22984364171162083,0.20323772983410004,0.2144418840487168,0.35247674440556226
0.2645876291478349,0.2627638198122046,0.21419327154560963,0.25845527949435076
0.06696686982002181,0.12907731581149182,0.11952510601484738,0.684430708353639
0.34275845334396327,0.30844100314514766,0.21755711270875566,0.13124343080213333
0.3062980191859131,0.23895203167919257,0.23026792134098387,0.2244820277939104
0.2735549219267636,0.22783542974315024,0.23922759498848734,0.259382053341599
0.24552873764439762,0.2263592938670424,0.22630118535422705,0.3018107831343329
0.34015187216802906,0.2618498704952657,0.24029102763312385,0.15770722970358156
0.13884547698807528,0.165213585666925,0.1657637404455767,0.5301771968994231
0.3791841577126281,0.28116107515614425,0.2335276676491242,0.10612709948210335
0.34639373639253856,0.22692744945865395,0.2357356143502663,0.1909431997985412
0.3695726465787737,0.22803521676344157,0.24602804223054853,0.15636409442723614
0.28113928040711944,0.21112837602232087,0.2229967772636119,0.2847355663069479
0.37117948699663383,0.2528482100660339,0.24010983504778857,0.13586246788954381
0.18444130716512022,0.18036052688952575,0.1899873685826768,0.44521079736267716
0.31856644276374796,0.2693665936782944,0.21950114116614816,0.19256582239180942
0.2803823884396937,0.24185848472806348,0.2172913986733058,0.260467728158937
0.2981848089817267,0.23310446393061396,0.2513768741108332,0.2173338529768262
0.29844783382066475,0.23505107743007944,0.24797472307684668,0.2185263656724091
0.313987284613527,0.24815613137007175,0.24091720962351773,0.19693937439288367
0.046435905200285565,0.09279125743705759,0.09409986445522397,0.7666729729074329
0.3785302877845543,0.3228816960670437,0.2086764194650661,0.08991159668333587
0.3246685939569382,0.22467574703474233,0.22805173143914784,0.22260392756917166
0.38446776195397103,0.23487862930604367,0.25217102116525053,0.12848258757473474
0.3670460007962438,0.21438399655454143,0.2532361763589649,0.16533382629024987
0.3249102811474874,0.22679409718185498,0.2268691474834948,0.22142647418716285
0.24791882335646298,0.22054200461489706,0.1986789780862679,0.33286019394237204
0.2969549625748776,0.24117612963914725,0.218668492910898,0.24320041487507726
0.41724272027359244,0.24242121773044775,0.25472330287056305,0.08561275912539676
0.34491911986309687,0.20816659185747802,0.2612904205433168,0.18562386773610814
0.26241493798549637,0.22064891837163958,0.23161207494480268,0.2853240686980614
0.2835472569704883,0.24817467795401274,0.23050825993312532,0.2377698051423735
0.1570542552300805,0.17918653074209698,0.17086748834926457,0.4928917256785578
0.4118455636948929,0.2783513689542113,0.23565736469524204,0.07414570265565366
0.3921423224874039,0.21307012753429125,0.248892265366676,0.1458952846116288
0.4489349166468727,0.20948359831877547,0.2575902210093471,0.08399126402500466
0.38260346454293404,0.20971806687705336,0.23530611437833507,0.17237235420167746
0.3343791134012503,0.22514728054166286,0.2229042451760359,0.2175693608810508
0.3566418287528865,0.2281802492526198,0.24133309604621955,0.1738448259482741
0.4100177348493691,0.2228532116050831,0.25055416096590616,0.11657489257964158
0.36416724484814866,0.2245232964086125,0.23855068033902338,0.17275877840421544
0.3134107880789181,0.21757499854473045,0.24595434338077746,0.22305986999557392
0.35507536394372763,0.23492863189394234,0.2571043379670442,0.15289166619528588
0.3704035999903455,0.2307155446544839,0.25044852753823965,0.1484323278169308
0.2243149287676172,0.19265064943074603,0.19575869613545976,0.387275725666177
0.4112663915947162,0.2579540411269574,0.2391917405950453,0.09158782668328105
0.43288054097085454,0.21017131624402996,0.25014480634059144,0.10680333644452408
0.4571377868015008,0.20476336021531805,0.2511015340515843,0.08699731893159694
0.3823970412377902,0.2066917970883629,0.23634866737174912,0.17456249430209775
0.35622765986452537,0.22619946296255924,0.23375777489880606,0.18381510227410933
0.34636320131515014,0.22351678603761735,0.23941340704423442,0.19070660560299818
0.33153052848545134,0.22406372695211904,0.22629291964255374,0.21811282491987596
0.36114685898089804,0.24747965193882224,0.23481426189560864,0.15655922718467105
0.37545755346849763,0.2144543801052065,0.27362281906915614,0.1364652473571398
0.3738811351055438,0.217214351225773,0.264049093250284,0.14485542041839927
0.33819394449932927,0.23749305020294795,0.2297951533825439,0.19451785191517895
0.09079845341725264,0.12318034707542046,0.1262002496923621,0.6598209498149648
0.4414352910830372,0.2800977028574231,0.22794681110767803,0.050520194951861844
0.4608227079835882,0.21490762420115664,0.23850892326336418,0.08576074455189094
0.3401802911803275,0.19746369473497605,0.22961549327132422,0.23274052081337215
0.39801300426166253,0.22647588663379087,0.2427173138490505,0.13279379525549612
0.37069273470645936,0.22514680781951232,0.22007625955334667,0.1840841979206816
0.07315575800133524,0.11587726373962859,0.09787801047772297,0.7130889677813131
0.2226552808935978,0.2849345702859106,0.15135398346650714,0.3410561653539844
0.2067536270438681,0.2520360067085335,0.18983485226332814,0.35137551398427036
0.14650410069956804,0.2326369089212011,0.21828859800420009,0.4025703923750308
0.010027417415633684,0.07102020749617975,0.06678929953838555,0.852163075549801
0.007576632587102528,0.08976519686618566,0.04736679828440963,0.8552913722623021
8.280390434809298E-05,0.0066724665362193555,0.004232851653914106,0.9890118779055185
0.0659299574714189,0.20399166227410093,0.09883620960762901,0.6312421706468512
0.235117383108732,0.3245107261323159,0.19696094811053627,0.24341094264841598
0.03370652995442159,0.1031302682826337,0.09904038395356074,0.764122817809384
0.09507614249981061,0.23200913709991902,0.13472186987217624,0.5381928505280942
0.17830954131826954,0.2824464229625819,0.18394999892570935,0.3552940367934393
0.018005674295218765,0.0713274369878732,0.06159821337634037,0.8490686753405677
0.2828115531978315,0.3439422969631567,0.1800636095034463,0.19318254033556548
0.15778022193229468,0.2129133552213835,0.18482000647993307,0.44448641636638875
0.17259359978658198,0.23514953269860908,0.20627387689381174,0.3859829906209972
0.22959767428312577,0.26418103438322466,0.22480061589194233,0.2814206754417072
0.16541415374122395,0.222234658253198,0.19704294465142635,0.4153082433541518
0.07715121628901192,0.15136826255222036,0.1275350552706698,0.6439454658880979
0.3100608843839313,0.3158690950897475,0.20681941833447068,0.16725060219185064
0.2948954834657644,0.23897154532714815,0.2309863350051771,0.23514663620191043
0.319880294974236,0.22722100828636907,0.24625905955335073,0.20663963718604442
0.3493266227359835,0.24133239532491554,0.23976845725778476,0.16957252468131623
0.24443928394812506,0.21448406174527923,0.2069221537055191,0.33415450060107665
0.21610534583522556,0.22468774962015356,0.20126128235477572,0.35794562218984516
0.38742824694261613,0.2608610148159659,0.24660916613358075,0.10510157210783712
0.2522377471977597,0.21206344804892263,0.22248150490593502,0.3132172998473826
0.32524922814849805,0.2512186439540145,0.25684310276308286,0.16668902513440462
0.2415874426448434,0.2094191626983102,0.2309133413675854,0.31808005328926103
0.3066957604033115,0.2599336183273558,0.2282275226640272,0.2051430986053055
0.17242711490255178,0.186776494272216,0.16927940586047024,0.471516984964762
0.39078930599188655,0.2715955253269174,0.22826435457319108,0.10935081410800503
0.45499074899086867,0.2131854330411167,0.2500005120463371,0.0818233059216775
0.40458414868442727,0.20679439999857438,0.24702678438168998,0.14159466693530837
0.3151155911208394,0.21616479118502788,0.23526136046875756,0.23345825722537522
0.24995621640991336,0.22332974479489048,0.21692150085918077,0.3097925379360154
0.20760597415340787,0.2239735152721126,0.1926420591789605,0.375778451395519
0.2519502454964947,0.25117115218814884,0.1988612122486726,0.2980173900666839
0.3181843963901125,0.2595112628998243,0.2338613226846996,0.18844301802536367
0.3991056784308344,0.22628470407281936,0.2789557437197328,0.0956538737766134
0.28979005285519965,0.20480413039739662,0.24811027712892103,0.2572955396184828
0.22462496972135484,0.23336952985375192,0.19731515057645915,0.344690349848434
0.06940990044292886,0.13216809244495487,0.10593241107701619,0.6924895960351001
0.3868712387515074,0.3018864255988054,0.21398305451790312,0.09725928113178406
0.4757616980982152,0.21301123012067388,0.25270393128641366,0.058523140494697194
0.29456979451587356,0.190964058785109,0.2292987506001135,0.28516739609890407
0.2515753792115449,0.2346722244018799,0.2112991291584643,0.30245326722811094
0.1984352633343531,0.2254848935121127,0.18960640381744404,0.38647343933609024
0.1627592670460987,0.2169985103775723,0.17552248913472301,0.44471973344160604
0.34898801129427637,0.2779236084237428,0.23436682259364,0.13872155768834074
0.23120206950287198,0.21811613543385966,0.21805189126415805,0.33262990379911034
0.29569873758549253,0.25471150136976617,0.2530774771910782,0.1965122838536632
0.13369735601937435,0.171708729471804,0.17698134385672679,0.5176125706520949
0.2620894982278866,0.29245080159960646,0.20229417247861367,0.24316552769389332
0.08545216758043395,0.14422656513578774,0.1263796175262266,0.6439416497575517
0.37945695972709687,0.29917262135197126,0.22360039123145764,0.09777002768947439
0.37787353506745647,0.2262155056696943,0.2448146350163846,0.15109632424646458
0.26444980035641164,0.21283434273610863,0.219345228149692,0.3033706287577877
0.19047136343168578,0.2164332764151342,0.19180549289179472,0.4012898672613854
0.2408065900288148,0.2581663208119282,0.20898285926450785,0.2920442298947491
0.20555920284993004,0.23001079359684862,0.20418545034702368,0.3602445532061977
0.2263562164923763,0.24411628564626905,0.2095991859441232,0.31992831191723153
0.21410115349307718,0.2472061196675525,0.2089919910273602,0.3297007358120101
0.24734893367078514,0.2500295851464789,0.24244325892715343,0.26017822225558257
0.18836555724078635,0.21136481243979685,0.21276251194183168,0.3875071183775851
0.2566746708164706,0.271138784543227,0.2133205703428669,0.25886597429743546
0.08400644477787514,0.14455615747952813,0.12711211547319395,0.6443252822694029
0.3501869483217134,0.29993932824924474,0.21811801474507403,0.1317557086839678
0.3929336488006093,0.23404869293491448,0.24509853437171883,0.12791912389275742
0.2847454825192307,0.20990458617167368,0.22538087762891046,0.2799690536801852
0.21492352169832413,0.21826545857992571,0.19771677298041343,0.3690942467413368
0.2626429661023976,0.2613203986627279,0.21096404073752636,0.26507259449734805
0.13477227997147886,0.1840386362366711,0.16714497509383738,0.5140441086980126
0.23127688633309654,0.27184784537469264,0.1965802543677434,0.3002950139244675
0.19503977629669095,0.2455284556432912,0.20183069181513225,0.35760107624488563
0.170065865635992,0.22709430595898145,0.2208352742804118,0.3820045541246147
0.18575605252537586,0.23713211827392516,0.21577513180954294,0.36133669739115604
0.19385482670587742,0.25574288602410605,0.19796589244161636,0.35243639482840017
0.0354414358723072,0.09670258196017649,0.08402911664810488,0.7838268655194114
0.34471303991156854,0.3208965580564827,0.20403534545928664,0.13035505657266203
0.3951488964355667,0.24215914825587057,0.23895886238768413,0.12373309292087867
0.21970901706984136,0.184526923794594,0.19988517791795427,0.3958788812176104
0.29874870605704457,0.2598668736614172,0.21481329355617873,0.22657112672535956
0.3125736212528712,0.24724751158796454,0.22254189132769886,0.21763697583146538
0.12116188297445653,0.1643097103384933,0.160644078796389,0.5538843278906612
0.2995886314107134,0.29173697463926274,0.21789092913310998,0.19078346481691397
0.14416570378042978,0.2015516226517062,0.1777629421529007,0.47651973141496323
0.16393922686916015,0.24288089745235464,0.20365011466863409,0.3895297610098512
0.16036792376033787,0.2250469066023562,0.2000942711294504,0.41449089850785553
0.263149700035739,0.28475951563175483,0.22581758999185556,0.2262731943406506
0.05802911001759867,0.11712012355402533,0.1141121198936801,0.710738646534696
0.3196367875763734,0.3099308719073746,0.21076693631043888,0.15966540420581304
0.3277297878722014,0.24302070937602818,0.21941467689499436,0.20983482585677607
0.27809643600936795,0.22202878879738294,0.20381828256326825,0.29605649262998074
0.3359737611810333,0.23951513335042257,0.22432770019815468,0.20018340527038955
0.4052161330691008,0.236256401487373,0.2440016742064682,0.11452579123705793
0.1683439243889397,0.17814607786835723,0.19202081492779838,0.4614891828149047
0.15692402375691966,0.23132757982713714,0.18221910914177236,0.4295292872741707
0.15498976580940105,0.24549171800744643,0.18385240479422976,0.4156661113889227
0.15172277301830564,0.22679885625280577,0.19913380368727715,0.42234456704161144
0.2341865840047967,0.2621418421325654,0.22857403303383506,0.27509754082880283
0.2419729106092552,0.24698190772428774,0.21600586871200803,0.2950393129544491
0.10238670455040287,0.16438110813447024,0.13539792009586132,0.5978342672192655
0.3639668356160589,0.2958942275105811,0.22257637235772554,0.11756256451563434
0.40611488383120614,0.22306158266748788,0.2553782164149427,0.11544531708636319
0.370898949368761,0.2149999580498923,0.24234749617434798,0.17175359640699878
0.1679245871667107,0.1859347129755134,0.16968988222063425,0.47645081763714164
