0.2821966830365327,0.23227743705710902,0.22366586746389638,0.2618600124424619
0.2791939663915921,0.23524816847918256,0.22878621727201806,0.25677164785720724
0.28361395669767475,0.22779984279378102,0.23674343851475793,0.25184276199378636
0.28242399539444335,0.23069730576384628,0.23045131767689137,0.256427381164819
0.28107511499478816,0.23230115618923086,0.23278744373727014,0.2538362850787108
0.28358311770342937,0.23178160779772544,0.23236748713240918,0.2522677873664359
0.27816681250464115,0.2369893466579735,0.22646475805130944,0.25837908278607585
0.2811944921857553,0.2283677242043711,0.2343954228513986,0.25604236075847503
0.28328200468954023,0.2311558278988403,0.23067264805937795,0.2548895193522415
0.2805012113242419,0.22901372771815068,0.2331827885686184,0.257302272388989
0.277293655459261,0.241996120787019,0.2231696655440428,0.25754055820967725
0.28245082044894776,0.231090330630278,0.24059138624611734,0.2458674626746568
0.27747872865051704,0.23733311693483536,0.22242537392988934,0.26276278048475826
0.2795049887570823,0.23137819628895623,0.2331175411091998,0.2559992738447617
0.28226345785774576,0.23215730880505184,0.23039690573691632,0.25518232760028603
0.2828713690918581,0.22695871583252325,0.23520944143074873,0.25496047364486984
0.2795255961134555,0.23713831362639826,0.22423968554789275,0.2590964047122533
0.2852401833026431,0.22479167733782077,0.2406476426292742,0.24932049673026188
0.28081714173484285,0.23245682102308934,0.22443482981929463,0.2622912074227732
0.28524341697324923,0.2217125509531266,0.24124047973758217,0.25180355233604207
0.28461487362431526,0.23090664431789967,0.22835901315739213,0.25611946890039283
0.28224057003782327,0.22898767059435185,0.239106218971201,0.24966554039662403
0.28102753137135955,0.2394458028167652,0.226878205701557,0.25264846011031833
0.28403837812861277,0.22938884738419837,0.24077717932752934,0.24579559515965954
0.27650465358096127,0.23882494893764797,0.21949500530719887,0.26517539217419195
0.2810453607595126,0.23011247416614775,0.23666562278057512,0.2521765422937645
0.2828510116935369,0.23035262592485461,0.2300984197822501,0.2566979425993584
0.2789849523145578,0.23067753950230702,0.22820353762543544,0.26213397055769977
0.2749919422120868,0.24363679722192824,0.22203936103893365,0.2593318995270513
0.28491127490385515,0.2248110064688717,0.24627383354460516,0.24400388508266802
0.2751133036983512,0.24107969323007575,0.21596901720864115,0.2678379858629319
0.27665764949421817,0.23326343716726344,0.2339150249979453,0.256163888340573
0.27739646996721884,0.24141587973802436,0.2231485628065035,0.25803908748825327
0.27720964057853736,0.23160354345717746,0.23624056300077262,0.25494625296351253
0.27320894401065643,0.24401711975970133,0.21688055118249916,0.2658933850471431
0.27632993013054385,0.23776527644787762,0.23418424941695715,0.2517205440046214
0.2734179693503521,0.2404961250946775,0.22177870181143525,0.2643072037435351
0.27577158397842966,0.2354543718351022,0.22886459992951058,0.25990944425695756
0.2749233247682791,0.23885388777734654,0.22348540704507,0.26273738040930444
0.27735764583491834,0.2333363117372674,0.2318381165426476,0.25746792588516665
0.2773203540988625,0.23968263689009686,0.22566369524027172,0.25733331377076896
0.2799219739112658,0.22953742422241621,0.23421463136856396,0.25632597049775396
0.2719244969880785,0.2443958555240473,0.21355396047695166,0.2701256870109225
0.2808529223023334,0.2244860188174389,0.24195489256408895,0.25270616631613874
0.2814297212505414,0.2313405997350954,0.22552198440233978,0.2617076946120235
0.27732695145393793,0.23242113034777545,0.23294585663882908,0.2573060615594575
0.2732134085312216,0.2507427526893094,0.21886605277887172,0.25717778600059743
0.27947348812907113,0.2335806662380982,0.24299057997176482,0.24395526566106576
0.27374124422111945,0.24085462156284979,0.21735692425679226,0.2680472099592384
0.2769080800808176,0.23221800254401742,0.23129566421358722,0.2595782531615779
0.2794868701759014,0.2333247840732733,0.22707490189541302,0.26011344385541235
0.2799537800486036,0.2287159575359632,0.23237619174848972,0.25895407066694354
0.27456825259581397,0.24303532396882804,0.21949250254997518,0.2629039208853828
0.2819217036032354,0.22833510317330885,0.2413691215973762,0.24837407162607955
0.2775004350043004,0.23667484519299462,0.2206671200669595,0.2651575997357456
0.27816480865017235,0.23020332481541245,0.2332272782142103,0.25840458832020496
0.2788613955060518,0.23789868880939954,0.22553303331389712,0.2577068823706516
0.2783339988872965,0.23480959816411728,0.23590662318484512,0.25094977976374117
0.2743685955465991,0.2448907334024494,0.22150138620661108,0.2592392848443404
0.27694216341287414,0.23691142799108575,0.23300516674181332,0.2531412418542268
0.2734315933399754,0.23969530807812653,0.22038523427999313,0.2664878643019051
0.2788455421618007,0.22825252887935743,0.23287064914300765,0.2600312798158342
0.27950681281583706,0.23309341459013563,0.22594079620405363,0.2614589763899736
0.2784760313207091,0.23122795861104065,0.23108083281465622,0.259215177253594
0.27364128154517253,0.2474224002169976,0.21995853822846095,0.2589777800093689
0.28249313226385964,0.225533129615785,0.24511018298847873,0.24686355513187663
0.273102272386829,0.24350571060048934,0.2119080150324775,0.2714840019802042
0.27819680868333435,0.22917282971281056,0.23943019343895197,0.25320016816490326
0.28093341275386335,0.2372307407087224,0.22549738571992553,0.25633846081748857
0.27800141750159646,0.23282041137920648,0.23490327789921459,0.2542748932199824
0.27328625716697325,0.24766835614931335,0.217288117282795,0.26175726940091826
0.28248980615745267,0.2261780027891945,0.24414688629686973,0.2471853047564831
0.2763390633127193,0.23463532258058198,0.21771885679153757,0.27130675731516124
0.28309951841095415,0.2234532045139277,0.23888603048177848,0.2545612465933397
0.2852316039602089,0.23007645180585,0.229311266191426,0.255380678042515
0.2810077288344469,0.22821812841274658,0.2352786173031504,0.25549552544965604
0.2792458640891051,0.24157918142071,0.22422297974330174,0.254951974746883
0.2879800724605453,0.22143440431809477,0.24901367338904384,0.24157184983231605
0.2771803766549788,0.23658642915647923,0.21641833802435675,0.26981485616418516
0.28183100789035537,0.228049720082808,0.23936909853876814,0.2507501734880684
0.28255822743460624,0.2360155612551286,0.22794822633712997,0.2534779849731352
0.2803043165470593,0.2285922456732697,0.23719360813552615,0.25390982964414494
0.2746303481624229,0.2470491132242524,0.21676861794634117,0.2615519206669835
0.2826531196690312,0.22703603207449602,0.24604840197907527,0.24426244627739746
0.2752022364056157,0.2402932234093402,0.21614524181037628,0.26835929837466777
0.2799336210181583,0.22909180160107098,0.23798070090711956,0.25299387647365124
0.27964878954136957,0.2367632055127279,0.22338582978092825,0.2602021751649742
0.27903343527433633,0.2303034914682008,0.2354688164668507,0.25519425679061225
0.28035019389906257,0.23697100279897354,0.2264441911686017,0.25623461213336207
0.2858977868011707,0.22328534305916606,0.24121077919361955,0.2496060909460438
0.27386929757306483,0.24161461113190993,0.21390254118756724,0.270613550107458
0.28409945598086556,0.22350854254845492,0.2455143965807469,0.2468776048899326
0.2843020755117542,0.23130353655648686,0.22777406557359037,0.2566203223581687
0.2795548288842307,0.22770014436552038,0.2363927977008844,0.25635222904936444
0.27711634135793,0.24631474391996622,0.2192977807853524,0.2572711339367515
0.281947023572265,0.23020469655291884,0.2455235003874812,0.24232477948733502
0.27638808592770275,0.23594989508414801,0.21825505466316697,0.2694069643249822
0.27679289721132705,0.23736831499528216,0.22973714082123575,0.256101646972155
0.2824401585802603,0.2295773629679615,0.23599215984927632,0.251990318602502
0.2788147751482003,0.2359957787079582,0.2260343039231972,0.25915514222064423
0.2759333599115215,0.23950030755410823,0.22629972822904654,0.25826660430532367
0.2808076204973258,0.23005334108891165,0.23286987525532263,0.2562691631584399
0.27761493776882606,0.23274013103491567,0.22548793274412382,0.2641569984521344
0.2831247227121203,0.2224732279091493,0.2360031055733573,0.25839894380537315
0.2785772874893933,0.23944979111847087,0.22309864523372402,0.25887427615841185
0.27759915683140846,0.23441752215083847,0.23765947495240788,0.2503238460653451
0.27536589690350277,0.24704584463235518,0.22041969100706937,0.2571685674570727
0.2761534540945652,0.23524986185494376,0.23571572081019018,0.25288096324030085
0.2735410389557729,0.23987237448842036,0.21864947433295054,0.26793711222285616
0.27866690441977937,0.23332442975457918,0.2343320773975308,0.2536765884281105
0.27645018835705504,0.2358827049343112,0.22370023854299367,0.2639668681656401
0.27267107300236165,0.24205221392391105,0.22201471958161786,0.26326199349210944
0.27714619829862047,0.23702424984697593,0.23191492662382818,0.2539146252305756
0.2816345139699439,0.2269958144619887,0.2338226859215408,0.2575469856465266
0.27299703823594934,0.2397802642144852,0.21585603626365463,0.27136666128591086
0.2776052389064093,0.23325757529679597,0.23309425455070437,0.2560429312460904
0.27844002971829807,0.23837389785774235,0.228616054555848,0.2545700178681117
0.2767387919704617,0.23422896355537773,0.23261689097293753,0.2564153535012231
0.27163904064949596,0.24950695459986538,0.21644928882974532,0.26240471592089326
0.2745380597508567,0.23800374308717798,0.23455250462420424,0.2529056925377611
0.27471788204884334,0.23710556195432714,0.22282260614195568,0.2653539498548737
0.27666147985150014,0.2342060482079116,0.22873506707062333,0.260397404869965
0.2764825969974438,0.23495355390301662,0.2247780857560309,0.2637857633435087
0.274280276058525,0.24052511817865538,0.22443404290887095,0.2607605628539486
0.2791085695477328,0.2347359585196095,0.23466287599219882,0.25149259594045886
0.28158059901418125,0.22821440513867308,0.23028059817135987,0.2599243976757858
0.2697652768341248,0.24491485539530325,0.21175522070753838,0.2735646470630335
0.2802200940792792,0.22973833352824494,0.2415513997775385,0.24849017261493742
0.28466794512777804,0.22999013895960183,0.23281462763366886,0.25252728827895127
0.26978932239148046,0.24362418870707087,0.21829984417937215,0.2682866447220765
0.27044178838093497,0.2526000181718056,0.2220317510151904,0.2549264424320691
0.28138760393147033,0.2297929178285415,0.24564150933762946,0.24317796890235868
0.2715475075703221,0.23909376050908884,0.2136903757331389,0.27566835618745006
0.27514977681418945,0.23735164984047952,0.22709669522959106,0.26040187811574
0.28278729211098486,0.2332391891937117,0.23510196845434067,0.2488715502409628
0.28414794260139997,0.22334812032218856,0.23667520759511082,0.2558287294813006
0.28403506544659407,0.23367521747200218,0.22421070562679823,0.25807901145460543
0.28974038128170415,0.2169778018831634,0.24369180642238972,0.24959001041274273
0.28776705369063715,0.21728934951364115,0.22972754756751024,0.2652160492282115
0.2947547587478103,0.20832602000915806,0.2500503725144853,0.2468688487285463
0.3046533934876057,0.20186597047667426,0.2531466450577487,0.24033399097797134
0.29704060857435444,0.2118506279239826,0.24579130496137006,0.2453174585402929
0.29599778584187086,0.22571249314033748,0.24311740544971155,0.23517231556808008
0.30322353762222215,0.21533599865921213,0.25445498345512607,0.22698548026343962
0.29304887569603316,0.21788397478623092,0.23897063455457745,0.2500965149631585
0.29492640882678445,0.21691361988823446,0.24230078989204115,0.2458591813929399
0.29413910905694607,0.2254794482890336,0.2368301345394427,0.24355130811457765
0.2890290320987612,0.2212657523340339,0.24405156209108506,0.2456536534761199
0.29168047546605336,0.22873376453359584,0.23305441707336177,0.24653134292698908
0.29162126177106695,0.22006509639681487,0.2439935747092008,0.24432006712291726
0.28328312525929644,0.22872543147414906,0.2251846907422751,0.2628067525242794
0.29022721381567834,0.22245272016510784,0.24439902930183097,0.242921036717383
0.28809278923066656,0.22422722402976838,0.23552926063738758,0.2521507261021775
0.2823355374350867,0.23051422685446943,0.23388369546934543,0.2532665402410984
0.28556659311927557,0.23488378522095008,0.23438008693371504,0.24516953472605918
0.2831293764648541,0.23143240272471588,0.23492192620199626,0.25051629460843383
0.27696584093730736,0.23793209310191724,0.223705983753728,0.26139608220704746
0.28516909174740734,0.2277057201945462,0.23989617503644248,0.24722901302160413
0.28069563653886925,0.23338027335238365,0.22669894270206895,0.2592251474066782
0.27891287892849487,0.23145410056172874,0.22984154559398118,0.25979147491579524
0.2797169324525692,0.23965979179183358,0.2263083893296971,0.25431488642590006
0.2848692008169088,0.2200110323393086,0.2435483834460732,0.25157138339770935
0.2762982979258154,0.23720245285270233,0.21339601970273733,0.27310322951874494
0.2801709949378313,0.2307592396809491,0.24089270267628646,0.24817706270493317
0.2826652060307008,0.23429225241167906,0.23169356257469145,0.2513489789829286
0.27856154630948543,0.23662495418833554,0.23271053475724293,0.25210296474493604
0.27390864329139536,0.24629770902892983,0.22071064453000386,0.25908300314967103
0.27803741064061344,0.235062603485312,0.23535368481934604,0.2515463010547285
0.27889487960612724,0.2292077607249947,0.22723401642284655,0.2646633432460316
0.2796010832020888,0.22915621112032583,0.22667260422584853,0.26457010145173687
0.27983675632173405,0.2327146780409045,0.22941403891179912,0.25803452672556226
0.2818461701856995,0.23177294271036372,0.23493129073250946,0.2514495963714273
0.2822454287510835,0.234738680169442,0.2315266095183574,0.2514892815611171
0.28244299662004224,0.22846295102478886,0.23262335797829334,0.25647069437687553
0.2766408921363185,0.23626088359208988,0.2196379893520719,0.2674602349195197
0.2832717862109757,0.22555726150410776,0.2419868435568325,0.24918410872808408
0.28828620628182516,0.2243283574691279,0.23752236296952703,0.24986307327951987
0.27683795761573843,0.239862671858218,0.22442653246647506,0.2588728380595685
0.27522073294006516,0.24566011602157165,0.22629822825446289,0.2528209227839003
0.2817997819534856,0.23091014617087058,0.23899027220537186,0.24829979967027208
0.27991566773323173,0.2267789998132251,0.22804874213266685,0.2652565903208763
0.28348761364745684,0.22572214109581928,0.23042567164149014,0.26036457361523374
0.28177396353276063,0.2346631326786498,0.2292625893185786,0.254300314470011
0.2826486549875746,0.22756745570027467,0.23703842150544754,0.25274546780670315
0.28150967448008796,0.2384998998338252,0.22585796108815828,0.25413246459792854
0.2875107743645797,0.21715110642805968,0.24648994450232245,0.24884817470503814
0.27884174643455023,0.2352127957365358,0.21568816928472453,0.27025728854418957
0.28452018431863185,0.22434897614641244,0.2473366255366807,0.24379421399827503
0.28681475698802905,0.2310700103047146,0.231135736283759,0.25097949642349726
0.2818573653704588,0.23132807526820823,0.23640169915359738,0.25041286020773557
0.2775030003398425,0.2428703666639176,0.22150072674083424,0.25812590625540566
0.28433731676454516,0.22765448314000752,0.2437981307945099,0.2442100693009374
0.2827396094872251,0.22662833152727788,0.2280657250264982,0.26256633395899875
0.28268777242226334,0.22871102334331217,0.23093107665318766,0.2576701275812369
0.2831720939766164,0.23203136986939898,0.23139789072601133,0.25339864542797336
0.2846924164648991,0.22698913203703494,0.23719466930177777,0.25112378219628817
0.2847226963001412,0.22994708704338263,0.232164771004402,0.2531654456520741
0.28829037979603456,0.22086730513277092,0.23952941573517147,0.251312899336023
0.2802475855332756,0.2341166372068918,0.2219773576312921,0.2636584196285405
0.2846037033078903,0.22577206636735422,0.24378454420340243,0.24583968612135304
0.28874463383939186,0.2277682273731329,0.23618038073927475,0.24730675804820043
0.2818133762436491,0.2313752596558856,0.2332767510476478,0.25353461305281744
0.2772684564255406,0.24370119532190873,0.2226949126198773,0.2563354356326733
0.28425798036594846,0.2288197988016909,0.2429387657025984,0.24398345512976213
0.2809414434448034,0.22984316670334126,0.22668985079886902,0.2625255390529863
0.28303354245790624,0.2276148888864727,0.2329045607402432,0.25644700791537783
0.28409837265636806,0.23134703743196902,0.2303738559877215,0.25418073392394147
0.2835261585352683,0.22729792150560166,0.23621300737590506,0.2529629125832249
0.28723532519781964,0.22756916029782612,0.23420848929180935,0.25098702521254496
0.29019159685811297,0.21888073856837395,0.23964399768397093,0.25128366688954207
0.28103838668628983,0.23012978180361102,0.22288720550237867,0.26594462600772045
0.28784382368506045,0.22362996200409274,0.24613033381987826,0.24239588049096863
0.2932578698828805,0.22036845812081293,0.24276573928685533,0.24360793270945114
0.2803135676605941,0.23325973783200238,0.22856776183572014,0.25785893267168336
0.2801604387474482,0.2421372023373926,0.22994291755685214,0.24775944135830705
0.28678163481493246,0.2284872038675081,0.24367967981687544,0.24105148150068406
0.2782436345059959,0.23373455383310549,0.22389889968810256,0.264122911972796
0.283056863828807,0.22936842810059158,0.23358553071715346,0.2539891773534479
0.283535203842803,0.23292792410716104,0.22975406092364697,0.253782811126389
0.2820411045718349,0.2243467872819226,0.23498642764996405,0.25862568049627843
0.2845269648244998,0.23284656528619285,0.22810470736634056,0.2545217625229668
0.2913747871580778,0.21468719563948682,0.2484145202668684,0.24552349693556705
0.2804804097781108,0.23232226762767116,0.21795237640589837,0.2692449461883196
0.28614373823458983,0.22453257500904508,0.24663282035591896,0.24269086640044613
0.2903051179233962,0.22501157530381208,0.23712977923456033,0.24755352753823145
0.2822550350074885,0.2281586824050531,0.235273266754215,0.2543130158332434
0.2785805544334277,0.24347785174179076,0.22477605979937426,0.25316553402540726
0.286700009180053,0.22997814523377055,0.2473462454850948,0.23597560010108154
0.27870902886638044,0.23734690082486987,0.22263852702824724,0.26130554328050243
0.2787932400420189,0.23450256393936933,0.23018754313887999,0.25651665287973174
0.2829620883694173,0.2298611444221589,0.23158870749124805,0.25558805971717574
0.2837305785172836,0.2215208591423705,0.23475254287676428,0.2599960194635816
0.28533705793126307,0.22494477948590252,0.23066046600362985,0.2590576965792045
0.28925798661092345,0.22164613606809383,0.23962915870884524,0.2494667186121375
0.28148247019542183,0.23183997321560476,0.22743238536280377,0.2592451712261695
0.2858060655947164,0.22710658726628027,0.24259191685064538,0.2444954302883579
0.28845047366361737,0.22890434704164223,0.2394736928401125,0.24317148645462794
0.2847389088781794,0.22749816767587838,0.23664313880905255,0.25111978463688966
0.27543466175366393,0.24813453954735598,0.21645504089048517,0.259975757808495
0.2808389750473333,0.2299890480992544,0.2425784907145061,0.24659348613890622
0.2817496311653029,0.2314332241453879,0.22781826276459538,0.2589988819247138
0.28629934338728924,0.2205655535226868,0.2395732065171879,0.253561896572836
