0.3116763117603197,0.24204553662506284,0.2063377546076131,0.23994039700700442
0.3110482253216013,0.22142127327886574,0.22756853537128444,0.2399619660282487
0.3174886190713625,0.2088787845772213,0.23878833246696132,0.2348442638844548
0.3176940803283084,0.25304048876150076,0.18043019745622058,0.24883523345397027
0.3096961057776877,0.23570867901123843,0.21736105595427682,0.23723415925679697
0.320737657325832,0.21510558943141156,0.2306302979339452,0.2335264553088113
0.3261722793676641,0.21841650566732324,0.22355193601455078,0.23185927895046204
0.30911663035568704,0.20988589984335407,0.24069227236531723,0.24030519743564166
0.32898806063236186,0.23131506748605962,0.20420502711693359,0.23549184476464494
0.31387093965317236,0.24946151046160572,0.19265897933706966,0.24400857054815225
0.3123052984827249,0.2470258607664583,0.19891728165137898,0.24175155909943782
0.32014485870897824,0.20010849475641243,0.2565710633193886,0.22317558321522066
0.3327482165034994,0.2269809469747767,0.20303400094751234,0.23723683557421155
0.3070098231236759,0.22245326450927272,0.22932437843398404,0.24121253393306735
0.3206967880805965,0.23155333570170428,0.20734343578642006,0.24040644043127915
0.3077566794549016,0.24544028421513567,0.1980266391986646,0.24877639713129815
0.3099954346843804,0.23295470828680634,0.21697263961927002,0.24007721740954333
0.3024650603952201,0.19596382693128098,0.2637964594240152,0.23777465324948363
0.32296485767030036,0.22925588729918053,0.20329253101893016,0.24448672401158889
0.29743165596939997,0.21441926899689412,0.24316875190554502,0.24498032312816093
0.32195358298086807,0.25022329418751704,0.1825507366375676,0.2452723861940473
0.3052866808042474,0.2429438700418994,0.2075045267252539,0.2442649224285993
0.31784008573075123,0.23400635351091306,0.21019873057533758,0.2379548301829983
0.32586551846464534,0.19679783190244843,0.2576192150457449,0.21971743458716136
0.3291768952166777,0.232882570138381,0.19641146003297846,0.24152907461196274
0.30478355621440895,0.21690733766665773,0.24014163446981696,0.23816747164911628
0.33350259246603237,0.22113833810933306,0.21514050794563092,0.2302185614790037
0.3154558913529242,0.2465356988154135,0.1933141589577386,0.24469425087392377
0.31288789870046557,0.23690753003977422,0.21197183281416312,0.23823273844559711
0.32234786998970366,0.19674423281423664,0.2574072446003692,0.22350065259569055
0.33141245589702495,0.2563894953984641,0.16979888308698923,0.24239916561752173
0.3093267800668902,0.2117710340793921,0.25157489317586446,0.22732729267785332
0.3349131815084822,0.23077693306600433,0.19820872627641037,0.23610115914910307
0.32578878137051454,0.22714029137202246,0.21974079022455587,0.22733013703290716
0.32202654582869245,0.25334300697387074,0.18223258073826526,0.24239786645917152
0.32240222524378964,0.2170469718494814,0.23662919109796723,0.2239216118087616
0.3332758545405423,0.22709821756275966,0.20676191196905525,0.23286401592764278
0.3247873225887592,0.21813738445019576,0.2293829207091995,0.22769237225184547
0.3286192944683249,0.2335832631388052,0.2018037004456957,0.23599374194717418
0.3096358836500502,0.254373586895025,0.18808062976166243,0.2479098996932625
0.3172399174384067,0.24141966472107432,0.20607978010004185,0.23526063774047729
0.3226728438279506,0.20246159824124904,0.25046750846703886,0.22439804946376155
0.32981146966079744,0.22349959466120828,0.21078536081382068,0.23590357486417357
0.30421455746361104,0.19871965701185648,0.26178739178817345,0.23527839373635895
0.3294400544952954,0.2575138100536042,0.16863228413265272,0.24441385131844767
0.3066588946282859,0.2647353791646093,0.185143923705399,0.24346180250170585
0.3122859115905104,0.2520006021604178,0.19310583051468033,0.24260765573439144
0.32621331733404274,0.18728523336846675,0.2753847867884929,0.2111166625089976
0.3416149054016361,0.22181153436687226,0.20195921354915794,0.23461434668233366
0.3109116392328291,0.22178517414754542,0.23050610702794946,0.23679707959167612
0.3254289235567056,0.2337154113102601,0.20304758930462435,0.23780807582841001
0.3134918992541668,0.24695430597450888,0.19610686371510047,0.24344693105622392
0.31256222818090706,0.24801022149574936,0.19732313149373784,0.24210441882960565
0.3139157619745186,0.191587421078963,0.2722425399293181,0.22225427701720038
0.33871727293371495,0.22848583445850298,0.19629195941168417,0.23650493319609786
0.31631102327024513,0.22176110108859684,0.23025776201932766,0.2316701136218303
0.32427557002034996,0.24903027960934024,0.1842837968652144,0.24241035350509552
0.3152751666352621,0.2510351157233636,0.19529476416377717,0.23839495347759704
0.319911886538684,0.2420494079923057,0.20150974631680965,0.23652895915220062
0.32633336525907236,0.19699849913530373,0.2589624068249788,0.2177057287806451
0.33620529729840753,0.21145620289991554,0.2216382857126636,0.23070021408901326
0.313939492847236,0.2226122487075344,0.22300227686216004,0.2404459815830695
0.3252922126384321,0.24534582286886525,0.19190503955120267,0.23745692494149992
0.30730606582597586,0.2587969794052018,0.18519679796345134,0.248700156805371
0.3148464673766508,0.23994685883124625,0.20912438265309904,0.2360822911390038
0.3227938282492236,0.18107208583905193,0.28182109958635515,0.21431298632536946
0.3372240843238892,0.24537099168044518,0.17420531556060276,0.24319960843506294
0.30250391595953824,0.2200197878533909,0.24089168675434003,0.23658460943273069
0.32523053842394767,0.25446894990016405,0.17592228595673107,0.24437822571915715
0.309361509969103,0.25305509679256893,0.1960809285287306,0.24150246470959752
0.3135644540716397,0.2265536562747248,0.2232500312454563,0.23663185840817927
0.31532566777341065,0.1799461377938096,0.2833707950364084,0.2213573993963714
0.32787148532742244,0.23940087458462045,0.1832682684877788,0.2494593716001783
0.2876572706907653,0.22716559846865267,0.23290889571563195,0.25226823512494995
0.3217760431249935,0.24719202024127324,0.18849230549812493,0.24253963113560825
0.3009398300638528,0.2458204767683671,0.20297565064165748,0.2502640425261226
0.3100014189602408,0.22148926141643915,0.23123737161798918,0.2372719480053308
0.31998073240802866,0.18727427911863076,0.2683525415980243,0.22439244687531623
0.3296844622558738,0.25164982096361566,0.17341469841187132,0.2452510183686392
0.2951843305104391,0.2179914566976619,0.24549418696281644,0.24133002582908264
0.33099572316527515,0.2377106052109389,0.1937298608620871,0.23756381076169888
0.31488262145531815,0.23487744775278566,0.21284998766010513,0.23738994313179101
0.31984815012293294,0.24086248559866216,0.2000214929279014,0.23926787135050354
0.3184368539774725,0.19299226905752176,0.26745720124785405,0.2211136757171517
0.3297955146663077,0.2514681877917221,0.17250056008022394,0.2462357374617462
0.3043922853635883,0.21196553237896465,0.2525274962634496,0.23111468599399743
0.33004526114705207,0.23388828275505658,0.19543518025347428,0.24063127584441707
0.30211608525387484,0.24762843681615435,0.19970541387951382,0.2505500640504571
0.3138170016975556,0.22663204212548468,0.2237865534366531,0.2357644027403067
0.3207350447317939,0.20192380616888475,0.24763375019727896,0.2297073989020425
0.32272836007850747,0.2444882973803125,0.1881996198220824,0.24458372271909765
0.28525392217596857,0.19642994822018503,0.2755686415103679,0.24274748809347854
0.3314928759529776,0.2520174660732281,0.17158701808818858,0.2449026398856057
0.30691687550895347,0.24453310181681598,0.20862276398857857,0.23992725868565198
0.3141487561045515,0.24743273560606535,0.19355301126203622,0.24486549702734692
0.32715618371212785,0.18264549894110196,0.28328920572824523,0.206909111618525
0.3367699912883162,0.23209029592802152,0.18769782699880505,0.2434418857848573
0.31217977692596693,0.2334118515065354,0.21912616481862068,0.23528220674887693
0.3213516680198004,0.2319384958191639,0.20715767754536277,0.23955215861567283
0.31353880829063935,0.2659514082990085,0.17454128145054595,0.24596850195980635
0.3117732119601339,0.2063678255029217,0.2571637547004713,0.22469520783647318
0.32115833910403957,0.19226552972127672,0.2533153865773152,0.2332607445973684
0.3310799829176641,0.22082477990464563,0.21544494360954902,0.2326502935681413
0.313196253575154,0.22875675136759732,0.21556005998119102,0.24248693507605776
0.31401769283106196,0.2778745958302326,0.16059955817819546,0.24750815316050992
0.3112279669847986,0.22841545011274855,0.22831480014180647,0.23204178276064644
0.3330778800972541,0.22461129550075185,0.2121690432946531,0.23014178110734085
0.33397073510771236,0.1958746330636642,0.25617548724786804,0.21397914458075537
0.3288805464694187,0.2416232521772248,0.18561552783265226,0.2438806735207041
0.3207430973847405,0.22663379113763263,0.22524698017445577,0.22737613130317116
0.327402304812726,0.24159683107971208,0.19267957115529763,0.23832129295226423
0.31113681057626874,0.247229022655814,0.19905471436086217,0.24257945240705514
0.3173825759625381,0.20519406914983063,0.2512126156354549,0.22621073925217636
0.33648048525573865,0.2108793100412829,0.22433175525233118,0.22830844945064724
0.32655348766448933,0.2464700887343635,0.19032191214022529,0.23665451146092187
0.31173587631199257,0.21934749033726217,0.23362487509430707,0.23529175825643808
0.3283893412203805,0.24786946568472104,0.1848609157872785,0.23888027730762
0.32052906481654503,0.24147137601597746,0.20528092924768024,0.2327186299197973
0.3231076476878361,0.24282638888533978,0.1972761840526986,0.23678977937412543
0.3270877133963219,0.19671192301078444,0.26022352268115023,0.2159768409117434
0.3334646095031435,0.22936564135267803,0.1982403781771815,0.23892937096699707
0.3239879760172378,0.2282541286226154,0.21967037708138004,0.22808751827876692
0.32450488422776325,0.23619254893334338,0.2010315841408346,0.23827098269805871
0.30638554113026817,0.2655271356487698,0.17690769369471004,0.25117962952625195
0.3164461987277943,0.20618833548198115,0.2558691389044318,0.22149632688579268
0.34294313026815065,0.19790290255120055,0.23817733795060184,0.22097662923004682
0.32252599923537045,0.2517378446010453,0.18161967049859287,0.2441164856649913
0.30219822012963926,0.20411673385779247,0.26133794634560564,0.23234709966696263
0.33744708894364417,0.24610903425389238,0.1785779605334809,0.2378659162689825
0.3075342953742469,0.28080520844502416,0.16622401407647325,0.24543648210425573
0.3063575663734146,0.21323756246954348,0.24894164519928585,0.23146322595775592
0.34553367204734764,0.1798225083348624,0.2662657516444043,0.20837806797338562
0.33577096793580474,0.24913278215106102,0.1739725752261029,0.24112367468703136
0.2950773824106631,0.23598126876330747,0.21928448130368483,0.24965686752234478
0.3127523541389824,0.24179069607938802,0.1971126679378096,0.24834428184382001
0.2930344613373344,0.26100602626758324,0.18352440300073172,0.2624351093943506
0.2807072500347441,0.22658402347735404,0.2365735948174581,0.25613513167044366
0.2557520551834213,0.1751299166493741,0.30556911501340234,0.2635489131538022
0.2447547668077401,0.22126952542362718,0.20920569166436265,0.32477001610427
0.20838818998089315,0.2454571565465704,0.20802093621046677,0.33813371726206964
0.26959716869596173,0.2634051871710382,0.19258092767725124,0.2744167164557488
0.2729810907616069,0.2734753266451763,0.17511232607366886,0.2784312565195478
0.25811144710080025,0.19723195361287138,0.28964766517391555,0.2550089341124127
0.2869970977029945,0.1858999566785757,0.26399851895811405,0.26310442666031575
0.3063440264948677,0.2369377745699505,0.20161562341801922,0.25510257551716253
0.2755031831287338,0.21814162565953232,0.2418763620209166,0.2644788291908173
0.3126321757476724,0.24502758441872455,0.1924914682457595,0.2498487715878436
0.2830844383987029,0.23180244026238067,0.22384692609611484,0.26126619524280165
0.30371970780218926,0.21037530795347562,0.2449002233937878,0.24100476085054737
0.3114381787753681,0.20148242930144414,0.24735919711206628,0.23972019481112147
0.3051196342666319,0.2337057723353593,0.20639005335822447,0.2547845400397844
0.2954576305461362,0.20293921442909865,0.2602839369721243,0.24131921805264078
0.3226950255659144,0.24782254023857456,0.18078697713371528,0.24869545706179583
0.3023609709892772,0.2525043779249708,0.19870000514960395,0.24643464593614806
0.31992325509527275,0.20687614535359405,0.2473292131569157,0.22587138639421733
0.3328081470784372,0.21257897505470885,0.22359362693825693,0.23101925092859693
0.3190540176811136,0.23057390145911255,0.21167218597997875,0.23869989487979526
0.31281605730520506,0.2156635086124083,0.2337341444525494,0.23778628962983714
0.3278453597092871,0.24359923070199146,0.19090408598799158,0.23765132360072985
0.29984122147356324,0.23498520096130865,0.21648065007880227,0.24869292748632577
0.31779638482052014,0.2157331704973932,0.2339611430745645,0.23250930160752203
0.324066351788899,0.1889293237118711,0.2644537459159155,0.22255057858331442
0.32684195690296053,0.25451337444752675,0.17128830553186264,0.24735636311765008
0.3035660899274134,0.22361671920509799,0.23574491378457857,0.23707227708291
0.32241100981878545,0.2577919758296138,0.1738583389902239,0.24593867536137684
0.31650145511268263,0.2456090517791855,0.20417903776547555,0.23371045534265641
0.31989719276737444,0.22276317678889845,0.223437224009933,0.233902406433794
0.3233790545167127,0.1884434818133116,0.26861042242036026,0.21956704124961557
0.33283924346145005,0.21165245348791042,0.22029526078424078,0.2352130422663987
0.3153935250276904,0.2413847203978711,0.19970771467227652,0.24351403990216192
0.30905592793779235,0.2518591488391048,0.19156519694135773,0.24751972628174498
0.3017505296525897,0.2566489760864857,0.18921875290020795,0.25238174136071667
0.31626773235970596,0.2196912064733907,0.23472182265549518,0.22931923851140817
0.3274874869364402,0.18208553386047943,0.273408248474978,0.2170187307281024
0.32308863352346723,0.22265492376922427,0.2069074806204837,0.2473489620868249
0.30213149666709743,0.2246347501363943,0.22732894983360089,0.2459048033629075
0.3164952078134213,0.27031530052409036,0.16513976699894056,0.24804972466354777
0.30354297438426436,0.27492102063833557,0.175009542695672,0.246526462281728
0.303628337746745,0.18957532391160137,0.28379446990762636,0.22300186843402728
0.3305587147424835,0.17948259012346224,0.26306172192657595,0.22689697320747823
0.32796788192221593,0.227865415908323,0.20400829246937807,0.24015840970008304
0.3007939991072322,0.25663853228399724,0.18725718377907005,0.25531028482970053
0.3111178702011823,0.24988552638254052,0.1975627060700987,0.2414338973461784
0.29434729205893484,0.2271892489015123,0.22452504003316312,0.25393841900638964
0.3171615377148206,0.2133018195561112,0.23731319310362883,0.23222344962543948
0.30875549117007645,0.18675218359066917,0.27091998765342823,0.23357233758582613
0.3209032003704495,0.25907417202936583,0.1670662439976422,0.2529563836025426
0.28687154727728187,0.22372482321241047,0.23997382540449416,0.24942980410581345
0.32047682576775954,0.2588222226859802,0.1737891164626664,0.24691183508359385
0.31278859174885165,0.22752795215364366,0.22767871719853838,0.2320047388989664
0.31537097831332517,0.21595122196876176,0.22886291376653717,0.23981488595137598
0.31421718834620427,0.19232057350889606,0.2643592155037939,0.2291030226411058
0.3243042112188415,0.2380907191957836,0.19032077546659165,0.2472842941187832
0.30193550282093873,0.24400182856701857,0.20659368127695446,0.24746898733508826
0.31023308997125354,0.22595114267780422,0.22192879665920964,0.24188697069173262
0.2999187686328916,0.23056199045306788,0.2144500982737665,0.25506914264027397
0.3103840282832144,0.22102158896089585,0.23087209927073185,0.23772228348515784
0.3136542422076068,0.19782633599347632,0.25486728642855644,0.23365213537036045
0.31928408338646047,0.24254190160515948,0.18924579071115274,0.24892822429722722
0.29159902548480415,0.2199455988152618,0.23954317164551908,0.24891220405441494
0.3246408742937543,0.2450582582705835,0.1887860268828678,0.24151484055279437
0.3139136879318244,0.24693659633750428,0.19964030102146457,0.23950941470920664
0.31222183683439675,0.21801344778287596,0.2340477419476984,0.23571697343502898
0.3189100778705923,0.18965323151395408,0.26418948860984026,0.22724720200561332
0.3251750366720492,0.23952306580769261,0.18861899502438115,0.24668290249587693
0.30065183456253214,0.23284695584821827,0.22096765938024177,0.2455335502090078
0.31243701420123693,0.23382918512056494,0.2075677199492171,0.24616608072898122
0.2905593456769667,0.2405531038071601,0.20718678250672173,0.2617007680091513
0.2977986097124034,0.21095406278195744,0.2503157759914971,0.24093155151414206
0.31445446065847693,0.1934758126623954,0.2568344176796203,0.23523530899950731
0.3044777600024049,0.24504296174357526,0.18900089260455366,0.26147838564946624
0.2809901696246195,0.21325557014003235,0.2534833852330028,0.2522708750023454
0.32767202162503284,0.23870581085661585,0.192670785875927,0.2409513816424244
0.3080823416261784,0.2689596851163828,0.17566132913362553,0.24729664412381333
0.3047262959344092,0.20233726067158442,0.2640168661430118,0.22891957725099452
0.33498722012499194,0.19362136960246273,0.24478840810286684,0.22660300216967855
0.3250977570805134,0.24680196448352287,0.18577833889141673,0.242321939544547
0.29527559179170165,0.22309431407371239,0.2345317946950817,0.24709829943950432
0.32491281603435723,0.22220065381591406,0.2176601811674238,0.23522634898230477
0.2876437889068047,0.23512456015861463,0.2105873669802447,0.26664428395433604
0.2983882404387126,0.2261223466400488,0.22929645502028106,0.2461929579009577
0.3034965938236065,0.19703648718713454,0.25893672266745105,0.24053019632180797
0.3131779593188002,0.2581388801899187,0.1729632949440909,0.25571986554719006
0.2749845208473706,0.2050798047152918,0.2703964204190709,0.24953925401826668
0.3346688390922712,0.22359419305551742,0.2055048886368732,0.23623207921533834
0.3154357337907965,0.24863502980423327,0.19413973006780777,0.2417895063371623
0.3095624401442094,0.24639342016944352,0.19917510746363054,0.24486903222271647
0.3223316002105073,0.20442383777842302,0.24941696354582973,0.2238275984652399
0.32839728872004775,0.2455215925812357,0.1834562966316156,0.2426248220671009
0.29676991525842666,0.2060397959687872,0.26109594755104304,0.2360943412217431
0.3155152012290034,0.1992049927249134,0.24406919399570554,0.24121061205037767
0.2971650109141576,0.23819788924707525,0.20114820650532145,0.26348889333344583
0.29685558706592396,0.23942937959933,0.21357434092884886,0.25014069240589715
0.30781556627566115,0.21488036320708623,0.23639473037134434,0.2409093401459083
0.3171152469621752,0.23047007974425035,0.20908319712534482,0.24333147616822967
0.2944547160919951,0.22129481488952668,0.2309688010863536,0.2532816679321246
0.32323777637069173,0.24668008138781275,0.19033863967006606,0.2397435025714294
0.3172081328239495,0.23879556899921267,0.20786747839279351,0.23612881978404435
0.32389052079246416,0.22021427634989182,0.22595814714888796,0.229937055708756
0.30423726060985135,0.193549050994423,0.26327213060168575,0.23894155779404005
0.3254070404068539,0.23675458332369803,0.19360717924781726,0.24423119702163085
