0.36906111161641497,0.20507268120281458,0.21057730751145537,0.21528889966931508
0.2819570240049023,0.24405285037080252,0.2575368261556529,0.2164532994686422
0.29167164822980746,0.2634599641418669,0.24068412666590167,0.20418426096242404
0.28656926829795115,0.2676175602678469,0.2424987609979606,0.20331441043624143
0.32503221354223455,0.25453659307766013,0.2317212195344841,0.18870997384562105
0.24057957162695304,0.27492957493536957,0.2581329369509283,0.22635791648674916
0.14128521363993055,0.2347305862183939,0.26203811224865375,0.3619460878930218
0.3867800299325292,0.20575736221748564,0.2076543867644167,0.19980822108556856
0.3298975421026259,0.26968567880832695,0.24164654538583474,0.15877023370321233
0.33601073793036,0.2651412333435862,0.23061547608528957,0.1682325526407643
0.34171006942615173,0.2636623612292206,0.2303080197359279,0.16431954960869996
0.10306453339544357,0.2792221881131688,0.27944275908012484,0.33827051941126285
0.3306153767754965,0.2070722426133991,0.21803124617208514,0.2442811344390193
0.39526075781543246,0.22292003357580065,0.2217432025027748,0.160076006105992
0.37665359758325007,0.2607436258741645,0.22554849395911364,0.1370542825834718
0.326617519786664,0.2654567358378336,0.23812981592184818,0.16979592845365432
0.34437293868280133,0.24728313674177532,0.2309190236035614,0.177424900971862
0.15149283703862423,0.26652474290998907,0.2725462976990214,0.30943612235236534
0.2601964971344714,0.22074310303691583,0.23513407274453982,0.283926327084073
0.34834066016639914,0.23584372770394088,0.2251402373254399,0.19067537480422023
0.28765210019446147,0.28494780922325114,0.2466235916660638,0.18077649891622372
0.12928351579808714,0.27743988431810096,0.26637023716437125,0.32690636271944057
0.250284601075303,0.24113600194380616,0.23620139772037851,0.2723779992605123
0.050989341320440154,0.22133746555534972,0.2574091016054347,0.4702640915187755
0.3800631940875534,0.16852890946561963,0.20550440644062257,0.24590349000620437
0.38573889640650577,0.22993048698777013,0.2302730991648943,0.1540575174408298
0.3699031830369368,0.26787662500365034,0.2255308876614271,0.13668930429798581
0.34733297120792894,0.2584822253985293,0.23171966020148368,0.1624651431920581
0.3354919971115662,0.2610470185847086,0.2337413236442075,0.16971966065951768
0.18770088722608694,0.30320760255462625,0.2671766114302709,0.24191489878901593
0.33706396569841834,0.23992549085492845,0.22099664248277165,0.20201390096388158
0.3856614512297109,0.2384953835020423,0.22082123385257751,0.1550219314156692
0.3176058967296912,0.28471969183122525,0.2416225369080959,0.15605187453098768
0.2954704282338837,0.2697989699748783,0.24154224431030602,0.19318835748093202
0.45435483048425107,0.23968700728329337,0.1903783806344991,0.11557978159795654
0.23215942963329397,0.29103963370362995,0.27526786991111174,0.20153306675196436
0.40476516277912217,0.2350319851539008,0.20494214720556655,0.15526070486141041
0.4196260074684587,0.24255310927475013,0.2135029625885177,0.1243179206682735
0.4157158079615885,0.25399534581629085,0.21275007640989346,0.1175387698122271
0.4187920403792708,0.25765263195181837,0.20891549869976445,0.11463982896914633
0.3999971644591292,0.2621373814431487,0.21614022050391565,0.12172523359380652
0.31845672155990407,0.2619474283965438,0.24472443777179936,0.17487141227175285
0.3472277170157426,0.22932311234620273,0.2330721278962023,0.19037704274185238
0.378498660623256,0.2530004505691625,0.219882031841977,0.1486188569656046
0.4096618055607512,0.274895117427336,0.20472487957557062,0.11071819743634204
0.3545423623873987,0.27768911436118204,0.22775094992584752,0.14001757332557166
0.31831701487196934,0.27825680365071476,0.23707750749474854,0.16634867398256728
0.04721728030106258,0.24804670885519942,0.2675360190691775,0.43719999177456054
0.43087932432411274,0.16949897459208743,0.1918172230277593,0.2078044780560405
0.4751589317682897,0.2102753859538864,0.20379759965728914,0.11076808262053466
0.44865556041788773,0.2545618796065637,0.20265370093263274,0.09412885904291572
0.39130311007778984,0.2660668256670238,0.2202595423078379,0.12237052194734854
0.3739205440392063,0.25719723834542596,0.2247715080606698,0.14411070955469785
0.19107672820846747,0.28989587643327713,0.2707512432819795,0.24827615207627599
0.3046146606779915,0.24375010951300782,0.2295935071009625,0.22204172270803813
0.3870617990414905,0.23948970376356055,0.2167249520522069,0.156723545142742
0.38453658045421346,0.27478855167943295,0.21716414825530925,0.12351071961104433
0.2464715098073846,0.29782448755659263,0.25944217194513064,0.196261830690892
0.38126351785783424,0.2461956626040789,0.2116775631150536,0.16086325642303337
0.2141777176321301,0.2627785916934862,0.2749872737970285,0.24805641687735533
0.3896569351404835,0.21088175869720607,0.213646358461884,0.18581494770042645
0.47046349542852534,0.22826553427444735,0.19524571109786557,0.10602525919916173
0.4394254332869104,0.26318305018212024,0.20261729005914278,0.09477422647182655
0.3828561754159735,0.2697119318272753,0.22159174749102345,0.12584014526572784
0.3076692841350097,0.27266308313209264,0.24435187710315784,0.17531575562973983
0.16605249001063474,0.2817993381134274,0.26840255642233624,0.2837456154536016
0.35829184756349136,0.21921322835858312,0.216565800609896,0.2059291234680296
0.42706398693517134,0.23496117857167825,0.20838478948551567,0.12959004500763474
0.40664921642830537,0.276822738366059,0.21031253228937702,0.10621551291625868
0.2593676156506549,0.27520498824116607,0.26140433630618226,0.2040230598019967
0.40879014994076474,0.22610921747184864,0.20832102585550977,0.15677960673187694
0.11348163865704254,0.2657865510125234,0.28898606198781795,0.33174574834261594
0.4195981460087732,0.19105489404409323,0.19679996250571405,0.1925469974414196
0.4748391058100242,0.22812506366665936,0.19534740838494843,0.10168842213836805
0.32620757891515767,0.297947635485611,0.24157347091653056,0.1342713146827006
0.17479292039852454,0.27192497848117725,0.26459275667913623,0.288689344441162
0.25625403943961994,0.23977726153406256,0.23853905260599373,0.2654296464203237
0.03731995714612321,0.22516848976745263,0.24837409158015777,0.48913746150626636
0.39989637895169783,0.16805005814072374,0.19890014801729367,0.23315341489028468
0.3827606749937274,0.238917582507779,0.23031666980324242,0.14800507269525118
0.24764292459888157,0.304826349701381,0.2604767472844076,0.18705397841532967
0.22827397288911536,0.2637084312706955,0.2492022444556798,0.25881535138450956
0.37834553023935447,0.23177542785029276,0.21515810764208265,0.17472093426827012
0.11336375932489888,0.27892357766916775,0.2866014510959829,0.32111121190995046
0.4075280737627026,0.20653296770093924,0.199093243737248,0.18684571479911025
0.4071229850946937,0.23695607370131574,0.22056735335086478,0.1353535878531258
0.36644217253196704,0.2686130985157125,0.22830895564292597,0.13663577330939441
0.27841340294178907,0.2642824588607405,0.25107450025450956,0.206229637942961
0.39996361276976794,0.24455591778892385,0.2086223850446943,0.14685808439661382
0.1558400386334712,0.28540148359798806,0.2826913298484178,0.2760671479201228
0.3377897815448947,0.20645087577346477,0.21978481420361098,0.2359745284780295
0.3441937350668045,0.252047162539056,0.23172767154710658,0.172031430847033
0.26705273858588896,0.2987793782002121,0.2505952812149116,0.18357260199898742
0.30574565925299835,0.25736816384439515,0.23248314626757657,0.20440303063503001
0.32257381463183155,0.26511192483676604,0.23450978570193926,0.1778044748294632
0.015222050088105937,0.20606882554024963,0.23207414883097027,0.5466349755406741
0.4770382695982247,0.15127328499428147,0.17874556558068375,0.19294287982681016
0.389470669964928,0.2377346733106187,0.23727980355384282,0.13551485317061046
0.4026149406298356,0.2693344696961467,0.2113441431067741,0.11670644656724356
0.34873050088823765,0.2674648862193919,0.23346795987798327,0.15033665301438703
0.3364480948055198,0.24179378876758495,0.23692200664207252,0.1848361097848228
0.25032167149191936,0.259778398957112,0.2583303729370233,0.2315695566139454
0.3197840857747606,0.23581224539813953,0.23195958228617158,0.2124440865409284
0.4637037249776894,0.2413006069105723,0.18791687178677166,0.10707879632496675
0.29859676316537803,0.3067661207956457,0.24929601287431322,0.1453411031646629
0.21861883855589792,0.287587110819628,0.25457853089805,0.2392155197264241
0.2627164854587879,0.2618795563247344,0.24312432102570933,0.23227963719076844
0.13678095021763645,0.23910314082709072,0.27067438006534916,0.35344152888992386
0.4826408347940526,0.1935003893751772,0.18071843339805044,0.1431403424327198
0.4270046571175911,0.25106337512898746,0.21564337587546067,0.10628859187796068
0.4408494664419561,0.2524317226809017,0.20246753612079801,0.1042512747563441
0.38443547913864773,0.2491342578085799,0.22803938438046492,0.13839087867230743
0.3442014837402026,0.26580474343149263,0.23383523016458954,0.1561585426637153
0.35537863346212256,0.2665971042020464,0.2255038910981811,0.15252037123764994
0.4189953395320688,0.2374851474408838,0.20955985442841882,0.13395965859862854
0.391868609401529,0.2672433442120228,0.21769465546780498,0.1231933909186432
0.27948081890869414,0.30869904432128153,0.2480711243480749,0.1637490124219494
0.3604089462092481,0.2630324452686139,0.21688242375152936,0.15967618477060866
0.3874651629008594,0.2510926021399326,0.22014706040649956,0.14129517455270843
0.2139499342643201,0.2683789224871167,0.27453883770197096,0.24313230554659224
0.445433022758091,0.22180209207288293,0.19271036664060928,0.1400545185284169
0.45277451921628414,0.24043403508029665,0.2032041078082258,0.10358733789519343
0.44952623517110013,0.25172362193257936,0.20055037534148407,0.09819976755483636
0.3668393031948773,0.26455247265918713,0.23148495665568486,0.1371232674902508
0.35884245168527773,0.2675211071749764,0.2256681772718983,0.1479682638678476
0.3351517999275323,0.26666531761270057,0.2343841331967868,0.16379874926298024
0.3442043242685182,0.22930969154711653,0.2350493572662709,0.19143662691809438
0.42511503343584167,0.25589180003391004,0.20161745875200698,0.11737570777824136
0.3297793841614176,0.3125693808715833,0.23154346449749663,0.12610777046950244
0.36886443803985874,0.24467993318922474,0.2228414457053281,0.1636141830655884
0.37724676255866313,0.25307432486620934,0.2245916734919093,0.1450872390832182
0.06994675153250103,0.29104013252449856,0.2924796316899183,0.346533484253082
0.472914170932677,0.1818843273424408,0.17839889879169651,0.1668026029331857
0.5157304577299152,0.21563493487497618,0.18537502617353596,0.08325958122157268
0.3108873087117826,0.29504183553837976,0.2538788771506612,0.14019197859917648
0.39618317727240704,0.23843647752986522,0.21229441424661025,0.1530859309511176
0.39367774388120924,0.22183057524308095,0.22648817013082098,0.15800351074488891
0.053653233992705024,0.19278381939209074,0.24553150785126487,0.5080314387639393
0.29329807349290743,0.1424024816907646,0.20411699852208093,0.360182446294247
0.30124538152455066,0.21588902573344473,0.23451744832909951,0.24834814441290515
0.13678843422643958,0.2977560301948639,0.26440254890234677,0.30105298667634967
9.021542424682787E-05,0.04469685011465803,0.05345490855432555,0.9017580259067696
4.902946237385165E-07,0.0034134125245072083,0.008216077525935592,0.9883700196549334
7.019927508182673E-08,0.001866868733594917,0.005061727840745531,0.9930713332263844
0.03850353602191453,0.06673804433684773,0.16784328297008846,0.7269151366711493
0.34942488691229057,0.14339953578099837,0.2125614432087633,0.29461413409794773
0.008505315202523933,0.17457495920835825,0.2176943595882248,0.599225366000893
0.03240667423438921,0.11226823011803948,0.17997941974571352,0.6753456759018578
0.17720011334489083,0.1553303799743476,0.2351710338558468,0.4322984728249148
0.004447416112871107,0.09843612910811608,0.1500560867311614,0.7470603680478514
0.4040658920154673,0.11629255461289675,0.1936075975515542,0.2860339558200818
0.1688970232925534,0.265930286781961,0.2875588342520458,0.2776138556734397
0.13551557934230055,0.26569872316655374,0.25627136301378933,0.3425143344773564
0.21882233873775878,0.22949256214407138,0.2401948066531282,0.31149029246504173
0.10942890508128163,0.2530234898062867,0.2661138663808577,0.37143373873157404
0.03398616946368822,0.17205542800367016,0.22093210642584857,0.5730262961067931
0.42703772780884053,0.14647279934567817,0.19429064588295974,0.23219882696252156
0.36961057598048985,0.24929141192166596,0.238558560320362,0.14253945177748234
0.3136504058066724,0.26710749978751896,0.2445267335358836,0.174715360869925
0.3932109763518452,0.2341712215897706,0.21552937826549207,0.15708842379289215
0.22663134689151462,0.27826507819956314,0.269383242535164,0.22572033237375833
0.2203318732938086,0.2575913000574244,0.24825817086841168,0.2738186557803553
0.42361168122244286,0.21998997739555493,0.2010048424547272,0.15539349892727514
0.2578741549803326,0.2930501502002281,0.26020324295981945,0.1888724518596199
0.3093381623151384,0.29378763928045676,0.22680887677793785,0.17006532162646698
0.19818663149930618,0.2756177939652731,0.2652253117554918,0.26097026277992896
0.33382076807054384,0.22212610889397327,0.2269464033848649,0.217106719650618
0.17035643517804402,0.24269287604738574,0.27805121765872326,0.30889947111584704
0.4479204279791785,0.19987331190208948,0.19321361390704528,0.15899264621168674
0.4841845536135165,0.2295379148010549,0.19298323564171585,0.09329429594371275
0.3911118454517283,0.27260258633474266,0.2219554809891955,0.11433008722433356
0.28158110503669814,0.29206824587394387,0.2481021254808224,0.17824852360853566
0.20530131074409216,0.2708963112308756,0.25844516682957386,0.26535721119545835
0.18583636138780585,0.22781683078491277,0.2531347836382632,0.33321202418901813
0.2883830915454461,0.20292365902603085,0.23593189403706735,0.2727613553914556
0.3997383773657782,0.24036113806777465,0.2119728517477205,0.14792763281872667
0.39408390368691876,0.2861273483837012,0.21013819908208897,0.10965054884729108
0.22615792812234972,0.27866211323031675,0.26831619563799186,0.22686376300934172
0.15269207404926077,0.23281366224155256,0.25945475971023557,0.3550395039989511
0.04305653442870017,0.1804292749404931,0.233427553004542,0.5430866376262647
0.492652836198199,0.1458403189538573,0.1770330180369684,0.18447382681097518
0.5281097098559874,0.21748668526704193,0.18067147819176413,0.07373212668520658
0.23807392523630042,0.3040283590962556,0.27826081795038815,0.17963689771705585
0.21605015151238105,0.2573408752957697,0.2481444354261209,0.2784645377657283
0.1640225950118131,0.23581646100395862,0.2579130432093395,0.3422479007748887
0.16967170946138332,0.21998909695001223,0.2476858005829194,0.3626533930056851
0.4020797321160968,0.2001820959834728,0.2081800456480823,0.1895581262523481
0.2514856318186929,0.283149210460097,0.2609582697356214,0.20440688798558862
0.2679296595620469,0.2944238286646906,0.23934730017991376,0.19829921159334882
0.06139954202247058,0.2317003180226761,0.25650795308246205,0.45039218687239124
0.29189145030834507,0.18327914618092014,0.2237042419088176,0.3011251616019171
0.06988203466371518,0.2195144365748609,0.2696001000286586,0.4410034287327652
0.45083196709110707,0.1782497914780855,0.18783447054523517,0.18308377088557218
0.43243339181254636,0.23135689679767316,0.21673101873854092,0.11947869265123955
0.24044403938714493,0.28616520152312946,0.26782636655508657,0.205564392534639
0.15389315127798137,0.257245757802728,0.25713775759534285,0.3317233333239478
0.24659308602225563,0.22479049005200283,0.23816118611546466,0.290455237810277
0.21185314852308756,0.24273100269594272,0.255946221741067,0.2894696270399027
0.2210157417180583,0.22938853630541103,0.2502110402456076,0.29938468173092303
0.23410244698303165,0.2525415281754112,0.24667677528752605,0.2666792495540311
0.2354571684441909,0.2847356800669477,0.25002345303821155,0.22978369845064975
0.1365163065157559,0.2491809247317924,0.26305814610933576,0.351244622643116
0.2676477859826362,0.2104336990608011,0.23594908399694192,0.2859694309596208
0.05548701449012359,0.21995427382451527,0.26193733700845057,0.46262137467691067
0.4205246420250847,0.1717350555224652,0.1954188867541355,0.21232141569831461
0.4699380982501946,0.21745666593468418,0.20276018820583488,0.10984504760928634
0.2663630324588592,0.28587922126055854,0.2659357071784083,0.1818220391021738
0.1892540197684517,0.2515325158756617,0.25557002697371345,0.30364343738217314
0.28198791342936536,0.23027827772112744,0.23451180760153822,0.2532220012479689
0.11404162178323209,0.239676202398309,0.2655666473890103,0.3807155284294486
0.2473746132419228,0.19213484276021664,0.2302991291368026,0.33019141486105796
0.2228742531250082,0.25286168895905586,0.252317337270992,0.2719467206449439
0.13886793948125953,0.2968538611466977,0.26514779982520065,0.2991303995468421
0.11815214310943284,0.22369782858884232,0.24713417860886142,0.41101584969286326
0.1353556128367238,0.2084380980021072,0.24803471719960438,0.4081715719615646
0.0122755509821775,0.15199143924836606,0.20123942426071428,0.6344935855087421
0.4621312952426006,0.1270905834562886,0.1845313516708488,0.22624676963026186
0.5047837408404339,0.20551566941304714,0.19592248780815275,0.09377810193836618
0.1910522678592514,0.29355003333439245,0.2926223874298826,0.2227753113764735
0.3272415609919563,0.22220857817605166,0.22165023523192284,0.22889962560006918
0.346188554677473,0.24300048686823097,0.23212649493348453,0.17868446352081152
0.10150493633725688,0.27135349346764615,0.2723645293470679,0.35477704084802913
0.3145994542350421,0.20195825555383579,0.21849063479802153,0.2649516554131007
0.10679403988922756,0.2548396746328357,0.2666270563821846,0.3717392290957521
0.12996789265335368,0.2559930059626578,0.25125214868806744,0.36278695269592115
0.11495890490142838,0.21684886500580308,0.24816654600864843,0.42002568408412017
0.29963999421252746,0.21335658385413228,0.22966323231515864,0.25734018961818156
0.02148241541423337,0.22347165384619197,0.2518644410678526,0.5031814896717222
0.3734131550241098,0.1599096421534621,0.20523944348450684,0.2614377593379214
0.4313160894284309,0.19270985824475012,0.22148784953294648,0.15448620279387243
0.3134983883398896,0.25270410126294995,0.2541157904108969,0.1796817199862636
0.36946323155731176,0.2356946227220372,0.22167227638215153,0.17316986933849945
0.4329409792890856,0.24344479863890642,0.20304067220510713,0.12057354986690089
0.11533037942892535,0.30452753390774673,0.283958991045636,0.29618309561769196
0.09392997586432544,0.21557055111016205,0.23473728693516932,0.45576218609034325
0.1259951445509705,0.21180315965814667,0.2413849222011275,0.4208167735897553
0.128071926032028,0.24112085230280417,0.2594495695615208,0.371357652103647
0.2358875045192769,0.22078505387070804,0.24279259476098708,0.3005348468490279
0.2322590191160298,0.2181074733621257,0.2578613542591418,0.2917721532627027
0.06934996630885558,0.20634817307550662,0.25440172282048285,0.46990013779515494
0.4410242830947181,0.17780908809156606,0.19147206647954867,0.18969456233416715
0.46284514701399837,0.22871799135060022,0.20376665960416313,0.10467020203123813
0.36091494872587915,0.2533291491848544,0.23933465399317286,0.14642124809609364
0.11546671755005722,0.2552801623564997,0.2703947768619395,0.35885834323150345
