0.3100262195746422,0.2352405810298838,0.22196196064421,0.23277123875126401
0.31091686707958244,0.23168762597352063,0.22337052714634004,0.234024979800557
0.3107812494030233,0.23045231237466285,0.22183893867291973,0.23692749954939413
0.314318633912752,0.2255921287305828,0.2196863555507637,0.24040288180590152
0.30631266062488843,0.22362393346050566,0.22506343245418345,0.24499997346042235
0.3110429427048086,0.2363845709023532,0.2232215276337559,0.22935095875908226
0.31279266260015925,0.236673458751531,0.22241672547328964,0.22811715317502015
0.3118013603699424,0.2359595283931943,0.22377356996614745,0.22846554127071583
0.31316402043968555,0.23428811739863484,0.22178513981604472,0.23076272234563494
0.3136956001637744,0.22846080745207875,0.22081374983465404,0.23702984254949278
0.31051422000116463,0.22328574430836157,0.22436843750126323,0.24183159818921054
0.3115234095309973,0.2327034738247429,0.22162761272320242,0.23414550392105749
0.31257463506395616,0.2334522239563554,0.22068735187925276,0.2332857891004357
0.31194573541515946,0.22758968547609074,0.2210232478389406,0.23944133126980915
0.3094540930742555,0.22391032989233461,0.22059335381397724,0.24604222321943262
0.3106021469740767,0.22482172886656848,0.22059585978887944,0.24398026437047537
0.30428110273744796,0.2255724779614631,0.22601904964063269,0.24412736966045626
0.3098686511878574,0.23771540221955645,0.2228744764823123,0.2295414701102739
0.31107540128692496,0.23564544251981073,0.22332822989274928,0.2299509263005151
0.30906326981197124,0.23280962940849662,0.22445582798791394,0.23367127279161817
0.31270026756452796,0.2276127829141668,0.22149086853221522,0.23819608098909
0.31228425588788206,0.2189606863068603,0.2208684182631219,0.24788663954213588
0.3081469909373072,0.2218995055200337,0.22507343032891083,0.2448800732137484
0.3117596407655751,0.2354585213637224,0.22091370475054872,0.23186813312015392
0.3131933020479473,0.23448320366777098,0.22166960728176227,0.23065388700251932
0.3120628810850484,0.2344519779794745,0.22388927641943687,0.22959586451604025
0.31062546289168463,0.2403321448058044,0.2236879986511095,0.22535439365140142
0.3155524241747568,0.2389119949530794,0.22203039095253704,0.22350518991962673
0.3116362566461533,0.23017802648057129,0.2257543768068995,0.23243134006637592
0.31335487047974986,0.2416134965485272,0.22283536099477702,0.22219627197694597
0.3150446815189749,0.2422712344308781,0.2228778241097089,0.21980625994043806
0.3135514292265311,0.23969423661463982,0.22470624316462098,0.22204809099420825
0.3162965441213111,0.2401967966980158,0.22265409575204423,0.22085256342862875
0.31558907102338596,0.23883370648048732,0.22136327699522604,0.22421394550090057
0.3141640623812061,0.23741677153076893,0.22406479884686953,0.22435436724115548
0.3155324392999043,0.2404028390860657,0.2224471101660765,0.22161761144795344
0.31408470420750434,0.24321409730495205,0.22322541325794298,0.21947578522960065
0.31519284271980014,0.24283164144297031,0.22258407539823713,0.21939144043899234
0.31558769271347153,0.23434758658886495,0.2200117362395145,0.23005298445814903
0.31553313735470545,0.22810111709347788,0.22060199714288972,0.23576374840892708
0.3083795609629313,0.2338259117324461,0.2257745467859337,0.2320199805186888
0.31268019811766357,0.24914908574151307,0.2234369298641801,0.21473378627664322
0.31475144795564647,0.24650692019609993,0.22418529776584226,0.21455633408241123
0.3143237715711472,0.24302142096972462,0.22382231053102358,0.2188324969281045
0.31574484362696886,0.2375947403746083,0.2215486281668731,0.22511178783154975
0.3154341304685684,0.22616375667685876,0.22089918832844171,0.23750292452613125
0.31211879147077576,0.22230674904962516,0.22529583430698644,0.24027862517261264
0.31300921205997645,0.23797812514053043,0.22108989455816963,0.22792276824132365
0.3138145764453566,0.2424026487726625,0.22170565861225,0.22207711616973103
0.31444669167016653,0.23904880658718372,0.22245003261578924,0.22405446912686044
0.3119595034656295,0.23718680072594778,0.22321024916658688,0.22764344664183583
0.3140611173568185,0.23730919481730126,0.22229477505571554,0.22633491277016476
0.3112255556650949,0.23420804133144432,0.22605570605885028,0.2285106969446104
0.31232206176629573,0.24428174943466277,0.22435556117036667,0.2190406276286749
0.3151235692761503,0.24619260651822533,0.22313220536263356,0.21555161884299076
0.3147957218648232,0.23871031376725926,0.22301815943377232,0.22347580493414515
0.31618068343752576,0.2297838839036747,0.22106325782629505,0.23297217483250443
0.31545944850792845,0.2251469813469191,0.21988745736088947,0.239506112784263
0.3104519918417679,0.2314658988440457,0.22460716020610716,0.23347494910807917
0.31370650452330107,0.24429728788516383,0.22244078722833632,0.2195554203631986
0.3144618395739171,0.24471205907815066,0.2225263641114657,0.21829973723646642
0.31477467978062224,0.24210094171045224,0.22302145144471908,0.22010292706420648
0.3126052042656632,0.23736238045953728,0.22298430122965615,0.22704811404514336
0.3155973881049599,0.23401596746961476,0.22230968798456668,0.22807695644085857
0.31045844374638737,0.23203788728268845,0.22670816142077693,0.23079550755014724
0.31313282075182597,0.2463804336654838,0.22269019631444403,0.21779654926824618
0.3168732422858041,0.24061243182379127,0.22090515458419305,0.2216091713062115
0.31371286789795205,0.22875444599570338,0.2214954356027637,0.23603725050358096
0.3133815371905655,0.22554236677883507,0.2199836048586974,0.2410924911719021
0.3135748221976777,0.22422707877914796,0.21927718033580573,0.24292091868736865
0.30638811934987326,0.22817808170610623,0.22613722959318527,0.23929656935083526
0.312537903259256,0.24269620506118386,0.22096422321583595,0.22380166846372415
0.3131421908768993,0.23635906315416003,0.22122509366452553,0.22927365230441515
0.3085584085765709,0.2297111176428596,0.22475063065564066,0.23697984312492879
0.30987070566924196,0.2294569591184226,0.22246903228201403,0.23820330293032152
0.3123470816846496,0.2251875035130399,0.22160646564707231,0.24085894915523826
0.3061145876852248,0.22420511019743225,0.2272710616738887,0.24240924044345424
0.3122247545839484,0.24069725686662716,0.22121794557960245,0.22586004296982187
0.31305722810669667,0.23613997925094407,0.22235915972882914,0.22844363291353018
0.3119524460804609,0.23066682682013276,0.22428624011250775,0.23309448698689852
0.3129105643634592,0.23142680281844547,0.2219921420439005,0.2336704907741949
0.31393886715819236,0.23102812143849655,0.22091370572443975,0.2341193056788713
0.3108114348139999,0.22804699399293257,0.2246332887077384,0.23650828248532915
0.3133757603621344,0.23677612251393976,0.2207824158050568,0.22906570131886897
0.31364067577193244,0.23503325579778248,0.22162711930712956,0.22969894912315555
0.31033888088313194,0.2332201466551459,0.22369524216935638,0.2327457302923659
0.3131017912758776,0.23107552129219808,0.2201103879028372,0.23571229952908695
0.3142874281012763,0.2232679185806431,0.2194256603619787,0.2430189929561019
0.30334017302978283,0.22669197254553802,0.2272683911180621,0.2426994633066171
0.31258262911621626,0.2441195478076545,0.22140741899884164,0.22189040407728763
0.31228975326907327,0.23621777464681745,0.2238393736044195,0.22765309847968976
0.31076013002751257,0.23450882354171426,0.22466112784203832,0.2300699185887349
0.3146898418941258,0.23396598952321138,0.22087530760005802,0.23046886098260463
0.3115712675044707,0.2267837814197147,0.2224067844115536,0.23923816666426104
0.31214821995552167,0.22745759972822804,0.2263832508693137,0.2340109294469366
0.31188702459343204,0.23980671172297163,0.22184024027926477,0.2264660234043316
0.3150454186437375,0.2404118573481729,0.22121435842644066,0.22332836558164884
0.31495722428639017,0.22686251870100407,0.2202878233654263,0.23789243364717946
0.3111258403633062,0.22646162785125984,0.22093320258832552,0.24147932919710838
0.3129116282423396,0.2308989068288942,0.2221365270109014,0.2340529379178648
0.30689901172320805,0.23726470141364378,0.226669493315678,0.22916679354747013
0.3145944642396635,0.24933756554724218,0.22286620195189782,0.21320176826119663
0.31370292212725376,0.24399542206543798,0.2237693055339821,0.21853235027332632
0.3137058990215123,0.24079071330296092,0.22395157464176604,0.22155181303376087
0.3169603957899484,0.2304317921834196,0.22206616529307036,0.23054164673356162
0.3124916752924393,0.22896954280233017,0.22418683156339617,0.2343519503418344
0.3137920327730932,0.23790495449736923,0.22381076467619423,0.22449224805334334
0.31573840354044297,0.24192018647024777,0.22054216695970597,0.22179924302960333
0.3156158971300126,0.23861539111985952,0.22209416335211343,0.22367454839801448
0.3135132429462494,0.23898542568192827,0.22307543297118557,0.22442589840063684
0.3137138005871359,0.2413977898271736,0.222423599139295,0.2224648104463954
0.3156905305288055,0.23644777702388886,0.22310877934573045,0.2247529131015752
0.31121031224140494,0.2400801002780791,0.22550339091999239,0.22320619656052362
0.3143829047464841,0.2512246351375443,0.22322268932463016,0.2111697707913415
0.31511482821023523,0.24590326854504369,0.22404227623008718,0.21493962701463398
0.31598409916535536,0.2384541827084652,0.22368569421321235,0.22187602391296724
0.3168585180266586,0.23409173833816965,0.22133257996124542,0.22771716367392636
0.3137931328758188,0.23529361833368623,0.2225642244103517,0.2283490243801433
0.3145756578612299,0.23773979492095687,0.22384020794581352,0.2238443392719998
0.3150733531595861,0.24152944607886628,0.2217351848295073,0.22166201593204032
0.3152510579577789,0.2435106957737671,0.22246744075409292,0.21877080551436112
0.3134902649124331,0.2424227763789942,0.223397549416255,0.22068940929231756
0.31468474033735333,0.2382520919545968,0.22136212278167033,0.2257010449263795
0.31705704052026235,0.2294108163714796,0.22185862404451703,0.23167351906374115
0.3068533856230949,0.23931831256279665,0.22746000523990667,0.22636829657420174
0.31447651022482015,0.2551203785665605,0.22250938879489784,0.20789372241372148
0.31846886518004425,0.2421075386138498,0.22207825681988802,0.21734533938621783
0.3128070570872106,0.23527191941142284,0.22552570458649837,0.22639531891486808
0.31590837432396596,0.24195694509665555,0.22089033772680144,0.22124434285257713
0.31729766492958533,0.23026472102400236,0.22041752659255714,0.23202008745385522
0.31181177608608146,0.22574794410888122,0.22639001918071647,0.2360502606243209
0.31514598325064364,0.24297676210272648,0.21901226953018252,0.2228649851164474
0.3145690763180429,0.23493735075088834,0.21819520389213481,0.232298369038934
0.3124885438093524,0.2122634817530252,0.21492870718268278,0.26031926725493965
0.3078552748893488,0.19540555524134573,0.2070405313100873,0.2896986385592181
0.29638966533960115,0.19288066110870636,0.2128605728616653,0.2978691006900272
0.28446626395365815,0.2030854388840899,0.22696828563607357,0.28548001152617836
0.2902441663729351,0.22346612028923943,0.2236313589388514,0.26265835439897417
0.2983791044614708,0.2193285281553929,0.2206419684973137,0.26165039888582253
0.27922981531476726,0.19392452998640688,0.22642086726541855,0.3004247874334073
0.281645173670717,0.1927786163282883,0.22210780209441428,0.3034684079065804
0.2919655892289219,0.18568163086110595,0.2208207000756768,0.3015320798342954
0.2766799890356931,0.18217679190927677,0.22987268045576828,0.3112705385992619
0.302829664072665,0.21125184216611767,0.2154021769094799,0.27051631685173727
0.29847947949852693,0.2066825812872689,0.21911271272858016,0.27572522648562403
0.2944519215218352,0.20643861693549248,0.22377226018227686,0.2753372013603954
0.3061462164186786,0.20531903064940976,0.21632088921977832,0.27221386371213346
0.2988441019973065,0.20073667364289394,0.22099459997081097,0.27942462438898863
0.29755892729974776,0.21515398245861522,0.22594088219635372,0.2613462080452833
0.3078286567183383,0.231779712363501,0.22028784838032006,0.24010378253784062
0.30647768421478805,0.22775611814839006,0.2250666808710768,0.24069951676574497
0.30691196604419796,0.2278978355005783,0.22442675742668156,0.2407634410285422
0.3130106890063845,0.22561614894886692,0.2195328034222324,0.24184035862251624
0.3087357945391113,0.21632906142244313,0.2242510513592532,0.25068409267919245
0.3076566138989946,0.2254120623843442,0.2244365598524382,0.24249476386422286
0.31464777106635816,0.23293712522686202,0.21877055257047825,0.23364455113630145
0.3105418658020646,0.22439800077602448,0.2215562400346033,0.24350389338730774
0.31150741178622793,0.2292811231196397,0.22178461000545094,0.23742685508868128
0.3104132746166065,0.23107326920757731,0.22113130141406714,0.23738215476174906
0.31123296155066754,0.23209058042284822,0.22404394406102698,0.2326325139654572
0.3100415351635766,0.23732854015250474,0.2259901646222634,0.2266397600616552
0.31169823683907333,0.2488503772586461,0.22366235685466201,0.21578902904761862
0.3158497639275666,0.24137914339791405,0.22276731776892872,0.22000377490559067
0.31482729029360507,0.22455535103811372,0.2212148433159309,0.2394025153523504
0.3139114878469154,0.22107671253171446,0.2203852180295554,0.2446265815918147
0.311750207653742,0.2234399563864182,0.22057840609460666,0.2442314298652331
0.310930984415164,0.23100983884435236,0.223638426176777,0.23442075056370654
0.31295969197275975,0.2412190987317083,0.2219038208758707,0.22391738841966127
0.3123710777713206,0.2439427274145992,0.22277173044332554,0.2209144643707547
0.31333587864829693,0.23648582271916163,0.2219823589548069,0.22819593967773455
0.3124437697847569,0.22091694099487183,0.21963464502433908,0.24700464419603216
0.3110472913668909,0.21688815506912398,0.22223695918577632,0.2498275943782088
0.3049640653379127,0.23248551832044212,0.22665476584474614,0.23589565049689895
0.3110496673133075,0.2492109208953942,0.2231640193069344,0.2165753924843639
0.31700337334689177,0.2393652067187077,0.220875997101819,0.2227554228325815
0.3123352318767112,0.2221169996559608,0.2206373895561113,0.24491037891121667
0.31172917463078564,0.2221434583557527,0.22030933653076598,0.24581803048269563
0.310808336619135,0.21996395444105318,0.2225607831132182,0.24666692582659355
0.30765820732861526,0.22654627531175867,0.22505607657453633,0.24073944078508966
0.3146929184169245,0.2387500214878661,0.21896665692586215,0.22759040316934717
0.3102051752561817,0.23227897741457693,0.22072277819424732,0.2367930691349941
0.31056002002505473,0.22743753269976463,0.22245066009513084,0.23955178718004982
0.30738374407054786,0.2188958034955417,0.22176302244362922,0.2519574299902812
0.30917630634336046,0.22334249776179566,0.22272547730592043,0.24475571858892348
0.30536818915609226,0.22987615952224902,0.22612610760965707,0.23862954371200165
0.30975689585759647,0.24287167467961185,0.222531778340629,0.22483965112216261
0.3142836924813294,0.23110804392597287,0.22097777624512216,0.23363048734757558
0.30895288600140475,0.2163153410680882,0.22209145554708032,0.25264031738342674
0.3096674905479723,0.2195176006363134,0.2217740599637304,0.24904084885198374
0.3091879453322422,0.221984994838022,0.22077883445178462,0.24804822537795126
0.30922072848459836,0.22344374517882137,0.22293045779017814,0.24440506854640218
0.3110950040158716,0.22899731638386425,0.21946342446013248,0.24044425514013168
0.3089666475101404,0.22907289177990653,0.22093477001644837,0.24102569069350488
0.30802032524555367,0.22427283715687238,0.22279393139336098,0.24491290620421302
0.30642407564669205,0.21993604519401222,0.22184105497566156,0.25179882418363414
0.309915928262871,0.22143473954428514,0.22089019261549092,0.24775913957735285
0.30262736463881573,0.2267480051304815,0.226677973642997,0.24394665658770592
0.30867445780322433,0.240874712311932,0.22328072222228904,0.22717010766255466
0.3138311644999426,0.23128989910920777,0.22140704677079803,0.2334718896200515
0.3094361153409984,0.21850106199122993,0.2226664542600975,0.24939636840767412
0.3101517225992745,0.22159879152142062,0.22101983522698407,0.2472296506523208
0.31088870089546056,0.2215921033232467,0.2203130252562791,0.24720617052501362
0.307970576804211,0.2205254733011279,0.22365506367981977,0.24784888621484144
0.31189585079254495,0.22868921681216667,0.2186399140361672,0.24077501835912116
0.3101591828532861,0.22604342592351606,0.21929978205606365,0.24449760916713426
0.30523078783675694,0.22081789083184014,0.2224459986349007,0.25150532269650233
0.30753572736718077,0.21674817192162432,0.2186370693845255,0.2570790313266695
0.30682876646135926,0.21291125162820299,0.22019021945178846,0.2600697624586493
0.29710239256962934,0.22308711573189813,0.22830412535433214,0.2515063663441404
0.30724446750524287,0.24173555701100474,0.22249701097218222,0.22852296451157014
0.31243978365538616,0.23094524520255996,0.22241202232374668,0.2342029488183072
0.3052209685491251,0.21927138351222986,0.22609720261693236,0.2494104453217126
0.31080394059047034,0.22635040100579953,0.22041142425495688,0.2424342341487732
0.3123005340612529,0.21649588747764245,0.22059729641118203,0.2506062820499226
0.30572295266725613,0.21303020545180165,0.22468087919206267,0.2565659626888796
0.31392757245690667,0.22682014530130473,0.21602065082354782,0.24323163141824064
0.30908007149466893,0.22103841279900638,0.2183732654585017,0.25150825024782303
0.3060995013759887,0.22272254172916545,0.2233848446100764,0.2477931122847695
0.3078205756762214,0.22428582120508814,0.21947047681460222,0.24842312630408825
0.30832899038591177,0.22143502374634808,0.22047439171210773,0.24976159415563237
0.3002788074964903,0.22127289461626948,0.22774817961720836,0.250700118270032
0.3063778099066307,0.2381914808570313,0.22284083493346268,0.23258987430287537
0.31077487460242303,0.2329540008232674,0.22403972444732456,0.23223140012698498
0.3069450139826763,0.22651989083988694,0.2270219492565684,0.23951314592086836
0.3115499726016324,0.23285885918286606,0.2219799402265673,0.23361122798893416
0.3147163268717634,0.22049824672760254,0.217809179984342,0.24697624641629218
0.3097250146423136,0.2035120175481835,0.22069012940115917,0.26607283840834367
0.3098207684497505,0.21371357271589878,0.21634657813113584,0.260119080703215
0.3085147647386935,0.22244096867722074,0.21865276420451704,0.25039150237956875
0.3054712705386885,0.22700549100942694,0.22345677883346787,0.24406645961841675
0.30874462665840174,0.23281690930376442,0.22118124341183076,0.23725722062600313
0.3094131509967672,0.23010216690042445,0.22167938741246102,0.23880529469034753
0.30128286845610674,0.2285584552302255,0.22885079047317083,0.24130788584049698
0.3091599630034595,0.2388751117605784,0.22416974516731555,0.2277951800686464
0.3111088612440036,0.2283388037816629,0.22257210557175552,0.23798022940257796
0.3125979853954217,0.21524000006414726,0.2206114490335363,0.2515505655068947
0.30972463644894804,0.21456621330777462,0.22014117886803286,0.2555679713752444
0.3084808724999769,0.22542127364986622,0.22218439582205143,0.2439134580281055
0.3099415612908297,0.22639857799090418,0.2220444667212149,0.24161539399705131
0.3145032641496208,0.2261291186500539,0.21756339752199494,0.24180421967833032
0.3084751154119525,0.22316824662338536,0.220304111339926,0.24805252662473623
