0.31213579265236296,0.2251145144031123,0.22478998639122882,0.23795970655329587
0.31327619840172694,0.22723684352432608,0.22210548352101253,0.23738147455293454
0.31837345519797516,0.22645564241257574,0.22569795985270485,0.22947294253674425
0.31958767967908225,0.22835986276872874,0.22515654392724158,0.2268959136249476
0.31296567713450013,0.22885080593195528,0.22477747144738455,0.23340604548615998
0.31363339152670594,0.22958727359169384,0.22514480590571617,0.23163452897588413
0.3126764930351385,0.230797371679127,0.21892531034680043,0.23760082493893406
0.31704726397720717,0.22268244983382907,0.22401461987881424,0.23625566631014952
0.3265362313655272,0.22779874746636006,0.2278211948602733,0.2178438263078396
0.3152636654241639,0.22660688282067884,0.22251332937072046,0.23561612238443685
0.3177689840538827,0.2286238533228815,0.22605495068740739,0.2275522119358285
0.3145894821758933,0.23511654872332846,0.221630501602284,0.22866346749849428
0.3164141737371188,0.22871837745395068,0.22188464707681801,0.23298280173211233
0.3158614599832846,0.2255655316352694,0.2230429610749157,0.23553004730653043
0.32206760649721744,0.22832542048144616,0.2288572836204046,0.22074968940093193
0.3108329077976206,0.22872222847617307,0.22377311811119832,0.2366717456150081
0.31051849201794784,0.22649881375149278,0.22583668369550564,0.23714601053505382
0.30789832495706976,0.2278875478586638,0.22219458712570925,0.2420195400585571
0.31547077956129277,0.22490628798851398,0.2237798220744972,0.23584311037569605
0.3136514162900112,0.22093057756965867,0.22546748273031586,0.23995052341001416
0.32288018839135113,0.22608246937866824,0.22936258275100474,0.22167475947897589
0.31007703199646575,0.23040165158096151,0.2205629965878006,0.23895831983477217
0.31671713852019684,0.23119486117008267,0.22745901509739377,0.22462898521232672
0.3119369645643426,0.23606689319745355,0.21987197193440464,0.23212417030379917
0.31555157392438266,0.22650040075330385,0.22131694090021423,0.23663108442209918
0.31879589025152,0.22654689943770026,0.22438082485417202,0.23027638545660772
0.3236489095831507,0.2279684006515801,0.22790293196911166,0.2204797577961576
0.3129171293444806,0.22353976756666954,0.22088779743955042,0.2426553056492994
0.3203790646818081,0.22745958136045133,0.22441462837180653,0.227746725585934
0.3213249296644244,0.2299431078909013,0.22468490364643323,0.22404705879824102
0.3229284595508357,0.22748911666889612,0.22262223213144597,0.2269601916488222
0.31610765636572036,0.2235294038059089,0.2204655092124218,0.23989743061594887
0.3319403677524648,0.22840984185746985,0.22660617218345971,0.2130436182066058
0.32203914968182584,0.22901662744132056,0.21974002661059414,0.2292041962662596
0.32570961797972653,0.22359838650541136,0.2267161362680139,0.22397585924684818
0.3226081022806636,0.23258772624751387,0.2208266339048775,0.22397753756694508
0.3228508190998672,0.22708213073611766,0.22218636391784807,0.22788068624616703
0.3232602702670173,0.22518288472555428,0.22258886448859155,0.22896798051883674
0.3271503055422806,0.22642413300953992,0.22404252859031312,0.22238303285786626
0.3223222735789005,0.22650170351427001,0.22445628804389936,0.2267197348629301
0.32074651751535255,0.23113537051364536,0.2274857176904892,0.22063239428051304
0.31043420165160396,0.2282060836254134,0.22046865306353358,0.24089106165944893
0.31804997281601166,0.22366259663369797,0.22004136908495867,0.23824606146533178
0.32411528475022433,0.2214314141636108,0.22399841759452743,0.23045488349163737
0.3348853903505979,0.22389453749504346,0.23014338068078824,0.2110766914735704
0.3171573878760026,0.2268114240536351,0.2217706193963028,0.23426056867405948
0.32024797611658756,0.23167940723773112,0.2259611857171419,0.22211143092853944
0.31534046121411685,0.23941390567106852,0.21856496344148946,0.22668066967332515
0.3195340111312372,0.22712447468162011,0.22110200458046247,0.23223950960668036
0.3206468915655868,0.22343458156110008,0.22275532323871286,0.23316320363460022
0.32753331867722446,0.22526136104931507,0.22916265248007994,0.21804266779338055
0.3160893790739508,0.22556108106413877,0.22357930437648058,0.2347702354854298
0.3166553351550053,0.22630644993042348,0.22429242793286408,0.23274578698170714
0.31579054192177447,0.2289874634066895,0.2222940877047457,0.23292790696679028
0.3236457992035328,0.2255863345563221,0.22277845880062205,0.22798940743952292
0.3208896806059282,0.2216787374939115,0.22196191385236522,0.23546966804779507
0.33161857231648845,0.22555400675730536,0.22869079140835122,0.214136629517855
0.3212949432278639,0.2331327481694768,0.2217315996731672,0.22384070892949204
0.3181107409752605,0.2313549404744923,0.22441852679580618,0.22611579175444102
0.3154493654199775,0.23362725830451686,0.21938342134450756,0.23153995493099805
0.32056530249314547,0.2263329003871896,0.2201030331712073,0.2329987639484576
0.32479313588843733,0.2207411547592708,0.22535012883630157,0.22911558051599035
0.32887388548139934,0.2248137309711236,0.22919573396094003,0.21711664958653698
0.31554331357937293,0.22506106867869066,0.22267246190984186,0.23672315583209455
0.3187031342589655,0.23118704521047498,0.22413608719833306,0.2259737333322265
0.31595001519087046,0.23009165677702378,0.2210459887328705,0.23291233929923538
0.3253821709625488,0.2251798239962711,0.22182821926215637,0.22760978577902385
0.32108441422613837,0.22332419248194874,0.22285160739398555,0.23273978589792746
0.33139287628923936,0.22862770633303414,0.23252929593184246,0.207450121445884
0.3100740207667264,0.23467706770649913,0.21904134493800007,0.23620756658877437
0.3131339636415811,0.22763351715870217,0.22498582756385238,0.2342466916358645
0.3135487901576028,0.23291918126261593,0.22034154961756325,0.23319047896221812
0.3187677821390236,0.22137524072296225,0.22371891907887329,0.2361380580591409
0.31717411749133756,0.21759024036258148,0.228991871053461,0.23624377109262015
0.32237324388545924,0.22770620110205983,0.23151329296202788,0.21840726205045324
0.30285057378392044,0.22793174951987713,0.21848784888451375,0.2507298278116887
0.3148484426986818,0.22842026208906974,0.22703836552193324,0.2296929296903152
0.31395453297764336,0.23294863698834503,0.22176388334384223,0.23133294669016946
0.3177982782251087,0.22360004421973334,0.22329845432714443,0.23530322322801348
0.31574891447039793,0.22311466768246868,0.22415249077151359,0.23698392707561988
0.3272509401612453,0.23112971351954095,0.2285336363391441,0.2130857099800697
0.31091679611326295,0.22949325689958083,0.2189376622189167,0.24065228476823963
0.32005446379019287,0.22822774871536725,0.22610931652074082,0.22560847097369896
0.31663746511779556,0.23370064958093964,0.22065643109209948,0.22900545420916532
0.3214225621121066,0.2264073085133552,0.2240707487032257,0.22809938067131255
0.3151555145948228,0.22535441210885784,0.22324772694454215,0.23624234635177727
0.32359963309727074,0.2276605631410584,0.22757680160522492,0.221163002156446
0.3116609827470534,0.22862423512019714,0.22020041326752707,0.23951436886522248
0.3184511867985987,0.2263521135521908,0.23077116753871496,0.22442553211049565
0.3103522579473516,0.23059668962173363,0.22176361137868406,0.2372874410522307
0.3130477126165414,0.22267085982141915,0.22104218206972293,0.24323924549231668
0.31750101845776796,0.22204404089678792,0.22612208861488609,0.2343328520305581
0.32953401082543393,0.22923080818477246,0.22876706433600003,0.21246811665379367
0.3084814114392953,0.22622529541683767,0.2196233786556375,0.24566991448822945
0.3205459920430579,0.2281812633695324,0.22878998839832196,0.22248275618908772
0.3146842530682838,0.2385051208776131,0.21797813565348803,0.22883249040061507
0.31932281028887727,0.22178678345937683,0.22281118074131978,0.23607922551042607
0.32340100314077164,0.2279679944338995,0.22294353125909885,0.22568747116623006
0.32474311592450444,0.2284322550419363,0.22910432384789584,0.21772030518566357
0.3153200814176993,0.23193922686177693,0.2237903617525415,0.22895032996798229
0.30801559360570824,0.2287291891119927,0.2205878096668625,0.24266740761543654
0.3167383672981346,0.2256226546857961,0.2223097755840642,0.23532920243200509
0.32368745774294533,0.22438838991527527,0.22191035411153964,0.23001379823023974
0.3242288055918338,0.21634421565995957,0.22885035873810558,0.23057662001010099
0.3294993257049452,0.2279595601537747,0.2270330539258359,0.21550806021544416
0.3136587732214175,0.23104964738047795,0.21968666704781792,0.23560491235028663
0.323171840186483,0.23183401249403598,0.22504016680129457,0.21995398051818638
0.3189898242057613,0.23306271184704389,0.21663403747675877,0.23131342647043612
0.32687448405281183,0.22269432180429888,0.22451025333252014,0.22592094081036915
0.32720532452574685,0.22901239114137742,0.2256734508569905,0.2181088334758851
0.3214521474866153,0.22615220062197544,0.22474003564562156,0.22765561624578765
0.3163398531764138,0.2259053304485256,0.22050677290467063,0.23724804347039002
0.3221149315207914,0.2297287055671086,0.22448091327580305,0.22367544963629682
0.32262295893333054,0.2260712638739074,0.22411758715626767,0.22718819003649435
0.3210189881323984,0.22071386211161273,0.22192033730904667,0.23634681244694236
0.3251231664583301,0.2215731909629681,0.22460390910373595,0.22869973347496592
0.3333795610682381,0.23009745791636407,0.22570427209034166,0.21081870892505628
0.3200037378310261,0.2291336127904399,0.22161555954174622,0.22924708983678774
0.3223353172982408,0.22921713445573927,0.223599548359991,0.22484799988602902
0.3201191036314167,0.23355973580868225,0.21804723989253724,0.2282739206673638
0.3263077638517344,0.22478852962139564,0.2237847892136497,0.2251189173132203
0.3253413419343497,0.22563557050194608,0.22464005847022225,0.224383029093482
0.3227921300188917,0.2231393597100594,0.22523794291194305,0.22883056735910592
0.3206459784976961,0.2275708807174017,0.2225372582797171,0.22924588250518507
0.31945028139629833,0.2308699178299622,0.22625189230210588,0.2234279084716336
0.31752819269291027,0.225238215140102,0.22287824688271024,0.23435534528427734
0.320017625426947,0.22058723531910643,0.21839374807523343,0.24100139117871325
0.3298800542117516,0.2226970416381296,0.22881499502763414,0.21860790912248465
0.3354859148830451,0.22918139194917903,0.2294413569156096,0.20589133625216635
0.3130151307591428,0.22633992842324924,0.21768091854583044,0.2429640222717776
0.3203954674282707,0.23067617703284143,0.22497684981403687,0.22395150572485098
0.3264673515419581,0.23886074865610324,0.2211041519815556,0.213567747820383
0.3187075940255668,0.22168804956993632,0.22163052209980916,0.23797383430468766
0.32029355857383557,0.2195534505205327,0.22721109023673614,0.2329419006688957
0.324067332688445,0.23559123259713316,0.23024568026209624,0.21009575445232553
0.3032112299610881,0.2292921966521047,0.2262185695313324,0.24127800385547482
0.30199454733820585,0.21886995233410592,0.2307707295369513,0.24836477079073677
0.2912140016317212,0.2211387831635117,0.22124478238712864,0.2664024328176385
0.2977176328828447,0.20318103542209157,0.2282900661566843,0.27081126553837936
0.3050186229968336,0.202764182025106,0.2398077308537377,0.2524094641243227
0.3021067955549636,0.21608125818300253,0.24270532637802514,0.2391066198840087
0.2786696837100449,0.22698832479936742,0.22168848559291604,0.27265350589767146
0.28534999702968233,0.22844843936609383,0.22353476526189392,0.2626667983423299
0.2984351244705102,0.23694657585713474,0.22412414476704454,0.2404941549053106
0.3006252816370736,0.22910904850138394,0.22287843254145062,0.24738723732009188
0.3026590134667821,0.21897456780196703,0.2304090052467758,0.24795741348447503
0.3095452773947425,0.2337908664983122,0.22806215700269444,0.22860169910425085
0.29384073165229496,0.23060950759207766,0.2191222221954558,0.25642753856017153
0.3087234046068043,0.22734119542667566,0.23248387280722196,0.23145152715929815
0.3003932102654382,0.23397711485676692,0.21911472381305122,0.24651495106474375
0.3058713439729534,0.21866253538243455,0.22386321082947178,0.25160290981514016
0.31507125446934264,0.22493712917789008,0.22872659470426493,0.2312650216485023
0.3173440138105896,0.22863307871862523,0.22589487433446148,0.22812803313632382
0.3082009014210766,0.22765208262892753,0.22229658086547827,0.24185043508451748
0.31546547660807217,0.23276485252618284,0.22773899039432516,0.22403068047141994
0.3125175667556524,0.23467546163300768,0.21846462664433197,0.23434234496700793
0.315421364710441,0.2264211875401052,0.22186580414668303,0.23629164360277055
0.3218431747036246,0.2286576337950211,0.2286906588381673,0.220808532663187
0.31742581884124954,0.23227512695714111,0.22421268121217794,0.22608637298943152
0.306613673974159,0.2224319467020418,0.22096935391317454,0.24998502541062473
0.3198122557970664,0.23093920572299492,0.22629916217178933,0.2229493763081493
0.3130979283740507,0.2262695795203937,0.22103305956380945,0.23959943254174618
0.3223425483235608,0.21806436589765085,0.22510025509275622,0.23449283068603222
0.32255168893755765,0.22567142362053225,0.2234866792660013,0.22829020817590884
0.32909925850862115,0.22992907496883971,0.23035462902569948,0.2106170374968397
0.312563144592579,0.23700901221766618,0.2201218909469146,0.23030595224284012
0.31214924438941316,0.2316819556919059,0.22131425717892608,0.23485454273975476
0.31661979765588755,0.23529617775344955,0.2191549275088291,0.22892909708183376
0.32079298930386374,0.2228688256384401,0.2239688281136144,0.23236935694408176
0.32170839219198977,0.21868311352637368,0.2273996523594913,0.23220884192214522
0.3208651175102569,0.22476591121911096,0.22743478331854214,0.22693418795208986
0.31449863757099716,0.23028219163680427,0.22581197556723082,0.2294071952249678
0.3103910982780982,0.23420812899149054,0.22490115843779657,0.23049961429261476
0.30612939003627826,0.22716575569126551,0.21914329833487653,0.2475615559375796
0.31856568252883627,0.221216245734431,0.22022213340107258,0.2399959383356601
0.32824397907017416,0.22330540187617423,0.22840953462482963,0.2200410844288219
0.32767507781865884,0.2286069084332428,0.23417975752890496,0.20953825621919345
0.30512226349651267,0.23589859613933337,0.21961016490905924,0.23936897545509492
0.30514088162911174,0.23349312141706724,0.21909663189254008,0.24226936506128105
0.3190036142403795,0.2365008039603167,0.21961099440299522,0.22488458739630848
0.320195707467528,0.2222871783354862,0.22463186484310307,0.23288524935388272
0.319625139915275,0.21676959539700547,0.23260651300872215,0.23099875167899725
0.31512356646152617,0.23219046294706988,0.226717300368872,0.22596867022253195
0.3020345286965032,0.22742946689696064,0.22024005318006024,0.2502959512264758
0.31405194595325975,0.2316988006038828,0.22593037054998286,0.22831888289287475
0.3072465731808314,0.2260582977325002,0.22076342920222541,0.245931699884443
0.3198732016159597,0.2197625247218662,0.22636935202300473,0.23399492163916935
0.3151880557673918,0.2256163427294638,0.2252546160344862,0.23394098546865832
0.3224953657989288,0.23060086632191445,0.23279026201795294,0.21411350586120395
0.3019118495424563,0.23620651219469785,0.2172639535512494,0.2446176847115965
0.31082078537822744,0.22886746122069926,0.22300724311792475,0.23730451028314867
0.31587016376078797,0.23585109928385803,0.22121463090842783,0.2270641060469262
0.3171409578365467,0.22360211362957413,0.22713217534760072,0.23212475318627848
0.3118667035236457,0.2228374035662821,0.22680596057358116,0.2384899323364911
0.31188341207127473,0.22840420064976416,0.22607787502414894,0.2336345122548122
0.307532606839547,0.22890016459169324,0.22266745599365323,0.24089977257510656
0.3114385988030171,0.22793727406622238,0.22695645529613992,0.2336676718346206
0.30730332786094267,0.22533074186468247,0.22363475465337318,0.24373117562100158
0.3138069520620792,0.2231550844543669,0.22252438425923016,0.24051357922432362
0.31611823545642215,0.2251803699330515,0.2253558830951907,0.23334551151533559
0.32369846293783566,0.2308276534197562,0.2318239957502348,0.2136498878921733
0.3056603021023367,0.23417013782037624,0.21912938329452133,0.2410401767827657
0.3101615220186891,0.230144219631965,0.22266701903855404,0.23702723931079192
0.31585660844793734,0.23635894911012265,0.22144557176441573,0.22633887067752442
0.31679637816747225,0.2264440608806187,0.22477062793045077,0.23198893302145837
0.312676155700868,0.22183074134577077,0.22797674737024998,0.23751635558311116
0.31323030878358643,0.22894995669263846,0.2273217530967687,0.2304979814270063
0.30370903116498343,0.22812371261373005,0.2220533100659994,0.24611394615528712
0.3094738031410208,0.22483394257949044,0.23042638434354346,0.23526586993594537
0.30312321774873413,0.22627235765181092,0.22279905909697892,0.24780536550247614
0.3068154307820503,0.21764535698278725,0.2219713114143526,0.2535679008208098
0.3171297535771117,0.22294661608481786,0.22986114188357837,0.23006248845449212
0.32129444755603487,0.2302762249887147,0.23104320350523755,0.2173861239500128
0.3040875867292277,0.2309486921687113,0.21863996035082212,0.24632376075123888
0.31071681523314804,0.2326625334634813,0.22418857314411125,0.2324320781592594
0.31842853366602913,0.23919102576733578,0.22188357468265746,0.22049686588397766
0.3133556066548378,0.2283254311519551,0.22201055428873462,0.23630840790447233
0.31384667893577944,0.22185466553279953,0.22925466529516375,0.2350439902362573
0.31524009315529516,0.23375713675521767,0.2255805531333721,0.225422216956115
0.3012595501980475,0.22142413401702388,0.22050665938138495,0.25680965640354375
0.315777318554385,0.2227889238002845,0.23301099707786824,0.22842276056746236
0.30415297981202194,0.2279858646315335,0.22344370673719546,0.24441744881924898
0.30773904380184564,0.21803077223159228,0.22447652548447217,0.24975365848208983
0.3098980632091481,0.22421176804236914,0.22438338759188864,0.24150678115659402
0.3237337414187689,0.22840623312450348,0.2302114756391289,0.21764854981759876
0.3100125390863131,0.22829678172918783,0.21906776918345292,0.24262291000104602
0.318025460921204,0.22979260341940191,0.2268203798858348,0.2253615557735592
0.3165598054093224,0.24218780798023753,0.2239295364135901,0.21732285019685008
0.3100095735697643,0.23459598955733288,0.2217462548486031,0.2336481820242998
0.30600726444698717,0.2261952468957455,0.2214849871684209,0.24631250148884642
0.31606535401482133,0.22741925625215426,0.22610719358875067,0.2304081961442738
0.31028329345864525,0.22003499220262338,0.22520969629846452,0.2444720180402668
0.3132265716733736,0.21563071300476427,0.23320010451228124,0.23794261080958082
0.3073109926049763,0.22545003321967974,0.22529692044066058,0.24194205373468347
0.3082674533083189,0.22406902572716708,0.22086925956665485,0.24679426139785912
0.3162957498246552,0.22605294516182833,0.22514349646480383,0.23250780854871267
0.324045612309727,0.23496763503387566,0.2294306243791548,0.21155612827724252
0.30662696037038967,0.2342720038253275,0.22131180563975691,0.2377892301645259
0.30982336455296744,0.23189539644658755,0.220918066472569,0.23736317252787612
0.31313994433902453,0.23396642421982944,0.21801202706712827,0.23488160437401776
0.324557230733375,0.22826893965464237,0.22872593676101413,0.21844789285096847
0.31204103395226257,0.2253683116565956,0.22776738207237532,0.23482327231876643
