0.27183697739575213,0.2580998058168379,0.23162960007279734,0.2384336167146125
0.26533294001908436,0.25789866356826413,0.24156401844698921,0.2352043779656624
0.25960770535993755,0.2625893775868996,0.25020202782415735,0.22760088922900562
0.270111458895995,0.26161155158328153,0.23444320178382477,0.23383378773689872
0.25292655454133617,0.26116369342052387,0.2540622215235607,0.2318475305145793
0.2590084291313803,0.26850738688204545,0.25057887588409317,0.22190530810248119
0.27890848053730277,0.25958402324650115,0.22376284444854735,0.23774465176764883
0.25789865956496827,0.25867139706961656,0.25165475795451725,0.2317751854108978
0.2649167040024389,0.2641879859746439,0.2445065578405735,0.22638875218234372
0.2710392603774549,0.2589220092791651,0.22621612361513124,0.24382260672824885
0.24344054873027837,0.26307539938895896,0.2707789220303407,0.22270512985042204
0.2601846457979656,0.27011673527504676,0.2466925067004717,0.22300611222651592
0.2747587762821612,0.2602393077308333,0.23066934312178994,0.2343325728652155
0.26207681317377063,0.25864385156285385,0.24499648377431738,0.23428285148905803
0.2607506860339924,0.2621337858829106,0.25167545664704577,0.22544007143605124
0.2737803757937501,0.2596278712198023,0.22691121962518696,0.23968053336126074
0.25821522140447584,0.2584600887575644,0.2538431417811135,0.22948154805684634
0.27039624704259546,0.2640442669384888,0.23636904569955272,0.22919044031936311
0.2803136341729395,0.25490131368584046,0.22759328565548928,0.23719176648573065
0.26206509876592554,0.25744530451965214,0.24299991692620865,0.2374896797882136
0.262097388994672,0.26376597714136546,0.247769272919158,0.22636736094480445
0.26116851964637156,0.26237077685255983,0.2383235761661129,0.2381371273349557
0.23861621546394668,0.2671866358365328,0.2794059713442852,0.21479117735523537
0.2683600035753841,0.27080709349530774,0.23516040771650606,0.22567249521280225
0.2731907097210175,0.25801714910618856,0.23282389452604563,0.23596824664674843
0.2560866863221789,0.26064456638777633,0.2538686284206973,0.22940011886934752
0.2682322801165903,0.2634937607311052,0.23974265670843278,0.22853130244387165
0.28069665967867596,0.256284850096532,0.21463386016253896,0.2483846300622532
0.24543298409745845,0.2588405376630282,0.2698785915864154,0.22584788665309793
0.2581817017380548,0.27090105871061587,0.24865915632711977,0.2222580832242095
0.28009517082985685,0.2593346236509139,0.22081353603184498,0.23975666948738436
0.25177085908432634,0.2601199584881901,0.2519093367290804,0.23619984569840333
0.2544311981835372,0.2692705520403312,0.26034530701487785,0.2159529427612537
0.27484107044147443,0.2607638676837847,0.2204862550192268,0.24390880685551408
0.2477700674637533,0.2618115341206341,0.2642638461164997,0.22615455229911285
0.262893752671451,0.26761656685104135,0.2409660520584288,0.22852362841907883
0.2672941964568431,0.2606337524852861,0.23785276632381555,0.23421928473405537
0.2655397659233897,0.2609471280480098,0.23922186181153318,0.23429124421706735
0.26736724461524136,0.2596376009381022,0.23891470676852794,0.23408044767812838
0.26109136167843666,0.26037582887297706,0.24291997882392996,0.2356128306246563
0.25341291574992547,0.2630206097402719,0.2579429469292685,0.225623527580534
0.2771125134962491,0.26363413216292764,0.2231527865274013,0.23610056781342206
0.2797066472551297,0.25326732122194756,0.2274002173123449,0.2396258142105778
0.2602279342969227,0.25791948077855814,0.24711138610369696,0.2347411988208222
0.26663226219779135,0.2626382849794225,0.24076362584542554,0.22996582697736068
0.2628869224889385,0.25994102322391643,0.2317753237540653,0.24539673053307978
0.2311703119266861,0.2675198813876578,0.2877450157945746,0.2135647908910814
0.26129471129764825,0.2740701517465485,0.24431575342457765,0.22031938353122574
0.2784373140410792,0.2590906541504698,0.22722378098257806,0.23524825082587295
0.26739661088397365,0.2563282200072079,0.2381659671168873,0.23810920199193109
0.26427955495219163,0.2594176576448914,0.24634936213207062,0.2299534252708464
0.2768345430612526,0.2578431845425986,0.22057270812088023,0.24474956427526842
0.2562624251261128,0.2580437941058515,0.25372380310728093,0.2319699776607546
0.2606080882762449,0.26638751751140005,0.24630338125435597,0.22670101295799908
0.2794623130453691,0.2598901646590531,0.22505139128117835,0.2355961310143994
0.26292555407004164,0.2572895211606148,0.23794402989828228,0.2418408948710612
0.24846140270419956,0.26579057273575907,0.26442669443610334,0.22132133012393806
0.2601128195376692,0.26630565299262143,0.24018243068128164,0.23339909678842763
0.24484373828214975,0.2662759773478017,0.26687063377012504,0.2220096505999235
0.2670210371838737,0.2692198003594635,0.23855260795731764,0.225206554499345
0.27995533318082794,0.25632610005126205,0.2258231517461749,0.23789541502173522
0.26692867361029443,0.2558801998163222,0.23960703496073482,0.23758409161264857
0.26711799218304133,0.25905256161192913,0.23956606208081133,0.2342633841242183
0.26973146555353206,0.25886413692920274,0.2272239366274748,0.24418046088979029
0.2456036097776073,0.26199151106273644,0.269058237011006,0.22334664214865022
0.2648706344872989,0.2699668390050302,0.23943789715761885,0.22572462935005208
0.28265719947705675,0.2569599107568905,0.2219110071014147,0.23847188266463812
0.25065532575935,0.25873001281039887,0.2544267551227622,0.23618790630748895
0.2506092188540933,0.268791731683051,0.2648048230655188,0.21579422639733697
0.2758696865803339,0.2609376600193468,0.21825626891800284,0.24493638448231644
0.2430470535598292,0.26070372344626763,0.2759663388676796,0.22028288412622357
0.275118969380732,0.26916297089195457,0.23158794564372276,0.22413011408359068
0.29070821635272726,0.2491963679288207,0.21430802739298574,0.24578738832546637
0.25599213875858895,0.25495232133054063,0.25228256594635134,0.236772973964519
0.2654103585278863,0.26438919137157774,0.24474500050300063,0.22545544959753536
0.2758508237644952,0.2572749018912066,0.21888946179991658,0.24798481254438154
0.23909588921600336,0.26132654233176733,0.2832693415576319,0.2163082268945974
0.2717321704196863,0.2712205200280688,0.232426027295982,0.2246212822562629
0.28233777941241395,0.25381141183072015,0.22027756473253357,0.2435732440243323
0.24745738754109842,0.2604371573800139,0.2605523471088594,0.23155310797002826
0.25739228496853117,0.26913680550545127,0.25549377116326194,0.21797713836275565
0.2735231197380227,0.2607598938762959,0.22117608013051548,0.244540906255166
0.24291188584870885,0.2621533402369245,0.27561786389108084,0.21931691002328574
0.2662144559785092,0.26956463679800136,0.23779800153837366,0.22642290568511578
0.2751051409571771,0.2572569877014371,0.2313998948722387,0.23623797646914727
0.2576954030144523,0.25973386590397607,0.24736036960915445,0.2352103614724172
0.26561028749035337,0.2639594244124391,0.24585632366630464,0.224573964430903
0.27367957069040266,0.2575206975090921,0.22468164264486387,0.24411808915564148
0.24379492698574617,0.26069700395940526,0.2757468812586496,0.21976118779619905
0.2807050557061922,0.26739761099005904,0.22014806458494265,0.23174926871880597
0.28146941282397936,0.25032147901340845,0.22291222274862418,0.24529688541398795
0.24716141080191797,0.2607477620735103,0.26504593763377726,0.22704488949079452
0.27110388986115525,0.2667304561019452,0.23761695571990027,0.22454869831699928
0.2674415615565477,0.2575854889330955,0.22599501137757377,0.24897793813278296
0.23487463547839743,0.26638786079647186,0.28715921113458803,0.21157829259054262
0.27004469506294365,0.27042195554079296,0.2319422831087005,0.22759106628756282
0.2748150420140791,0.25815452140930767,0.22974333230491678,0.23728710427169653
0.2573060843123792,0.25923946643265944,0.250908726605362,0.23254572264959944
0.25359422754997757,0.26531661624288033,0.2564844349643962,0.22460472124274594
0.2716748064682951,0.2624596788569825,0.22962564403940602,0.23623987063531637
0.2580629173686544,0.25982769915320386,0.24958109231328093,0.23252829116486076
0.2719673487122013,0.2655405368928314,0.23794671101045956,0.22454540338450787
0.2859896884305591,0.25191492316769115,0.21681731521287073,0.24527807318887918
0.2568929376324888,0.2574700010543486,0.24790293298399232,0.23773412832917035
0.26059005618742265,0.26502471152964824,0.24522620811749166,0.2291590241654375
0.2473165759390241,0.2656362875797953,0.2545535199203648,0.2324936165608159
0.24441505947861775,0.2727664736282653,0.2721013184151764,0.2107171484779405
0.27738628996015596,0.2653320986928591,0.22141762741195029,0.23586398393503466
0.2605738428116625,0.25780229525304077,0.24997774426895097,0.23164611766634582
0.26030042446900437,0.2631384727358777,0.24614896503515968,0.23041213775995822
0.2734362561075912,0.26018098752863816,0.22767451906086608,0.23870823730290444
0.266293757166687,0.25774092395095155,0.23668921418137226,0.2392761047009893
0.2516849880480761,0.262279992060759,0.26250180833158643,0.2235332115595785
0.27928311602868566,0.26381127445097957,0.22269570582328896,0.23420990369704578
0.2805684620492488,0.25180733411261347,0.21773584650962138,0.24988835732851622
0.24704236111772465,0.26084649828679235,0.2622197556087522,0.22989138498673084
0.25720997913325044,0.2685506775544894,0.25143783004295117,0.22280151326930894
0.26032318769064683,0.2637822050798935,0.23811704934262212,0.23777755788683755
0.24889921596256517,0.2668942565653043,0.2630155921467193,0.22119093532541123
0.2668383097106678,0.2661344298402532,0.23708634465808287,0.2299409157909962
0.2688426892060405,0.2593809061579235,0.2391885109862847,0.2325878936497512
0.2691540331185791,0.2582094311934028,0.23439692108937737,0.2382396145986409
0.26939230892630367,0.2587359957236568,0.23361877326031574,0.23825292208972365
0.2636602545140848,0.2589314918663616,0.24118366404947336,0.2362245895700801
0.24758539886700184,0.2634268197349733,0.26511825005859135,0.22386953133943355
0.2828412882388677,0.26703754330082563,0.21793892070517212,0.2321822477551346
0.28683845541634473,0.24862768485465175,0.21124135361896615,0.2532925061100374
0.2289626411177724,0.2606800796957527,0.2903148497257768,0.2200424294606981
0.26745534155678924,0.2752510512485268,0.23719202952000043,0.2201015776746835
0.27753891077699105,0.25499376208579644,0.21080479535319116,0.25666253178402143
0.21677955877506636,0.2644313641500625,0.3114282304759075,0.2073608465989637
0.2704906859182784,0.27931487734244237,0.23642736123388072,0.21376707550539856
0.2951214304545502,0.24889040663241002,0.19972463468528726,0.2562635282277526
0.245171846632437,0.25551941512293763,0.2693933117516633,0.229915426492962
0.2600870510625858,0.2661491430353937,0.2543345256475699,0.21942928025445066
0.27379957882964706,0.2578665629103139,0.22739104389131665,0.2409428143687223
0.2585058176662901,0.25747167649362523,0.2620283849589702,0.22199412088111448
0.2890753564541371,0.2588358445757878,0.2221937419909554,0.2298950569791196
0.2996957426982787,0.24243506390752861,0.2162162078263475,0.24165298556784517
0.2695533302473739,0.2466408223466162,0.24729766876635065,0.2365081786396593
0.26434182515168364,0.26089537967722753,0.2469974216343776,0.22776537353671117
0.27142403520957015,0.2596456796451108,0.22751010410427422,0.24142018104104473
0.23078140618847362,0.2651577400073592,0.2917473237400661,0.21231353006410109
0.2610729895381071,0.2792882031863493,0.2539911973858038,0.20564760988973985
0.2839644668437147,0.25677907868680355,0.21999171051355687,0.23926474395592495
0.2455288766642981,0.26095937305637207,0.26803549518008085,0.22547625509924896
0.26537406010539594,0.2696267398264094,0.2459172683719294,0.2190819316962653
0.26218778394863124,0.2609507497497241,0.23996534348080703,0.2368961228208376
0.24354993320277527,0.26643429582234357,0.2800708888692811,0.20994488210560008
0.28691763641112034,0.26503898018114724,0.21398967404942956,0.23405370935830275
0.27108366734201966,0.2520435551138753,0.23757395062532144,0.23929882691878346
0.2528014764151207,0.2634549133826793,0.26051704160394806,0.223226568598252
0.27479560817956755,0.26373229989943914,0.22810321021544105,0.23336888170555212
0.25078923391042024,0.26108288702008986,0.25320290208842444,0.23492497698106538
0.2386050121903953,0.27200362724980415,0.2791222666795727,0.21026909388022785
0.2786375319190098,0.26843465630272606,0.22190814462990344,0.2310196671483607
0.25778962262353755,0.2577433513276664,0.25145989323324247,0.23300713281555357
0.2513816081416412,0.2675013339075443,0.2620337211955291,0.21908333675528538
0.27974629801994244,0.260676658420547,0.22196767991959446,0.23760936363991608
0.2632419603133716,0.25719146137164717,0.23921431105279028,0.24035226726219092
0.2554249688870395,0.26292047658347567,0.2631686005650358,0.21848595396444903
0.28403877032636776,0.2604828821493992,0.21426533035327489,0.24121301717095817
0.27636920604694504,0.2528190208578319,0.22860842594201586,0.2422033471532071
0.24701215984740865,0.2613992555031622,0.25965858087226307,0.2319300037771662
0.24521006826224562,0.2708622073400606,0.2676631151251822,0.21626460927251165
0.2612961887932319,0.2671700913337184,0.23800211374939184,0.2335316061236577
0.2480126509397265,0.2662833629518546,0.265344927237497,0.22035905887092197
0.26963694163265955,0.2667239219449177,0.23974826768230417,0.22389086874011865
0.2832260164354832,0.25446272375573475,0.22178359576031922,0.24052766404846293
0.27357305677186267,0.25302232327206103,0.23033771204884,0.24306690790723637
0.26164657965709476,0.25802519143015046,0.24455082035864167,0.23577740855411317
0.2536431520895213,0.2635492765329196,0.2539333456682678,0.22887422570929133
0.25526907339135757,0.2659098857515438,0.255427127493154,0.2233939133639447
0.27989834550436044,0.2638742912904739,0.22269838992831922,0.23352897327684638
0.2831674890924895,0.252401267217897,0.2231110987702819,0.24132014491933154
0.24707552612014216,0.25825234667255004,0.2655078903127843,0.22916423689452356
0.2546779357871998,0.26944059932636216,0.2527857720727713,0.22309569281366673
0.2654579476132277,0.26267955314004104,0.2307025340314536,0.24115996521527763
0.2365944592678029,0.2668071871967278,0.2817889064491072,0.21480944708636218
0.2730427222048242,0.27221353370202733,0.2391380138035089,0.21560573028963953
0.2878650886207856,0.2505544582721302,0.21375452518779592,0.2478259279192883
0.25797550739975694,0.2560287911419347,0.2507460756299462,0.2352496258283621
0.26595253027788307,0.2616748301353483,0.2403853414577896,0.23198729812897903
0.2629036602472497,0.2612020380277521,0.24041076066938427,0.23548354105561384
0.25729351039170806,0.2621661058615569,0.26179926563346945,0.21874111811326563
0.282560335575614,0.26126558183613685,0.2177728391477202,0.2384012434405289
0.27797004187600416,0.25194336233401465,0.23067763735318175,0.23940895843679952
0.24685526857084283,0.2608429216280838,0.26018829085407286,0.23211351894700055
0.2501679844294702,0.2705086197726489,0.26392469844419053,0.2153986973536904
0.27042395797928725,0.26378223355306835,0.2260366965680934,0.2397571118995509
0.2467249042271093,0.26329868735671275,0.27186652464756256,0.21810988376861531
0.26850542236331154,0.26727841714366557,0.24074151974511399,0.2234746407479091
0.2781943813799692,0.25572853114957883,0.22703988920003956,0.23903719827041228
0.26466404075113836,0.25693501216436854,0.2407672966708185,0.23763365041367457
0.26170348131029164,0.2614264569925756,0.24849320732201444,0.22837685437511826
0.2682361122087348,0.2613714777886188,0.23776088877871035,0.23263152122393624
0.26023035173126624,0.25987131385585993,0.25277287275499966,0.227125461657874
0.27510707904847237,0.2628133214755159,0.22859105566412216,0.23348854381188947
0.2796064881632133,0.25453833164481465,0.22513116869378183,0.24072401149819014
0.24529877494621413,0.2605924317798694,0.2654375476046077,0.22867124566930866
0.25212360907889947,0.2711361603440835,0.26036649371097337,0.21637373686604372
0.2712912337221898,0.2629261793858478,0.2248390184653286,0.24094356842663373
0.24132010229268544,0.2638734909694475,0.2761853256990996,0.21862108103876737
0.26501484406184594,0.2707443090066653,0.24532608771905148,0.21891475921243736
0.2805919096695312,0.2558317474719621,0.22384043580052412,0.23973590705798256
0.2592263338074495,0.25731227574304527,0.24888103565822434,0.23458035479128087
0.26692641220240226,0.2625257439545541,0.24317487294680903,0.22737297089623448
0.27066279137683785,0.2578333934794934,0.23378326197172059,0.2377205531719482
0.25435383671957257,0.2601205748421229,0.2638170963193271,0.22170849211897747
0.2862356258969052,0.26251202403516033,0.21672740787608027,0.23452494219185427
0.2855740531171188,0.24849095512983804,0.2179717381877081,0.24796325356533513
0.2400499481902162,0.2593449225899713,0.27682850421325106,0.2237766250065614
0.262084880685333,0.272437150761964,0.2450450701793711,0.22043289837333188
0.269618146168645,0.2602121804124224,0.2251953944196883,0.24497427899924423
0.22395649372988288,0.26699814156579404,0.2994204943745925,0.20962487032973057
0.2656740083154079,0.2783836593786469,0.24365221275494092,0.21229011955100424
0.2804449186426075,0.2550991494621828,0.2200606225063854,0.2443953093888243
0.24755759582557,0.2604641646672089,0.26697142327852896,0.22500681622869204
0.2760417442055556,0.26424427339397527,0.23303956652421218,0.22667441587625695
0.2792539930282081,0.25303933293662734,0.22049368566543234,0.2472129883697322
0.25188186004129254,0.25680526650209473,0.27180974306765515,0.2195031303889577
0.2840150387580318,0.2624818020050703,0.21681535103567415,0.2366878082012238
0.2829589675828638,0.25000771311075387,0.2219278851785736,0.24510543412780872
0.2463906882586152,0.25989494167405985,0.2648160018939146,0.22889836817341044
0.2602126557525042,0.27100402882199054,0.25124244251866645,0.21754087290683877
0.2745857387082832,0.25994618275337616,0.21882383302847,0.24664424550987066
0.22509716816143377,0.26506565350678973,0.2967023978444945,0.21313478048728204
0.24933725589032243,0.2780719076264848,0.26162351744379636,0.21096731903939644
0.2756055936672377,0.2625313641667844,0.2274835480067269,0.23437949415925108
0.26021410039927934,0.2589356668440216,0.25021278073382675,0.23063745202287228
0.2744553260325085,0.260899917277336,0.24055224295443717,0.22409251373571845
0.28982716918739065,0.2500873100596105,0.21166803493322997,0.2484174858197688
0.2603421008587221,0.25296228366634327,0.25252434259335804,0.23417127288157666
0.274239642891438,0.26287741204792786,0.2290537628000455,0.23382918226058858
0.27480209283544177,0.2557853540801431,0.22778861101872988,0.2416239420656853
0.242103968913097,0.2636385153892447,0.2712673354217203,0.22299018027593795
0.24920924773148934,0.27146225578033606,0.26346491644059056,0.21586358004758394
0.26307517924515367,0.26646716160985634,0.23570789817592316,0.2347497609690668
0.25286365639787717,0.26542405718559947,0.2601442902329594,0.221567996183564
0.2656256147260935,0.26624609127875126,0.24260416709251498,0.2255241269026403
0.265726691139537,0.25842654562986045,0.24836908021075824,0.22747768301984425
0.27113166640090774,0.259573992289583,0.22984804888440255,0.23944629242510673
