0.32267553341220057,0.2216129488761211,0.2344363408087568,0.22127517690292142
0.32306395060755444,0.21674947839741368,0.2377707760880556,0.2224157949069762
0.324084238283976,0.21702251661072325,0.2404674328109428,0.21842581229435792
0.3291175619356767,0.21713268230442534,0.23758494247109957,0.21616481328879839
0.3153918260147719,0.2187014422057477,0.23950840634417342,0.22639832543530689
0.31663748414428017,0.22209261447676615,0.24075376249686423,0.22051613888208937
0.33030627852473565,0.2173007490439529,0.23673691826476162,0.21565605416654987
0.32388157286742214,0.21703431689767674,0.2371714106570374,0.22191269957786375
0.32670924070248775,0.21637355572017927,0.23963628278896182,0.2172809207883711
0.3290399261153696,0.22092752787588316,0.23490599935991285,0.2151265466488345
0.30995471519337287,0.2195840993393021,0.23718426035123077,0.2332769251160943
0.3211735845270639,0.21955405280432974,0.2431455687171703,0.21612679395143605
0.324058301373303,0.21931216947583337,0.23415362324416647,0.2224759059066971
0.3212099580544432,0.2176775770199965,0.23686011545831953,0.2242523494672409
0.31676519640532325,0.2170809306046042,0.23980440589299043,0.22634946709708206
0.32173242323189544,0.22075241946063337,0.23789139947348129,0.21962375783399
0.30769230786519186,0.2196495993353638,0.23855644527999204,0.23410164751945223
0.32122471671384983,0.22010248858806555,0.24245238426012455,0.2162204104379601
0.32934923927187554,0.2146289903055013,0.23642657723253097,0.2195951931900923
0.32763917490342576,0.21690256960457385,0.2395426466764734,0.21591560881552693
0.327201240556052,0.21675309460986514,0.2396891230340403,0.2163565418000425
0.3311016776649625,0.2178755679808457,0.23961026476917363,0.2114124895850183
0.3107684412944178,0.21811833841547326,0.24106942614616914,0.23004379414393972
0.3274641354592368,0.21968859933434157,0.24288875180206973,0.20995851340435195
0.32579305025698446,0.21805819495215023,0.23263482428927745,0.22351393050158774
0.3212710090880879,0.21628142123848712,0.23944057140685196,0.22300699826657291
0.3209223544580479,0.21957235048384713,0.2386726074572994,0.22083268760080557
0.3310717693050721,0.22348834156743394,0.2319536293615184,0.2134862597659757
0.31443012382008617,0.2160512441973843,0.2369624676425279,0.2325561643400017
0.3259482976330477,0.2199722451629923,0.24283336615427514,0.21124609104968484
0.3299560622287203,0.2206837025086093,0.2312688908628372,0.2180913443998332
0.32122578293114473,0.2211932837725746,0.2345648607177789,0.22301607257850176
0.321762863501058,0.21786498137393803,0.2378389457496081,0.22253320937539592
0.3324115912697504,0.22050190918754856,0.2351483711825989,0.2119381283601022
0.3083016866456918,0.22384755556551433,0.23021570486721296,0.237635052921581
0.3206249986153609,0.22162517224571565,0.23813678152701426,0.21961304761190914
0.3171625528841625,0.2227481559785644,0.2315153815972952,0.22857390953997794
0.31960278387440566,0.2224614409728974,0.23326046855661758,0.22467530659607926
0.32095461082376875,0.21997631774361506,0.2330026266446754,0.2260664447879408
0.3182380420908901,0.22139166835934396,0.23395475142306107,0.2264155381267048
0.3036643056484656,0.22191124124770484,0.23777007552997806,0.2366543775738516
0.3171970541248746,0.22810123968827678,0.2358059789215582,0.21889572726529052
0.32583420744988106,0.21792388282063702,0.23054194715655876,0.22569996257292332
0.3298531117214805,0.21615033077833917,0.2374222514236502,0.21657430607653014
0.32936171154458466,0.21831045165129245,0.23517242251329454,0.21715541429082835
0.32610772899765744,0.22354448496743845,0.2332202317169876,0.21712755431791664
0.3012018712064293,0.22214024780485153,0.23564914193752026,0.2410087390511989
0.32044804767317636,0.22073605379892441,0.243450061965291,0.21536583656260827
0.3216818444262999,0.2214274737882357,0.23006374447772698,0.22682693730773745
0.32126578295333486,0.21909085165379572,0.23370209634419947,0.22594126904866998
0.3163826173846806,0.21907003193952576,0.2362215938770698,0.2283257567987238
0.3236210850576976,0.22408252467385475,0.23400170243063328,0.21829468783781428
0.31118853589782297,0.22042025244364916,0.23484136910960993,0.23354984254891792
0.3208975322097507,0.2208748892024075,0.2415785780233346,0.21664900056450723
0.3320088429166235,0.21892388371954072,0.23337775306184427,0.21568952030199154
0.3308250689819875,0.2186655775657265,0.23386096484595414,0.2166483886063319
0.3218488479891982,0.21831571464719277,0.23635946841577224,0.22347596894783683
0.3250386990521932,0.2203751636089832,0.23756518024209036,0.21702095709673322
0.3028067634390661,0.22462529573830317,0.23389936705467387,0.2386685737679568
0.3163981917553511,0.22381402692003718,0.23796140379866357,0.22182637752594803
0.32424663432674977,0.2189407229201503,0.23129066586239055,0.22552197689070952
0.32385715164720585,0.21909527309844617,0.23349827304475682,0.22354930220959118
0.3197576186401478,0.21979587721327506,0.23529132681782033,0.22515517732875678
0.3233180369351236,0.22489053315831706,0.23284377899686015,0.21894765090969923
0.30752683520873225,0.21929111921349165,0.2373037527086878,0.23587829286908826
0.3239088499878242,0.22291761440972457,0.2410085532220656,0.2121649823803857
0.3329397498087669,0.21782354152603617,0.22961078822269268,0.21962592044250434
0.32434506239777816,0.2172996488960709,0.2360118152897611,0.22234347341638996
0.31357347048790335,0.21977796227326582,0.23795219086601105,0.2286963763728197
0.3227129040877261,0.22323375153948935,0.23624344019021654,0.21780990418256804
0.29499584983207644,0.22323915953448423,0.2345789443727882,0.24718604626065124
0.3212665480667838,0.22060369628708715,0.24270398431445417,0.21542577133167495
0.3295436583167655,0.21588572178148896,0.230289366509188,0.2242812533925576
0.3181834531959435,0.2181599301344424,0.23791432595321702,0.22574229071639704
0.31848493794521593,0.2191422084234691,0.24103271619792133,0.22134013743339373
0.32964195144802827,0.2214785658374417,0.2366742696189461,0.21220521309558396
0.3076133250533546,0.21605987793179093,0.24153115406794462,0.2347956429469098
0.3314000460218402,0.21855487869260448,0.24514675944896278,0.20489831583659254
0.33222760124208983,0.2172855301805852,0.23100786453641667,0.2194790040409084
0.3233427817177809,0.21760292273814344,0.23887022628388876,0.2201840692601868
0.32266024547477545,0.2166022977425642,0.2413098828392056,0.21942757394345486
0.3315660074925655,0.22177952045543053,0.2358689668610515,0.2107855051909524
0.3076993180766822,0.21885998812288918,0.23562137757605578,0.23781931622437277
0.32666549178360227,0.21927068768423413,0.2426425613629945,0.21142125916916915
0.3229134280814684,0.21878364852494683,0.2313782674654569,0.2269246559281279
0.3176185959633864,0.22011568542538795,0.23782356082209322,0.22444215778913254
0.3187118475822797,0.2195872080408298,0.2369671091057828,0.22473383527110763
0.3273402185370856,0.21821617355248907,0.23682223012764325,0.21762137778278207
0.3017611361930168,0.21907873965576957,0.24020162275317936,0.23895850139803435
0.32579801929780305,0.2242468232192562,0.24050095759167944,0.20945419989126127
0.3278148563481137,0.2163560979335466,0.23062698925425754,0.2252020564640823
0.3230483968199722,0.21627284203393127,0.24180340427592742,0.21887535687016896
0.3310512617823189,0.2161283469916616,0.23947124322325328,0.2133491480027663
0.32910330066539145,0.22168700143592313,0.235028791845055,0.2141809060536304
0.3062516549543717,0.2194393070711199,0.2385371630256855,0.23577187494882298
0.3295151427886535,0.21822336822180669,0.24488164386361627,0.20737984512592347
0.3269305233618418,0.22177941206396934,0.22913606310681522,0.2221540014673736
0.3238569266813954,0.21496733719637906,0.23699894371620275,0.22417679240602284
0.3166050709902125,0.21988493469992712,0.23865980444581503,0.22485018986404548
0.3169202005003485,0.22340517943072058,0.23512327594932292,0.22455134411960812
0.3060641387251996,0.2233003868528237,0.23668249226519256,0.23395298215678406
0.3232225635505641,0.22071079603252217,0.2383729941996618,0.2176936462172519
0.3358176055373012,0.21370208511566305,0.23362543176123488,0.21685487758580088
0.32740745318043196,0.22084820490074747,0.2339072590598248,0.2178370828589959
0.327002150741748,0.21885997074664446,0.23629733876247705,0.21784053974913065
0.32103616829240783,0.22218229055520908,0.2375711683765713,0.21921037277581173
0.3107924657147464,0.2217037882074367,0.23755964288221756,0.22994410319559924
0.33249994755977247,0.21976059034937448,0.2368936941652504,0.21084576792560245
0.3181094622340446,0.2201967998916983,0.22911645890372398,0.232577278970533
0.31728774274301136,0.21994160895495307,0.23754647127581785,0.22522417702621775
0.3163246018273861,0.22640699408396958,0.2312078041176027,0.22606059997104158
0.31688866160035195,0.22256388670414884,0.23182555021729134,0.22872190147820792
0.3114683922640739,0.21815595053677792,0.23971176445126505,0.23066389274788301
0.32659980497036223,0.22383577909351984,0.23554333983209938,0.21402107610401855
0.32867950039451976,0.22127864250338053,0.22848560006691812,0.22155625703518178
0.32316328463138094,0.21944061537616752,0.23538561760122045,0.2220104823912311
0.3263781058998461,0.21758644220672585,0.23807908938328562,0.21795636251014228
0.32061608934104513,0.2244668441488297,0.2335940962524996,0.22132297025762548
0.3067995322084847,0.22466938820353025,0.2322810450380652,0.23625003454991975
0.3217913107620739,0.2204412176567237,0.23751613156127876,0.22025134001992352
0.319403763069781,0.22133312337718597,0.2307764122226103,0.2284867013304227
0.3183249193388999,0.2212256394766801,0.23385065118591603,0.22659878999850394
0.31772428032034833,0.22479882416397304,0.23137608334319168,0.22610081217248698
0.3189136724033113,0.21994045587544878,0.23371264894785934,0.22743322277338057
0.3049991725707273,0.22045674971422308,0.2412568077925705,0.23328726992247906
0.3248567035961814,0.22880959031741877,0.23440117528219884,0.21193253080420094
0.33829820472902383,0.21689666002522656,0.22652504386255437,0.21828009138319523
0.31882078675683795,0.2149532563409879,0.23989454450778938,0.2263314123943847
0.32867142517949716,0.22280880799060934,0.23804414202961435,0.21047562480027918
0.3247512708918271,0.22715930952024396,0.2266133378742882,0.22147608171364072
0.29192294644187167,0.2216313043771848,0.23547140984099196,0.2509743393399516
0.3244656913594577,0.2196849802766761,0.24421213745529255,0.2116371909085738
0.32429968359874,0.22392972043647308,0.22406815751715378,0.22770243844763305
0.30393026322993916,0.22229403817202417,0.2316509906401553,0.24212470795788135
0.31020739638106937,0.21594732542131312,0.24338228264727524,0.23046299555034228
0.3054366863262262,0.22193310453127268,0.2390279078312023,0.2336023013112989
0.2843559861012019,0.22386610841437457,0.24198980635186368,0.24978809913256003
0.3043662088505055,0.22047400020947397,0.2467995512083071,0.22836023973171343
0.3238408265225436,0.2119548903660988,0.2367280975783592,0.22747618553299842
0.3188781432897939,0.2084578423019784,0.24730698138721868,0.22535703302100898
0.31743753434526767,0.21586977050721146,0.25238687098901613,0.21430582415850474
0.3293986301114175,0.21855570911326344,0.24644974507626882,0.20559591569905014
0.3125798062680194,0.21380700149012008,0.2534495474556969,0.22016364478616368
0.3331363806317841,0.20961101024876136,0.257416644848788,0.19983596427066658
0.3404655893039887,0.20844860436120757,0.24305971015790923,0.20802609617689463
0.3203304006465376,0.21536386459580403,0.24579599930587606,0.21850973545178237
0.32923073086155696,0.2126300752087813,0.24792671304018582,0.21021248088947597
0.32887799091733383,0.21356352581516994,0.24502456919177903,0.2125339140757172
0.308471217044782,0.21537130010485767,0.24901073616796768,0.22714674668239274
0.3353897615385641,0.21719593427614134,0.24475688459037218,0.20265741959492245
0.3273084473678775,0.21428417755118925,0.23582336635710296,0.22258400872383025
0.32591535854755227,0.21356859944540113,0.2465940510093559,0.21392199099769066
0.33783774393348537,0.21634572279559053,0.23999288816409137,0.20582364510683274
0.32538239297447225,0.2171687599666974,0.23881151283429244,0.21863733422453788
0.3141215916639054,0.21787223566984393,0.2458824407333351,0.22212373193291549
0.3370818313892092,0.21866114962875946,0.2394242679267681,0.20483275105526313
0.32171468875037024,0.21538074759014977,0.2345965400704548,0.22830802358902513
0.31897287488145454,0.2176184106472511,0.24233361024250127,0.22107510422879312
0.32398722328295326,0.21951597352603347,0.23690094642881127,0.2195958567622019
0.3165398448275548,0.22303321533508844,0.23398344538658564,0.22644349445077117
0.3124575356411189,0.2153728248608713,0.24253912549868348,0.22963051399932627
0.3320729222455309,0.22188303216265928,0.23827734655394275,0.20776669903786701
0.3321578573830086,0.21845968001382088,0.22945283749679474,0.21992962510637595
0.33068091751792505,0.21477109114369605,0.23968989175315245,0.21485809958522636
0.32024221323600455,0.21850979607013457,0.23933607459982742,0.2219119160940336
0.3198632448859286,0.2229497808979317,0.2376670272493128,0.2195199469668269
0.30418509372334696,0.22385594522044033,0.23446646795527595,0.23749249310093676
0.3201121004699917,0.21763411114296755,0.24063845713306486,0.2216153312539759
0.32529347069024167,0.21908417149454804,0.23233864323234737,0.22328371458286303
0.3231553485365858,0.22027397946238855,0.23232819497791476,0.22424247702311084
0.32002449395149096,0.21872198102365314,0.23668562326250916,0.2245679017623466
0.3158924011722701,0.21933768321225242,0.24004859149749,0.22472132411798745
0.30756031006656875,0.22121482102714995,0.2427985976821713,0.22842627122411008
0.32305308666821847,0.22502107953475228,0.2375155926341782,0.21441024116285104
0.33919610731448735,0.2139901903809987,0.23121598966339058,0.21559771264112343
0.33041058909314114,0.21094143672879756,0.24054279755002492,0.21810517662803638
0.32194345874866676,0.22063718497596288,0.239562136280412,0.21785721999495838
0.31658153167006725,0.22597757305671728,0.2345227910262546,0.22291810424696096
0.30133677341761933,0.22217335441567376,0.23941125437171623,0.23707861779499068
0.32883234726121385,0.21441683977353565,0.24342886755467633,0.21332194541057417
0.3313247201739375,0.21464956362039295,0.23276365603432522,0.22126206017134442
0.3146729727631696,0.22202495347384177,0.23432315351187635,0.2289789202511125
0.3157893808911919,0.21863858595866079,0.24111940261909992,0.2244526305310473
0.31853394086383063,0.2216767832856226,0.23914091978620658,0.2206483560643402
0.31162613163629327,0.21462398798584295,0.24352467888578136,0.23022520149208242
0.331358706001087,0.2204497041388754,0.2404894084145845,0.207702181445453
0.3325973164998322,0.21460855153312444,0.23217017485951585,0.22062395710752736
0.3281583757873228,0.21379486105705123,0.24320903330925187,0.21483772984637403
0.3177581466296618,0.21816821946256207,0.2424850447776443,0.2215885891301317
0.32706410037486344,0.22157415798350544,0.2399286134302844,0.21143312821134655
0.31053271670086485,0.21828744098844138,0.23784047866945623,0.23333936364123756
0.3277113654005431,0.2130765538792293,0.24555378833477756,0.21365829238545006
0.32472029027994886,0.21784663021827086,0.2348527656051373,0.22258031389664287
0.3169583203529707,0.21980968057075986,0.23751812480388237,0.2257138742723869
0.3162339060022642,0.2179881669219501,0.24153625257118405,0.22424167450460164
0.32432178323458655,0.2169450880494609,0.24151587753004725,0.21721725118590532
0.31471594594678265,0.21556727974377546,0.24299474072505983,0.22672203358438198
0.3254300622373146,0.22150324193083837,0.2410830431285264,0.2119836527033205
0.3358236801759817,0.215198938032139,0.23446544186473417,0.21451193992714518
0.3283658345134825,0.21263659742684,0.24273478240375906,0.21626278565591855
0.32330509294360554,0.21661815488717973,0.24399135487345114,0.21608539729576354
0.3285285245373695,0.22166692764558593,0.23772995002526387,0.21207459779178076
0.30829281194592795,0.2189838619315405,0.2381489516929165,0.23457437442961507
0.32596929875727465,0.21481359541682915,0.24538500823726545,0.21383209758863073
0.32665008056011874,0.21631623682834766,0.23487521536691666,0.222158467244617
0.31289835664085486,0.21990600626459736,0.23790182355214523,0.22929381354240252
0.3163223351971535,0.21841185885389242,0.24123924466917834,0.22402656127977572
0.3212599603766474,0.21616141139737174,0.2411868191103012,0.22139180911567963
0.3050479747310096,0.21708897619030126,0.2455478006087639,0.23231524846992518
0.3255031012320896,0.22214679790165046,0.2419457177340251,0.2104043831322348
0.33698401113322046,0.2144455600671933,0.232887216360609,0.2156832124389773
0.3248860786138717,0.21080580714396235,0.2462428430728388,0.21806527116932722
0.3319972342004832,0.21764508647274508,0.24500410503920253,0.20535357428756937
0.3331171879640321,0.22081686895612165,0.23522852894068827,0.21083741413915802
0.3074996004424882,0.21683934288059126,0.24292617835120955,0.23273487832571102
0.33127665115991656,0.21493685630268367,0.24642005048345042,0.20736644205394936
0.3264499759311646,0.21610816245857611,0.23358273476203525,0.22385912684822407
0.306119291868071,0.22148956667728073,0.23834380436468336,0.23404733708996497
0.31809505275831795,0.2174335244343196,0.24214776698808604,0.22232365581927635
0.3233246790296232,0.21930619234875365,0.2362070848411422,0.22116204378048096
0.3051093405820222,0.21436049717801556,0.24423647866258047,0.23629368357738165
0.3264636735308546,0.221149278779813,0.2441829341937778,0.20820411349555454
0.33045812639350186,0.21708168834101868,0.23272623754399702,0.21973394772148241
0.32626304804140466,0.21328858274552678,0.24514078923109459,0.21530757998197386
0.3315158197914751,0.21568751238491896,0.24466727124491136,0.20812939657869461
0.3421280209745733,0.21917380374047038,0.23579952500967677,0.20289865027527948
0.31090878667240773,0.21595270563547866,0.2385077297645196,0.2346307779275939
0.3217470558784231,0.21556799593114973,0.24877754548421926,0.21390740270620795
0.3173775334141603,0.22137494902385946,0.23436475446724955,0.2268827630947307
0.3063401858170681,0.22112515468776797,0.2374006420694501,0.23513401742571388
0.31636253504813044,0.21661871043467573,0.24098551219959002,0.22603324231760394
0.32803598919164306,0.21625732514599172,0.23653312552569292,0.21917356013667233
0.30992439190947874,0.2181972275245266,0.23982617602983927,0.2320522045361554
0.32526407346714825,0.22179994202950246,0.2427892741034549,0.2101467103998944
0.33577818557966643,0.2166756782443529,0.23618528269978895,0.21136085347619185
0.3317865451067804,0.21214306195164725,0.24333111482977413,0.2127392781117981
0.32710898644274355,0.21265908780562942,0.24621247891984682,0.2140194468317802
0.3236226419763928,0.22340771506865,0.2385822218959045,0.21438742105905267
0.31207936390555685,0.22071302632612433,0.23628749002827756,0.23092011974004134
0.32999315661395745,0.21417149603976496,0.24196053656918068,0.21387481077709705
0.32118246391029137,0.21276331668217413,0.23838860358922206,0.22766561581831266
