0.2809136511343662,0.2152286183316763,0.3207484074717768,0.18310932306218064
0.2855885124139581,0.2128380428505826,0.3207859788587376,0.18078746587672162
0.2750840278740989,0.21678064883279669,0.32762564634610525,0.18050967694699913
0.2726800752922586,0.21287691870194206,0.3315293985006736,0.18291360750512567
0.2836271616562634,0.20927317418004188,0.32855678328375115,0.17854288087994358
0.2761266646504094,0.21844208701187784,0.3262216196022228,0.1792096287354899
0.2883447736089431,0.21052452013081466,0.32129210860106727,0.17983859765917484
0.2839870407712463,0.21297247913864303,0.3239207050011861,0.17911977508892465
0.2640068262408609,0.21691035830759947,0.3342830958279164,0.1847997196236233
0.28504124660060404,0.20577308336380307,0.33175627667863916,0.1774293933569537
0.27477019438744854,0.21253739494989937,0.3297767063461919,0.18291570431646015
0.2825067118615602,0.2153272038820114,0.32774000897428945,0.17442607528213896
0.28432693485857713,0.211058638141174,0.32298294269893607,0.1816314843013129
0.28988367907085394,0.2114445871565112,0.3213815645611025,0.17729016921153246
0.27128479036429,0.21732780992560502,0.3277592865849128,0.1836281131251922
0.28802129674999655,0.21126809585134737,0.3235736839096692,0.17713692348898702
0.2830215782586371,0.21485512720422656,0.3192623892272533,0.18286090530988305
0.28593737645834943,0.22004346112796508,0.31780778140016336,0.17621138101352204
0.2775235547180263,0.21505578243025675,0.32062876429485687,0.18679189855686007
0.28126810698318044,0.213670459078509,0.3265634468144785,0.17849798712383208
0.25745538467216994,0.21765034407606254,0.3361600524614929,0.18873421879027458
0.28512991234572604,0.20613475237219353,0.3330579787526304,0.1756773565294501
0.2688249723640591,0.21557688106626663,0.33256612458141843,0.18303202198825583
0.28411132012672086,0.2143298773877159,0.3279137117478472,0.17364509073771608
0.2860100393472132,0.20980045353899893,0.32170419155638535,0.18248531555740258
0.2840522665284939,0.21365418397186203,0.32472884156008225,0.1775647079395617
0.26858914002043444,0.21612691707106915,0.33151088765821396,0.18377305525028245
0.29007499810460324,0.20695455846372546,0.325313045108989,0.17765739832268218
0.2766636634088106,0.21175560294516763,0.3269824098099302,0.1845983238360916
0.2738600267233698,0.21756452749005478,0.3336138409899197,0.1749616047966557
0.2749040466816152,0.20804030411918492,0.3313490144545747,0.18570663474462512
0.2952179906752055,0.20550717325807535,0.32590958681376064,0.1733652492529585
0.2615101083471183,0.21754302550553495,0.3351581659167923,0.18578870023055444
0.292127093339408,0.20184001870846338,0.33348977319895046,0.17254311475317813
0.27465683395964835,0.2100006567029963,0.3314053197794182,0.18393718955793725
0.2858047493804555,0.2100190063185963,0.3299684952931864,0.17420774900776165
0.2863667074768127,0.20790819651279932,0.32590221404071573,0.1798228819696723
0.28776985056289406,0.21017691733228705,0.3248204022665388,0.17723282983828015
0.2792244898506345,0.2105235490581833,0.32828373625820406,0.18196822483297817
0.28570389253509126,0.20838764070741708,0.3288264387800481,0.17708202797744363
0.27848389133118506,0.21245701193860805,0.327793476878763,0.18126561985144382
0.2955834786683922,0.21289780359915925,0.3178987527431784,0.17361996498927018
0.28812889950746906,0.21154931713874972,0.3149392975087489,0.18538248584503228
0.28280990747231965,0.21366825843145104,0.3263104012204091,0.17721143287582025
0.2542619787457692,0.21428045644671578,0.3425608554387245,0.18889670936879058
0.2872707573457367,0.2001407720839741,0.3380869280841586,0.1745015424861306
0.2719833185291403,0.2120279735996327,0.333329566897008,0.1826591409742191
0.2887297020530802,0.21313598989497562,0.32761597172076884,0.17051833633117527
0.28926490058609045,0.20941815945951256,0.32007972119417755,0.18123721876021945
0.29356970448552744,0.21017740861044226,0.3194493853157422,0.17680350158828828
0.27098883281943553,0.21559007132559668,0.32875681363465964,0.18466428222030806
0.28722376216236495,0.20894922148606201,0.32651658361592995,0.17731043273564306
0.2807933182694876,0.21146612044054683,0.3236736560796078,0.1840669052103577
0.28325660079088316,0.21655342409033346,0.3249630812326385,0.17522689388614482
0.27416361679209944,0.21245394332158934,0.3277958778325373,0.1855865620537739
0.2876535102122063,0.20599547596650702,0.3296072779467407,0.17674373587454592
0.25998060764290776,0.2140607078059709,0.34048435597953053,0.18547432857159085
0.28254272055783697,0.20387390144614095,0.3393838372847985,0.17419954071122365
0.2826506144649206,0.20864221304211714,0.32973627355053287,0.17897089894242937
0.2922591069743324,0.2132699751804492,0.32104628199661506,0.1734246358486033
0.292277847455903,0.20986098840616002,0.3171897894007702,0.1806713747371667
0.28538460683874883,0.21205459914315164,0.3235192330895163,0.17904156092858325
0.26743177112877503,0.21341447456067042,0.3336345308725418,0.18551922343801266
0.28751263932449833,0.20660654160343359,0.32933368841048066,0.1765471306615874
0.277349496879985,0.21181499838840293,0.32710661581371375,0.1837288889178983
0.2857703270523366,0.2160245995491071,0.32580858098206306,0.17239649241649327
0.2767722338755941,0.2102207379263143,0.3254159585929738,0.1875910696051179
0.29169596567966816,0.20621304572549828,0.3283107227588251,0.1737802658360084
0.256405379022054,0.21794404952843593,0.33899710675852207,0.18665346469098806
0.2996469852472166,0.2022358463271998,0.3268657553265582,0.17125141309902547
0.28654013157518066,0.2138559389870637,0.31733336765689196,0.18227056178086365
0.2889893082365213,0.22140671123009273,0.31618807317829456,0.17341590735509135
0.2863055335242835,0.21107990083388178,0.3162808108656955,0.18633375477613914
0.28446638898481214,0.21385474504093938,0.32309598326364836,0.17858288271060005
0.25873178438469807,0.22028770123257288,0.3327431634164568,0.1882373509662722
0.2961636102793195,0.2059283407952622,0.32307264078059766,0.17483540814482068
0.27212518814384534,0.21783715546832313,0.32454217106763783,0.18549548532019366
0.27745947607819865,0.22041222946640918,0.3277710108498267,0.17435728360556546
0.27763406908110605,0.2091765109377202,0.32544465022706154,0.18774476975411225
0.28446701668339464,0.21146994617527023,0.32814985140612146,0.17591318573521372
0.2576790221071741,0.2180421161418283,0.33758488801668274,0.18669397373431484
0.295274800164847,0.2032254077438206,0.32922333941357446,0.17227645267775799
0.27313232642584817,0.213888937322991,0.3270320941889102,0.18594664206225062
0.2856532944569471,0.2152275983946496,0.326984229518771,0.17213487762963234
0.278510419777157,0.21051140100226493,0.32500409720923273,0.1859740820113453
0.2928851772103001,0.21023639849981085,0.3226603278609693,0.17421809642891972
0.26773788047250324,0.21813051971209454,0.3278976534951014,0.18623394632030066
0.2962018825281114,0.2065870474074997,0.3225153243087304,0.17469574575565852
0.2736281026509481,0.21701660125563857,0.32491834377131146,0.18443695232210186
0.2851498184129414,0.21827663994424076,0.321732669104972,0.1748408725378459
0.2879503114468863,0.2090642624534646,0.31634029133670205,0.1866451347629471
0.2797299834935934,0.21774654801090002,0.3258662220935358,0.1766572464019709
0.2537992047526971,0.21788599453357158,0.338718943730788,0.18959585698294332
0.29723296110493364,0.2002675256674298,0.3297657197708829,0.17273379345675371
0.26477692902612493,0.2182335292654214,0.33055640870467806,0.1864331330037757
0.28679706452126313,0.21251982238731434,0.328964366361679,0.17171874672974355
0.28274834395419063,0.2098307714895627,0.32422594111357206,0.1831949434426745
0.28361338129246505,0.20991697575106133,0.3273684846843839,0.17910115827208978
0.27158774721319545,0.21404448769551468,0.3346156690289723,0.17975209606231757
0.28341335273315366,0.20947857468351871,0.32794393996083987,0.17916413262248773
0.2977222090178447,0.20996206404818488,0.31604833417994277,0.17626739275402764
0.28159139872809974,0.2211158897827355,0.3177553984930543,0.17953731299611042
0.2838215418095298,0.20962344922891335,0.3227995631651136,0.1837554457964433
0.27286333984535427,0.2119299438365855,0.3347133370952539,0.1804933792228063
0.25795746851639,0.21150319947914678,0.3428314495616448,0.18770788244281839
0.291485213583588,0.20159193635026995,0.335626884561403,0.17129596550473908
0.2691116085533369,0.2157230382846926,0.33261643119331297,0.18254892196865752
0.2967326397958004,0.2059568761514123,0.3260909752868714,0.17121950876591596
0.28165114866795604,0.20932727330638543,0.3257671838423263,0.18325439418333228
0.2803643102330231,0.21126861507687153,0.33131864038716874,0.17704843430293657
0.28242492506940264,0.20927782990667193,0.3281051403193479,0.18019210470457747
0.2937033996307898,0.20777080582420185,0.320376814902253,0.17814897964275533
0.2810463865142186,0.214784096270133,0.3244334995147379,0.17973601770091047
0.2790332026588255,0.2143628975850001,0.32792007110123533,0.17868382865493906
0.28609093788371676,0.20586709512123696,0.3244932297643383,0.18354873723070797
0.27802921336304715,0.21134547881530452,0.3317535133377002,0.1788717944839481
0.26202303504225166,0.21192255798336415,0.3429411481594137,0.18311325881497045
0.289493883456539,0.20093931374341997,0.33667843149190574,0.17288837130813536
0.27885720654665525,0.21081066665787626,0.3290501411067376,0.18128198568873083
0.2945002181254323,0.20884437315889498,0.3240350625756953,0.17262034613997734
0.28367791223881733,0.2106307339920966,0.32444702503890505,0.18124432873018095
0.28554016555941164,0.2093560840227788,0.32666892818109355,0.17843482223671608
0.2815718845731189,0.21074666813904783,0.3268644939505162,0.18081695333731715
0.28520742935270876,0.20911716498737448,0.3255378497804827,0.18013755587943414
0.2822942799919902,0.21273791994370528,0.3270479847680064,0.177919815296298
0.281663464853695,0.21619367526316002,0.3238610891690923,0.1782817707140527
0.2953591394850659,0.2040356192814671,0.31734657213966927,0.18325866909379765
0.2711767226223009,0.21420325870269757,0.3356308263697406,0.1789891923052609
0.2525764511890935,0.2146462821916856,0.34968586935521023,0.18309139726401064
0.3036952206430279,0.19359759323382925,0.32963701938021217,0.17307016674293074
0.27974073206213007,0.21404014088521142,0.3254565762356249,0.18076255081703363
0.2762763858421059,0.21968424056073002,0.3309399367976642,0.17309943679949993
0.30043227522633126,0.20168630483814134,0.3186174553843652,0.17926396455116209
0.2905343641105343,0.21252373687790993,0.31762168150861053,0.1793202175029452
0.271414332371608,0.22042769059089307,0.3264822482170244,0.18167572882047459
0.3040627703225239,0.2098791365916877,0.3125446334600366,0.17351345962575182
0.29430399763380655,0.22389056876810787,0.3020636861623325,0.1797417474357531
0.30056427036336775,0.22944471425892268,0.29650998076997187,0.17348103460773767
0.28735353320219204,0.22307341688203705,0.30156976361130067,0.1880032863044702
0.2705369345679569,0.22404331453430268,0.3182724410544041,0.18714730984333633
0.24510257589158746,0.22955665255236626,0.3341589482374476,0.19118182331859865
0.2691116330475851,0.21615031745959867,0.3293626023095436,0.18537544718327253
0.27218778201840343,0.22314824815600356,0.32641342362598363,0.17825054619960945
0.25764600602514254,0.23499389588051559,0.32939990069534597,0.17796019739899596
0.2767181600525835,0.2120106273832859,0.3262314173649395,0.1850397951991911
0.27250824949534613,0.21920983791439919,0.32842348667244214,0.17985842591781254
0.2571454302810878,0.22343102240156662,0.3323410098724982,0.18708253744484754
0.2931017235977711,0.20897701928885976,0.32319567726704745,0.1747255798463217
0.26424735138636707,0.2263363923482562,0.3252676783009226,0.18414857796445414
0.2827754913487556,0.21879336409222794,0.32159315382944836,0.17683799072956802
0.2830310474062808,0.21240917525540295,0.31893874621664586,0.18562103112167044
0.26621382301314844,0.2225213097885155,0.33022741197310207,0.18103745522523404
0.2616231916908378,0.2148109677048804,0.3372981181666392,0.18626772243764259
0.28271293204397757,0.20606884772568818,0.3327240577735874,0.17849416245674687
0.265411431656393,0.21999862244685867,0.3341559840031434,0.18043396189360494
0.283058732624582,0.2116390309108087,0.32901342584481963,0.17628881061978968
0.28875480948926596,0.20744435449382917,0.32325330761901766,0.1805475283978873
0.27178348124348245,0.21966959836026598,0.3301181536708871,0.17842876672536448
0.27808405595225955,0.21090032962726074,0.32859770343453887,0.18241791098594085
0.29890018561217696,0.2086316234316975,0.3172762975081619,0.17519189344796368
0.2712832300198802,0.22070051628243625,0.3227825810198603,0.18523367267782315
0.288122776280006,0.21328847142716256,0.32372779086495534,0.17486096142787608
0.27082530278222705,0.21192468965503747,0.32657679203160606,0.1906732155311294
0.27796227645977706,0.20932680406458415,0.3358595717271151,0.17685134774852365
0.25595572725481014,0.21396637055026185,0.3461369852928548,0.1839409169020732
0.28979520634400785,0.20270437816717005,0.33480105038741126,0.17269936510141096
0.28967495344750827,0.2115482957470249,0.320911987265239,0.17786476354022782
0.29047198746022124,0.216225327888475,0.31807509319391336,0.17522759145739042
0.28824223863932275,0.21185107600831574,0.3190831476173835,0.18082353773497797
0.28069985275702247,0.21251284690886202,0.323925096662455,0.18286220367166053
0.27407598862789284,0.21277136136059002,0.32977840079856335,0.18337424921295375
0.2786173357598612,0.2124959314520306,0.3298864177701318,0.17900031501797642
0.2812307404314748,0.21501222106182025,0.32479100750616,0.17896603100054498
0.2917163394143592,0.21606654781583048,0.31626733096316667,0.17594978180664367
0.28531891476480703,0.2120658741022786,0.31728723759256233,0.18532797354035194
0.27034976788541465,0.21307650278555534,0.33577630900061445,0.18079742032841556
0.25292237164116965,0.214611073904994,0.34867945254243776,0.18378710191139846
0.29100596412102747,0.20190961054808657,0.33107297418968396,0.1760114511412019
0.2930448223161563,0.21461156917767912,0.316996469353849,0.17534713915231565
0.2792123761390372,0.2229627391843795,0.3204223901277864,0.17740249454879697
0.2906490620167156,0.20748891872371755,0.3210841625269193,0.18077785673264757
0.27519297142830124,0.21559685926331648,0.3265065375080251,0.1827036318003571
0.27291788262459904,0.2151011328121823,0.3279224553922753,0.18405852917094329
0.2954723508936751,0.21189787885163128,0.318438311382506,0.17419145887218765
0.2734331973161618,0.22063872342012042,0.3205178328689863,0.18541024639473141
0.289309389365389,0.21674615476334766,0.31973359036374255,0.17421086550752068
0.26825500821402715,0.21456674306662973,0.32430910523184187,0.19286914348750123
0.27973626740682483,0.21165483715689384,0.3326947658833996,0.17591412955288183
0.2532419859538871,0.21901295487129574,0.34057842860337734,0.18716663057143978
0.29636295835559795,0.204981037531691,0.32652945339918255,0.1721265507135286
0.28159105492686803,0.21629644788848693,0.3198718472632151,0.18224064992142996
0.28193644747775476,0.2192373710703776,0.32305467860432285,0.1757715028475447
0.27989558417714433,0.21254804267026986,0.32415697172869246,0.18339940142389347
0.2836654827031829,0.21355163571309468,0.3224271100665481,0.1803557715171743
0.2765706465826524,0.21762190962148367,0.32336140701190946,0.1824460367839545
0.28441696770053954,0.21561163552968712,0.3215347447599612,0.178436652009812
0.277159448963791,0.21701039176817993,0.32276219135682865,0.18306796791120047
0.2806722019363061,0.21891727424946378,0.32223792618338776,0.17817259763084237
0.2759770625519979,0.21313060888656038,0.32315778505993153,0.1877345435015102
0.2764658558610668,0.21303683940065107,0.3320584542646244,0.17843885047365782
0.2536629448195555,0.21888007092543946,0.3423834507817949,0.18507353347321012
0.29007604288752076,0.20435169892228122,0.3306263860705494,0.17494587211964857
0.28338976195441756,0.21394384116745385,0.3221854934473253,0.18048090343080325
0.2795605343695422,0.2206163343274264,0.32414844942124976,0.1756746818817816
0.2841005078058677,0.21073693750160666,0.3228476658518751,0.18231488884065059
0.28601370990415004,0.21382382583778084,0.3210840889968309,0.1790783752612383
0.27438994017760376,0.21972622861362054,0.32259752862978286,0.18328630257899287
0.2925833258776235,0.21287665630902106,0.31707025130426975,0.17746976650908572
0.27688847612799716,0.22167442219071293,0.3188740642946193,0.1825630373866707
0.2812100066795059,0.22198116794861691,0.3177977456565104,0.17901107971536676
0.2835576924305155,0.21214193125455133,0.3169012646905103,0.1873991116244229
0.26694879787516823,0.21865854659908263,0.3326377360101176,0.18175491951563155
0.24993302080611168,0.21980320140485218,0.34510044393846817,0.1851633338505679
0.2867077745487158,0.20194749154855365,0.33291093675260996,0.17843379715012056
0.27692111518599893,0.2157043315446397,0.3285909830744432,0.17878357019491828
0.2706271850331067,0.22193624520683386,0.3313748654772437,0.1760617042828158
0.2938889588584605,0.20459361021285208,0.3221545954987348,0.17936283542995268
0.2854531813011882,0.216948410975248,0.3195274485759097,0.17807095914765406
0.275246491966728,0.22013907257769438,0.321444576519799,0.18316985893577858
0.30372912401775815,0.2095617514910986,0.31164243736298763,0.17506668712815562
0.26981400087290486,0.22340583011687187,0.3190658848974317,0.18771428411279154
0.2823094858181235,0.2209693846770467,0.3204082072980523,0.17631292220677755
0.27534644621064486,0.21403262182451094,0.31949387321721395,0.19112705874763022
0.27804894846903994,0.21655244004099836,0.32754445763863527,0.1778541538513265
0.2497360940273546,0.22154481805293255,0.34113153067387497,0.18758755724583784
0.28458505125876393,0.20250457691352933,0.33588167723081597,0.1770286945968907
0.269091153777541,0.21219754919019793,0.33552287325709396,0.18318842377516714
0.2723595370580229,0.21812145824424997,0.33638246952379314,0.17313653517393407
0.29099641098822876,0.20812423553388348,0.32253948558859835,0.17833986788928946
0.30276821036799345,0.21307424803864708,0.3096179380883339,0.1745396035050256
0.27996765927611234,0.22349240662430928,0.3140724927348646,0.18246744136471388
0.29136477744315764,0.21325948381764964,0.3149353625903632,0.18044037614882952
0.27312159710553896,0.21850124714179983,0.3216852215873026,0.18669193416535862
0.27214196526679796,0.22094064647810485,0.3254799066608292,0.18143748159426806
0.27803326620524643,0.21142810472297324,0.3249535177192151,0.18558511135256534
0.269639559905354,0.2158754257182872,0.33463876523665315,0.17984624913970576
0.25493601801028865,0.21600365638246827,0.34529078083943526,0.18376954476780788
0.28730830669138946,0.20547244183860944,0.33369616960114096,0.17352308186886006
0.2830760565101599,0.2135334601676072,0.3218615708528662,0.18152891246936667
0.29073088052049817,0.21589310444747326,0.3198960207507669,0.1734799942812616
0.27309325041530225,0.2147746622514747,0.32689152811864913,0.18524055921457383
0.2872240344598361,0.21301034799994004,0.323971057240181,0.17579456030004284
0.2787966179277386,0.2156988135885602,0.3186846506369441,0.18681991784675706
0.2973805933976766,0.21470846831374057,0.31413398798241565,0.17377695030616713
