0.2075180009250042,0.21752405531760913,0.22001917195076548,0.3549387718066213
0.3516572937289992,0.2548838044937694,0.2736053922033097,0.11985350957392167
0.30540395452374075,0.22241497373989513,0.2530035836535872,0.21917748808277682
0.168003625890828,0.15605290297495317,0.2005138032067967,0.4754296679274221
0.3353817440484535,0.28236251376804444,0.22489314113866282,0.15736260104483926
0.4062401322507785,0.29827681913783194,0.2225051291229924,0.0729779194883972
0.47510282729317405,0.19599775817168444,0.299135388840725,0.029764025694416562
0.4124909230948266,0.2307520277864445,0.23316539697319488,0.12359165214553398
0.15904900439410866,0.1520624135946648,0.2124400975005112,0.47644848451071536
0.33892494700686465,0.2467015659862442,0.2565518091214354,0.15782167788545579
0.3371526419369132,0.43939588953644865,0.11199180376276979,0.11145966476386836
0.46903997114348284,0.24041057293016949,0.26161133637230083,0.028938119554046886
0.3394420315652033,0.20665619939393673,0.2743860875685669,0.17951568147229313
0.3000003840048093,0.19778386649721247,0.24601526234402288,0.25620048715395544
0.10737744746968522,0.11361400525603087,0.1684222928852164,0.6105862543890677
0.13804436527056393,0.13385623294925336,0.1770996627889928,0.5509997389911899
0.19993424811751326,0.24052697852156174,0.18467640601396274,0.3748623673469622
0.3590143122883041,0.23576802053231216,0.30324580965999154,0.10197185751939221
0.20501569734256583,0.16406862549696904,0.27493794772060437,0.35597772943986083
0.3238244363947092,0.22154224411455412,0.26258094980257196,0.19205236968816475
0.13537184999833832,0.18035773896957003,0.15465393283437454,0.5296164781977171
0.42620346114780916,0.2981356004913521,0.23088096378185083,0.04477997457898782
0.36740474115104615,0.4632867401867111,0.09806539549556821,0.07124312316667446
0.5174582464859345,0.20793990547041416,0.2624619426566401,0.012139905387011329
0.38273226325235243,0.22340238863972112,0.24975531482296906,0.14411003328495742
0.3322065919674274,0.20633083727625784,0.2568267967257946,0.20463577403052025
0.19223007933477043,0.16267809547535328,0.26132134855096495,0.38377047663891134
0.40802995839373857,0.24149632081438313,0.2800011152506656,0.07047260554121264
0.41246710716120205,0.3427434468031768,0.16819799529376345,0.07659145074185769
0.4718312552340697,0.21849535833111539,0.2722896400532527,0.03738374638156214
0.3934736428444348,0.21018574230776196,0.2986200581202016,0.09772055672760166
0.5601291514657356,0.208970568883592,0.2210865001496243,0.009813779501048068
0.28787327340879154,0.24964106702956396,0.23475723187782527,0.22772842768381935
0.4769512760074128,0.17438127969425452,0.32230463025681966,0.026362814041512982
0.37185167407477954,0.3494844320232478,0.14167006123286568,0.13699383266910714
0.4804183053644529,0.21309027876115436,0.2781973492825739,0.028294066591818823
0.4289031832599329,0.20129962764207265,0.28248273409301095,0.0873144550049835
0.4108130635437671,0.20123584868814648,0.28571155346286703,0.10223953430521943
0.2629560938113973,0.17572407499383458,0.2728996158054297,0.28842021538933843
0.2318456037100618,0.17002938039914778,0.22748185565501328,0.37064316023577726
0.22542284716252825,0.19655428774588657,0.2465780047647841,0.3314448603268012
0.4685315203854044,0.18572961484064712,0.3258931903757781,0.019845674398170348
0.43326741417236647,0.19502450503680807,0.3134546946799242,0.05825338611090132
0.4141697287832827,0.17922977003818805,0.3008678309176735,0.10573267026085582
0.10424535460633572,0.10998465622556164,0.18237147977057874,0.6033985093975239
0.4166051378279482,0.30968887671683315,0.22029511599890994,0.053410869456308824
0.3243541593498363,0.5933873092806783,0.04598957400566251,0.03626895736382303
0.5287146031999298,0.20961675217339718,0.25422955246974993,0.0074390921569231485
0.351776515705473,0.18886732781983273,0.2865989629046779,0.17275719357001643
0.2973903885498223,0.1672280709194587,0.2805787489563457,0.2548027915743733
0.12348883097213668,0.11685548795812901,0.2082434293625659,0.5514122517071683
0.2396048928078555,0.18713138954168052,0.2587659481597549,0.31449776949070896
0.3443649746084067,0.3206099752745189,0.20387390440831074,0.13115114570876377
0.509547998197782,0.19620890790480225,0.2797024427036881,0.014540651193727666
0.3815924738924258,0.19977838527513825,0.3148397230335793,0.10378941779885663
0.5045575603796427,0.20383955904193946,0.26133763278032185,0.030265247798095894
0.2676065554020033,0.2659013905742978,0.1764109161251817,0.2900811378985173
0.4221956585475752,0.24514971991114015,0.2635554281741306,0.069099193367154
0.45176254778826913,0.3412452298894404,0.15562474185156755,0.051367480470722975
0.529375565644921,0.1913931519856103,0.2647423287038228,0.014488953665645923
0.37401012896464114,0.17637094161129288,0.31066714871575396,0.13895178070831204
0.2524952601122917,0.14680513461488853,0.26976893167978744,0.33093067359303224
0.11538042740479924,0.11285221213215116,0.2001703185806453,0.5715970418824042
0.32434394918819637,0.28723280443095045,0.2198210538978406,0.16860219248301261
0.42446262546205354,0.33898349141969364,0.18579248675315574,0.050761396365097064
0.5519649622430625,0.17069542122083972,0.2694190886969416,0.007920527839156075
0.29889816964242,0.19379604292897037,0.2872573312692946,0.22004845615931498
0.4058723945502693,0.22420865885688812,0.24966337418178383,0.12025557241105893
0.11532063229904811,0.14297323964758532,0.16465381265780624,0.5770523153955605
0.3767613058054572,0.2231738097268386,0.3058670361823561,0.094197848285348
0.36932881682022145,0.38871075928852844,0.13604394103246667,0.1059164828587834
0.4004541963021232,0.21872785053685428,0.30782309547304704,0.07299485768797546
0.1686302345269891,0.12409730874739776,0.25641495829382754,0.4508574984317856
0.1503920678015266,0.12601818631047176,0.17233797592076316,0.5512517699672386
0.034564834902696275,0.06262344596939773,0.07890121447361192,0.823910504654294
0.3816985025897337,0.2927668724304468,0.2558701294453396,0.0696644955344798
0.3532302943210147,0.453615900139337,0.11054624349281454,0.0826075620468337
0.4699949543609968,0.21430354061764892,0.2899538107892226,0.025747694232131732
0.31120164117476024,0.19895929011698496,0.2723853701616332,0.21745369854662155
0.44027924820166997,0.31452812874291125,0.1823449634387452,0.06284765961667366
0.18791406515669426,0.2182075140279501,0.2083192934105619,0.3855591274047937
0.47162705983883574,0.2144950038446798,0.2905951032507438,0.023282833065740784
0.3588797528866279,0.4122434188494982,0.11854962013573535,0.1103272081281386
0.47067595782039046,0.21504959058584364,0.28278049935608124,0.03149395223768474
0.2348411286220526,0.17189547818081763,0.2527943551312681,0.3404690380658618
0.3774401042693018,0.2223634858546457,0.2765740574335085,0.12362235244254399
0.1526175687658812,0.16444990397637332,0.20839839354464987,0.47453413371309566
0.27185221956990585,0.19331558334996385,0.26166746541609903,0.27316473166403127
0.20103997126040732,0.2211550791535445,0.18463245336659395,0.3931724962194541
0.38284995744461764,0.21067036384118767,0.33829727817264704,0.06818240054154767
0.37267613480522077,0.21190317330228708,0.29822573584563117,0.11719495604686093
0.4202631050984058,0.25264220356963085,0.22885891057434293,0.0982357807576203
0.07015388342605747,0.0990330180936922,0.14296811446908117,0.6878449840111691
0.43844569938784916,0.26374277335273355,0.2655071254427234,0.03230440181669399
0.279632550635588,0.6060001248907715,0.04586929669849018,0.06849802777515038
0.532176308574332,0.19582032772386238,0.2668511716345208,0.005152192067284854
0.37265618496663966,0.23657307069633549,0.22401235686266543,0.16675838747435956
0.3071955321051083,0.20673517028435506,0.24967488384138284,0.23639441376915368
0.17185434809221298,0.14890222488836158,0.1987565808392059,0.4804868461802196
0.20738517868078277,0.19175296576255738,0.22603403760529295,0.3748278179513668
0.4742919765109539,0.22447606794308317,0.27974484571667546,0.02148710982928746
0.42077220138489085,0.20881342738463463,0.30093350680089687,0.06948086442957756
0.31503228618103873,0.15836121909400555,0.34794267947203084,0.17866381525292485
0.31700188265156326,0.22885721122327993,0.21433321301089928,0.23980769311425745
0.22561594776303026,0.26784955908190966,0.19636393223146076,0.31017056092359935
0.5247644784150374,0.22542551333756697,0.24175735987319463,0.008052648374201037
0.49010404085654125,0.3260718866980455,0.15505812660340285,0.028765945842010397
0.5649504720902961,0.1576149404488859,0.26946792892104304,0.007966658539774726
0.3058439478447627,0.18727798109549298,0.22742978318787918,0.279448287871865
0.24532246600134733,0.16448661300919812,0.2742732742389114,0.3159176467505433
0.27787894986694794,0.19685375748490705,0.28274259276023733,0.2425246998879077
0.4025457115537727,0.2628070632092168,0.24363314607889766,0.09101407915811276
0.3864640497635132,0.21914887875163314,0.2863017941526646,0.1080852773321889
0.3615013240036695,0.1828476400168992,0.33961625653835836,0.11603477944107292
0.45459440722311023,0.19141888536291843,0.3080965623634568,0.045890145050514586
0.48349168463452963,0.29822325191890714,0.17274041319077743,0.04554465025578581
0.27697957746876106,0.2282039979714608,0.24501879045657812,0.24979763410319997
0.4967658816311051,0.21786830645520752,0.26298295686846324,0.02238285504522414
0.46583598595518527,0.34438645403036205,0.14636405914783668,0.04341350086661605
0.531727752485324,0.18143775643074112,0.2713333066718199,0.01550118441211496
0.29034381974334234,0.16790621254697993,0.26492841763001623,0.2768215500796614
0.2626538033929824,0.16032753972435304,0.29737162213517904,0.27964703474748565
0.2608244293044909,0.19581099444427033,0.2579014872953672,0.2854630889558715
0.2592294403736757,0.21770846685417622,0.22715080372943472,0.2959112890427133
0.40121213949687534,0.2151746552253956,0.30995264066719347,0.07366056461053556
0.4966632258497276,0.1669610328104984,0.3195450930845761,0.01683064825519779
0.5034080695483718,0.18298382706736918,0.2802264099134589,0.03338169347080013
0.4177094429826376,0.2563496668354596,0.19344221382948099,0.13249867635242177
0.14532313736290858,0.15827375889080458,0.2159721232176433,0.4804309805286436
0.4888516707804305,0.24446089282931832,0.25179656033854364,0.01489087605170742
0.3412370545537606,0.5969391633787091,0.03638531587007633,0.02543846619745402
0.3405598627932616,0.26204432513375553,0.29366742219719144,0.10372838987579133
0.2939798347115197,0.149086105422967,0.3028806559563556,0.2540534039091576
0.22744170598465874,0.19468680115442713,0.17829995944622037,0.3995715334146938
0.048260244490132484,0.06677758596669055,0.10315496378936849,0.7818072057538086
0.045163455011125495,0.048436348104623106,0.07578977332360434,0.8306104235606471
0.025603798723990198,0.046585351520240736,0.04781525720257711,0.8799955925531919
0.03755453909945514,0.05337515522161971,0.08433239107027113,0.8247379146086541
0.0018594203710742307,0.004384817956488771,0.0082589402269682,0.9854968214454688
2.2570092818122888E-06,8.577275296780904E-06,2.9086117743679816E-05,0.9999600795976777
7.102259343055872E-24,1.7751021241170286E-19,7.147063036111388E-17,1
0.1685597326175253,0.5057903487936231,0.05133313365850611,0.27431678493034556
0.3270259705287551,0.6120874360744432,0.04897977291865526,0.01190682047814655
0.3569741467769632,0.3223758294803199,0.2233649878308625,0.09728503591185436
0.1394493592247462,0.11132745554114692,0.17316326299487853,0.5760599222392283
0.1473321482535921,0.33806944946844486,0.05837295212270689,0.4562254501552562
0.03222253904818718,0.07850531720534473,0.0514266085197754,0.8378455352266927
0.32587463694191643,0.33198833063106953,0.20267920640398368,0.13945782602303033
0.19686700034686339,0.3479399922202007,0.1074382971559662,0.3477547102769697
0.3965155131737839,0.22088856029613185,0.33079190609695347,0.05180402043313074
0.3377512065379078,0.2633321504426909,0.20497589554139162,0.1939407474780097
0.30503826750540924,0.2568548042474596,0.21871935856524538,0.21938756968188575
0.16284397168294976,0.16896187079610078,0.18884551058962704,0.47934864693132245
0.39330547472621225,0.4297753504540113,0.12960165885011973,0.04731751596965675
0.4523510821017741,0.39236828380788663,0.13071262254692326,0.0245680115434162
0.5174545992599449,0.20346305608117077,0.2622090292573922,0.016873315401492013
0.4173270802608875,0.2520140934641475,0.20361265866762096,0.127046167607344
0.21306352679555737,0.18118612458626734,0.19649734856099735,0.409253000057178
0.1614204605053291,0.14666020085080797,0.23987436949677612,0.45204496914708675
0.3664361048805683,0.3398739027821138,0.1816395708252159,0.1120504215121021
0.26681638505833455,0.25651086639831056,0.2576990304576921,0.2189737180856629
0.4716436048194145,0.16374071310177507,0.345938319142379,0.01867736293643147
0.3196675716562149,0.2515835890775718,0.22579565590805448,0.20295318335815885
0.4526489678960466,0.28211667354510184,0.2112016700734213,0.05403268848543021
0.21791288870630932,0.25709093206079964,0.1526965039496453,0.3722996752832457
0.4782274624194011,0.23993011155532132,0.2601827563736733,0.02165966965160435
0.4853080016328095,0.3452597102602241,0.1374372979065382,0.03199499020042807
0.42643728992405633,0.21044164876859475,0.2930613172405173,0.07005974406683158
0.23146231923935873,0.13900868656618584,0.2833202654746919,0.34620872871976344
0.14311722584908987,0.1176465850253626,0.20479763848740518,0.5344385506381423
0.11187932853732031,0.13247696988143723,0.14471135156595863,0.6109323500152839
0.1602188875345638,0.21637738194302317,0.1373792668615703,0.48602446366084273
0.3755873155492714,0.26771677316684217,0.2807839190803731,0.07591199220351333
0.5466987724698931,0.15040717794246114,0.2970328943330506,0.005861155254595327
0.37586590977219614,0.20162282917734523,0.2866116485966339,0.1358996124538248
0.2023692449592764,0.13460415110141546,0.21023862719915345,0.4527879767401547
0.04208668671727334,0.059667151643788406,0.07266305420078285,0.8255831074381554
0.40822402742539393,0.33923461352637985,0.21335964372282398,0.03918171532540236
0.5456492149784146,0.3079883069902231,0.13885123288210657,0.0075112451492558505
0.3070889145529661,0.21365495467424253,0.2852277220547113,0.19402840871808014
0.17146603570273572,0.1075551895647436,0.24921138705961313,0.47176738767290766
0.08321455421800489,0.09193703076311872,0.11088774921672331,0.7139606658021531
0.08560283638065551,0.12157914858014812,0.13515457460833374,0.6576634404308626
0.3284927166398813,0.3505243666741707,0.18341856773582865,0.1375643489501192
0.2509154613023062,0.25798590240436303,0.24815458986306924,0.2429440464302614
0.4379444394093334,0.18012580492042918,0.34570227618265453,0.03622747948758288
0.15165131237041046,0.15240922155379033,0.19619753676810867,0.4997419293076906
0.3128220833771091,0.27213751308433026,0.20659216464096744,0.20844823889759312
0.10433964293925103,0.17909291491946117,0.10778932842293544,0.6087781137183524
0.46431522578411244,0.2215871364242707,0.2983749297589419,0.01572270803267491
0.3886331337165731,0.44258075145612663,0.1002468291040185,0.06853928572328173
0.2951127966320129,0.21883057745159815,0.2716561633435903,0.21440046257279854
0.11602004326865759,0.09858196037028759,0.18220689724392455,0.6031910991171302
0.12094958524994658,0.14021811011534074,0.13898380043000816,0.5998485042047045
0.13789766854315258,0.18635351717215926,0.15704189647893815,0.5187069178057501
0.18203203469523252,0.19527473291883782,0.18950920362378676,0.4331840287621429
0.1780281338374615,0.18284931851898745,0.21414034158416898,0.4249822060593821
0.3805544569725016,0.22347873456861822,0.32152532524184163,0.07444148321703858
0.32544324818143094,0.24190480128354439,0.26174219846865715,0.1709097520663675
0.3803102855829223,0.3016499823589834,0.1856286903817989,0.13241104167629547
0.12047624624803836,0.16414902919657962,0.13002050941482945,0.5853542151405525
0.44338073604646816,0.2596651704368887,0.26727520450896486,0.029678889007678278
0.41642532527023324,0.46592122330592245,0.08345869601658168,0.034194755407262856
0.33390288070938784,0.24412590453104926,0.2643217842949989,0.15764943046456387
0.14776317726173063,0.1156820042260609,0.2128093263765131,0.5237454921356954
0.12475363367951146,0.12955678201893395,0.14419464641676116,0.6014949378847935
0.05688562944052086,0.08861060780601093,0.09852919836283777,0.7559745643906305
0.10070197952231137,0.1204730509308308,0.12915811272827546,0.6496668568185824
0.07523197934302531,0.10937570519100216,0.11213263709359754,0.703259678372375
0.27429934944189865,0.20987191346215306,0.33361050766992467,0.18221822942602364
0.28687785566406565,0.231693488240695,0.25075775070663464,0.23067090538860482
0.27641230236594067,0.2787213381986815,0.16670532613199116,0.2781610333033867
0.09152043966784455,0.12680542719624632,0.11901516645625086,0.6626589666796583
0.43709794255045376,0.33802937012904005,0.1985744237137494,0.026298263606756817
0.4009774859048177,0.5340087525964401,0.05117793504051261,0.013835826458229696
0.31191164033610475,0.2659368638415548,0.25911850679812765,0.16303298902421268
0.2439672682886332,0.1507483102632781,0.26581026267347135,0.3394741587746173
0.18708265352373338,0.19541770813698434,0.15251458139817142,0.46498505694111075
0.06331508307830654,0.09259989842980361,0.13590024288860156,0.7081847756032883
0.1492906416574179,0.14427663660783155,0.1689067004322086,0.5375260213025419
0.04049234154640931,0.07153062133361876,0.07921237422077393,0.808764662899198
0.21272408728683273,0.17437179204863723,0.2898363344198651,0.323067786244665
0.19834270967351994,0.23289741295677577,0.1904682085803701,0.3782916687893342
0.44645233562396514,0.30217577474127233,0.21538144092633338,0.03599044870842926
0.2128115976468214,0.22979781338520786,0.20620558793791693,0.3511850010300539
0.4953313841395686,0.239454488137954,0.24951228072609813,0.015701846996379044
0.23191664090318845,0.7073829909212773,0.018213552302089587,0.04248681587344456
0.34793770207105634,0.3165535604171149,0.23610776682200982,0.09940097068981883
0.2769514586115553,0.1981184196762945,0.254585325085039,0.27034479662711114
0.32476063347524214,0.22879162348457874,0.24356229667937393,0.20288544636080522
0.0972803775513224,0.11069272024938932,0.18143308728393084,0.6105938149153576
0.0510698061155147,0.05204269901407367,0.10512326734050928,0.7917642275299024
0.029425982007304514,0.04861380551140123,0.05165981784821555,0.8703003946330787
0.28134151803259844,0.25941147503457646,0.27985991938006594,0.1793870875527592
0.47819632702597575,0.2612539960874892,0.23734749402941344,0.02320218285712146
0.40203886337787276,0.4223615734461888,0.1012074091433516,0.07439215403258696
0.15368670093061482,0.1946264663507951,0.15058404651941268,0.5011027861991774
0.4570844603616652,0.2712345253824311,0.24510840160217776,0.026572612653725895
0.503856251245974,0.34110889395406924,0.1370367618954306,0.017998092904526166
0.4343103814224091,0.22370785481215974,0.2559791633313806,0.08600260043405064
0.10797014400033707,0.09810608096232046,0.17824615743539618,0.6156776176019463
