0.32213707547875564,0.20260064951750534,0.22729999674405255,0.24796227825968647
0.30526952217212533,0.21120143310367598,0.22966138796183364,0.25386765676236517
0.2904739263592718,0.21744867494421577,0.2347999389593417,0.2572774597371708
0.29799801395222664,0.21324362414041131,0.23819876526047992,0.2505595966468822
0.3060721180177426,0.20967954246675335,0.2344900435473241,0.24975829596817997
0.31343979045153636,0.20870682447009273,0.22977513256973206,0.2480782525086388
0.325447869326665,0.20180205020758765,0.2265740189664055,0.2461760614993419
0.3063786517162256,0.2120440944076828,0.22764107124766758,0.253936182628424
0.3059572973666302,0.21800411569345207,0.22379432992299095,0.2522442570169268
0.31256736547279323,0.20048382046634491,0.23740838296351505,0.24954043109734672
0.3216721812921645,0.20726751812112415,0.22593826550868362,0.24512203507802774
0.32178402163958364,0.19996946942538546,0.2296174182339684,0.2486290907010625
0.31658631929996084,0.20456235523761854,0.22894497682830278,0.24990634863411776
0.28747738233702774,0.2115965884230899,0.2430811031804243,0.25784492605945797
0.2876341746632784,0.21778977199297556,0.24149147360635353,0.25308457973739257
0.2918883493807794,0.2070590411783844,0.25024172916117676,0.25081088027965953
0.3049157936582206,0.2108183053057046,0.23756401825721024,0.24670188277886457
0.309610910178981,0.20361523407905574,0.23799797115498136,0.2487758845869819
0.31847236983477895,0.2079055046748218,0.2271146347634981,0.2465074907269011
0.296220092326514,0.21405326462529387,0.2325083592956608,0.25721828375253136
0.3003613302775252,0.21865168607809987,0.2291647134002911,0.25182227024408366
0.3042260520590823,0.2017941309236861,0.2426694412850631,0.2513103757321685
0.3055539424811324,0.22074006415582403,0.2240184356846924,0.2496875576783511
0.30100199729621085,0.20869866253363423,0.23532994153148828,0.2549693986386666
0.3101977103230098,0.20830673410948106,0.23313689751204988,0.24835865805545926
0.2993428439277118,0.21646887566150977,0.23095767106180187,0.2532306093489765
0.3009558096470064,0.21951125383088033,0.22567469371159357,0.2538582428105197
0.3023493477972687,0.2088242645595599,0.23644714862536795,0.25237923901780357
0.30610838405350727,0.21859643325067954,0.22533429395906743,0.24996088873674568
0.3087642638500282,0.21435308375159554,0.22441969318740557,0.2524629592109708
0.32505965009110666,0.20850786300201327,0.22005347585134755,0.24637901105553264
0.31108625370597837,0.20754921183251637,0.2274004374871631,0.2539640969743422
0.30866497026514217,0.22435466024293593,0.2155508179860414,0.2514295515058805
0.31145562652111297,0.20690671044468703,0.2285914745998817,0.25304618843431825
0.3156959018524267,0.21442761123844295,0.22154300265029114,0.2483334842588392
0.3337931245123899,0.19744030330474252,0.2246530086041177,0.24411356357874994
0.32968255989513123,0.20392017669189724,0.21816625266684098,0.24823101074613055
0.2964859090989516,0.21840979308919783,0.22581869982577554,0.25928559798607503
0.2840142383196648,0.22183749101060862,0.23538055309044745,0.2587677175792789
0.2891712602781696,0.2143910098867629,0.24453040066237924,0.2519073291726882
0.3112927966323083,0.21457288084542842,0.22809851599149805,0.24603580653076534
0.3254296750907949,0.20050616829667325,0.22809405099904412,0.24597010561348776
0.33221498418663514,0.20395088660618235,0.2188404589727185,0.24499367023446414
0.30596736556951537,0.21582103862939755,0.22142786717427765,0.2567837286268095
0.302878549792638,0.22383426652128008,0.21918975306992045,0.25409743061616147
0.307975063663957,0.20068760902821467,0.23951021347277165,0.2518271138350567
0.31706442970521564,0.21409571980656614,0.22288139096044396,0.24595845952777415
0.3171745343254964,0.20449220412280672,0.22740819932613465,0.2509250622255622
0.3136510478982044,0.2072159547161002,0.22849579109352636,0.25063720629216923
0.2918159050175921,0.21657837013496647,0.2350246830882445,0.25658104175919694
0.28842124270976477,0.22577669153401106,0.23050494852270142,0.25529711723352266
0.2972018262192177,0.210827029207156,0.2398227060981645,0.25214843847546176
0.31833786965011335,0.2102627772054536,0.22716595474511828,0.24423339839931482
0.3274834522983978,0.20283299949243877,0.222905040470197,0.24677850773896648
0.32939511834407975,0.2081836921465125,0.21484350582070205,0.24757768368870567
0.30206319069375576,0.2131356892900149,0.2263361626730856,0.25846495734314384
0.29579754524993146,0.2257522459783645,0.2236916530362941,0.25475855573540995
0.3077113667585138,0.20534322688322773,0.2362784007492484,0.2506670056090101
0.3179277075863617,0.21118136788343736,0.22400786256257194,0.2468830619676289
0.3196331039626381,0.20290430085160147,0.22847179071491683,0.24899080447084354
0.31729105319850276,0.20780718311678076,0.22475448724086847,0.2501472764438481
0.2917265898034945,0.22272874111396285,0.22785893869277862,0.25768573038976417
0.2952721725806272,0.22104782862827171,0.22904697876324628,0.2546330200278548
0.3162204926400399,0.20137104538723186,0.23683271411118745,0.2455757478615409
0.3329294200003411,0.206483821677027,0.21803834488599302,0.24254841343663885
0.3305401075907853,0.19872243274049214,0.22208332483472137,0.24865413483400106
0.327045969409399,0.20726920577515665,0.21736680970573508,0.24831801510970924
0.2899094688957653,0.2130464864930302,0.2359587585346364,0.26108528607656806
0.29804394300662607,0.22107147497131188,0.2301515288076905,0.25073305321437156
0.31377758443163056,0.19444159976293482,0.24519756391290237,0.24658325189253227
0.3142112625614399,0.21031517791145218,0.22850460694733957,0.24696895257976836
0.30583008137598267,0.20456788382177796,0.2370156362692796,0.2525863985329597
0.30906412191427346,0.20744899129251668,0.23478444845469248,0.24870243833851735
0.28251420450261333,0.2169017158473009,0.2426113985008755,0.25797268114921035
0.2953370182851476,0.2210590379816782,0.232601626204474,0.2510023175287003
0.30235739923173716,0.19954995397846476,0.2480963656850308,0.24999628110476732
0.3101330722292447,0.21762650283325932,0.2252437467080782,0.2469966782294179
0.30996808948315996,0.2081534931345593,0.22946714245259928,0.25241127492968146
0.3194510903397221,0.20741889363380842,0.22557707431669102,0.2475529417097785
0.30063244323970734,0.21204319436403316,0.2320814790407288,0.25524288335553064
0.31088415239440315,0.21706543299777106,0.22266037771330202,0.2493900368945237
0.3142026813966069,0.2000739542404933,0.23546174478767648,0.2502616195752233
0.3136608998044775,0.2156779535037238,0.22222590570434014,0.2484352409874585
0.31738689556927197,0.19826240198542533,0.23473436758158686,0.24961633486371582
0.3235439779580268,0.20633061843800646,0.22419949647070944,0.2459259071332572
0.2889873654101134,0.21288253493143863,0.2380403168625432,0.26008978279590467
0.2913528866036814,0.21984991988721453,0.2356476334780073,0.25314956003109673
0.29458598342095765,0.20475561075945853,0.24985166359423347,0.25080674222535027
0.3051103532413103,0.21638674833801158,0.23085574034653755,0.24764715807414056
0.3131520516063655,0.2049182298536227,0.23256052739997304,0.24936919114003878
0.3185580990397199,0.20429632972228554,0.22993442498139172,0.2472111462566029
0.2928054065888357,0.22169577314924724,0.22738672108586988,0.25811209917604716
0.3001694882907485,0.22413875679977915,0.22328192325017396,0.2524098316592984
0.3141942530886747,0.1961207787955807,0.24068966810989745,0.24899530000584705
0.3262169546332738,0.21195667636782983,0.2191593101690408,0.24266705882985554
0.3297720657752832,0.19771307374082758,0.22350750031873706,0.24900736016515232
0.3075332350558916,0.2131716218913342,0.2245468906455106,0.25474825240726356
0.27993471221701016,0.2204298574880054,0.23896081707898406,0.2606746132160004
0.2842305497295743,0.22190917263090698,0.23914074590138715,0.25471953173813155
0.3038875164283588,0.2104936887043948,0.23849274383556796,0.24712605103167837
0.3163092143002325,0.20426014750737037,0.23200670679871888,0.24742393139367827
0.31663370535995594,0.21175637967716465,0.22303099566085302,0.2485789193020264
0.31240880731407644,0.21475183796298622,0.22023727803255289,0.25260207669038454
0.29397004892637374,0.22068452850945128,0.22723537888192147,0.2581100436822536
0.31621903221663994,0.21345904100616026,0.2234823185971941,0.24683960818000572
0.32394596732959374,0.20082406580126022,0.22693830160463818,0.24829166526450797
0.31705679401909953,0.2186286847966768,0.21399064248164892,0.2503238787025748
0.316611503234289,0.20119218258375993,0.2299651087807753,0.2522312054011758
0.3077226681890476,0.2149206232714107,0.22606224468108135,0.25129446385846044
0.293886302045824,0.22161346922455935,0.2276305059502715,0.25686972277934517
0.2938714372115096,0.21771706882681913,0.23304604712663962,0.2553654468350317
0.3042586201811446,0.2104194315178329,0.23654657309223123,0.2487753752087912
0.31527913673089014,0.2132208260094146,0.22365490247607522,0.24784513478362
0.3218349309489107,0.20988274057433026,0.21946268440980646,0.24881964406695262
0.32140953218579404,0.20793505270458643,0.22059809260181704,0.25005732250780244
0.3037774497349414,0.21794716519110835,0.22267684440880423,0.2555985406651459
0.3119954772330617,0.21690743101011786,0.22059548038616386,0.25050161137065663
0.3169331361544455,0.20526974828884512,0.2271396994494316,0.2506574161072776
0.3171090787997282,0.21463629964882416,0.21943987513282734,0.24881474641862025
0.32400928890157715,0.19710341839839657,0.2306476660140953,0.24823962668593103
0.3147746440149973,0.2131996506008291,0.22135402922177697,0.2506716761623968
0.28572025066895146,0.22823521196703617,0.22493725371548098,0.26110728364853136
0.2798887265487002,0.2160584102364914,0.24509350928853268,0.25895935392627584
0.31085060592994024,0.2100456518294386,0.23690082801954612,0.242202914221075
0.31413106650963535,0.21674938578358718,0.2191417706306527,0.2499777770761248
0.32200102504399214,0.20659659861415675,0.22197261028443205,0.24942976605741915
0.3333773506574487,0.20161856263822692,0.22047364483975726,0.2445304418645672
0.3046054191232725,0.2226739769843725,0.21578650990329112,0.25693409398906386
0.31631583449024253,0.21787880890341135,0.21488605203014316,0.25091930457620293
0.35226216183815756,0.184811297456875,0.22559224717283372,0.2373342935321337
0.3549549299498407,0.19355128447795675,0.2118221490875421,0.23967163648466047
0.36711244235622065,0.18471166191395766,0.2101996934287712,0.2379762023010505
0.3413315931621796,0.1842917350636579,0.22637012814594645,0.24800654362821614
0.2752533225513071,0.2093569925293391,0.251982962960267,0.26340672195908676
0.2637490287013744,0.2098141583184184,0.2728455991599865,0.25359121382022076
0.2726975730971046,0.18436424594652576,0.3025917919100221,0.24034638904634753
0.29938557351285217,0.19471716487506474,0.27386553382837686,0.23203172778370623
0.2869635023723732,0.1910456519856703,0.274520192338222,0.2474706533037345
0.2841137049683552,0.20140130509534349,0.26946524163173396,0.24501974830456733
0.25933211816117113,0.21075217727436,0.2754289956008215,0.2544867089636474
0.2788677696885765,0.21118768384364273,0.2621195598695326,0.2478249865982481
0.2960363942957842,0.19945718419726485,0.2596357877641302,0.24487063374282073
0.29856248996157464,0.20385158248916802,0.24893000622111705,0.24865592132814027
0.3058504930947115,0.20406637648408324,0.24241276397861197,0.24767036644259333
0.3057811727472865,0.2028480327283335,0.24148719616821404,0.24988359835616605
0.2694612017612831,0.21366001252588757,0.2556892336848889,0.2611895520279405
0.285423734641784,0.2166751683598068,0.2485627659976543,0.24933833100075495
0.2833736281432839,0.20412168061112065,0.2595993817992238,0.25290530944637163
0.2966816181087242,0.21768826782403133,0.2388113813089764,0.24681873275826816
0.31208121292273366,0.19962131697038116,0.24032267774957033,0.24797479235731482
0.3076488286874869,0.21132620415099693,0.23136442647781438,0.24966054068370175
0.29188203560559406,0.2193030271829831,0.23191725083434953,0.2568976863770732
0.311038466778382,0.2096984750317575,0.23108328795891106,0.24817977023094953
0.31690718656760875,0.20075980704385668,0.23491135941837185,0.24742164697016264
0.31489984275172966,0.21381152806036552,0.22105407301653676,0.250234556171368
0.3134515193071092,0.20181044223106798,0.23357850466829816,0.2511595337935246
0.2987412536338803,0.20988780715940722,0.23700361826987518,0.2543673209368373
0.2814423917664178,0.22901412075652083,0.23238503946234967,0.2571584480147118
0.2906024174148472,0.2155163135434281,0.23929063424355565,0.254590634798169
0.305230875319719,0.20300374402987717,0.24539617757467666,0.24636920307572724
0.32662197174169416,0.21036851531159295,0.2209714099032427,0.24203810304347015
0.3291478737744006,0.20065872530916817,0.2214201242903597,0.2487732766260716
0.3189406981451134,0.21067245508941027,0.2197518302518652,0.2506350165136112
0.29664005318843106,0.2140821031106914,0.23099004520371166,0.25828779849716593
0.2989817081385117,0.22306873150903658,0.22567483048976247,0.25227472986268923
0.3127359833980606,0.2020199837748588,0.23588188157692525,0.24936215125015523
0.3245362402140634,0.20279695257259678,0.22873460805469115,0.2439321991586487
0.3316621826743349,0.19629925791327635,0.22751965860233653,0.24451890081005218
0.3124563234135363,0.20764899621263824,0.22647541104583854,0.253419269327987
0.2770438588462299,0.22778269470250637,0.2331474310393282,0.26202601541193554
0.2711172239805876,0.2188270415649461,0.25137659701799475,0.2586791374364715
0.3099661042112552,0.2051337127536739,0.24426595542105783,0.2406342276140131
0.33488890544012817,0.2007690206852727,0.2236757991148925,0.24066627475970667
0.3306174432351025,0.19872949575409699,0.22209950530953487,0.24855355570126553
0.311418557407104,0.21287741697041324,0.22249348047959006,0.2532105451428927
0.2866698872354578,0.2195185403875606,0.23417633627678547,0.2596352361001962
0.3055173924076705,0.21568191069771356,0.22997382386039392,0.248826873034222
0.3309947323806718,0.19171156181994506,0.2355531895629585,0.2417405162364246
0.3243294776404936,0.20221437381124832,0.2253854969988522,0.2480706515494058
0.31404698861259966,0.20580816044089498,0.22957687232106888,0.25056797862543634
0.29998671262922544,0.20650995545796783,0.2384717825389632,0.2550315493738435
0.27582742964673446,0.22221070437509205,0.24482832662441603,0.2571335393537573
0.2921622776110539,0.21241253983692218,0.24475567839004136,0.2506695041619825
0.30803398844001567,0.1978575172098747,0.24964372216016636,0.2444647721899432
0.32338454743522005,0.20884471320514436,0.22457620476422485,0.24319453459541068
0.310607222340633,0.20389184967658003,0.23159498703300457,0.25390594094978247
0.3088928828125984,0.21244542549397952,0.229056972614999,0.24960471907842305
0.2958771405694992,0.2081695714209773,0.2405864749479841,0.2553668130615393
0.3113550197719774,0.21474474632396287,0.2274958050632282,0.2464044288408316
0.3183797025174728,0.19419698267793548,0.2390897494986991,0.2483335653058927
0.31246134585612834,0.2087582861912232,0.23040955526603435,0.2483708126866141
0.30644171357537653,0.20296813691934482,0.2391558390674866,0.25143431043779213
0.3025480027168041,0.20659274387182108,0.23986829638705442,0.25099095702432045
0.28085561431166134,0.21719883743881097,0.24511825516241045,0.25682729308711727
0.2819807861747317,0.21508565830763787,0.24894514233095655,0.2539884131866737
0.30209245577727933,0.20393502819299084,0.2489715088123918,0.24500100721733797
0.3178239479283004,0.20785082282528558,0.22976998014562222,0.24455524910079185
0.31331344664242206,0.20492411928052778,0.2304944560060974,0.2512679780709528
0.31518235637406006,0.2083216496772321,0.22779324975196927,0.24870274419673868
0.2995913571562844,0.2110688263725134,0.23445408212369856,0.25488573434750356
0.31332944846640276,0.2122528112578334,0.22676653713336645,0.2476512031423974
0.3266882447387849,0.19417588978379613,0.23377654646498836,0.24535931901243066
0.3191506234284359,0.2041029779120153,0.22865884918521187,0.24808754947433703
0.31569512068636685,0.19844655803904943,0.23681109669010053,0.24904722458448328
0.30760957107893716,0.2029210948185609,0.23911955755365338,0.2503497765488485
0.2726901172517662,0.2182309009866313,0.24885641148195675,0.2602225702796458
0.27052815322970514,0.21391320320878385,0.26062809122751196,0.2549305523339989
0.29226712830727264,0.2024119045814504,0.26125917025828094,0.2440617968529961
0.30408575959920414,0.2142977142890815,0.23580340563461347,0.24581312047710085
0.30842346570544193,0.20374490797428318,0.23708574854776918,0.2507458777725056
0.3152401915104431,0.2067120266657293,0.23150765074274024,0.2465401310810874
0.3006902221163942,0.2152365258507525,0.2298086497065884,0.25426460232626497
0.31864810384949865,0.20927154105356027,0.22448552403111555,0.24759483106582555
0.33168153233943376,0.19227583805504733,0.2321020141054989,0.24394061550002
0.31376305266169113,0.20966690100132324,0.22440786590040662,0.25216218043657906
0.3122692879942519,0.20337928926727675,0.23408866135840609,0.2502627613800653
0.31082375368549664,0.1970578123117549,0.24295093956954533,0.24916749443320318
0.28077733224256984,0.21577924716837277,0.24714046901292447,0.25630295157613286
0.2835970034660242,0.21395375850503787,0.24897024038102789,0.2534789976479101
0.27670931589214565,0.2015047137558752,0.2697000201191747,0.25208595023280445
0.29304952108670707,0.22548508295536668,0.23627551511003278,0.24518988084789348
0.299429545069074,0.20674359789857774,0.24094336086066867,0.2528834961716796
0.3288634987928651,0.20102590798703887,0.23028265579104815,0.23982793742904807
0.32538481320814433,0.20289310986338374,0.22378187306180905,0.247940203866663
0.325262249552179,0.21006684641602338,0.21574574035145436,0.2489251636803432
0.31801841439695583,0.1971431481216699,0.2331259847743959,0.25171245270697834
0.3005701033786283,0.214543862424952,0.23174190824372834,0.25314412595269137
0.30105488124682117,0.2048870803806655,0.2419600268552821,0.2520980115172313
0.30712316447888227,0.20077426234253798,0.24444863473003184,0.24765393844854783
0.2802185614409183,0.21164921982384455,0.251654658930871,0.2564775598043662
0.28300780391938124,0.22082881667863216,0.24417517777460132,0.2519882016273853
0.2955965932673983,0.200899443689656,0.25623542479638156,0.2472685382465642
0.31668372458190025,0.2063491043859733,0.2346417398017098,0.24232543123041653
0.31636923730341115,0.20723571915693986,0.22687670807900195,0.24951833546064695
0.30860116686588196,0.21157854445799393,0.22675816298898469,0.25306212568713954
0.2959440531565431,0.21131685100756734,0.23805660100931983,0.2546824948265696
0.3222473672312621,0.20821832276191266,0.22554226425412444,0.24399204575270098
0.32569057482623337,0.1966559398852878,0.23037048114839612,0.24728300414008272
