0.33214045982795554,0.19999514599646576,0.22545733041438015,0.2424070637611985
0.33635592510785134,0.19660148428185875,0.2278660346811943,0.23917655592909548
0.3358552572656041,0.19482055113193908,0.22963668563902065,0.23968750596343613
0.3320584282496448,0.19699564209647907,0.22727091111218015,0.24367501854169593
0.334488527063782,0.19922901232233625,0.22475627584718222,0.2415261847666995
0.3393819901751759,0.19476052662662896,0.23129065794360207,0.23456682525459313
0.3383707237608999,0.19343796827833856,0.2281251493952851,0.2400661585654764
0.33853299178227164,0.19421786194641588,0.22679559862048493,0.24045354765082758
0.33329391243262957,0.1945081656420008,0.22959136885175008,0.24260655307361964
0.33130106010652094,0.20039744283176433,0.22119155369414611,0.2471099433675685
0.34034426796564565,0.1968131621180521,0.22916532570788078,0.23367724420842131
0.34194360525335626,0.19128691787721455,0.23074841023694478,0.23602106663248432
0.34023167276604077,0.19197315067238138,0.22641918073401598,0.24137599582756195
0.33958826854203705,0.19360321052981064,0.22415402188083194,0.24265449904732042
0.33630815824435656,0.1938445828791577,0.22746958498595027,0.24237767389053552
0.3330013516838793,0.1980514284667732,0.22201571358998226,0.2469315062593653
0.33756479948235785,0.19732142844791065,0.22673926958386476,0.2383745024858666
0.3377025890928745,0.19409855732735423,0.22974909871295934,0.23844975486681208
0.3328326556115468,0.1954615054315407,0.2286948049493941,0.24301103400751842
0.32991630397261873,0.1998781483453512,0.2253400143199419,0.24486553336208808
0.32879953418837715,0.19912987187714648,0.23181111947364802,0.24025947446082835
0.33059158263074856,0.2022124515715032,0.22536100161123354,0.2418349641865147
0.3406016214796491,0.1955939163377671,0.2343603121608892,0.22944415002169471
0.3402854761270292,0.19149700736766975,0.23151119270273046,0.23670632380257056
0.3403038046993827,0.192653012660819,0.22676216342623998,0.2402810192135583
0.339468451885949,0.19300353153985597,0.22639559763846506,0.24113241893573018
0.33417431488423943,0.19451395143687888,0.22701948659018148,0.24429224708870018
0.33337238211566234,0.19941691103291528,0.22072018499987076,0.24649052185155157
0.340805415237083,0.19559802150822955,0.22909230580127188,0.23450425745341563
0.3388617077690428,0.19202732075701842,0.23011540931427193,0.2389955621596668
0.3356498358477422,0.19530150739828447,0.22477060977744592,0.2442780469765274
0.34136686789644305,0.19575983734434368,0.2226180092470904,0.24025528551212286
0.3431762885363831,0.1896035088962488,0.2333492830106582,0.23387091955671
0.33761445436063475,0.19341977109150504,0.219958463663366,0.2490073108844942
0.343757021722719,0.19371759388725057,0.22454640618288768,0.23797897820714267
0.344813833335665,0.1897604073215709,0.22576987428452666,0.2396558850582375
0.34464522698676725,0.1898796509402598,0.2226037540557829,0.24287136801719011
0.3441078953686263,0.1904234048609192,0.2222190347002364,0.24324966507021803
0.34120284797683276,0.1914657266410635,0.2225800590645701,0.2447513663175336
0.33936250784494065,0.19405557386278785,0.22004120904662747,0.24654070924564395
0.3407465482046812,0.1938367230607836,0.22387942122005589,0.2415373075144794
0.3418027489162673,0.19290770047444245,0.22303782666339594,0.2422517239458944
0.3426901362478044,0.19155807417800338,0.22584466293471187,0.23990712663948033
0.3381027840410967,0.19270962851623907,0.2245031969740454,0.24468439046861884
0.3297841158845693,0.1963802216745943,0.22653069188045014,0.24730497056038636
0.33115876657562515,0.2033465475906816,0.21779940390052896,0.24769528193316423
0.3470745115776542,0.1942235436052559,0.2322306358738138,0.22647130894327624
0.348810925338161,0.18570586137306425,0.23148660008968633,0.23399661319908838
0.3457623512049856,0.18728237433606354,0.22405079978065437,0.2429044746782966
0.3423706003500331,0.1907080878095254,0.22044336760496794,0.24647794423547353
0.33676415709793683,0.1933791804887847,0.22328136641592267,0.24657529599735578
0.33335937218490763,0.19846051691170288,0.218786588175896,0.2493935227274934
0.3394766340805633,0.19703418540713763,0.22527022710329547,0.23821895340900354
0.34119792375380725,0.19243119147475776,0.22899085410267161,0.23738003066876331
0.33702358371581337,0.19299424920133768,0.2275873119863569,0.24239485509649192
0.33595343893844964,0.19693644469555222,0.22193475787575573,0.24517535849024233
0.3375749761361848,0.194822583215482,0.22972253262838385,0.23787990801994927
0.33692208195010426,0.19598451992440763,0.223250910342646,0.24384248778284198
0.34588108923475946,0.19285031657053045,0.22652080561551446,0.23474778857919562
0.3493764403808561,0.1867420819014917,0.22847560035376224,0.2354058773638899
0.3456067742594892,0.18714604902659834,0.22349931208438326,0.2437478646295291
0.339453299713266,0.19179090636288737,0.2203054993555886,0.24845029456825812
0.3329832365673162,0.19625850931438124,0.22203836313383807,0.2487198909844645
0.33392495661998667,0.20034058237210267,0.21901580099981946,0.2467186600080911
0.3430740914605523,0.19478973166881564,0.22900942118473105,0.23312675568590108
0.34343916984141826,0.18995250176760642,0.2290653394790686,0.23754298891190667
0.33939382690164654,0.19160777505785126,0.2260797230624004,0.24291867497810177
0.33857478249086836,0.19511622150435365,0.22055606334332542,0.2457529326614526
0.33748584720865593,0.19338682221194292,0.22974023196898458,0.23938709861041652
0.33626339847880127,0.1971251783634409,0.21864907872315323,0.24796234443460466
0.34841259597744095,0.19212498812292325,0.22833862426694215,0.23112379163269375
0.3454234370286971,0.1863496272326594,0.23012359458284604,0.2381033411557975
0.3356862359148429,0.19262003713370365,0.22153671446982928,0.25015701248162425
0.3322301890082881,0.19902406883674575,0.22055508575756969,0.24819065639739643
0.3291615974314744,0.19849859055779603,0.22929354356689763,0.24304626844383184
0.330741341158517,0.20294026072298157,0.22179523405779875,0.2445231640607026
0.34181072671042995,0.1950845074331446,0.23481966016199549,0.22828510569443
0.33661842763247724,0.19151976305108015,0.23270542809366476,0.2391563812227779
0.3324910555706967,0.19719294821130118,0.2251869004059228,0.2451290958120794
0.3360476686827561,0.19835508157136783,0.22559181533429826,0.24000543441157782
0.3352088301783709,0.19395521973354782,0.2336417178245485,0.23719423226353284
0.3342446426221284,0.19849259412489625,0.22150221095447442,0.24576055229850102
0.3442765206365135,0.1936010410999618,0.23132681602563826,0.23079562223788636
0.34204783310469133,0.1896090060244714,0.22901664727741186,0.23932651359342555
0.338562352922264,0.1928140960697483,0.22438313469029755,0.2442404163176901
0.3388371151391097,0.19519447419082347,0.2218207381431923,0.24414767252687458
0.33795142761486974,0.19338793540828647,0.22886240197366167,0.2397982350031822
0.33537125834712517,0.1967439660714911,0.2210388876957103,0.24684588788567335
0.33966124361178657,0.19501142999907464,0.22852935431012752,0.23679797207901124
0.336137055117827,0.19409181031051276,0.22734030358409096,0.24243083098756935
0.3359038514344802,0.1966716264973098,0.22456769324984663,0.24285682881836337
0.33698962293058965,0.19559591382898744,0.22810743422802254,0.2393070290124004
0.32928657416029194,0.1952028356778233,0.23196534482768957,0.2435452453341953
0.32991575418147306,0.20391311442708746,0.21832309223010213,0.24784803916133744
0.34452081100950893,0.1944830503391976,0.23569450906471212,0.2253016295865813
0.3415209137950186,0.18932545927066102,0.23077107440328024,0.2383825525310401
0.3406629652119117,0.19236006077862386,0.22484725944765474,0.24212971456180968
0.33995076509873284,0.19305435944697374,0.2249701495377699,0.24202472591652346
0.3370710343737542,0.19399861922713704,0.2252587538697063,0.2436715925294026
0.3363468819131685,0.19662783694146876,0.222243401867443,0.24478187927791972
0.34363754666345125,0.19429667495218111,0.22447655071374525,0.2375892276706224
0.34435348782008995,0.18879721116955586,0.23129404458518657,0.23555525642516767
0.3342550012113706,0.193068783664433,0.2238115800446988,0.24886463507949763
0.330849876343476,0.19985410121883884,0.22160298061367756,0.24769304182400748
0.33101066376582444,0.19949612047838305,0.2282506371785714,0.2412425785772211
0.3380377857394552,0.19925088571286587,0.22325741779765346,0.23945391075002537
0.34937516981000105,0.18911438334790098,0.23588413497046112,0.22562631187163687
0.3462466631001996,0.18630128310353497,0.22606450118009613,0.2413875526161694
0.34511806720323035,0.18908577479300753,0.2229414782707073,0.2428546797330548
0.3403477019311794,0.19138063797841146,0.22158117720761747,0.24669048288279158
0.3384265261057721,0.1948089062990749,0.21933841216261057,0.24742615543254237
0.3430372039882807,0.19404303647106771,0.2216322131213441,0.24128754641930744
0.3448534908108309,0.18988650998120582,0.22751926636597483,0.23774073284198846
0.33777270686271904,0.1918246379234187,0.2239855309842077,0.2464171242296547
0.3359054512888838,0.1970756996579621,0.21964426414396646,0.2473745849091877
0.34051269944258156,0.19531189378712324,0.22557382544882154,0.2386015813214738
0.33774417614734475,0.19257162233908295,0.2293716173085688,0.24031258420500345
0.33836613258603393,0.19618534711967867,0.21961137631733285,0.2458371439769545
0.34883738942460274,0.19090950190279155,0.2285077508720327,0.23174535780057295
0.3494062075042963,0.1855510354328905,0.22626598666953654,0.23877677039327658
0.34536730599394877,0.18755919937147958,0.22230933154754487,0.2447641630870267
0.33979462105139435,0.19210110663849495,0.2187332962543765,0.2493709760557342
0.3386512130177029,0.19506987993007685,0.21976564096530213,0.2465132660869182
0.3404013894381871,0.1945776085312968,0.2225218146905345,0.24249918733998166
0.3418456804225285,0.19264970538201057,0.2252244659122919,0.24028014828316901
0.33946210064328947,0.19256933346054647,0.22546400109122763,0.24250456480493654
0.3391251784413671,0.19469753302507398,0.22177851732164208,0.2443987712119168
0.34064493595248546,0.19323686021053268,0.2269614633715617,0.23915674046542007
0.33188417854676283,0.1940111937407704,0.22860872216712205,0.24549590554534476
0.3361164123045341,0.20085754968645742,0.21450943091500843,0.24851660709400009
0.35705722503265147,0.18820200331672216,0.23456690366395816,0.22017386798666821
0.3493106426827283,0.18040805213662117,0.23247880316423636,0.23780250201641406
0.34010365186148644,0.19050082016223346,0.2129989053704834,0.25639662260579665
0.344616112493401,0.19340426621621462,0.21966750713064734,0.2423121141597371
0.3390841064573866,0.19059962564840785,0.22677162683729138,0.2435446410569141
0.3341684155876663,0.19751742945278,0.21618303808667053,0.2521311168728832
0.34056553215093066,0.19616484689258748,0.22629781459989687,0.2369718063565849
0.33603331576989415,0.19288483416071014,0.22975058909878812,0.24133126097060753
0.32478464431837845,0.19773329023851657,0.22871642743175502,0.24876563801134988
0.3140556627709527,0.20436353638758722,0.23037599959887056,0.2512048012425894
0.3073103586755457,0.20737483048801622,0.23660641193738485,0.2487083988990532
0.31171072920795845,0.2165695268061109,0.23164846988866136,0.24007127409726933
0.33018506983811935,0.20512112484759254,0.2430608852437088,0.2216329200705792
0.329733977662214,0.19254158380134825,0.25043588112484466,0.22728855741159307
0.32097087028649174,0.20105013310746986,0.23432791819261622,0.2436510784134222
0.3247916983270941,0.20481243713867955,0.23250501517849428,0.23789084935573196
0.3250983582113288,0.19937690856442614,0.23990741623330983,0.2356173169909351
0.3271771828273505,0.20422011613797728,0.2287393749788304,0.2398633260558419
0.33527735957645355,0.19629566748616695,0.2401805333496178,0.22824643958776175
0.3291075963892233,0.1965162807832603,0.2333477155934125,0.2410284072341039
0.32991837129268303,0.20058636864198154,0.22897069691557426,0.2405245631497613
0.3294723097280854,0.19813024084746977,0.23457015752106256,0.2378272919033824
0.32423441076146897,0.2005882368728828,0.2317723366105219,0.24340501575512627
0.3298546981170491,0.20454944214433127,0.22634040143197232,0.23925545830664727
0.3400943979172221,0.1948856160331913,0.23800500917337003,0.22701497687621658
0.3380226636438267,0.1923243783555695,0.23178514821355098,0.23786780978705283
0.3402152446168258,0.19390757595494756,0.22648779819164497,0.23938938123658166
0.3391452274468369,0.19206959402859478,0.23022673949635694,0.23855843902821144
0.33317016736197747,0.195825006241581,0.22409609856147147,0.24690872783497006
0.3382742408993963,0.19825464181680674,0.221547419571305,0.241923697712492
0.3416084162413035,0.19144702571171315,0.2337270190185424,0.23321753902844095
0.33369074139131205,0.1944770361734675,0.224610968616861,0.24722125381835952
0.3327089938092924,0.19853239936126665,0.22552593002183488,0.2432326768076061
0.33404797523720786,0.19862532427091042,0.22625819871026465,0.24106850178161707
0.33500444573333155,0.1958626920084655,0.23157644576349384,0.2375564164947091
0.33788827949748146,0.19705390071924747,0.22360263087362017,0.24145518890965098
0.3506046675147052,0.19000402782185685,0.23032728095187846,0.2290640237115595
0.34933545268936106,0.1839928665323061,0.23044136867473794,0.2362303121035949
0.33927296041030697,0.18969670529117608,0.22086255458910606,0.250167779709411
0.33319456774111345,0.1971665956621787,0.21913419847546506,0.2505046381212428
0.33223640829140766,0.1994935238510072,0.2230361988392802,0.24523386901830502
0.3349410577232783,0.19875297777776013,0.225764642203988,0.24054132229497344
0.33906394923717215,0.19534250729368766,0.2293004585019834,0.23629308496715679
0.3404898243179791,0.1929480048933044,0.22873164371994334,0.23783052706877314
0.33818866227811933,0.19278272871552166,0.228543713037991,0.240484895968368
0.3318025726861987,0.1960963309686103,0.22641056142489824,0.24569053492029272
0.3262042006925218,0.20031430485914783,0.2271474888703389,0.2463340055779915
0.33352691967499937,0.2038652722680187,0.22118028051096472,0.24142752754601723
0.3533879532742348,0.1902240678428678,0.235391302729395,0.22099667615350252
0.34865658001037997,0.18144005589283604,0.236997080484757,0.23290628361202687
0.3339760465887267,0.1921203513841515,0.2187979058013128,0.255105696225809
0.33114392162863215,0.200290087801878,0.2201820966710112,0.24838389389847867
0.33138165417860327,0.1998324079771297,0.22621488810835294,0.24257104973591398
0.3367088926590072,0.19891545377998776,0.22531269195682488,0.2390629616041802
0.3401397186083713,0.1923778676035383,0.2350182575026895,0.232464156285401
0.33309907648556897,0.19486695682326236,0.22702337198500336,0.24501059470616524
0.32995847169872883,0.19858435702258298,0.22812876430017553,0.24332840697851257
0.32953590090645907,0.20139932264369328,0.22592335178183628,0.24314142466801145
0.3310787367298707,0.1980746413697095,0.23404696092238395,0.2367996609780358
0.3340861654337094,0.20017495615854466,0.22493410786692708,0.2408047705408188
0.3467084549735249,0.1920462378503938,0.23469860309961355,0.2265467040764677
0.3412029930087543,0.18771189224377033,0.23274085423397936,0.23834426051349594
0.33230057923954187,0.19532609733147177,0.2229654531853036,0.24940787024368274
0.3318789940945466,0.20029439415357322,0.22267640133534555,0.24515021041653468
0.3343631397701433,0.19789151796915924,0.22909062354711887,0.23865471871357866
0.3341814079080899,0.19704257852860266,0.22865837869407457,0.24011763486923277
0.3337878813436614,0.19669519699905313,0.23020722890477552,0.23930969275250985
0.3314379671887559,0.197878746299827,0.2289912741680517,0.24169201234336543
0.33060329814387496,0.1990462897807153,0.22947335821167592,0.2408770538637338
0.331557940097959,0.19951688861469435,0.22919336944419064,0.239731801843156
0.32990655168621924,0.1972498091008361,0.23437788166369317,0.23846575754925153
0.33185392069972136,0.2015773309355068,0.22420654539375012,0.24236220297102168
0.34603633381166965,0.193702120126501,0.233506216170861,0.22675532989096833
0.34352015904605315,0.18691167610016185,0.23467356368666709,0.23489460116711797
0.33452192934486386,0.19348882322168673,0.2231981506587061,0.24879109677474326
0.3338621103312652,0.19871769617507265,0.2221309122182497,0.24528928127541225
0.3340476424422846,0.19689658250213787,0.22889726462346643,0.24015851043211114
0.3333478261935538,0.1983190563712468,0.2254964202728435,0.242836697162356
0.3347658493996611,0.19647993491992163,0.23122384412409705,0.23753037155632029
0.3294131374888072,0.19748589346204493,0.22994604408409658,0.2431549249650514
0.32793529247442493,0.2013826422003545,0.2276699513757996,0.2430121139494208
0.3284442345239993,0.20021213966831206,0.23262958145757576,0.2387140443501129
0.3232009736628093,0.19983306357869302,0.23509252887788662,0.24187343388061106
0.32809144252892164,0.2065148907400981,0.22435137105356812,0.24104229567741214
0.3466592532550499,0.194194095961378,0.23800148313343192,0.22114516765014014
0.34287644933023753,0.1857626448662388,0.2386119082914837,0.23274899751204003
0.3357564677293697,0.19385513586835726,0.22112639152076152,0.24926200488151148
0.339584042603496,0.19573045794128593,0.22494280308305636,0.23974269637216167
0.3356121799609079,0.19332047910788214,0.22941512036171416,0.24165222056949576
0.33350265098589554,0.1985810302760782,0.22063404930546088,0.2472822694325653
0.33527591695902975,0.1958105136819546,0.23212979104468598,0.23678377831432976
0.3272824760018256,0.1984096451996599,0.22784764944199865,0.24646022935651593
0.3271252778312655,0.2026827566428147,0.22745463348892822,0.24273733203699147
0.3304807675862174,0.2009983125898425,0.23129942997253242,0.23722148985140767
0.3272937527619012,0.19684832769579363,0.23789835026474898,0.2379595692775561
0.3269142043783868,0.20443929359914717,0.22474017110324643,0.24390633091921962
0.3417969259515081,0.1970197513740916,0.2348522420159642,0.22633108065843605
0.34217206406421047,0.18909498630133537,0.23600273920528236,0.23273021042917186
0.3403137098395178,0.19205211504391795,0.2245807059323705,0.24305346918419382
0.345066170899565,0.1916643590266435,0.22467652838482402,0.23859294168896752
0.3402912867667151,0.18934105098472478,0.22971355465649804,0.24065410759206204
0.3292588257035258,0.19726354645358654,0.22053944457084304,0.25293818327204454
0.3274389337511493,0.2022302599996773,0.22470064807878753,0.24563015817038591
0.3264106792738678,0.20190558099144815,0.22978357758130152,0.2419001621533826
0.3288229347726129,0.20225403421230834,0.2300543449758972,0.23886868603918174
0.33311952877782897,0.19857195943503392,0.23422339569461623,0.2340851160925209
0.33001996162914765,0.19625817431223824,0.23572972552858845,0.23799213853002565
0.3323639078031314,0.2011861814366345,0.22465792898146505,0.24179198177876907
0.34604338998762735,0.1933762581183813,0.2336257575811268,0.22695459431286455
0.3460726354482667,0.18665291995309444,0.23263109173239077,0.23464335286624816
0.33649694244796186,0.19076361970514366,0.22662475081282135,0.2461146870340731
0.33042625165763223,0.19932766651676673,0.2192898766619912,0.2509562051636099
0.3345925979617546,0.1996626191734909,0.22556566239068557,0.24017912047406895
0.3386630771119102,0.19592224309240958,0.2279676501790575,0.23744702961662276
0.3344638084785254,0.19251569269034247,0.2346773692320191,0.2383431295991129
0.32581431452519427,0.200738763428534,0.2235954748802396,0.24985144716603205
