0.2675274913836749,0.2373377460194393,0.25807734365591084,0.23705741894097493
0.2678092979840861,0.23832965003997383,0.2562153964540865,0.2376456555218536
0.2689652742777116,0.23767426925242963,0.25603664148212485,0.2373238149877338
0.2701330047511185,0.23640221467095332,0.25623753765502866,0.2372272429228994
0.2661518655280624,0.23854940538421238,0.2580455570910293,0.2372531719966959
0.2647427068068266,0.24139008107608054,0.2560576607313349,0.2378095513857579
0.2718113048708713,0.23722976452827604,0.2535325096778456,0.23742642092300711
0.26956482648975993,0.2355532269412394,0.2582832625978489,0.23659868397115189
0.2710155026941341,0.23555650920775947,0.2557389908811223,0.23768899721698417
0.2702557905453466,0.23538048711416107,0.2572367079217136,0.23712701441877876
0.2613773747704486,0.24177277020841176,0.2593932301357611,0.23745662488537866
0.2710109475952969,0.23932844711440204,0.2512469529141397,0.23841365237616136
0.27288684828684023,0.23369354460319033,0.25731749575142304,0.23610211135854653
0.2724847128597458,0.23322150708135078,0.25693264303350904,0.2373611370253943
0.2712824554424911,0.2340823938512022,0.25727876039127734,0.23735639031502945
0.27225011990973463,0.23392697919268646,0.25639137658744765,0.23743152431013126
0.26426548055888976,0.2388040531010857,0.2596819167357662,0.23724854960425848
0.26928389555675547,0.23905709812895112,0.25339505888097325,0.2382639474333202
0.2703864541103394,0.23605871215187693,0.2569067994939495,0.23664803424383413
0.2681379017027533,0.23711846262285266,0.2573775474895558,0.23736608818483831
0.2630604364361264,0.24161818466819876,0.25774157526182845,0.23757980363384637
0.265450952503158,0.2424501670130485,0.2541651419461583,0.23793373853763514
0.2597371287067177,0.2454724162300815,0.2578240355119093,0.23696641955129147
0.27204385842211665,0.23966208146687643,0.2500747158210188,0.23821934428998812
0.2709631331436594,0.23454231134442594,0.25866013042455843,0.2358344250873563
0.27221912954817096,0.2342122490498526,0.25587381726883324,0.23769480413314317
0.272440735874193,0.2334589174282102,0.2569736481204247,0.23712669857717214
0.2702468985783781,0.23475186168246792,0.257651602281863,0.23734963745729099
0.2631188931612042,0.24050897728719015,0.25880443286349325,0.23756769668811245
0.27235699307301886,0.23753338103302282,0.2519792876451231,0.23813033824883523
0.2718188460116996,0.23380319259115862,0.2581306118427453,0.23624734955439658
0.2681065650116806,0.23649401908251436,0.2578024432868354,0.2375969726189697
0.2687865579854026,0.23762516846216014,0.2559069970411634,0.2376812765112739
0.28015894950287307,0.23001884066403913,0.2527480997622454,0.23707411007084242
0.26584980737981107,0.23445922111514386,0.2632587465215878,0.2364322249834572
0.27549652161569904,0.23404537413593668,0.25157306699477355,0.23888503725359062
0.2752537800907668,0.23028860304088028,0.2583172577954362,0.23614035907291678
0.2758459712261635,0.2300717210677254,0.2565677226188758,0.23751458508723525
0.27593497743655027,0.22976496440793093,0.25709851563342717,0.23720154252209164
0.2747711448930713,0.2304246529674983,0.2574915373384051,0.23731266480102525
0.2702683355902339,0.23370624094509906,0.25857066622143193,0.23745475724323512
0.2730957797563915,0.23374898850627576,0.25542099673731133,0.2377342350000214
0.27146841275594347,0.23366129314885214,0.2578640770098573,0.23700621708534705
0.2755534017916973,0.23175324370515704,0.25519072743968846,0.2375026270634572
0.2716324985087574,0.23257844675548558,0.2588510073103496,0.23693804742540747
0.26792937319824456,0.2365790546659448,0.25770368974115215,0.23778788239465845
0.2585826218502372,0.2448734677964916,0.2589026511156076,0.23764125923766352
0.27596989133935346,0.237350700946509,0.24815868175294784,0.23852072596118978
0.2780802820909353,0.2284440476010025,0.25818122530729437,0.23529444500076777
0.2784492672642781,0.2275036124171818,0.2566362556271007,0.23741086469143952
0.27490803121297436,0.2294121529652568,0.2584298774112286,0.23724993841054032
0.273423813295016,0.23161865558698466,0.2573278628959974,0.23762966822200193
0.2641633712613152,0.2382702429870817,0.2601149858219559,0.23745139992964717
0.2702297300554175,0.23838331096500137,0.2530305330795255,0.23835642590005568
0.2726155652033026,0.23416817955496444,0.25669336618560407,0.23652288905612895
0.27142258147117154,0.23398862707871987,0.25733956980478956,0.23724922164531909
0.26607099439453014,0.23797811394236,0.2584711502900976,0.2374797413730123
0.2727384309521721,0.2358918368859521,0.25349522107711775,0.23787451108475796
0.2655353475808287,0.23774701325279113,0.2601136190144819,0.23660402015189821
0.2747367208380237,0.2348435031743238,0.25219896468182695,0.23822081130582562
0.27989348388261714,0.22784123418860744,0.2560926123620724,0.236172669566703
0.27870059401009545,0.2266684600402303,0.25762926165340677,0.2370016842962674
0.27371271371752093,0.23003103932062882,0.25879246688539215,0.2374637800764581
0.2689967292493242,0.23490746041173516,0.2583307488007093,0.23776506153823138
0.26294235251915987,0.24112038685669704,0.2581792030002359,0.23775805762390714
0.2734771999848148,0.23685328439130035,0.25168270423520867,0.23798681138867628
0.2741214336117956,0.23188849147700022,0.2578515280223052,0.23613854688889904
0.2735805418911661,0.2319913285521838,0.2569691770967949,0.2374589524598551
0.2681812143881469,0.2356036937600764,0.2588422390873782,0.2373728527643986
0.27510919141197776,0.23336891866592294,0.25369117523264434,0.2378307146894551
0.2627138459989124,0.2385809854549447,0.2620765274076375,0.23662864113850546
0.27862627088057756,0.23348134639595916,0.24912211278539906,0.23877026993806424
0.2792299306720021,0.2267376577899453,0.2584949553957956,0.23553745614225702
0.27051366132645477,0.2318657671317617,0.26001354127377413,0.23760703026800942
0.26566290543435744,0.2385194556675506,0.25770389279283334,0.23811374610525868
0.2665834734495915,0.2401875585873407,0.2554675400907907,0.23776142787227705
0.25880867218326453,0.24549295972067461,0.2585147247883433,0.23718364330771743
0.2739012854978734,0.23877527180357452,0.24887285824633343,0.23845058445221864
0.2701093623403396,0.23424953535640175,0.2600881128969279,0.23555298940633065
0.2658741571615743,0.2387867399669276,0.2572837952954407,0.2380553075760575
0.26664274011837147,0.24015730734850493,0.25551209300603295,0.23768785952709062
0.27208630952927465,0.23614970590887585,0.2545751317133195,0.23718885284852995
0.2617281103150173,0.24073184459739674,0.2607162071338541,0.23682383795373166
0.2763337178392679,0.2355557470599482,0.24949866121432976,0.23861187388645427
0.2733340646523857,0.2311859814112101,0.25979742756416624,0.23568252637223805
0.2722477194204409,0.23311687685643462,0.25674462964006545,0.2378907740830591
0.2691280828301001,0.235529060205881,0.2579906694751302,0.23735218748888873
0.27419442945827477,0.23357052104915324,0.25461872454839657,0.23761632494417548
0.26450484279733294,0.23778894110032933,0.2608686162165803,0.23683759988575742
0.273401383083247,0.23613417982946502,0.25199573068339914,0.23846870640388887
0.2686660690105173,0.2353537862219782,0.25970113319317284,0.2362790115743316
0.2677305249108525,0.23810520880111133,0.2561348504112093,0.238029415876827
0.26995093736027626,0.23703095279830783,0.25569254835558286,0.23732556148583314
0.268188331763531,0.23724229473835282,0.2574436448524204,0.23712572864569587
0.2570588259950475,0.2460148310061439,0.2593795916443631,0.23754675135444567
0.2766887458191911,0.23767344319855316,0.24681720642919155,0.23882060455306411
0.27146407981163434,0.23216344325494143,0.26128202239040865,0.23509045454301566
0.2730945625942082,0.2333681938836361,0.25531546151322243,0.23822178200893324
0.2724994967173443,0.23301761363760903,0.2574688780182474,0.2370140116267993
0.27126443614270795,0.23404587042311537,0.2572473980444969,0.23744229538967979
0.26704368101295545,0.23735105641148438,0.2581451619601937,0.23746010061536632
0.27180542102498667,0.23606685128136043,0.25436598117885706,0.23776174651479576
0.2794462550071082,0.2292518596162279,0.2546290315051167,0.23667285387154727
0.26872715006478665,0.23292358708470584,0.2615307550708979,0.23681850777960953
0.26451961359306747,0.24015488352933048,0.2568578663953783,0.23846763648222372
0.26559470246723715,0.24147806929835353,0.2552750190343221,0.23765220920008737
0.2631565133404217,0.24283826276767187,0.2568004272562711,0.2372047966356353
0.2817078358513538,0.2315649664116435,0.24919637263791589,0.23753082509908685
0.2747745851166372,0.22833972903200644,0.26125953835777543,0.2356261474935808
0.278996862255804,0.22829574742744677,0.25460555433944837,0.2381018359773009
0.2739639450803106,0.2297501408642315,0.25944201412889994,0.23684389992655794
0.27005046018981643,0.23413755133223693,0.2579437774247336,0.237868211053213
0.2720275215186478,0.23451935710197805,0.25582613983603336,0.23762698154334072
0.27810609462167485,0.22993256189740016,0.254948189962805,0.23701315351811994
0.2718122284317565,0.23148085029490842,0.2598377467227792,0.23686917455055587
0.2668188229912524,0.2372164665263589,0.25795523302164275,0.2380094774607459
0.2717533059835608,0.23614752208700077,0.2543531840693483,0.23774598786009016
0.2726112457194108,0.23352734558427146,0.25709323707514137,0.23676817162117642
0.2652320985965563,0.23804098640539922,0.2593502777803196,0.23737663721772487
0.2792879414586216,0.23200606958192482,0.25068757604929354,0.23801841291016015
0.2791462985198579,0.22658372630706772,0.258405998772246,0.23586397640082835
0.27960925875726783,0.2263595967327502,0.256558558671667,0.23747258583831501
0.2726996217539448,0.23029329522097908,0.2597344227329664,0.2372726602921098
0.27096230630271634,0.23403575153866127,0.25704220288813445,0.23795973927048783
0.27112174590331756,0.23471847536189308,0.2567485917684964,0.23741118696629296
0.2733962222463304,0.23325438623183678,0.25605121798303115,0.23729817353880167
0.27253630676427953,0.23289112659124064,0.2574519044775794,0.23712066216690048
0.2691480257193127,0.23541776277807946,0.2579694795353588,0.23746473196724902
0.27418221841279355,0.23357867557523188,0.254616159806942,0.23762294620503246
0.2695106697427486,0.2344960582537332,0.2591660073249935,0.23682726467852455
0.2594177909519437,0.2435151338463335,0.25917757640196515,0.23788949879975765
0.28675575757277916,0.22985514744896351,0.24514168122071858,0.23824741375753866
0.28504821107946404,0.22063794454828264,0.2596384619822543,0.2346753823899989
0.2695175586957539,0.23030197774027555,0.2622418917290236,0.23793857183494688
0.2770052115143964,0.2313981145687192,0.25304870733577234,0.2385479665811121
0.27632672626237337,0.22900900087879,0.2582252137896978,0.23643905906913884
0.26331627203641533,0.23764261220063074,0.2614573707103889,0.23758374505256502
0.27310902578070984,0.23677498904013727,0.2514167629075781,0.23869922227157483
0.27079126455394975,0.2340660968241056,0.25900427580332963,0.2361383628186149
0.26405748572712073,0.2396684233067302,0.25846727856606866,0.23780681240008053
0.2551891308981922,0.2496320960916732,0.2571791161055507,0.2379996569045838
0.2507589247672263,0.25937334099089204,0.25121811139014316,0.23864962285173857
0.2481183373876056,0.2662919821931018,0.24725536486717214,0.2383343155521204
0.25988607310245226,0.2578286973228428,0.24397411682635373,0.2383111127483511
0.267728292840175,0.2431983974049444,0.2539410765278501,0.23513223322703053
0.25769715363627826,0.24634327786243965,0.25920785259432233,0.23675171590695976
0.25949773910598967,0.2503289211240087,0.25132281243153026,0.2388505273384715
0.26302682991900894,0.24644782401903692,0.2536877063908324,0.23683763967112156
0.2573665427940606,0.24892808205526495,0.256714532399843,0.23699084275083132
0.2707141327694898,0.24206917443202247,0.24890524864271757,0.23831144415577013
0.26313567938021787,0.24040277852221306,0.2608571809435181,0.23560436115405087
0.2634173779043693,0.2440326995449652,0.2539566406113272,0.23859328193933835
0.26583984843818276,0.24208014498458666,0.25497991393988373,0.2371000926373468
0.26060795934072145,0.24470114728539277,0.257579594526677,0.23711129884720886
0.25913185692962937,0.24873686215777552,0.2540301949952575,0.23810108591733764
0.2723424995444766,0.23986450219329825,0.2503363000763392,0.23745669818588586
0.26895161942859785,0.2357850668899623,0.25939750649203824,0.23586580718940167
0.2709034551367629,0.23596490638647316,0.25519007635383545,0.2379415621229285
0.2746199482031559,0.232631451712304,0.25576863914588294,0.2369799609386572
0.26640841809907384,0.23637019589426017,0.26015424558995565,0.23706714041671026
0.2664390137047863,0.23998183723547345,0.25531753782150707,0.23826161123823314
0.27757596868135936,0.23262830543459656,0.25269166434895235,0.23710406153509173
0.2658290883184591,0.23552710685946124,0.2622618931744049,0.23638191164767466
0.2671851438149234,0.23972344614413083,0.25435094596862,0.23874046407232585
0.2650948054167791,0.24056782216525918,0.2573671807370688,0.2369701916808929
0.26969046039475447,0.23850983438481246,0.25411913232501765,0.2376805728954154
0.2644164491035784,0.23997691215196093,0.25880331863411127,0.2368033201103493
0.27929545345683027,0.23246537411722848,0.25030684122058444,0.23793233120535692
0.2828919064820684,0.22443194684471227,0.2569858989342867,0.2356902477389326
0.27407937030465973,0.22834287415225052,0.260266661529161,0.23731109401392878
0.267816097164332,0.2355130404247914,0.2585692751577143,0.23810158725316238
0.26564931606843906,0.2397401348892119,0.25674687703570337,0.23786367200664574
0.2657611390660827,0.2408472312223465,0.25585213811520824,0.23753949159636245
0.26988317593632083,0.2380640687511328,0.25472882166529826,0.23732393364724808
0.27141122651093513,0.23519885315123895,0.25649079117887824,0.23689912915894773
0.2724058910462084,0.233871338034888,0.2564830678887297,0.23723970303017386
0.2672090183256179,0.2367931699415116,0.25873192830627173,0.23726588342659877
0.2628657351952214,0.2421464199693699,0.25707990196706915,0.23790794286833955
0.2592645878673406,0.24713467845658021,0.25581654956256594,0.23778418411351324
0.2799018723565415,0.23457103076544872,0.24781982356018367,0.2377072733178261
0.28583327135227743,0.22255946930425305,0.25657325644429824,0.2350340028991712
0.2677263984518268,0.23120060059574654,0.26375501137990554,0.23731798957252126
0.2660573502570499,0.23939741710587512,0.25552320939881695,0.23902202323825797
0.2648606067208946,0.24115507405593423,0.2567123425984841,0.23727197662468721
0.26482469846980206,0.2419951455664957,0.25562359511739363,0.23755656084630858
0.2751453591994043,0.23504041091094022,0.25252768260411906,0.23728654728553633
0.2657839447501096,0.2366114553718709,0.26125503733912914,0.2363495625388903
0.26632922512767254,0.24041530446302126,0.2547322622936977,0.2385232081156085
0.26136400285304096,0.24369722203542293,0.25785799379803825,0.2370807813134978
0.26723066406977874,0.24213195144714683,0.25256004440306545,0.23807734008000886
0.2608362122479463,0.24375803616516353,0.25887386141442087,0.2365318901724693
0.27757191574125695,0.23533028834429942,0.2488324174142541,0.23826537850018945
0.27575935233831944,0.22926852792781743,0.2594742457551461,0.23549787397871705
0.26717740126223966,0.23541423898483305,0.2595789877472634,0.23782937200566392
0.2645522411954794,0.2408793937538402,0.2564361426121014,0.23813222243857904
0.2676317824040809,0.24007975390765418,0.25475153514565685,0.23753692854260808
0.2661692975635943,0.23972813936903348,0.2571040998900829,0.23699846317728931
0.26778972426781134,0.23933809018388372,0.2552825640250563,0.23758962152324856
0.26514167601655614,0.24037759604148617,0.25735193277609286,0.23712879516586485
0.26477129157593815,0.24194248748897723,0.2555807314621952,0.23770548947288953
0.26396948750776456,0.24272129761557698,0.25596492497379175,0.2373442899028668
0.26673203549011,0.2411995561417931,0.25459689315899797,0.23747151520909893
0.2597887516476203,0.24482153662756348,0.25839265086829516,0.23699706085652103
0.275180578239608,0.23744510300908234,0.24906298030345883,0.23831133844785088
0.27794356918884244,0.22887530464120223,0.25768158295462845,0.23549954321532696
0.26847596529968076,0.2337279106709099,0.26036545840316666,0.23743066562624274
0.266507390370061,0.23891233754496538,0.2563325219493295,0.23824775013564423
0.26879320382729865,0.23830927396227092,0.2554825971783795,0.23741492503205097
0.26424775513803267,0.24047403342592744,0.2581633616921872,0.2371148497438527
0.26948204595931924,0.2390539721058,0.2535325760551527,0.2379314058797281
0.26445020061674007,0.240029759513301,0.2588387459305601,0.23668129393939877
0.26185856675536334,0.24440852826852744,0.25567169468210027,0.23806121029400898
0.26369076425532295,0.2444596391933684,0.2542682743370803,0.23758132221422826
0.2613879459629198,0.2452696122825877,0.25624233349694,0.23710010825755254
0.25618094094516164,0.2507111427571081,0.2553976317519125,0.23771028454581777
0.27478425617584384,0.23979263602934164,0.24729221633282697,0.23813089146198746
0.2781778493162657,0.2289119536547459,0.25783326816433494,0.23507692886465345
0.2664816934307794,0.2349712630189506,0.26109159181446545,0.23745545173580454
0.2724309678550668,0.23582658236884294,0.25327892385063994,0.23846352592545023
0.2716210784584775,0.23382034392677373,0.25800404177107444,0.23655453584367442
0.2632209404855829,0.23984613613872227,0.25935423833039906,0.2375786850452958
0.27229050243756125,0.23751906337190185,0.2519337742109552,0.2382566599795816
0.2619072385302127,0.24041276709473627,0.26142340215511795,0.23625659221993314
0.2614067322949649,0.24603630329708548,0.2537499463764025,0.23880701803154708
0.2629124890389035,0.2452682371107534,0.2546255757309588,0.23719369811938426
0.26586625310159145,0.2424480318077183,0.2544514230096678,0.23723429208102242
0.25654362827663574,0.24784292801204533,0.2586242001930821,0.23698924351823678
0.2713477108327849,0.2418970268608643,0.24793789461468774,0.23881736769166304
0.2743874099194667,0.23261955997733802,0.2576516456505121,0.23534138445268324
0.27046432685257715,0.2339519085033383,0.25817748770992244,0.2374062769341621
0.2753762768912325,0.23230128424982857,0.25468559056949264,0.23763684828944623
0.27847958823256996,0.22842003975009462,0.2563696531134462,0.2367307189038892
0.26351769946577736,0.23663839117413993,0.26263938114586394,0.23720452821421875
0.26307325264250875,0.24367837380220833,0.254273276442499,0.23897509711278392
0.26120052505584246,0.24548257108523236,0.2561621346900561,0.237154769168869
0.26103150328233443,0.24690314721864431,0.2543613121176014,0.23770403738141996
0.26565056442518925,0.24363324660267538,0.25335232023319276,0.23736386873894258
0.2662250579189078,0.24081582062522203,0.25617258728932707,0.23678653416654305
0.26051465096917303,0.24461538327874094,0.2574978933108507,0.23737207244123532
0.2753888548962966,0.23695299240386417,0.24960924259791648,0.2380489101019227
0.2779144269756863,0.2288239071594267,0.25765021644339475,0.23561144942149223
0.27384998067242594,0.2303605124671794,0.2584042113348437,0.23738529552555088
0.26312823237899235,0.23883203608053893,0.26034460875856685,0.23769512278190183
0.26705329402183686,0.24106676697585167,0.2533846060848696,0.2384953329174419
0.268170269402839,0.23854650321295826,0.25655110301918804,0.23673212436501473
0.27326172304520424,0.23474911390476594,0.2546680927090778,0.237321070340952
0.259080084228051,0.24205169980012203,0.26204016141109304,0.23682805456073389
