0.26277455115193127,0.26132399663390027,0.21795523187778876,0.2579462203363797
0.26135800699703454,0.2633329207055153,0.2175842302120161,0.25772484208543417
0.26158680375708493,0.2631281537212932,0.21772688935433943,0.2575581531672823
0.2603142912959795,0.26413976010732676,0.21898556930419646,0.2565603792924972
0.2621626710680199,0.26321977430074023,0.216781829318544,0.25783572531269583
0.2638356952893602,0.2626960308947166,0.21428492633325627,0.25918334748266686
0.2597649329915486,0.2652433953542391,0.21879530489266028,0.256196366761552
0.2620378106732973,0.26128308361430724,0.2185116372820078,0.25816746843038774
0.2602607005256841,0.2631771296225739,0.2196548296030933,0.2569073402486488
0.25960949641138326,0.2649066997130767,0.21981032612261114,0.25567347775292887
0.26618991483901555,0.2604140649132497,0.21251685811254262,0.2608791621351922
0.25986889526530577,0.2660036298610289,0.21770803043394144,0.2564194444397239
0.26098686690826733,0.2615355423228096,0.2200959827439205,0.25738160802500254
0.26005296463354743,0.26190458399841837,0.22103390727981098,0.2570085440882231
0.26088691968685324,0.26136700245147787,0.22027459664791724,0.25747148121375163
0.25896894927425645,0.26438199888594266,0.22115142148581035,0.2554976303539906
0.2642092142233721,0.2606301917684301,0.2155786279578743,0.2595819660503236
0.2605731535665393,0.26497228059100264,0.2175761720706255,0.2568783937718326
0.2610139930777648,0.26309822142417494,0.21881154405256545,0.2570762414454948
0.26067092804691,0.2642744941190311,0.2183119625041911,0.25674261532986786
0.263833713610908,0.26313463425280154,0.21410884229514232,0.25892280984114807
0.2607819272698147,0.26791889959198983,0.2150334468458998,0.25626572629229555
0.2679339266065192,0.26141077550070285,0.20901819880246242,0.2616370990903155
0.25900857114484754,0.2676450910381077,0.21761191611849756,0.2557344216985472
0.26213180256622315,0.2607769411654181,0.21887207307736545,0.25821918319099346
0.2600270217703639,0.26243569534699546,0.22050019303656435,0.2570370898460763
0.2601836972103937,0.26211338733286305,0.22092910177185413,0.2567738136848893
0.25977495484173685,0.26387764063268576,0.22025054768880464,0.25609685683677275
0.26524328041197254,0.26049062591548855,0.21395777080702483,0.26030832286551403
0.25929601843129435,0.2656660442912899,0.219033603259964,0.25600433401745176
0.26073721575086306,0.262104675139069,0.22016972872428162,0.25698838038578636
0.2616130704648215,0.26210057569588324,0.21837323967311018,0.25791311416618495
0.263109637669948,0.2608093072431495,0.2169133328799253,0.25916772220697737
0.25610540194289744,0.26644309997026777,0.22423018246826412,0.2532213156185707
0.26526966975765576,0.2565721347463892,0.21711500006508494,0.26104319543087
0.25788861028648674,0.2646151394966757,0.22198686024628778,0.2555093899705497
0.26067349940506196,0.2594462014677614,0.22242079622339336,0.2574595029037832
0.2591869339495911,0.26054650178852734,0.2234496690408507,0.256816895221031
0.2593926879525127,0.2603494727211631,0.2235911043445988,0.2566667349817255
0.25909509984042023,0.26133631345424957,0.22334035222466286,0.2562282344806674
0.26151503591717223,0.2601187904018453,0.22026392403740913,0.2581022496435734
0.2595037732937332,0.2628288477827791,0.2212873758244624,0.2563800030990252
0.2615994849891278,0.26014572153553833,0.2200953639633141,0.25815942951201964
0.2586060385211197,0.26284620700289973,0.22272646058381027,0.2558212938921703
0.26042989712510767,0.26131738748150257,0.22129223039853074,0.256960484994859
0.2596656199918496,0.26549058273628445,0.21915244505910725,0.2556913522127585
0.2691430121356341,0.25954943641882267,0.20868071610232114,0.2626268353432222
0.2579537085752584,0.26705556711470974,0.21963874566396677,0.2553519786460653
0.26038834898528435,0.25891589783437186,0.22321324872136014,0.25748250445898346
0.25809304708599934,0.26045189197201996,0.22531705071243252,0.2561380102295481
0.2597316550459278,0.2596572214359741,0.22366900365415918,0.25694211986393894
0.25844276358359713,0.2634003508367022,0.22290402320311123,0.25525286237658956
0.26433219962662385,0.2599608898343351,0.2159463401966121,0.259760570342429
0.26039371283736074,0.2645847313811797,0.21815414613653641,0.25686740964492305
0.2606144880695427,0.26221074026432106,0.2201485945022497,0.2570261771638866
0.2597845954162918,0.26317353369439656,0.2206536921940695,0.2563881786952421
0.2636152210174068,0.26060810613417335,0.21644306381234632,0.25933360903607355
0.2584125360692271,0.2662985133947802,0.2202684114003033,0.2550205391356893
0.26499821946313357,0.2591272311715919,0.2155263767919048,0.26034817257336973
0.25936877108100886,0.2633207146679517,0.22056971710068723,0.2567407971503521
0.25896779858550556,0.2600543644923819,0.22452996281383134,0.2564478741082812
0.258285447089866,0.2599046726720205,0.22569549465343194,0.25611438558468164
0.2593807744695759,0.26064851870424527,0.2234919774578479,0.2564787293683309
0.26011220579853617,0.2632389044877681,0.220268526591667,0.25638036312202883
0.2654090197457788,0.26062388090458993,0.21360439536170497,0.2603627039879264
0.2592014075155548,0.2652744566206181,0.21946705569487907,0.256057080168948
0.2606676339699931,0.26065579805073247,0.22132416125035553,0.25735240672891885
0.2590423939158683,0.2625897418092392,0.2222649035777035,0.2561029606971889
0.26300534358838706,0.2596381964661975,0.21822426030480566,0.25913219964060985
0.25706178465689505,0.2669523987092909,0.22217339894962773,0.25381241768418633
0.267538176759585,0.25696013277195734,0.21324503147818896,0.2622566589902686
0.2569582905043704,0.26554152519961793,0.22253007323068782,0.2549701110653239
0.2588507375338675,0.2603033195293056,0.225041234125721,0.25580470881110573
0.26003003069446706,0.2610329358270436,0.2219235818361079,0.2570134516423815
0.2622235929720107,0.2626080534830019,0.2171891344918722,0.2579792190531152
0.2602238153867765,0.2672292173547187,0.2167474101956853,0.2557995570628194
0.2688719125160476,0.26039286428619285,0.20839618082065683,0.26233904237710276
0.2577704655046497,0.26876546147526276,0.21869786919018627,0.2547662038299012
0.26175854932160775,0.26150333500506256,0.21914853298188833,0.25758958269144144
0.2619962243328232,0.2631236591779375,0.21679330344701753,0.25808681304222186
0.2628932052754607,0.2630103828494009,0.21563713963663456,0.2584592722385039
0.2585361344148649,0.26700173735666505,0.21967763700691417,0.2547844912215557
0.2675559136077674,0.25845396982064445,0.21194790472971212,0.26204221184187587
0.25722211426423314,0.26702413172847655,0.22105660037992458,0.25469715362736567
0.26134795395020455,0.2595363263360308,0.2213329588558205,0.25778276085794405
0.2594013575003601,0.26251366155270306,0.22155999505949478,0.25652498588744216
0.26234476936288226,0.26043919294559714,0.21870403282248407,0.25851200486903664
0.2579125725552614,0.26563736521454695,0.22179338153538852,0.25465668069480313
0.2652296765757024,0.258816945454699,0.21542044940898775,0.2605329285606109
0.2580921338528262,0.2664016181027963,0.22042356806683858,0.25508267997753903
0.2622808474067221,0.2610919653703839,0.21855171112132585,0.2580754761015682
0.26159320604178793,0.2630228621138368,0.21752974632867492,0.2578541855157005
0.2607127648031119,0.2639009549126444,0.21855777757103487,0.2568285027132088
0.2596488318252227,0.2665756317720755,0.2183832365191934,0.2553922998835085
0.27060926397522245,0.2590764322504119,0.20674675891679073,0.26356754485757494
0.25636912412426427,0.2699026757101595,0.2199397292355694,0.25378847093000684
0.2628150898825464,0.25851328915449445,0.2197734229762557,0.25889819798670344
0.25918708278671404,0.2626677720806556,0.22153054999367688,0.2566145951389535
0.26048993713904234,0.26139545110358825,0.2211016471744083,0.257012964582961
0.2598945428614722,0.2628448142664407,0.22075068182325464,0.25650996104883245
0.26289912128401605,0.2610334835423175,0.2172824004647384,0.2587849947089281
0.2612191059473018,0.2619570157834178,0.2189238724646381,0.25790000580464234
0.257239281832886,0.2639829475157705,0.22437598634592917,0.25440178430541427
0.26139843702605026,0.26046483615272265,0.220423798206332,0.25771292861489503
0.2622996554318562,0.2635507334484892,0.21611580459454485,0.2580338065251097
0.2617231131228934,0.26578485885208075,0.2154076435354971,0.25708438448952875
0.267166549606042,0.2602575182708238,0.2109750470130461,0.2616008851100881
0.255963530391569,0.2667230996549398,0.2234902132382456,0.25382315671524563
0.26197700824529974,0.25660006078207587,0.22245349416435528,0.2589694368082691
0.25710057263759845,0.26212409993219726,0.22553269679784105,0.25524263063236324
0.26000548896974984,0.2598983980417798,0.22327395214548063,0.25682216084298976
0.261047078529129,0.26081738112444564,0.22034628409029436,0.257789256256131
0.2611650509079621,0.26098194521942436,0.2199930964558158,0.2578599074167977
0.2579614181748358,0.26282280695088506,0.22395205562706563,0.2552637192472136
0.2602806008762322,0.26084755678886923,0.2219374494061913,0.25693439292870707
0.2625789854142913,0.2610651462763819,0.21766112095258844,0.25869474735673825
0.26020669388924444,0.2635332964744265,0.21951426496418608,0.2567457446721431
0.25946884384790436,0.263647280373511,0.2210019705185031,0.25588190526008153
0.2653668395668085,0.2586396553481202,0.21509707324579774,0.2608964318392736
0.25738647279922067,0.2642830100991995,0.22312771415234206,0.25520280294923764
0.25985690454759186,0.25803827102063415,0.22475952443892927,0.25734529999284467
0.2573721615397536,0.26081374214981345,0.2264032796338306,0.2554108166766025
0.26036287252432055,0.2594493719438242,0.2228841443816263,0.2573036111502289
0.2603745858519017,0.26165499000362147,0.22083039818101716,0.2571400259634597
0.2610591938445344,0.26146156923258795,0.2199279248455651,0.2575513120773126
0.25986491475182194,0.2621457383957071,0.22125816414375393,0.25673118270871714
0.25996535602257714,0.2620275555413806,0.22135076073476426,0.256656327701278
0.2621799623804074,0.2604822285319335,0.21880086634159282,0.2585369427460663
0.2587320446067511,0.2640309752235863,0.22161012189244278,0.25562685827721976
0.2599206413778161,0.26414647040228656,0.2200719588606253,0.2558609293592719
0.27037306486803864,0.25757582482674474,0.2081611997196432,0.2638899105855734
0.254531613235471,0.26690938633978123,0.22518525236140025,0.25337374806334767
0.2577226784394455,0.25874929032865535,0.22851344340706956,0.25501458782482955
0.26222452223438386,0.25636411245736934,0.22162670299162346,0.25978466231662345
0.2579535777393851,0.2628110957522954,0.22373903033034243,0.2554962961779771
0.2581578869392399,0.26292663966534124,0.22418874911377001,0.25472672428164883
0.2652763615950212,0.2583236228834638,0.21555308847729152,0.2608469270442234
0.2584273142206994,0.2661500078247511,0.220094186787324,0.25532849116722545
0.26065919313021263,0.2626997646941729,0.22003379460491054,0.2566072475707039
0.26079134561269435,0.2663663313807296,0.21645676830410018,0.25638555470247576
0.2649728791636928,0.2683682495731147,0.20793005327328376,0.2587288179899086
0.2672948904652662,0.27265497026789365,0.20001388161618128,0.26003625765065896
0.27594172794875127,0.26880725838640884,0.190530897861655,0.26472011580318483
0.2653574918767923,0.27283056377825954,0.20243435017394054,0.25937759417100764
0.2606799472487564,0.2701124213898238,0.21322177679917823,0.25598585456224165
0.2666861161440946,0.2639831419058216,0.20865759489367394,0.26067314705641
0.264587015031127,0.26831058438575967,0.20820343324812926,0.2588989673349841
0.26223192511258847,0.2694492714607677,0.21136069768992236,0.25695810573672145
0.2695138675925884,0.26241632880828203,0.20560740983971834,0.2624623937594112
0.2581037358741169,0.271230258628502,0.216145594949085,0.25452041054829616
0.26488113315680456,0.26190164750713146,0.21366572831082217,0.2595514910252417
0.26274515260305986,0.2658448761010182,0.21318021156556408,0.258229759730358
0.26140128030668497,0.26715430316700317,0.21481797671073394,0.25662643981557787
0.26419674473154114,0.26541893119566934,0.211607165092185,0.25877715898060444
0.26759649971728355,0.26386179544629124,0.20734336921284366,0.2611983356235816
0.25901769077501685,0.26823330882733537,0.21726187055667603,0.25548712984097177
0.2628930066780765,0.2607152430243942,0.21762580511177548,0.25876594518575374
0.26079281948322436,0.2625006185305181,0.21909927688829609,0.25760728509796155
0.25864099417212466,0.2641482991625324,0.22194667473906443,0.2552640319262784
0.26260344249627704,0.2610551968952261,0.21784894326928206,0.25849241733921474
0.2635251978062051,0.26179142335079064,0.21538663560081645,0.2592967432421878
0.2569722410536646,0.2667693697402336,0.22246139902437712,0.25379699018172464
0.2636883389307958,0.25939408311274187,0.21752574335759758,0.2593918345988647
0.26040741389615457,0.2656863549009681,0.21728145413631209,0.25662477706656533
0.26391342211853547,0.26235568233577833,0.21471692242669485,0.25901397311899127
0.259696458865632,0.2664044420875297,0.21796672240318887,0.25593237664364943
0.26630790889966205,0.2592394220886545,0.21324380500787496,0.2612088640038085
0.2578194211463188,0.2638967609724919,0.22249361898295364,0.2557901988982358
0.25781167900143137,0.26002973777060145,0.22677562890124123,0.25538295432672575
0.25918631676697956,0.2598425502786009,0.22436085389579005,0.2566102790586294
0.26097629716404325,0.26211559299524917,0.21965564013109154,0.257252469709616
0.2621528098866221,0.26368242997558383,0.2164342586167847,0.2577305015210095
0.26303094660309606,0.2633811327034256,0.21510080754109334,0.25848711315238493
0.2611589476059853,0.2638751849015142,0.2176197303184081,0.2573461371740924
0.2610329239052445,0.2621815129095275,0.2193012283743797,0.25748433481084826
0.25951156130155645,0.2634569964417771,0.22086921410930999,0.25616222814735634
0.2613063720605939,0.26322752838468527,0.21827938965836766,0.257186709896353
0.2623012271161749,0.2656349754944236,0.21455906407862885,0.25750473331077256
0.26931036627272475,0.26106572052037635,0.20710756220250875,0.2625163510043902
0.25773511033048657,0.26556643758808074,0.22102298505923185,0.2556754670222008
0.2564980417626469,0.26204029333443957,0.22773330377432816,0.25372836112858527
0.26186117337621784,0.2582115242475843,0.221180291365886,0.2587470110103118
0.2609086986079515,0.2646203488640392,0.21754251592438323,0.2569284366036261
0.2628119727037939,0.26414627078432196,0.21509335789424947,0.25794839861763463
0.26453363108326583,0.2623493258772933,0.21337743140193163,0.2597396116375093
0.25770487648717294,0.2671646745145266,0.22070710054068965,0.2544233484576108
0.2635141173974965,0.2604559275203057,0.2169585384946243,0.25907141658757343
0.26028224497512553,0.2667291776491906,0.21671090879997165,0.2562776685757121
0.2656789727622654,0.26257023879677077,0.21173758784792407,0.2600132005930396
0.259829404596069,0.2688921368106626,0.21559563285672254,0.255682825736546
0.268624698670051,0.2596384649439708,0.2093789474730598,0.26235788891291845
0.2571389014341462,0.2670619181475167,0.22098620113935014,0.25481297927898705
0.25969384631486925,0.26103785183216055,0.22303815457840348,0.2562301472745668
0.26119788909838193,0.261917281035055,0.21922063345891207,0.2576641964076509
0.2629851355685382,0.26332855009542866,0.21531464075232384,0.2583716735837093
0.261229818688242,0.26531209818318885,0.2164701642923106,0.2569879188362586
0.26283963462867665,0.26315077108826096,0.21565590064333587,0.2583536936397265
0.26095192067027545,0.2652567962722409,0.2169025394092076,0.2568887436482761
0.2627643264619429,0.26381222471750604,0.21530680617566725,0.25811664264488365
0.2622849846185971,0.26534067542737994,0.2146692190055974,0.25770512094842557
0.2636162249924397,0.26425144432519515,0.21346252522465856,0.2586698054577066
0.260437636301581,0.2677590764651627,0.21574851934162254,0.25605476789163356
0.26855591620772234,0.26034331051673104,0.2088701311405346,0.26223064213501196
0.2584944657095664,0.26648925868495954,0.219212578147705,0.25580369745776915
0.2588440129184557,0.2619476544198989,0.22360620327093486,0.25560212939071053
0.2612825759893445,0.26072774319011943,0.22008387280358854,0.2579058080169477
0.262007538565828,0.2630472952483607,0.2170527301189852,0.2578924360668261
0.2604473551277855,0.2653136373941423,0.21789425230697534,0.25634475517109684
0.2642565859960653,0.2618331140735346,0.21445138600462377,0.25945891392577625
0.2596319502386183,0.26679928230096744,0.2177372696470563,0.25583149781335784
0.262939184257606,0.2636886611901873,0.21528422234046024,0.25808793221174636
0.26373206870730326,0.26515959125323646,0.2124123962531415,0.25869594378631877
0.26238655680466705,0.2672322143114704,0.2129828930274565,0.2573983358564062
0.26291724991093557,0.26770577453588923,0.21179283533460905,0.25758414021856624
0.27096563194188983,0.2621528450584897,0.2036557129830532,0.26322581001656725
0.2585826296597245,0.26813885076719923,0.21753428465813912,0.2557442349149372
0.25870619275143486,0.26262007153171146,0.2233450996749233,0.25532863604193035
0.2633887568217039,0.2587489921132609,0.2180708346391178,0.25979141642591735
0.25920868576626344,0.2644383294622759,0.2203159447235326,0.2560370400479281
0.25979716870541997,0.2636414592385242,0.2206545239004497,0.25590684815560616
0.2651271904310672,0.26013533660240507,0.21432572911795936,0.2604117438485684
0.2576178811288677,0.26885839841752707,0.2194731000807424,0.2540506203728628
0.26473867537961404,0.2618628629783544,0.21398090616178367,0.2594175554802479
0.26323470183826797,0.2666874313588729,0.21179218201941039,0.2582856847834486
0.2641379499730975,0.2655200035701092,0.21161901520608936,0.25872303125070395
0.2602721320313081,0.2693163575598645,0.21471014200257646,0.25570136840625085
0.2703615908410785,0.2607932095938421,0.20575680331652377,0.2630883962485555
0.2593453999479339,0.26842027474255625,0.21614588592696737,0.2560884393825426
0.2605336724517241,0.2619174898001568,0.22065928099411725,0.25688955675400194
0.2616943304484077,0.26009115421021545,0.2196496584511958,0.2585648568901811
0.2596149665138116,0.26152805811280566,0.22198864992720552,0.2568683254461771
0.25702830581888647,0.2642356060742961,0.22484563971868785,0.2538904483881298
0.2635194152644486,0.26015672406655865,0.21715974460206566,0.2591641160669272
0.2617552427716958,0.2668423376972516,0.21425824356571668,0.2571441759653359
0.2642240906441512,0.2657455507015549,0.21144427204944966,0.2585860866048442
0.2649242934981977,0.2656086409632691,0.21008369144277844,0.2593833740957547
0.26232612614957007,0.266574878090431,0.2134440251506921,0.25765497060930664
0.26140529967824094,0.26640294056907454,0.21535375603739282,0.25683800371529164
0.267757555836479,0.2609283451429984,0.20952773449275422,0.2617863645277683
0.25863855144410974,0.2660640183085862,0.21942711129876818,0.25587031894853585
0.2595353701008528,0.26044037854603846,0.22344345812032493,0.2565807932327838
0.258292936671928,0.26301448767787405,0.22336295050974836,0.25532962514044966
0.2641689204698398,0.2605846234911359,0.21572785969030892,0.2595185963487152
0.2611994541407996,0.2655420287121814,0.21616434700182582,0.25709417014519315
0.26291827296474124,0.26212062377473183,0.21636964320079907,0.25859146005972794
0.2575134178913019,0.26792614946566184,0.22067541251288486,0.2538850201301514
