0.3163546903942132,0.24193456904865537,0.23022799714057174,0.21148274341655965
0.31801583221661545,0.24592866962893747,0.23030750658166732,0.20574799157277981
0.3225833404576546,0.2522826819360748,0.23087966135925478,0.1942543162470159
0.32656873772321704,0.2589438451061572,0.23134178326175714,0.18314563390886868
0.30505376325695416,0.24024876219484287,0.22838590072236592,0.2263115738258372
0.30099968188136617,0.2279576905568759,0.22801776462442383,0.24302486293733414
0.3296540438529714,0.24970235536587287,0.23251151022800318,0.18813209055315258
0.3208457793235539,0.25517405055376147,0.2294236931572489,0.19455647696543585
0.3299644650289104,0.26262725914014867,0.23177718549325135,0.1756310903376896
0.3226195618543516,0.2594272527307066,0.2306923271421351,0.1872608582728066
0.2645000967661563,0.2027683249035282,0.21688313134347584,0.3158484469868397
0.32399286347567496,0.22890226846021652,0.23562465956408207,0.2114802085000265
0.3318905714434054,0.2609100569853312,0.22988287962335505,0.17731649194790838
0.32810062367464915,0.26604405507485585,0.23071253163289784,0.17514278961759733
0.32890168542662124,0.26686745745968443,0.23076820421043792,0.1734626529032564
0.32822564167266544,0.26664711744846264,0.23094368540390867,0.17418355547496325
0.29416182056440426,0.232869513128263,0.22556742939430172,0.2474012369130311
0.3226061559290234,0.24249957173529235,0.2324177046684273,0.20247656766725683
0.32835780564976286,0.25848195332379836,0.23073272098958358,0.18242752003685514
0.31660443706105745,0.2514413412775609,0.2301803114690392,0.20177391019234237
0.2987039565970719,0.22892061772467157,0.22865786457119053,0.24371756110706608
0.30275485174916894,0.22265877307348933,0.22958441880825203,0.2450019563690897
0.23936160646646903,0.17175778851418616,0.2062401515079899,0.38264045351135495
0.32096665953311965,0.21376650530666677,0.23855068711229468,0.22671614804791893
0.32756368259100793,0.25223655863410854,0.22872758024698833,0.19147217852789522
0.328648693678596,0.2631750891173183,0.23133418046874335,0.1768420367353423
0.3313745534993198,0.2691203121504481,0.2308314336783352,0.1686737006718968
0.3220082989367226,0.26091522929161826,0.2305957784692542,0.18648069330240483
0.28935561312976316,0.22333408876665412,0.2241149074300805,0.2631953906735023
0.3298338460142258,0.24589665188705842,0.23394689591484705,0.1903226061838688
0.32985335015773887,0.26377484300823084,0.23037366965767567,0.17599813717635457
0.31050860250914863,0.24739936148213468,0.22862429475585325,0.21346774125286339
0.3252800746365389,0.2529163947913797,0.23159833393847593,0.1902051966336055
0.3382103445000745,0.27274647466449575,0.23086888894359453,0.15817429189183524
0.29702466264569743,0.2406573370232911,0.22596028113966124,0.2363577191913502
0.33441817188471185,0.2562843988082534,0.23320781250177258,0.1760896168052622
0.33310185014655613,0.27177383044895126,0.22984508795196343,0.16527923145252923
0.3331890024517421,0.27462285019858895,0.23058628172427492,0.16160186562539403
0.33436874169524133,0.27632346838974886,0.23038078402431633,0.15892700589069353
0.33136125501840386,0.27394960732230933,0.2304562443670157,0.16423289329227114
0.32373986137696786,0.2646685468140656,0.23032944278331466,0.1812621490256519
0.3293097727401938,0.26611922032346136,0.23087677274927032,0.17369423418707453
0.32842640095170644,0.26588815252085723,0.2301710849489141,0.17551436157852224
0.3340850696020455,0.27167437314042453,0.2306922113646302,0.16354834589289977
0.33038724729924535,0.27126013956628764,0.23102287181850623,0.16732974131596076
0.3110039569205991,0.24902911264143993,0.23006890467214647,0.2098980257658144
0.21514513817759057,0.15820048241835213,0.19426945858880693,0.43238492081525043
0.32106046765021573,0.2052494049876983,0.2419460840019241,0.23174404336016194
0.34022655326992746,0.26399794750214056,0.22841604415177283,0.16735945507615915
0.33512874325577774,0.2777828087037383,0.23093415506345977,0.15615429297702418
0.33359587045093136,0.2771452778643213,0.23023959138619324,0.15901926029855404
0.32946568123443815,0.2718323385072171,0.2308043272474421,0.16789765301090262
0.29425586518146635,0.23351673164874548,0.22564721465268175,0.24658018851710634
0.32501849224580875,0.24470369189840502,0.23264560204626591,0.1976322138095202
0.3323889325204484,0.2644587606531826,0.2307324274845367,0.17241987934183234
0.32528014208967665,0.2627715813016198,0.23044565299755193,0.18150262361115171
0.31286451676586696,0.24811958477897347,0.22984967112193755,0.20916622733322207
0.33025523565774606,0.25854677885298816,0.23194980373803514,0.17924818175123053
0.2951173073785365,0.23405204744401148,0.22534324707110537,0.24548739810634668
0.33258926420658247,0.25294924549227893,0.2332772117490537,0.1811842785520848
0.3385915725510272,0.27625716117234383,0.22983689430666446,0.1553143719699646
0.3355625639746604,0.28021028985537055,0.2302691502244543,0.1539579959455148
0.33196624407152703,0.27579445381047374,0.2306066590828893,0.16163264303510985
0.31692858727293693,0.2576139775962436,0.2302165723807951,0.1952408627500244
0.2877025444004272,0.22091557481058802,0.22391458402893658,0.26746729676004816
0.3304852345611613,0.24575332412167405,0.23390405844358952,0.1898573828735751
0.3343940538935466,0.26876695845961246,0.23010096616108905,0.16673802148575195
0.32867721523207194,0.2684116656819683,0.23044626407508415,0.1724648550108756
0.3219599076289338,0.26074724052943116,0.23066353560796365,0.18662931623367135
0.3323475940256816,0.26701085540163555,0.23137684644025897,0.169264704132424
0.26637962223575506,0.21056378348275318,0.21595427285386218,0.3071023214276295
0.3342128773351937,0.2405715004725712,0.2369043578041686,0.18831126438806642
0.33956455425685106,0.27507731004422864,0.2290631166949151,0.15629501900400516
0.321391729327493,0.26458711087046366,0.23037190135695756,0.18364925844508576
0.31552862836305373,0.2502954848086236,0.23083861815372717,0.2033372686745955
0.30748539124698887,0.23680611965026566,0.22962879948497023,0.22607968961777522
0.22768229841754395,0.16463962419241074,0.19978963588138804,0.4078884415086572
0.32233085915945797,0.21053898485338204,0.24078167409983542,0.22634848188732462
0.32691853037262264,0.25070396200699624,0.22849035237543847,0.1938871552449427
0.3025565671380851,0.23602853706933405,0.22829741625122352,0.23311747954135725
0.3195017834901554,0.24216519562048447,0.2318999806793605,0.20643304020999967
0.32708038085981944,0.2564034414980729,0.23120427513330158,0.185311902508806
0.26758224126254887,0.20666960217554647,0.2170709702915316,0.30867718627037316
0.3324185787941381,0.23828491263395593,0.23651807276757786,0.1927784358043281
0.3324441476952494,0.26636426240051614,0.22933736551826842,0.17185422438596615
0.326435430757701,0.26576464503042857,0.23077750549408033,0.17702241871779023
0.32460657152406047,0.2619121778248412,0.2305954841977244,0.1828857664533739
0.3317503050851768,0.26709335946209967,0.23109295226696452,0.17006338318575892
0.295531695396678,0.235773222337696,0.22566567758608536,0.2430294046795406
0.3318339766233425,0.2526504415509994,0.2334920503883895,0.1820235314372686
0.32011279510788304,0.25471334359115,0.2292245264639855,0.19594933483698135
0.3155227421587121,0.2472750539814454,0.2298963348403042,0.2073058690195383
0.33000611673207964,0.259014553149027,0.23224154063113348,0.17873778948775987
0.30990849244927066,0.24518491995643188,0.2295201689179994,0.21538641867629807
0.19002472353501104,0.13759804426281405,0.18018734562809632,0.4921898865740786
0.3147700434030096,0.1906730573150202,0.2448582364944414,0.2496986627875288
0.32836941786162577,0.24718597132857725,0.22695700206433883,0.19748760874545815
0.3307208802261955,0.26415951432030155,0.23208887304495898,0.17303073240854386
0.32995563086361496,0.26877727580067634,0.23038383933988543,0.17088325399582327
0.3259761046727205,0.2653271797511352,0.23096049550432435,0.17773622007182
0.3072942336477752,0.24459047209585214,0.22779339806270305,0.22032189619366963
0.3297874274486456,0.2563220570269689,0.23192825069267364,0.18196226483171182
0.33874022617550487,0.2753748032643047,0.23042534614868848,0.15545962441150205
0.31475086029370936,0.2572326582494016,0.22968634297021867,0.1983301384866704
0.30977124271257567,0.23953870631153892,0.23085723057184648,0.21983282040403884
0.2971631283752321,0.22368843059311266,0.22700113965212518,0.25214730137953006
0.2866985156410626,0.21053859801247332,0.22401652727111135,0.27874635907535267
0.3382240889213675,0.2507606467900928,0.23450186996554773,0.1765133943229919
0.33187840084894016,0.2706801209880661,0.2292125153858784,0.16822896277711538
0.33678337725301233,0.27798750901787195,0.23091917977236565,0.15430993395674997
0.3297988848804378,0.27407267664290713,0.23029170361768753,0.16583673485896763
0.32164884913024305,0.26123679536527633,0.22996840502697755,0.18714595047750313
0.32954700728898184,0.263968966794918,0.23079761739663632,0.17568640851946388
0.33688079096020856,0.27590399588691167,0.23074606018519206,0.15646915296768768
0.32636077528933394,0.26826870203931974,0.2302733797476001,0.1750971429237463
0.3109625396506091,0.24720785549166452,0.22880858195208734,0.21302102290563904
0.3316328821607443,0.25905161213887984,0.2322738211377965,0.17704168456257932
0.32627290179233365,0.26374226779417226,0.23041498488558662,0.17956984552790733
0.2984515980915237,0.23664853120600543,0.22631863951164596,0.23858123119082492
0.3373583623535092,0.2590389278651093,0.23310847141681312,0.17049423836456842
0.3371609935299847,0.27809231761775755,0.22965378113595528,0.15509290771630244
0.33637504292971737,0.2811521726042968,0.2304124115010518,0.15206037296493408
0.3277071306790401,0.27212529797525237,0.23025729704499168,0.1699102743007159
0.32637008161171843,0.2647188806386979,0.23056955934006504,0.1783414784095185
0.3261531391406757,0.26309817088267345,0.23050882104745307,0.18023986892919772
0.33125352083046,0.26874471277966866,0.23097271853407542,0.16902904785579592
0.3297059472858364,0.2671318327916968,0.2302209910682191,0.1729412288542477
0.32024269007515677,0.2570236598468448,0.2297594370706491,0.1929742130073492
0.33518124992368337,0.2689834711695329,0.2318763923915614,0.16395888651522222
0.31214738112240376,0.25146749450707734,0.22950361553203508,0.2068815088384838
0.21939282963894488,0.16280379162935774,0.19413366359857384,0.4236697151331235
0.3280914700657108,0.2131586925538623,0.24344262608102027,0.2153072112994066
0.3439274368968972,0.2720957840589029,0.22772725377608075,0.15624952526811917
0.3146195976368698,0.2597885980920173,0.22940496367970664,0.1961868405914063
0.33757660544394125,0.2701714875344059,0.23161059273993506,0.16064131428171777
0.33186966023520226,0.2753011703541436,0.23031292409110377,0.16251624531955045
0.2786199490416014,0.22414243518740196,0.22043410741137856,0.2768035083596181
0.32988929821845564,0.24320933085485247,0.23469220187253656,0.1922091690541554
0.3290599215872825,0.2624377086017107,0.22942771570910955,0.17907465410189732
0.30250758593007654,0.2359344332948347,0.22954022564848964,0.23201775512659914
0.18398397797114394,0.12505482401343962,0.1860729372890752,0.5048882607263413
0.04353626379672517,0.020448876309246775,0.06956979588599296,0.8664450640080352
0.006202968844740867,0.0020832495939432723,0.015704213043448878,0.9760095685178669
0.14677299603311064,0.05669741266408504,0.19376242106911376,0.6027671702336906
0.2831884388796667,0.14801086563112528,0.22870618818708116,0.34009450730212687
0.1665521500736882,0.1057863788067063,0.16503087193042756,0.5626305991891779
0.2287379204758829,0.1232848051556813,0.2169881849207685,0.4309890894476672
0.26033745735704766,0.15701234740847983,0.21658014933519404,0.3660700458992786
0.1834108857843953,0.11586229116644134,0.17663287968441418,0.524093943364749
0.3024122775341226,0.1769460521573973,0.24285893349188886,0.2777827368165912
0.27998061308903077,0.1964929302966657,0.21682616317507475,0.3067002934392287
0.29328214446266915,0.2043835083408129,0.22999746850592348,0.2723368786905945
0.3138946237336851,0.22717993273701256,0.23182483137650628,0.22710061215279606
0.24374352197421922,0.17546190695430572,0.2099068576080807,0.3708877134633944
0.22699964812830387,0.1444036370099472,0.20376008335321694,0.42483663150853196
0.3195090963499908,0.20466942770969213,0.23896727177712632,0.23685420416319078
0.3185663456199577,0.24071198410191935,0.22732316657999377,0.2133985036981292
0.32724290730512867,0.2569433369937752,0.23217159344168806,0.18364216225940805
0.33435713172236475,0.2703946047810946,0.23085398937385004,0.16439427412269075
0.29775592021882524,0.23915416788772612,0.22623483275590991,0.23685507913753875
0.3166827031104081,0.23869752227287033,0.23113397817155645,0.2134857964451651
0.33724648552645986,0.26584319871763534,0.2315512100991734,0.16535910565673137
0.30718389488216963,0.2462419571327678,0.22845405440406477,0.21812009358099768
0.31596391236988425,0.24002713647576962,0.2309683657956508,0.21304058535869524
0.3079244509989243,0.23645877659277978,0.22968091343082855,0.22593585897746743
0.32048460959986086,0.2452746986361344,0.23160610678935084,0.20263458497465384
0.2857884374619536,0.22066789983679394,0.22212349055504316,0.27142017214620934
0.3366341056809399,0.25104221139443605,0.23477880594718564,0.17754487697743845
0.3403541618583381,0.2796507692032038,0.2293360281067842,0.15065904083167375
0.33013340894551313,0.2755216278790612,0.23057057899300354,0.1637743841824221
0.3184148716292984,0.2577962928915509,0.23034971692324638,0.19343911855590432
0.306505452449421,0.239190991967207,0.2291008477484259,0.22520270783494623
0.3066797432733217,0.23295380443937952,0.22910416522280788,0.2312622870644908
0.3230170169854839,0.24736491860429935,0.23127593196367774,0.1983421324465391
0.32973789756248467,0.26041531531479556,0.2305860590501121,0.17926072807260762
0.3304273456967623,0.2660087802717642,0.230895656627575,0.17266821740389848
0.317092345827192,0.2555078482524327,0.2311824658369705,0.19621734008340475
0.27327452155505566,0.20802655318419883,0.22192021510402973,0.29677871015671575
0.20663462229417692,0.14036010016008588,0.18760208539632944,0.4654031921494077
0.32200651199652064,0.2011835267341985,0.24414945039995553,0.23266051086932527
0.3457780679218776,0.26909924674577157,0.227908428171557,0.1572142571607938
0.3086730312917174,0.2539789490679109,0.22958748416597405,0.2077605354743975
0.3161395799754175,0.24422481333918966,0.23117923354019854,0.2084563731451943
0.29306516283236816,0.22428885593973222,0.22536375561390706,0.25728222561399267
0.306145884656872,0.22498041740938787,0.22948867641518877,0.23938502151855132
0.33449697007807133,0.256508021565423,0.23238473474424745,0.1766102736122581
0.3108143167408297,0.24677062267900388,0.22903423187550842,0.21338082870465802
0.31042833645811835,0.2362114261990873,0.23033586516183802,0.22302437218095628
0.28004789386888906,0.20924581751881383,0.2238603678504688,0.2868459207618283
0.3084100675015216,0.22016910287306532,0.23176873140965815,0.23965209821575484
0.24759766494221672,0.18041972307746545,0.20723968728441078,0.3647429246959071
0.3300763105302505,0.22541693205280644,0.23950381749593475,0.20500293992100838
0.3367434272940713,0.2676100949075791,0.22887625426076236,0.16677022353758728
0.31058012614488834,0.25149619511500715,0.2298427427437593,0.20808093599634525
0.3043831522770988,0.23354488826174744,0.22857745790493778,0.2334945015562161
0.3168873966148778,0.23990358521753533,0.23107068014958812,0.21213833801799878
0.3111523125643962,0.23956625488408606,0.22931232367370602,0.21996910887781174
0.3174936211021687,0.2443311181115322,0.23101589161431774,0.20715936917198133
0.3085785933160877,0.23619138446561247,0.22936239869383876,0.22586762352446105
0.30082538531472974,0.22434681863651043,0.22810856938760296,0.2467192266611569
0.3033884096395655,0.22462932599234647,0.2301560243001339,0.2418262400679541
0.3076614217711436,0.22904300842178152,0.23019002441807557,0.23310554538899939
0.22755361115097447,0.164892003286165,0.19890046342966128,0.40865392213319934
0.3237339247690115,0.21177302654699545,0.24107175543900822,0.22342129324498475
0.3402776437785188,0.266075134098821,0.22875355775756612,0.164893664365094
0.31368296703912657,0.25598655588011904,0.22994971353307478,0.20038076354767964
0.3162095607075491,0.24711455685066222,0.23045473647260925,0.20622114596917954
0.32008714007172073,0.24935339971445908,0.23073063502265784,0.1998288251911623
0.2976698038451315,0.23066971687639343,0.22633487944720687,0.24532559983126825
0.3245970065990861,0.24507441462008964,0.23292404552289642,0.1974045332579278
0.301129869436787,0.23076242520680176,0.2271531956842227,0.24095450967218848
0.2804624727654101,0.2023158864677289,0.22371861142701951,0.29350302933984146
0.30204795351732094,0.21317269601036945,0.23198677689693517,0.2527925735753743
0.2548347897930975,0.17975481785862626,0.21534205959065322,0.350068332757623
0.13930572719710205,0.08660820562009465,0.14593125709682822,0.628154810085975
0.2929892032121351,0.15792450891779108,0.2481997847561044,0.3008865031139693
0.3422666611919484,0.24644992389780196,0.22775000061705558,0.18353341429319403
0.3005326834729689,0.24130518023113276,0.22772202530014538,0.23044011099575304
0.3329108350700102,0.2562868999684905,0.2327621060389834,0.1780401589225158
0.3245605464373025,0.26190403516781274,0.22987815056228725,0.1836572678325975
0.295050680455,0.23133869604346166,0.2258378162279646,0.24777280727357365
0.3305875442182455,0.2500236203306733,0.2336745071088605,0.1857143283422208
0.2770530872896824,0.21222939931118145,0.22137147010372588,0.2893460432954103
0.2695477829014249,0.18472625499505063,0.2206327883927345,0.32509317371079005
0.29550751339930803,0.20169512495737382,0.23043044120429537,0.27236692043902283
0.3030836068019166,0.21678496835326969,0.22974406608313203,0.2503873587616817
0.16136409512880362,0.11029576840931223,0.16188759385425266,0.5664525426076316
0.29623072319491084,0.16740604522787428,0.24489858309809384,0.29146464847912107
0.33575942815696047,0.24393180245180646,0.2282952129467343,0.19201355644449872
0.31964301390198496,0.2566293427387441,0.2303562691066492,0.1933713742526218
0.3358496707121609,0.26954018790142625,0.2310689329698354,0.16354120841657757
0.3365101933307623,0.27865705939339414,0.23037984317898763,0.15445290409685591
0.28877037675043155,0.23181392673325824,0.2251505277808968,0.2542651687354135
0.29619884546416647,0.21571863127148047,0.22911916174390307,0.25896336152044996
0.27135191827372257,0.19109678967206212,0.22054924187114328,0.31700205018307215
0.26065900137343007,0.173706530913753,0.21733378460801128,0.3483006831048057
0.3081760457840607,0.20818352767783135,0.23390614999537654,0.24973427654273134
0.3002536689528638,0.22219974130873946,0.22738570394385654,0.2501608857945402
0.2462523954756217,0.17739511814859316,0.20863906169935947,0.3677134246764257
0.32749072516916367,0.2220465383901066,0.2384370330469853,0.21202570339374432
0.34002039049956495,0.26934208639879625,0.22920365005618037,0.16143387304545848
0.32871688042462893,0.27247780190437904,0.23110930642936245,0.16769601124162956
0.2896328623586247,0.22988299585320715,0.22501008163130026,0.25547406015686785
0.31171764397307616,0.2294836679645035,0.2305014037254061,0.22829728433701427
