0.3178954097071276,0.19675192900289093,0.2376568020766127,0.24769585921336887
0.3267130199035388,0.19942614005000237,0.22859706850155728,0.24526377154490156
0.3143973894330472,0.19914206620824848,0.23832935785107204,0.2481311865076324
0.3167276718976277,0.2050619786881209,0.22984886014342726,0.2483614892708241
0.3329198079044454,0.19651406307726316,0.2270187353920894,0.2435473936262019
0.32546332861172467,0.19556165598773576,0.23044569594277145,0.24852931945776802
0.32606784660938704,0.1968121160083867,0.2312569002372321,0.24586313714499416
0.3167859901667638,0.19983049833758457,0.23484797581837072,0.24853553567728087
0.31484418397726943,0.19953771898746125,0.24191345106182502,0.24370464597344427
0.316099966027397,0.20575467758477764,0.2286601835226158,0.24948517286520963
0.3334389821087656,0.19400740883051304,0.23161383025036517,0.24093977881035608
0.32592461797378375,0.19708815840036156,0.22676852650036464,0.25021869712549
0.32068969321178215,0.1968771646934402,0.2366664600237262,0.24576668207105143
0.3166597660516459,0.2039628155104314,0.22919867633303667,0.25017874210488594
0.31728977371345873,0.2004083480455967,0.2369516278009283,0.24535025044001632
0.31670513586306315,0.20539151925766666,0.22749048690764737,0.2504128579716227
0.332860638574427,0.19473066229010352,0.2307769951270893,0.24163170400838027
0.31245148981704607,0.20080009745320282,0.23462938386500817,0.2521190288647429
0.31870587011057167,0.19878771712479357,0.24126501891930865,0.2412413938453262
0.31062674519326106,0.20386784366356972,0.23672777565867356,0.24877763548449572
0.3179958182612111,0.19921802353743037,0.2413565472086072,0.24142961099275126
0.3273970055102184,0.20199665530855096,0.2220676959563474,0.24853864322488334
0.33825026986006984,0.19029767984479462,0.2289707515066731,0.24248129878846242
0.3272592288848255,0.1969243390131929,0.22383651342986882,0.25197991867211283
0.3232829772465659,0.1971233347007235,0.23276458862331234,0.24682909942939832
0.32491627556366565,0.2003731582578859,0.2260452610222395,0.24866530515620902
0.32442974595013296,0.19531641806789882,0.2358873540578394,0.24436648192412885
0.31682059064309503,0.2041642317585781,0.22708216208159246,0.2519330155167344
0.3365634740960982,0.19459022987589325,0.22719023531241084,0.24165606071559761
0.3209058243322139,0.1978076062271859,0.22948547442429074,0.2518010950163096
0.3297144415043856,0.19698203093850694,0.22884130269811376,0.24446222485899372
0.3290329760848081,0.19713689199472365,0.22483782462391758,0.24899230729655075
0.3282429416717341,0.19376058747945077,0.2331979129580241,0.24479855789079108
0.3250175014430508,0.20055456875033725,0.2235284684050247,0.25089946140158736
0.3291823993833934,0.19471990966199915,0.23156857959554372,0.24452911135906374
0.32820039652200367,0.19863940937321192,0.22329616868044425,0.2498640254243402
0.3295004588895796,0.19441329401568042,0.230633351067117,0.2454528960276231
0.3234882847922044,0.1996000775924648,0.22650071341046069,0.2504109242048702
0.3190014769951345,0.20049424657547235,0.2322081146511725,0.24829616177822048
0.3206293697937029,0.2041603451959023,0.22489866101002845,0.25031162400036644
0.336587298114179,0.1943598930652789,0.22576379019701245,0.2432890186235297
0.3217927441264157,0.19781201387128464,0.22854408274634413,0.2518511592559555
0.32533784732290366,0.19571284052765578,0.23604260984729655,0.24290670230214403
0.3073113885010569,0.20421308795526058,0.23725364065523813,0.2512218828884444
0.3125027031269871,0.2022543841760826,0.24323840598518576,0.2420045067117446
0.32597919105929846,0.20418165226164817,0.22160444490285627,0.24823471177619713
0.34033615380627974,0.19129054021450176,0.22507793330129985,0.24329537267791865
0.33248748226831126,0.1946138478367318,0.22162155187150648,0.2512771180234504
0.32262755461099824,0.1967424938073764,0.2320222654177657,0.24860768616385961
0.3171505757418474,0.2037125353557592,0.22845508892767263,0.25068179997472073
0.32072671647906775,0.19993612229270727,0.2340148229844335,0.24532233824379143
0.3153914528368903,0.20500057496280766,0.2282734501999541,0.25133452200034795
0.3346335717172981,0.19566771370295957,0.2277084012799938,0.24199031329974866
0.32466545025436755,0.19600501710454882,0.22982598987048966,0.24950354277059394
0.3226051217381546,0.19574918632806013,0.23778159647255526,0.24386409546123008
0.32010714144081004,0.20187661883849672,0.2288375224952403,0.2491787172254529
0.3230014428454899,0.19766642494115724,0.23468219457872086,0.24464993763463205
0.3303110631334125,0.20020220993734417,0.22034940316500845,0.24913732376423492
0.33808235210097665,0.19175888326740684,0.22511375301364367,0.24504501161797285
0.32969746616291884,0.19591696474719306,0.22318034429069816,0.25120522479919
0.32093892846267,0.19697259060599068,0.23473962030764503,0.2473488606236943
0.3101098422442491,0.20630960662621795,0.2319382429988589,0.2516423081306741
0.31747025713197946,0.20128246377165837,0.2380706421771007,0.24317663691926145
0.31695278542666255,0.20559809466102538,0.2266343557980658,0.25081476411424625
0.3396675226340102,0.1920633258824336,0.22854706486477272,0.2397220866187835
0.31857314541382803,0.1975934196308243,0.2312408700794266,0.252592564875921
0.3183504821939296,0.19801364049025083,0.24073722430051042,0.2428986530153092
0.31722414442960056,0.20499918139336828,0.22739517286486816,0.250381501312163
0.3200272323782074,0.1979166669974972,0.23846895484834998,0.24358714577594537
0.3268492895502243,0.202680944488179,0.22054543812656427,0.24992432783503254
0.3384236355825059,0.19031491456820449,0.22903808186041114,0.24222336798887845
0.3093858640830716,0.2023778408987751,0.23274161453162617,0.2554946804865271
0.30587030124999126,0.20571523293035954,0.2432144922413714,0.24519997357827777
0.3100185634588194,0.20903825267469786,0.23263943110450794,0.24830375276197483
0.32007920640159687,0.19768778918199612,0.24188471961317565,0.2403482848032314
0.32345120364165564,0.20369875822426475,0.2222262065073389,0.2506238316267406
0.33852108866171743,0.189055399209801,0.2330706662924876,0.239352845835994
0.31377521769191913,0.20078856488798538,0.23103934143192592,0.2543968759881695
0.32163747450402985,0.19818947499338105,0.23856172874484097,0.2416113217577481
0.3204388423028986,0.2019217754830616,0.22829329328884232,0.24934608892519755
0.32785390025212663,0.19374953300083722,0.2371131615764183,0.2412834051706178
0.32248463943049493,0.20175933640719798,0.22387992650724534,0.2518760976550619
0.33553197055477735,0.19125645935371596,0.23255012833692737,0.24066144175457946
0.3160692861396375,0.20164038830042105,0.22793559882999984,0.25435472672994164
0.3234489402478894,0.19746589239593812,0.23673129280600066,0.24235387455017182
0.3235106461513767,0.20134215959530613,0.22531802754298327,0.24982916671033384
0.3154057823090229,0.19802359509262318,0.24102247121801834,0.24554815138033564
0.3197383311373041,0.20633229336821157,0.22351431599275254,0.2504150595017317
0.3360417444972006,0.19193532811688188,0.23141707547569904,0.24060585191021833
0.30939939253890425,0.2024926801026659,0.233393903403434,0.25471402395499587
0.328162602518138,0.1990477764945474,0.23143332560601307,0.24135629538130154
0.31314940046912737,0.19983674992650796,0.2374938302035648,0.2495200194007999
0.31819260089453,0.20092797248813984,0.23718511760289218,0.24369430901443806
0.32383502715662055,0.20230653858932782,0.22513907755484572,0.24871935669920597
0.33682923770198453,0.19128349201437697,0.2301924099561701,0.2416948603274684
0.33074737305261886,0.19514884657884166,0.224219741796501,0.24988403857203834
0.31424976171169994,0.198457684464084,0.23861305648929315,0.24867949733492295
0.3252599071057797,0.20317160841945422,0.22431448600307743,0.24725399847168866
0.3198265934585491,0.19943225641448167,0.23195848588759443,0.2487826642393749
0.33005346899313825,0.2001971222045863,0.22206560309611273,0.2476838057061626
0.3370766060328195,0.19242195799320738,0.22509396885342356,0.24540746712054948
0.31337393336954233,0.19884305709911754,0.23607110669185272,0.2517119028394874
0.32057530087400726,0.20067177333919603,0.23527350140581973,0.243479424380977
0.3006567691458066,0.206974576310292,0.24080445110735224,0.2515642034365491
0.3284970300367315,0.20180319411071881,0.2290183350612057,0.24068144079134415
0.3368122092763843,0.19519934242151904,0.21996206300481982,0.24802638529727689
0.3374178666839965,0.18968118167633985,0.2276423764426464,0.24525857519701733
0.3253993967126875,0.19816791217573293,0.223991170215083,0.2524415208964966
0.321631889642453,0.1990010215767287,0.23153566461789055,0.24783142416292783
0.32780710095530396,0.19991230155071676,0.22438433207766872,0.24789626541631057
0.32313007195214954,0.19838280199384145,0.22963303164662116,0.24885409440738784
0.3282430245355684,0.19982708621091577,0.22341846885366642,0.2485114203998494
0.33286329012457705,0.1937525399436255,0.2280696619118367,0.24531450801996077
0.3145117318506334,0.2001193118805044,0.23407008520004677,0.2512988710688153
0.32555852790157774,0.19949394808432777,0.23124451597597342,0.2437030080381211
0.3203761909463355,0.1993943117784094,0.23167024734624556,0.2485592499290096
0.3286412902562877,0.19826282884489857,0.2273975150320206,0.24569836586679314
0.33159774341762877,0.19680062905261675,0.2230005549001383,0.24860107262961614
0.33495194258778127,0.19299627995946222,0.22587690203969454,0.24617487541306204
0.32842849291449777,0.1972040422633012,0.22340131311237701,0.2509661517098239
0.32141463858564095,0.19803950713927235,0.23239199919771844,0.24815385507736837
0.3261826672224858,0.20026121405734304,0.22573119739747055,0.2478249213227007
0.3126656396006582,0.2030644023180428,0.23265228078969707,0.251617677291602
0.3273019167923377,0.20237301860240367,0.22391317880804534,0.2464118857972132
0.3392345613857808,0.19193164019058886,0.22473463741494662,0.2440991610086836
0.309513827485969,0.19924684225049039,0.23857655008935794,0.2526627801741827
0.3207797382916132,0.2032336859848537,0.23167313741757523,0.24431343830595786
0.32556790903224775,0.1973201857903401,0.23185765967283217,0.24525424550457986
0.3126827536356578,0.19790607735819368,0.2436265956298612,0.2457845733762873
0.326465022501245,0.20373954160696775,0.22234259516566215,0.24745284072612517
0.33783198163958145,0.18773848988753203,0.23457271189638343,0.2398568165765032
0.3075815971822599,0.20020685683218056,0.23959841395763903,0.25261313202792046
0.3004475429193088,0.20858577519478844,0.244169556189396,0.2467971256965068
0.29800038131842244,0.21109064640127972,0.2432402806252458,0.24766869165505204
0.2981941613444192,0.21372284197946023,0.23929507788567447,0.24878791879044612
0.3046078265803723,0.21328311432568853,0.2322269728615928,0.24988208623234648
0.3288333980313825,0.19677886348500553,0.2349747011706644,0.23941303731294755
0.2896192736000524,0.20531087526956446,0.25257373945848366,0.2524961116718995
0.23407993468908364,0.228441810104399,0.28953513383485957,0.24794312137165783
0.2634605860480123,0.23487450808617594,0.2644352836269888,0.23722962223882302
0.28222622276685927,0.2065500846734593,0.2796290321230205,0.23159466043666094
0.32118510273505074,0.20824615132072954,0.22827698471472183,0.2422917612294978
0.34071388310244716,0.18421520051021142,0.23846972866166394,0.23660118772567748
0.3065027582578097,0.19608404926576356,0.247193529343419,0.25021966313300764
0.3177335279184168,0.20119079473131848,0.24000842004639056,0.2410672573038742
0.3124020304515212,0.20039523406743426,0.24037321722111385,0.2468295182599307
0.31926451854268667,0.19974139335265964,0.23804018919627376,0.2429538989083799
0.32814893434200754,0.20024129270558846,0.2237469023514674,0.24786287060093656
0.33221262459881484,0.18969313509946747,0.2365831555548802,0.24151108474683744
0.3126088414743657,0.2016168717414891,0.23373663200187786,0.2520376547822674
0.322482436377377,0.1970578412376451,0.24004685725361588,0.24041286513136198
0.3135530004732382,0.1995253191382989,0.24050869761545107,0.24641298277301177
0.3095291049689998,0.20292515598056482,0.24241544246402702,0.24513029658640836
0.33184893182322583,0.20076769371781178,0.22307805106862202,0.24430532339034025
0.33615273182438365,0.18725210606327833,0.2353703360779577,0.24122482603438028
0.32185585749399714,0.19997957511378145,0.2250129574128347,0.2531516099793867
0.3295534162870582,0.19630425149344535,0.2295712257818858,0.2445711064376108
0.3207220668371385,0.1998294322038024,0.2287372711177931,0.250711229841266
0.3258647830693569,0.1991101751128263,0.22858524096223537,0.24643980085558131
0.3209531701545262,0.20107688703185786,0.22746384374783188,0.2505060990657841
0.33401805063758616,0.19237449011309857,0.23300280879195306,0.24060465045736215
0.3084068848878841,0.20070052123357637,0.2392368744068592,0.2516557194716803
0.3136585090539185,0.20131522168378244,0.24376138871561884,0.24126488054668013
0.32099231418996205,0.20322146676425243,0.22864567206827166,0.24714054697751384
0.3283097996918651,0.19656252133918534,0.2301448032889956,0.24498287567995403
0.33391427583774913,0.19680785542420212,0.22067136601055348,0.24860650272749515
0.3342673067593785,0.19232388841070314,0.22682387239687285,0.2465849324330455
0.3238357922313238,0.19755875219182503,0.2282725914356335,0.25033286414121775
0.30894844094479684,0.20204656173816726,0.24053007927525244,0.24847491804178337
0.30529886902847325,0.20892384734966746,0.237351439697981,0.2484258439238783
0.31378101160705574,0.20691075714347984,0.23272479218569866,0.2465834390637659
0.32561199772093424,0.20150729250121197,0.22626692972309284,0.24661378005476084
0.33858606098636174,0.1922378571460825,0.22561056672681476,0.24356551514074098
0.31977959554335744,0.1935108060738453,0.23900751241174167,0.24770208597105556
0.3028720921427016,0.20405321463063622,0.24584498253946407,0.24722971068719804
0.3072523068557279,0.2094457272473912,0.2366881852153258,0.24661378068155507
0.31251200067056734,0.20315013747167696,0.24011077442645226,0.2442270874313035
0.3362600176353032,0.1998745571282367,0.2185950596688961,0.24527036556756404
0.3390530141139292,0.18752385302294705,0.22971677143226676,0.24370636143085697
0.3113080456078118,0.2013527811441422,0.2327629975031834,0.2545761757448627
0.30155859452268297,0.20770440817970626,0.2431987064020003,0.24753829089561039
0.3021778448471634,0.21240366481679523,0.23651605790455094,0.24890243243149038
0.32783504289954474,0.20033854567532777,0.23114653662086634,0.24067987480426112
0.32132293386050975,0.20065614280123653,0.2265031980953977,0.251517725242856
0.33551203485838854,0.19025090804852465,0.23546114158927556,0.2387759155038113
0.2962798849474466,0.20491232552791347,0.24367304583386903,0.255134743690771
0.30687023794272994,0.20502104179096572,0.2492434692760228,0.2388652509902815
0.3145570289850096,0.2067013388323417,0.23131544709035437,0.24742618509229436
0.32747993629806166,0.1946355445347369,0.23732372930319262,0.24056078986400894
0.33011736546690085,0.1983415984042074,0.2221784000619861,0.24936263606690554
0.33074458449256156,0.19090114138571943,0.23515577914452665,0.24319849497719248
0.3133400793874209,0.2026495075585949,0.2314238615429798,0.2525865515110045
0.3072595042960381,0.20443419907901575,0.24192334587656147,0.24638295074838473
0.31863601462432656,0.20503577238904622,0.23029316191605168,0.2460350510705756
0.3222679447134893,0.19844392530381189,0.2340836959124083,0.24520443407029058
0.31543171286927313,0.20353456041164725,0.23044991282982302,0.2505838138892566
0.3316967599047317,0.1941092226285668,0.23415036519067084,0.24004365227603078
0.30836618249590525,0.19948114887003388,0.24241655561396272,0.2497361130200982
0.31259354628547253,0.20157673607360077,0.24443538726504332,0.24139433037588345
0.31681166496311236,0.2031797475491821,0.23352667321634946,0.24648191427135602
0.321407956746273,0.19600767601413938,0.2406936013165979,0.24189076592298983
0.32735160587692136,0.20008912406959592,0.22438534896421095,0.24817392108927175
0.33386144891071834,0.19070614908642647,0.23296880920062707,0.2424635928022281
0.3112871219375473,0.2016574216065343,0.23413915754449044,0.2529162989114281
0.3111663752856957,0.20452075571315514,0.2384271747109967,0.24588569429015245
0.3168114249573352,0.20395007507977822,0.23242473541214498,0.24681376455074158
0.31351201770397447,0.20330125175136668,0.2351206532210063,0.24806607732365255
0.319160002466319,0.20445786168912178,0.22814554542351398,0.24823659042104518
0.33252678706909783,0.19298362550780568,0.23349902926532515,0.24099055815777143
0.30150791151035883,0.2014753810351985,0.2460485329127791,0.2509681745416636
0.3051447619849487,0.2055164761239842,0.24802708010081123,0.2413116817902558
0.3182482961531711,0.2012423400482662,0.23879134812315192,0.24171801567541074
0.31047496177807576,0.1965308579589519,0.25113354077171635,0.24186063949125597
0.32946206060451094,0.2028845305089622,0.2215796612772028,0.246073747609324
0.3388204928380034,0.1868515075278429,0.23372165332999775,0.2406063463041559
0.31224547271285624,0.20154320651675925,0.23121051645703142,0.2550008043133531
0.32052849116648413,0.2019932476269441,0.23255899500494698,0.24491926620162474
0.3195755388004258,0.2011813566086362,0.2306464285153757,0.2485966760755623
0.31927023304403224,0.19994116932813857,0.23463113701340568,0.24615746061442356
0.30934582126394866,0.20798024608323482,0.22969598564784902,0.2529779470049675
0.33104400041244253,0.19427424059843482,0.23698791053851934,0.2376938484506032
0.2985271736740104,0.20592061663564967,0.2407815631830279,0.25477064650731196
0.31302332774494096,0.20156867072912946,0.24794776465691548,0.23746023686901405
0.3210456259043459,0.1987280899646566,0.23736021721133677,0.24286606691966073
0.3179844975067611,0.18987573032436683,0.2554751057323375,0.2366646664365346
0.31716450016601594,0.20548959421307236,0.22707608638961752,0.2502698192312941
0.33516397150293337,0.1932398686077698,0.23032817833738817,0.24126798155190868
0.3269844155203726,0.19733236683062064,0.22422260325124987,0.25146061439775697
0.32898619152385356,0.19698099301161495,0.22652385253525395,0.24750896292927757
0.3280108455041036,0.19736644224176478,0.22582730025453449,0.24879541199959715
0.30214016987318115,0.20260781168072406,0.245001012083273,0.2502510063628217
0.29060574579068166,0.21858652370652246,0.23828080742583152,0.2525269230769644
0.32117018684394777,0.19925820112156833,0.24541825120938002,0.2341533608251038
0.3161099445927385,0.19930850011454404,0.23835041348724842,0.2462311418054691
0.3219143429202687,0.19462477744730727,0.24404457686392284,0.23941630276850112
0.31285991974039645,0.2038234448577279,0.23292562553840104,0.2503910098634746
0.32799216184871005,0.19543245724299027,0.236524386582436,0.24005099432586363
0.3304968737143251,0.19759022717843955,0.22270492486279841,0.24920797424443683
