0.2903206939742046,0.21830063597556817,0.24795625713031455,0.24342241291991262
0.288697333823564,0.21780757135302986,0.25012657704949615,0.2433685177739101
0.28897274079809115,0.21760634454687944,0.24995339380416443,0.24346752085086493
0.28995760987844843,0.21681105957134345,0.24937356891243845,0.2438577616377695
0.28792436779739516,0.21682301416414484,0.25092162966513787,0.244330988373322
0.2851214697344539,0.21736733379473996,0.25305708532386406,0.24445411114694215
0.2884555171777981,0.21595668702766999,0.25080611628431165,0.24478167951022023
0.290493564957278,0.2187944943961173,0.2477880016475468,0.24292393899905793
0.29117124500451885,0.21848947910995656,0.24781070114602632,0.24252857473949832
0.2913858870767788,0.21635987914316185,0.24864658656517596,0.2436076472148834
0.28458478350201283,0.21917018627615906,0.25256453897313114,0.24368049124869717
0.286799483027487,0.21577667110479762,0.2527521744884299,0.24467167137928533
0.29202541637708884,0.21869961136212135,0.2463721110405998,0.24290286122018995
0.2935047032930145,0.21992069636788295,0.24516185202997817,0.24141274830912438
0.2934886030314062,0.22045527602189552,0.24538517532904955,0.24067094561764865
0.29344172308926847,0.21792726771183,0.24662094983423707,0.24201005936466444
0.28841978852674355,0.21951121835626689,0.24981552524372774,0.24225346787326188
0.28790857853115726,0.2166103497551778,0.2516616256259982,0.2438194460876667
0.29011838703793197,0.21724481395584688,0.2489127410601185,0.24372405794610277
0.28928904716111203,0.2163572602279053,0.25007968049025103,0.24427401212073166
0.28473004882811764,0.2164311036770167,0.2534452823804418,0.24539356511442378
0.28349873881619936,0.212140301938673,0.25624924834685653,0.2481117108982711
0.27894115313881573,0.21660928100702778,0.2569985059227431,0.24745105993141342
0.284624205001657,0.21372519156500033,0.25461870314777907,0.2470319002855636
0.29045743837734417,0.21847377549061703,0.24734207953500886,0.2437267065970299
0.2922182227695678,0.21944396611657663,0.24630231348501888,0.24203549762883675
0.2936629281103179,0.21968674364524268,0.24532484988547743,0.241325478358962
0.2926121386039524,0.2178029662638557,0.2472959654532862,0.24228892967890567
0.2866447866187702,0.21968338351016933,0.25117565087651716,0.24249617899454332
0.28882476308749616,0.21645451555518036,0.2508520273783438,0.2438686939789797
0.2922853680541585,0.2182629867984324,0.24659327049830912,0.2428583746491
0.2904922884136073,0.2189315407881088,0.24824808360818643,0.24232808719009746
0.28983888924937506,0.22041582138860258,0.2485539542620262,0.24119133509999618
0.29531251075434156,0.21756278763465056,0.24439678819430527,0.2427279134167025
0.292645346837211,0.22360837741429246,0.24481119328251955,0.23893508246597692
0.2934479978831821,0.2194880227743997,0.24627576225510667,0.2407882170873115
0.2972214230419375,0.2221144527152818,0.24135906603779422,0.23930505820498643
0.29801027664225416,0.22279147617531275,0.24076226122398967,0.2384359859584434
0.2987379428758295,0.22294382968208637,0.24027260327268898,0.23804562416939506
0.29818415895933376,0.22194149005421468,0.24137007416399034,0.2385042768224612
0.29517168506500513,0.2221038920933331,0.24403869581629187,0.23868572702536997
0.2944316454300296,0.21999193900855427,0.24530009926586496,0.24027631629555127
0.29431199502998523,0.2214624872607084,0.24452767129182623,0.23969784641748007
0.2957018498407541,0.22025329343816386,0.24367113414242692,0.2403737225786551
0.2952726406721254,0.22046020176029116,0.24409980445987264,0.24016735310771073
0.2913253253524248,0.216195306778314,0.24940022830152794,0.2430791395677333
0.28128490195035827,0.22003848386343172,0.2549004510279027,0.24377616315830725
0.2875469298211027,0.21578594523482955,0.2520434155053515,0.2446237094387162
0.2970386588835788,0.22160143541811014,0.2404726889519831,0.240887216746328
0.2997902889482575,0.22336081385511158,0.23838492181547588,0.23846397538115513
0.29950261169198655,0.22371386933121945,0.239477993939368,0.23730552503742589
0.2972337939355556,0.22012641225839907,0.2432973030878815,0.2393424907181637
0.2900516277514053,0.22085781267786145,0.2485668746234987,0.24052368494723447
0.289152543142094,0.21748045885846742,0.2506634759190259,0.24270352208041265
0.2923036535023443,0.2186467950254713,0.24664957845734545,0.24239997301483904
0.29281366588933383,0.21840574134026394,0.24653619248309983,0.24224440028730235
0.28940126728334237,0.22007306628616694,0.24887911657592937,0.24164654985456122
0.29071307747162844,0.21616433409969868,0.24946022210295785,0.24366236632571497
0.28884459491151604,0.22049776332080553,0.24882645442153575,0.2418311873461427
0.29180253698089564,0.21942958751052938,0.2471045596874871,0.24166331582108772
0.29863433956250873,0.22237273674752137,0.23928704804833076,0.23970587564163914
0.30116675676211363,0.22387227637367466,0.2372787395457336,0.23768222731847796
0.29913991912819227,0.22283330151047206,0.24045896323464594,0.23756781612668956
0.2941660260840055,0.21916204728685662,0.24636428808208727,0.24030763854705056
0.2867974896037129,0.2198912203868025,0.251444705128986,0.24186658488049875
0.2895332174919775,0.21696600691763654,0.25012013378855147,0.24338064180183455
0.29435843034436476,0.2201339461600616,0.2440414963210132,0.24146612717456034
0.2951696085345242,0.2199454492453914,0.24403516991335616,0.24084977230672844
0.29249043870052965,0.22174740315098046,0.24599595153126588,0.23976620661722398
0.2935683080248758,0.21665847999509222,0.24718679492410003,0.24258641705593198
0.2881654436436877,0.22281836661373408,0.2487717181642887,0.24024447157828965
0.2925186536708396,0.21874379178156025,0.24688148078623917,0.24185607376136098
0.2996711987813779,0.22155552748806492,0.23884660692038173,0.23992666681017535
0.2964920870732178,0.22148193195452492,0.2429466491351853,0.23907933183707197
0.29012709629331834,0.21894247487131666,0.249401924462049,0.2415285043733159
0.28710069684161915,0.21361050518627253,0.25357106869138396,0.24571772928072425
0.27955377330509307,0.21817570244023393,0.2563406961231914,0.24592982813148162
0.28551233979298274,0.21351874814481528,0.2543080521076622,0.24666085995453985
0.2907214104430971,0.21734699839618507,0.24768058966535036,0.24425100149536752
0.2877059723149451,0.21753657960684075,0.2507912264977512,0.24396622158046297
0.28655176039798563,0.21741346444130077,0.25201098847059383,0.2440237866901197
0.28948599369259953,0.214456475507282,0.2506586221589937,0.24539890864112474
0.2847954451493741,0.22066626521357807,0.2515851442126124,0.24295314542443533
0.2896784179776776,0.21642412260105645,0.24991127104258834,0.24398618837867755
0.2950558975620739,0.22066783495339612,0.24319063062824633,0.24108563685628367
0.29439087946309167,0.22011791316279528,0.2448075783278614,0.2406836290462517
0.29253990410366215,0.2210340648476122,0.24622673122438116,0.24019929982434443
0.2934917427330906,0.21734878911788602,0.24683935542746882,0.24232011272155457
0.28929107719994035,0.2211481806665307,0.24846607435207185,0.24109466778145697
0.2905265922018523,0.21663648110806205,0.2495893313411307,0.24324759534895496
0.2912543574319297,0.21874763579680473,0.24751198281550726,0.2424860239557584
0.28900754515826393,0.2181809146821585,0.24992988110672365,0.2428816590528538
0.28965916731892855,0.21712301568934472,0.2496539213315198,0.24356389566020686
0.2891061518324718,0.21399992621886632,0.2513465087245865,0.24554741322407536
0.27868968583584774,0.22005567108943017,0.25620045922785106,0.24505418384687103
0.28610032481874786,0.21360620134590472,0.25400166748742337,0.24629180634792397
0.29309780278376385,0.22019991140531592,0.244605290218285,0.24209699559263526
0.29362786295576343,0.22012428876598972,0.24517756872373453,0.24107027955451235
0.294592924202992,0.220484038101068,0.24443305109206442,0.24048998660387572
0.29365197243331764,0.21922407948303765,0.2459601284487858,0.24116381963485894
0.29039264018943556,0.2199221790718395,0.24834398079526843,0.24134119994345649
0.2913378602161709,0.21992993614810816,0.24755048090169265,0.24118172273402821
0.2966919097779319,0.2192392652424145,0.24247574788307427,0.24159307709657937
0.2946391628871977,0.22056278665075674,0.24452007591232025,0.2402779745497253
0.2879671874361065,0.2177233847204941,0.25136877352039777,0.2429406543230016
0.2853834565308464,0.21439041704129927,0.2542731187534816,0.2459530076743727
0.2829599434599496,0.21899695092390187,0.25406043353615543,0.24398267207999302
0.29192753115775766,0.21704107637867945,0.24673164942803535,0.24429974303552746
0.298259828289973,0.22401081429674533,0.23913976444680243,0.23858959296647922
0.2995082040222095,0.22276464230507292,0.23933533209666108,0.23839182157605643
0.2991277751593323,0.22288394089663388,0.2402406530970007,0.23774763084703304
0.2950278712569409,0.22183517973179243,0.24445695487123315,0.23867999414003363
0.29403999509625245,0.22140639837806683,0.24518321818581357,0.23937038833986712
0.2971781748009716,0.22049175384920208,0.2420944489915261,0.24023562235830015
0.2964889349360747,0.2210446394429465,0.24291909754074673,0.2395473280802321
0.2912795416534016,0.22063987950061378,0.2477215280301465,0.24035905081583822
0.29140558252679905,0.218550116007886,0.24818460954148255,0.2418596919238324
0.29320102158335715,0.21780765503624067,0.24649899358288593,0.2424923297975163
0.2892661313326456,0.22198078757987327,0.24833502726169912,0.24041805382578182
0.2941292556226834,0.21963443756095072,0.2448491687321065,0.24138713808425935
0.30055837184150824,0.22406237226106737,0.23721439221788912,0.23816486367953527
0.3018460317929257,0.22391889722186412,0.23692779872882974,0.2373072722563804
0.2992425288150769,0.22368804226593836,0.2401947539439721,0.23687467497501255
0.2953241826746926,0.2213372796130169,0.24455984473609166,0.23877869297619883
0.29372997473697693,0.22057773299116182,0.2457295195914619,0.2399627726803993
0.2943875692514725,0.22011421282193186,0.24493402356670618,0.24056419435988946
0.29467879463329083,0.21996404495661181,0.24467582656608045,0.24068133384401688
0.2925674889977504,0.22104972560270286,0.24619175873661023,0.24019102666293646
0.2936878159075779,0.21875320843953389,0.24602583869711386,0.24153313695577425
0.292709763062724,0.2168681892933187,0.24762813348483648,0.24279391415912085
0.28303972836309405,0.22303108902324625,0.25307873446428797,0.24085044814937162
0.2932351143273283,0.21865870783498007,0.2451940816308519,0.2429120962068397
0.3048524388671285,0.2235444100560843,0.23275283692600618,0.2388503141507811
0.2993082921092854,0.22702662353883055,0.23888368576658434,0.23478139858529978
0.2979963888905728,0.2222627757937743,0.24197945404537502,0.23776138127027796
0.29916859116565353,0.22009748017971892,0.24133739386274905,0.23939653479187853
0.2905777278661583,0.2227556947226956,0.2474222213124523,0.23924435609869366
0.2906831004169839,0.21715061770233032,0.24973799198947358,0.24242828989121215
0.29255900836116,0.21757442139557132,0.24705268353187204,0.24281388671139673
0.28719822087213087,0.21384760344773862,0.2529387215286786,0.24601545415145198
0.27566370111916905,0.20928084387433427,0.2610279348749946,0.25402752013150215
0.2641320117555067,0.2037042871356976,0.2676285284420442,0.2645351726667514
0.25302792408931685,0.20706951516907318,0.2722189755931531,0.26768358514845686
0.2627905182578827,0.20411425282256435,0.2726670491060011,0.26042817981355176
0.2764297224970493,0.20625472075482276,0.2610467407971991,0.2562688159509289
0.27445134904768337,0.21205330613786222,0.25954983594540504,0.2539455088690493
0.2733601966328901,0.2099558635297222,0.26310717888567275,0.25357676095171494
0.27671651187289464,0.20808060492989225,0.2612728867444073,0.25392999645280584
0.2730732590672247,0.21448116122874952,0.2608232116759736,0.25162236802805216
0.2807265931090058,0.20975208615646018,0.258819610273825,0.250701710460709
0.2828469686296559,0.2149209732340794,0.2539473863642545,0.24828467177201008
0.28107859023034065,0.21381653283169993,0.25687451129017036,0.24823036564778905
0.2827538501394318,0.21193096379249718,0.25624282834197043,0.24907235772610067
0.27954423295106223,0.21233444457028847,0.2577148744231832,0.25040644805546597
0.2755146934197815,0.21447916959927682,0.2603888632204972,0.24961727376044446
0.28347352290057004,0.21240781268534895,0.25556686400497935,0.2485518004091017
0.288656166288045,0.2179436069234698,0.24877241151800789,0.24462781527047728
0.2902834676029101,0.21906454263846287,0.24801506614835747,0.24263692361026953
0.29369448879581156,0.2180315589960403,0.24571783974974112,0.24255611245840714
0.2907310978063944,0.21936141209587207,0.24791547023652158,0.24199201986121194
0.28763035244793145,0.21941372604770412,0.2509240628418806,0.24203185866248375
0.292768968162556,0.21629612308798143,0.24717855026318952,0.2437563584862731
0.2908774713704815,0.22012117318508365,0.2472146440083717,0.24178671143606326
0.28764482991869733,0.2160160534996768,0.2521812961873626,0.2441578203942632
0.28583650533317173,0.2170738254167379,0.2524830274805476,0.2446066417695429
0.28725538087041796,0.21456248947944212,0.2524031715094176,0.24577895814072234
0.28586562903855556,0.2200577310718914,0.2511343171813537,0.24294232270819935
0.29275286597081834,0.21939317005761605,0.24560797852696906,0.24224598544459663
0.3014320172421625,0.222843617077836,0.23619517242656055,0.23952919325344096
0.30028798512421373,0.22353810519147277,0.23886948251884038,0.23730442716547318
0.29393161935716894,0.22042969929956607,0.24611447998702293,0.2395242013562421
0.2885181586264186,0.21734148333291795,0.2512459033869369,0.24289445465372658
0.2860078530888365,0.21671541275496656,0.2528699105084813,0.24440682364771557
0.2879251049302579,0.2166995455802301,0.25097753692387303,0.24439781256563897
0.2908458335920594,0.21854295713000113,0.24764546165411278,0.24296574762382675
0.2926333346264917,0.2182615059780931,0.246569826569846,0.24253533282556936
0.29026437658203436,0.21742821192517103,0.24910725882854978,0.24320015266424475
0.28466463517951374,0.2142203952760871,0.25458541870012213,0.2465295508442771
0.27829024594749396,0.2180221117898737,0.25785604552804015,0.245831596734592
0.2888895896634839,0.21699600836204078,0.24946346485260534,0.24465093712186997
0.30123332429564265,0.22079300188231996,0.23626954825320656,0.24170412556883084
0.29684659069756003,0.2236576999469051,0.2416606140806432,0.23783509527489155
0.28982228689567985,0.21787065327986974,0.2504875600222987,0.24181949980215164
0.28609785631202367,0.21573459419202587,0.25327889302462825,0.2448886564713221
0.28418299113164086,0.21731855490624502,0.2538189041971483,0.24467954976496584
0.28969056606401034,0.21490457487754697,0.2499917688595952,0.24541309019884744
0.28910949844375,0.21863296509113456,0.24883640642595764,0.24342113003915777
0.28633425460996814,0.21441146627555807,0.25349783615249283,0.24575644296198088
0.2818987876589127,0.21600243707312794,0.2554124311959093,0.2466863440720502
0.2830960973893382,0.2115101161428407,0.25676059218319847,0.24863319428462263
0.2804751279101192,0.2183930902779483,0.25527143129066315,0.2458603505212694
0.28844287530181023,0.21587625688901063,0.2504474445496407,0.24523342325953848
0.2960964319056934,0.21949888876058454,0.2423518913834943,0.24205278795022767
0.2920761902945026,0.2195489971910573,0.2469204837468375,0.24145432876760262
0.28684429800182476,0.21747798261864654,0.2521586485392109,0.24351907084031774
0.2864117956610695,0.21513652347680448,0.2530857625640943,0.2453659182980317
0.2860553302791797,0.21627534032333248,0.25235177661384334,0.24531755278364442
0.28645359685861255,0.21507294667813245,0.2526435225414106,0.24582993392184446
0.2853161455891726,0.21550796208043532,0.2531045552223856,0.24607133710800652
0.28376406912258134,0.21426955782811025,0.2548946153191551,0.24707175773015333
0.28259410324804884,0.21473323520749357,0.2553910131022658,0.24728164844219166
0.28383190513587137,0.21198754079366258,0.2556326080616752,0.2485479460087908
0.27941690758828425,0.21789582061351018,0.2561568131645372,0.24653045863366835
0.2867701134561772,0.215680548743822,0.2521043765508861,0.24544496124911477
0.2959092244878722,0.21902073173235914,0.24235828324027336,0.24271176053949525
0.2935492185972131,0.22067786647645882,0.24510278800232876,0.2406701269239994
0.2891544229580664,0.21848120707408578,0.25011385622185156,0.24225051374599627
0.28858180997600086,0.21561746648376875,0.25134326957903036,0.24445745396119994
0.28568859325061857,0.21755256410706808,0.2522792117855412,0.24447963085677224
0.2868240077102975,0.21434563671013326,0.2529369957915107,0.2458933597880586
0.2854635752179674,0.21507277075318465,0.25302462889670435,0.2464390251321436
0.2811933615785211,0.2140237960946036,0.25674123592160375,0.24804160640527165
0.28060599098437033,0.21166841636412517,0.2580366811143566,0.24968891153714773
0.2789748330393622,0.21003892574378788,0.2590956733450667,0.25189056787178304
0.2721714385011387,0.21562290024924896,0.26170033056860803,0.25050533068100433
0.28280881422958426,0.2132586027511787,0.25591983364164367,0.24801274937759346
0.2945715758965728,0.21758570363301807,0.24346085147186808,0.24438186899854097
0.29177024358914083,0.22216360625934525,0.2456675396654592,0.24039861048605463
0.2917693206170317,0.2185901095598566,0.24791285552533734,0.2417277142977745
0.2931254742074126,0.2175011648369827,0.24680204853752463,0.24257131241808008
0.2871267479668399,0.2200717064641071,0.25055443259188676,0.2422471129771662
0.2886525346171064,0.21383392838551757,0.2522197548164292,0.24529378218094697
0.28486833097504105,0.21613144799252007,0.2529296761527422,0.2460705448796966
0.27990447807934454,0.21289018045197677,0.25841798668639115,0.24878735478228767
0.2795045285767549,0.2127630861517864,0.2582911043390885,0.24944128093237036
0.2817575791523131,0.20974680309463337,0.25771326177827575,0.25078235597477766
0.27476422934146466,0.21662747317518646,0.25907471705360385,0.24953358042974508
0.2818471550786591,0.21288946297863576,0.25726836321510044,0.24799501872760474
0.2914621452591914,0.2174321196999047,0.24643684160101026,0.24466889343989365
0.2925322936389586,0.22118680454660566,0.24523639852689444,0.24104450328754126
0.29507074658981025,0.22138563041115117,0.24351766679650852,0.2400259562025301
0.2984337938697157,0.21943668507909067,0.24149257844993838,0.24063694260125526
0.2910353880172031,0.22029124015198845,0.24767046075426893,0.24100291107653948
0.28420439807483494,0.21408833830149748,0.2557332632846996,0.245974000338968
0.28011136713318235,0.21248543451478544,0.2580806470963611,0.24932255125567118
0.2775979179281021,0.21257571251243318,0.2595887355314198,0.25023763402804483
0.28046672622575747,0.21221668515279674,0.2577170923349094,0.2495994962865364
0.2832602261693737,0.21226624149385576,0.25531047875707047,0.24916305357970014
0.2796990802923238,0.21760978556903424,0.25607366669240567,0.24661746744623625
0.2872895824858677,0.21598139767616947,0.25142410235219836,0.2453049174857644
0.29630401537051687,0.22050961767686672,0.2414130332100639,0.2417733337425526
0.2968312799152451,0.2198755530215024,0.24274511398941745,0.24054805307383492
0.28910108420683706,0.22016407003630226,0.24928247380705498,0.24145237194980573
0.28643344786739044,0.2158386518050089,0.2534096524920045,0.2443182478355962
0.2876524319008717,0.21761272928618805,0.25082204519701845,0.24391279361592172
0.2906764306980606,0.2141502775711767,0.24985634778438798,0.2453169439463747
