0.30633102996022316,0.22608420989747002,0.23076092570250514,0.23682383443980168
0.30594624232094053,0.22881245169637085,0.22903952965240637,0.23620177633028214
0.30509280424321417,0.2283029794560819,0.22882245942395318,0.23778175687675068
0.30225934218780287,0.22699645459187712,0.2326961804175417,0.23804802280277823
0.303391006243168,0.22879992133450155,0.2311354398424471,0.2366736325798834
0.3024540205693957,0.23068573984560997,0.23094572552749287,0.23591451405750136
0.30279060924114964,0.22904542445199116,0.23093936684187683,0.23722459946498237
0.30957038987689767,0.22723205670956126,0.22633164082508267,0.2368659125884584
0.30458052695436405,0.22601527046836972,0.231821077860781,0.23758312471648516
0.3026470966723601,0.22658398728820986,0.23327797803006659,0.23749093800936344
0.3044680291597314,0.23034954665814403,0.2308049288032973,0.2343774953788272
0.30222038763419345,0.2307232162008515,0.23068367052689076,0.23637272563806427
0.3073025985059153,0.225607014977352,0.2307797582603754,0.2363106282563574
0.311467672086112,0.2258658035389441,0.2273158596943661,0.23535066468057786
0.30870016609617273,0.22479993676562895,0.23015170056410508,0.23634819657409323
0.30573812842847004,0.22559102166301948,0.2317000709054432,0.23697077900306726
0.30694440705305776,0.2281985490531007,0.22950498235341807,0.23535206154042349
0.30445460770309773,0.23012042069714836,0.2279070902287083,0.23751788137104565
0.30413052858250433,0.22678820403761227,0.22986723595825598,0.2392140314216273
0.30459972457847945,0.2277520847983684,0.2276003694137348,0.24004782120941737
0.2978569839929283,0.22936542013130126,0.23418120937922987,0.23859638649654044
0.29555813028228684,0.23218126234989464,0.23354491132563676,0.23871569604218168
0.29921266644475286,0.23349105145397636,0.23144787761933006,0.23584840448194072
0.29909146251291235,0.23168199290183916,0.23169903645316628,0.23752750813208215
0.30743494425628043,0.22630749532593816,0.22993084885582815,0.23632671156195323
0.310534737093579,0.22673086076944998,0.2268741998159988,0.23586020232097218
0.30683835174672186,0.22427216960512558,0.2319042005719298,0.23698527807622272
0.3054024160191239,0.22611750926173207,0.2321319513779177,0.23634812334122643
0.30688726227878044,0.22961637643292107,0.22889503680782441,0.23460132448047397
0.3034592970109859,0.22913469961925756,0.23016632770030054,0.23723967566945597
0.3040540380630035,0.22478809512392753,0.23454866879629524,0.2366091980167737
0.3098657950030854,0.22837532333331653,0.2277022495364695,0.23405663212712846
0.3066309020264182,0.2270072205728183,0.23128702944459495,0.2350748479561685
0.30635915512678563,0.22453518232474384,0.23275779497313587,0.23634786757533474
0.3128507150560582,0.22425189514622001,0.2302432396906562,0.2326541501070656
0.3085953150518501,0.22642070394517122,0.23100749900275835,0.23397648200022028
0.31319022357110204,0.22252831719202829,0.23030783044194025,0.23397362879492928
0.3152641004836987,0.22302947965484612,0.22856006807203197,0.23314635178942328
0.31392710746193847,0.22187644502527482,0.2301655079741378,0.23403093953864892
0.31291518607585134,0.22280838149400442,0.23014521420457223,0.2341312182255721
0.31073277562957136,0.22419032420209986,0.23131577704836973,0.23376112311995895
0.30966917054449883,0.22583158264127426,0.2301308804327178,0.23436836638150912
0.31220754348089197,0.22510134883309257,0.2281809449486052,0.23451016273741035
0.31304612249767805,0.22501499328404787,0.22494636827879555,0.2369925159394787
0.30608618922202496,0.2224846717696819,0.23413227807106818,0.23729686093722502
0.3013719026675492,0.22720861903421005,0.23520081775098312,0.2362186605472577
0.3032654109764409,0.23225738355904557,0.2316686716522738,0.23280853381223968
0.30335856062430233,0.23040408789272235,0.23056265193552317,0.2356746995474522
0.31385061035749434,0.22176228057078304,0.22961668472873648,0.23477042434298617
0.31849023763355616,0.22183339409396677,0.2262521676625584,0.23342420060991861
0.3145567300308021,0.220780501963905,0.2297710658401749,0.23489170216511804
0.30892357523777353,0.22337672936943206,0.2321270040928723,0.2355726912999222
0.30833755245157257,0.2274165949770874,0.2302307549227802,0.23401509764855977
0.30583303547802393,0.22970748095824092,0.22846689318343238,0.2359925903803028
0.3058973180898974,0.22534843331405818,0.23169288367410895,0.23706136492193547
0.30861048146544795,0.22628198172663083,0.22885732518842938,0.23625021161949178
0.3054024800861796,0.2269816249193814,0.2322310814676075,0.23538481352683155
0.3016147324416383,0.2275283595096112,0.23466686814723153,0.2361900399015189
0.3074596456101916,0.22756074178874117,0.23155583196995588,0.23342378063111147
0.3091622414202872,0.2275238665809232,0.22945101939239954,0.23386287260639
0.3157835373391144,0.22183597883750622,0.2279722058330661,0.23440827799031325
0.3188559821829244,0.2204831984096779,0.226178477377803,0.23448234202959478
0.31179712149902367,0.2209197761668299,0.23195396842916288,0.2353291339049835
0.30657584968281903,0.22551836254010874,0.2327178564488503,0.23518793132822197
0.30576305437311146,0.22976107382439936,0.23070431381121748,0.2337715579912718
0.30556572074571914,0.2293720762626272,0.22898869766991223,0.2360735053217414
0.30869992538934576,0.22358357458137867,0.23169232374394752,0.23602417628532807
0.3127553590210417,0.22531559070641424,0.22684437107820576,0.2350846791943384
0.30726938122243813,0.22449209570670034,0.2332662310851956,0.23497229198566602
0.3034133281155897,0.22621087056130074,0.23459459939428787,0.23578120192882174
0.3124280206724011,0.22786055777925263,0.22756622879346516,0.23214519275488096
0.30983834759105955,0.22752055544052532,0.22696795078881968,0.2356731461795954
0.313958047425093,0.22002138530219056,0.2289185156607126,0.23710205161200387
0.3142784062449915,0.22323760844283957,0.22560101215848202,0.23688297315368692
0.30199348008759574,0.22644783784029415,0.23426243045225997,0.23729625161985018
0.29873689150972627,0.23031659248853556,0.2328731892264596,0.23807332677527854
0.3028747117806812,0.23338917290000585,0.22828125839916902,0.23545485692014398
0.2993646385219916,0.23118935190865145,0.2300612156056173,0.23938479396373957
0.30410989077145145,0.22520173619238268,0.23242356210006665,0.23826481093609927
0.3071169491219023,0.22958070874984524,0.22700351702210558,0.23629882510614686
0.3001533493736205,0.22869485682063573,0.2340076603093916,0.23714413349635216
0.3008154642277808,0.22851935457644434,0.23322241338503077,0.23744276781074405
0.3070502785958097,0.22952409832686985,0.22962095403747781,0.23380466903984265
0.3050536289742997,0.22898052144829803,0.22950494586981524,0.2364609037075869
0.3099717716014254,0.22274991868194852,0.2313808432441929,0.23589746647243323
0.31203315153467925,0.22578247445884866,0.22750977691561666,0.23467459709085547
0.3079437646008315,0.22514837614314828,0.2314238366819131,0.2354840225741072
0.30634309744350735,0.22638722107055032,0.2306891052593117,0.23658057622663062
0.30932636444198336,0.22706148107073776,0.22867100563055098,0.23494114885672795
0.30379615160835394,0.22797225763003978,0.2310710434031047,0.2371605473585015
0.3072736181310126,0.2260802362207205,0.229959812939113,0.23668633270915387
0.30870302479880923,0.22913888326115217,0.2244915086611908,0.2376665832788479
0.2997568328470586,0.22616062104109824,0.23533571292209748,0.2387468331897457
0.3002389391281224,0.2285467511868008,0.23330129965619037,0.2379130100288864
0.3028585152904748,0.23309487461251452,0.2304746272598569,0.2335719828371537
0.3000416349562595,0.23106198857795807,0.23132024913106314,0.23757612733471917
0.31065801059757714,0.22375704194301654,0.22983898856051016,0.23574595889889624
0.31104585127104944,0.22588680106164888,0.2283475869257965,0.2347197607415052
0.3089969931566361,0.22410735890136355,0.2309654598093971,0.23593018813260325
0.30575967266099674,0.2250508492528014,0.23401810468021123,0.23517137340599062
0.30971714018769936,0.22824416872745332,0.2284433279301223,0.233595363154725
0.30999882323621647,0.22768601369617544,0.22673501969380325,0.2355801433738048
0.30960681557439407,0.22294756433947388,0.22918261754167404,0.23826300254445798
0.310813590162028,0.22349477830700995,0.22825661970124553,0.23743501182971655
0.2993193475713859,0.22799782533999832,0.23669669014289332,0.23598613694572235
0.2994259263504056,0.23169716214252747,0.23298095784660053,0.23589595366046648
0.3028932331875146,0.2312573659133372,0.231701270788542,0.234148130110606
0.306691063624588,0.22698932855636314,0.23054171817477945,0.2357778896442695
0.31784927494208504,0.2207568668541937,0.22792064320687758,0.2334732149968436
0.314791905266553,0.22167456314771494,0.22978697840153897,0.23374655318419307
0.31239928239403136,0.22120974408035432,0.2324760748171995,0.2339148987084148
0.31225465410788394,0.22541910188982123,0.2295170098537648,0.23280923414852991
0.3122997223023482,0.22602786850173948,0.22740623381834282,0.23426617537756958
0.310327439727464,0.22277405495148467,0.2307561332927255,0.23614237202832578
0.31065083319779135,0.2231059350729587,0.23129473816516052,0.23494849356408928
0.31065846309345796,0.2275941592742426,0.22748012226345332,0.2342672553688461
0.3037391274299895,0.22617486141362242,0.23390641277038118,0.23617959838600697
0.30506531689028404,0.22574879563291156,0.2338319055442624,0.235353981932542
0.309042858822941,0.2274377310857436,0.2310944937931707,0.23242491629814463
0.31059910660364665,0.226204345476481,0.22912214578961138,0.2340744021302609
0.31800612565526076,0.21988602228783954,0.22839399690747897,0.23371385514942078
0.31703541217780157,0.220046420454107,0.22947951896932142,0.23343864839877015
0.3143531709448514,0.22153201468236228,0.23062871952860395,0.23348609484418248
0.31069462466111747,0.2250431387725797,0.230467920683539,0.23379431588276384
0.31034728944951384,0.22597808291278154,0.22905551191061946,0.23461911572708516
0.3084742535678887,0.22472683755597359,0.23144049814179918,0.23535841073433855
0.3101704183607456,0.2250892220712338,0.22974154781202408,0.23499881175599655
0.3131407934809787,0.22664532140764182,0.2246536294848741,0.23556025562650545
0.30258997265705656,0.2234704485238753,0.2371955686621745,0.23674401015689348
0.302433095457885,0.22626235397906364,0.23629493024833678,0.23500962031471465
0.3117320014711494,0.23204227124248897,0.22575166377542105,0.23047406351094066
0.30919168216739207,0.2248007321585416,0.22980549408877868,0.23620209158528754
0.31812334608474674,0.2161137263188818,0.23161008548934156,0.23415284210702994
0.32362151409847434,0.221727147989552,0.22437325671040304,0.23027808120157056
0.3118885360454201,0.22259656208167822,0.2305730574058226,0.23494184446707922
0.3106784255565538,0.22199161603932419,0.23138391921774604,0.23594603918637594
0.3132132494202617,0.22686482804192115,0.22639777082972815,0.23352415170808902
0.3069848427589737,0.22893784335102418,0.22393958954962548,0.2401377243403767
0.304298588370931,0.2230044628730256,0.2228363291902034,0.24986061956584005
0.29061004614989056,0.2221614303051075,0.2228689141364983,0.2643596094085037
0.2794643445984328,0.22905784485716785,0.2361529284704655,0.25532488207393395
0.27384740215071424,0.23916678389052062,0.24022288069651324,0.246762933262252
0.2789358694956691,0.2482026150440994,0.2302173611809355,0.24264415427929598
0.2768292018961446,0.24464594908735357,0.23129645264996357,0.2472283963665382
0.2854353546414663,0.23326156086508076,0.23309071135707413,0.2482123731363789
0.29447211580475086,0.23353785312122843,0.2278584411243738,0.244131589949647
0.2857961228430728,0.23642314744838758,0.2363619111942862,0.2414188185142534
0.29047501686590826,0.23561845742280207,0.2314171439373658,0.2424893817739239
0.2948821711607576,0.23620603192092168,0.22959609899443534,0.23931569792388532
0.2923225980428445,0.23339323527270933,0.23195351178630969,0.2423306548981365
0.3013431906519818,0.22963486489393253,0.22804586129325793,0.2409760831608278
0.29740089382422624,0.23257619083872808,0.22817081535310701,0.2418520999839386
0.29175373458469156,0.23048543327822538,0.2359828779022489,0.24177795423483414
0.2953358962261248,0.2333655765302084,0.23255156578813532,0.2387469614555314
0.2952827569454152,0.23634556154588177,0.23176977613974367,0.23660190536895923
0.2963046945574831,0.23174901397009537,0.2332158357212182,0.23873045575120333
0.30781696481807164,0.2276538681990467,0.22830133325070834,0.23622783373217335
0.3077931092885517,0.2273899639499607,0.22852305879409393,0.2362938679673936
0.30428238388721635,0.22429842983219495,0.23421991213174667,0.23719927414884204
0.30993756333046407,0.2273929562769556,0.2280599193062673,0.234609561086313
0.3062663126923944,0.22939946253966376,0.22866519674843064,0.23566902801951128
0.30503361427393877,0.2262144987420376,0.22964877702938868,0.23910310995463493
0.3072828187726158,0.22508658910910062,0.23094966481092055,0.23668092730736298
0.30333583742110165,0.23014764046649522,0.22924294128310901,0.23727358082929417
0.2990660036592636,0.22886795918532893,0.2351531841128344,0.2369128530425731
0.298497212246323,0.22964547026088233,0.2357081492439414,0.23614916824885324
0.30787256829508364,0.22995017693568526,0.22915503845721374,0.23302221631201747
0.31100538756339,0.22688776289090298,0.22710765521240453,0.2349991943333025
0.31730945497626817,0.21914065364827892,0.22765533404863722,0.2358945573268157
0.315956068075745,0.22033041628627845,0.22852143166127883,0.2351920839766976
0.3077757032813425,0.2250542410670584,0.23129117575371108,0.23587887989788794
0.30274848681848093,0.22898872799328288,0.23199909368436608,0.2362636915038702
0.30179423634469943,0.2304422017865478,0.23166698521140058,0.23609657665735226
0.3045955163656158,0.22966085166156308,0.22915982109371935,0.2365838108791018
0.3082013117921485,0.2270549850126679,0.22728059774604026,0.23746310544914345
0.3077858998877198,0.22560197916588515,0.2267288937802283,0.23988322716616667
0.29932342366389814,0.22556613509263396,0.2370983735850849,0.23801206765838295
0.29552619916155165,0.23100547461997842,0.2376063045512028,0.23586202166726702
0.30467402600456484,0.23607517433967565,0.22664532382733282,0.23260547582842667
0.3067598554296967,0.22897483104458438,0.2266523240996796,0.23761298942603942
0.31459710204743835,0.21849180199874715,0.22871308993997674,0.23819800601383773
0.3150745684280502,0.22143811791974033,0.22820786327240764,0.23527945037980175
0.3018172429066232,0.22780892365619418,0.23417823714258387,0.2361955962945987
0.30289559199632327,0.23104450108402022,0.2293765070880497,0.23668339983160686
0.302664462228873,0.231290830231139,0.22905496312171864,0.23698974441826923
0.30319649702779716,0.22828627321145403,0.22818992936795499,0.24032730039279385
0.30444983539349635,0.22588330686973782,0.23093386639392097,0.2387329913428449
0.3011709809382576,0.23043708561258924,0.22864610451580256,0.2397458289333505
0.29535194989325225,0.23076850618266095,0.23608241477832767,0.23779712914575915
0.2947775975581829,0.23281525212546025,0.23467390818813938,0.23773324212821748
0.30496491887689864,0.23285860586715484,0.2275593616365541,0.2346171136193924
0.30472960147929085,0.22941005748574714,0.22766512685987836,0.23819521417508363
0.30955555201683393,0.22175878009088362,0.23026314795524924,0.23842251993703312
0.30833995550278254,0.22578937280415712,0.22959127896947865,0.23627939272358175
0.3026748250554415,0.2296454108590212,0.23069551841545996,0.2369842456700773
0.3011417809133772,0.23040167083383678,0.2298719308277311,0.238584617425055
0.30212033343092404,0.22956698821437588,0.22956181804722045,0.23875086030747958
0.30083039444611553,0.22969497196060096,0.22982176883490776,0.23965286475837558
0.299808446047874,0.229608551473064,0.23127950175684725,0.2393035007222148
0.300442758171677,0.23162026407007882,0.22778408476416662,0.24015289299407772
0.2948401025222263,0.23069270514521203,0.23549663283809869,0.23897055949446283
0.29452825344274197,0.23153139238014073,0.23581320846870843,0.2381271457084089
0.3038119344122259,0.2337604356391139,0.22821593006996366,0.23421169987869644
0.30360328323510855,0.23055195509422224,0.22820605154414197,0.2376387101265272
0.3092521529309902,0.22224347400675576,0.23042179680747085,0.23808257625478316
0.3114016667866305,0.2247701650846343,0.2280441928449329,0.23578397528380224
0.3040008309947084,0.22799882502827776,0.2312624476454504,0.23673789633156347
0.3028924464228104,0.22916115605187304,0.22955429789783732,0.2383920996274793
0.30407655094366204,0.2296698160610666,0.22777635424960718,0.23847727874566416
0.2992962449051415,0.2294792578368182,0.23028800404376013,0.24093649321428032
0.300560654547677,0.22903206034609894,0.22918027066127883,0.24122701444494515
0.2980329534493256,0.23215228112880634,0.22662963256772606,0.24318513285414195
0.28914266458666016,0.23167168741311234,0.2377186082416356,0.24146703975859196
0.2900616686081961,0.2338228403284488,0.2370540981357528,0.2390613929276024
0.2988534376478702,0.23866953231014537,0.2279238997065421,0.23455313033544237
0.2980266564151165,0.23207285121403096,0.23098687442488722,0.23891361794596536
0.30763655864582073,0.22309567370801428,0.2315368834189616,0.23773088422720343
0.3142134345593162,0.22579947566392528,0.22606524852499885,0.2339218412517596
0.30509765567360075,0.22635077474804702,0.231771637116571,0.2367799324617813
0.30833357351585583,0.22600391228662262,0.22785925949850944,0.23780325469901203
0.3069966025339405,0.2283526617308829,0.22709622379367972,0.23755451194149685
0.29915026826619473,0.22857995033582487,0.23037691351168946,0.241892867886291
0.3001136459984106,0.2284132504866163,0.23139005058409307,0.24008305293088017
0.29790834043468356,0.23423567187147867,0.2265183508775044,0.24133763681633336
0.290949050262686,0.23245457613594667,0.23538128462136743,0.24121508897999988
0.2912581161422092,0.23240123113092648,0.23602732095671608,0.2403133317701483
0.29912265997712756,0.2355651238212871,0.2302399400781524,0.235072276123433
0.296734104756821,0.23309481990931027,0.23246985526188554,0.23770122007198313
0.30512133839509886,0.22516224350885947,0.2330885711177424,0.23662784697829936
0.31456514999822704,0.22665134058111427,0.22558244730026164,0.233201062120397
0.31250988326528206,0.2244726028828716,0.2264605736825247,0.2365569401693216
0.31039689409471677,0.22171464055720816,0.2281303203598487,0.23975814498822623
0.307898241900667,0.22484247576139213,0.2280749120483275,0.23918437028961342
0.2962967397463447,0.2310743314251204,0.23232443752544538,0.24030449130308965
0.2942772117636646,0.23313068048069002,0.23220942734057357,0.24038268041507188
0.2958311802451839,0.23532782726068188,0.22846655101730765,0.2403744414768266
0.29174929426159546,0.23228004631675342,0.23586350310940354,0.24010715631224755
0.2949733960931579,0.2312902394735802,0.2355349575232357,0.23820140691002606
0.3019240852860297,0.23344680269201026,0.23046936267493381,0.23415974934702619
0.3057670893400085,0.2310779784080806,0.22634735306796688,0.2368075791839441
0.31136779736443504,0.221748228732224,0.22900295283879485,0.23788102106454614
0.309695122563007,0.22271675844777997,0.23077899612921116,0.23680912286000183
0.3055417886489256,0.22729454808784075,0.23214944991523148,0.23501421334800218
0.30504054191746044,0.2320674969481146,0.2258346214447246,0.2370573396897004
0.3030731393765003,0.22811734490567687,0.2289288917206161,0.23988062399720672
