0.29704733630550956,0.2238981079688513,0.2427945819531101,0.2362599737725291
0.29714060640115947,0.224527176691328,0.24106297089532583,0.23726924601218663
0.2969295453308734,0.2246706093549246,0.2414332817923013,0.23696656352190068
0.2970511042465474,0.22444975754351126,0.2415439406947348,0.23695519751520666
0.29713174577570545,0.2242021429058713,0.24173327518328946,0.2369328361351339
0.29685925146070874,0.22505386547681255,0.24088308022936308,0.23720380283311565
0.29668380845299125,0.22539117625931612,0.24082697513254658,0.23709804015514613
0.2971867056084328,0.22388394421505098,0.24225408511061747,0.23667526506589875
0.29714439181251684,0.22433805269951015,0.2413949417472599,0.23712261374071317
0.2971792430585251,0.22398539657135255,0.24197746057805722,0.23685789979206515
0.29718101496819915,0.22414717850041482,0.24165820708675767,0.23701359944462833
0.29642934494864653,0.2261675383765776,0.23985445530761626,0.23754866136715963
0.29707455110900904,0.22401201997930176,0.2424408458339743,0.2364725830777149
0.29737290149070994,0.22368251659949887,0.2419515908687488,0.2369929910410425
0.2973067390532681,0.22368647282900378,0.24208533316761235,0.23692145495011568
0.29725874480306147,0.22390307273606472,0.24185266815769751,0.2369855143031763
0.29729735455004697,0.22371237453512932,0.24209661683005348,0.23689365408477028
0.29673847013361637,0.22544294356820108,0.24040990814615615,0.23740867815202638
0.2970016884188723,0.22435123298336157,0.24194486580899652,0.23670221278876952
0.29718130654436153,0.22417296816285193,0.2416448010695167,0.2370009242232699
0.2969987785262231,0.22461317203705766,0.24131705409497756,0.23707099534174167
0.296567542840699,0.22577724772657035,0.24033156139730058,0.23732364803542996
0.29670291359249246,0.22526207173738524,0.24112384139802978,0.2369111732720925
0.2961908218189145,0.2267311555832836,0.2394876325653223,0.2375903900324796
0.2970988930573745,0.223862535663576,0.24269722270878386,0.23634134857026562
0.29726998314078745,0.22409042137882038,0.2414953275145487,0.23714426796584354
0.297254031299003,0.22374090873999203,0.24216937607412334,0.2368356838868816
0.2973356651829205,0.22368574334222627,0.24203171973625986,0.2369468717385934
0.297183950581057,0.22412056094241964,0.24166223207781448,0.23703325639870892
0.29660486524115653,0.22572046684636599,0.2402786183762408,0.23739604953623675
0.29718531053240593,0.22373045578246065,0.24256669072806156,0.23651754295707186
0.29731986923064807,0.22387422898608006,0.24173649364926483,0.23706940813400715
0.297006614958693,0.2245862374555471,0.24131247472155412,0.2370946728642057
0.2970347272996414,0.22445013625271107,0.24157703478451562,0.23693810166313192
0.2976689169055146,0.22227104377804616,0.24352424271848494,0.23653579659795432
0.29698299776944226,0.22504594363815605,0.24036741104602646,0.23760364754637528
0.29736453593248313,0.2230243282670852,0.2431828228893516,0.23642831291108
0.2975800734732509,0.2231505767283542,0.24223585760770802,0.23703349219068684
0.2975198473850258,0.22298783805443417,0.24264989528282657,0.23684241927771357
0.2975711074071555,0.22296274609535227,0.24256283409445892,0.23690331240303325
0.29750032417528427,0.22317676997002056,0.2423847510760401,0.2369381547786551
0.2972225861047751,0.2240685836201489,0.24160879611660596,0.2371000341584701
0.29733202889305826,0.22352344149578926,0.24234589874023788,0.23679863087091454
0.29728963827590454,0.223876079534827,0.24180063719824596,0.23703364499102259
0.2974740330876123,0.2230662829139145,0.24271142882700653,0.23674825517146672
0.29733036669446244,0.2238253443368508,0.24174105892300907,0.23710323004567765
0.29700683492445434,0.22458568707321594,0.24131457230322648,0.23709290569910316
0.2961103750642853,0.2268992114175544,0.23926524500977822,0.2377251685083821
0.2973056493527371,0.22303905178553338,0.2435401371137672,0.2361151617479623
0.2977411910366959,0.22269528736886868,0.24254809348644285,0.23701542810799267
0.29766576731064304,0.2225126671121042,0.2429996360898585,0.23682192948739422
0.2975506652345085,0.22312836711200937,0.24230855491770076,0.23701241273578144
0.29740886335514755,0.22341716001778889,0.2422347569194023,0.2369392197076613
0.29675245268330896,0.2254165438384142,0.24039466484153488,0.23743633863674196
0.29706716500571456,0.2241329703633064,0.24215294560158063,0.23664691902939844
0.29733820301177005,0.2237105325878368,0.242012781043899,0.2369384833564941
0.29724939640363207,0.22390309058348729,0.24186763269993788,0.23697988031294276
0.296872660457647,0.22502675484744303,0.24086882632752674,0.23723175836738325
0.29725066929641636,0.22363816686147692,0.2424660890694913,0.23664507477261545
0.29686560360139075,0.2251932612245786,0.24053610449480997,0.2374050306792207
0.29733081242665754,0.2232385341582235,0.24293533566391096,0.23649531775120808
0.2977753315882954,0.22232306213267058,0.2430757090656819,0.2368258972133521
0.29772861823502067,0.22246406418471376,0.24289730790893838,0.2369100096713272
0.29747562315197973,0.223343445393004,0.2421348695718366,0.23704606188317962
0.29712306468178934,0.22431272784938222,0.24145441531695103,0.23710979215187736
0.29658120184882975,0.22574831671646364,0.24031655252221412,0.2373539289124926
0.2972516461110943,0.223514492831824,0.24275672278592397,0.23647713827115768
0.2974702285607219,0.22341530323746892,0.2421068586722763,0.23700760952953287
0.29738652197778015,0.2234439458163056,0.24226526732862003,0.23690426487729419
0.29706865200534044,0.22453252506531093,0.24121378093851842,0.23718504199083035
0.2974081578575876,0.22314945431658928,0.2428127654696105,0.23662962235621268
0.29665163493378943,0.225810147031509,0.23985421664960188,0.23768400138509974
0.2974686075583637,0.22248215362757026,0.24385609304372327,0.2361931457703427
0.2978302409824501,0.22243772239906315,0.2427050073339826,0.23702702928450417
0.2972535721621525,0.22399450951846395,0.24157519530336963,0.23717672301601392
0.2968372039104907,0.22505429029634827,0.2409326500257147,0.2371758557674464
0.29684611666454125,0.22494791708308978,0.24122979518553098,0.23697617106683797
0.2961039117303784,0.22692754022169692,0.23926417760836807,0.23770437043955658
0.29719384667825083,0.22346654782171813,0.24314039668459264,0.23619920881543835
0.29725116789879613,0.22425702480676862,0.24121062887055023,0.23728117842388496
0.29679359300320773,0.22508335280086939,0.24100186273907917,0.2371211914568436
0.2968554160577998,0.22494847434780568,0.24121221391743117,0.23698389567696335
0.29722942958981213,0.2238238755872302,0.24218784652564757,0.23675884829731
0.29649192475198866,0.22611231240079036,0.23974898968907085,0.23764677315815014
0.297355732853862,0.22293819928078237,0.24346863481315922,0.23623743305219636
0.29749018395284765,0.22355616252245597,0.24177208276852133,0.23718157075617502
0.29728230416624785,0.22368644962154755,0.24213459226412,0.23689665394808462
0.29712750022258627,0.22433947113010372,0.24143526862630782,0.23709776002100222
0.29737453954874493,0.22333556947276095,0.24257155079773463,0.2367183401807595
0.29679380908062175,0.22539017648910334,0.2403203935144992,0.23749562091577575
0.2972472070890276,0.2234838724155513,0.24277562714595052,0.23649329334947053
0.2971335007444419,0.22450444467121564,0.24109163097938122,0.23727042360496137
0.2969330976342222,0.22467004078289898,0.24142817819212337,0.23696868339075547
0.29712036006908493,0.2242308318140445,0.24174872254562713,0.23690008557124342
0.29701271402627166,0.2246123412930809,0.2412895109048648,0.2370854337757826
0.29590674933314315,0.22735159749522282,0.23883163091126827,0.23791002226036587
0.29731032728503104,0.22289842998821252,0.24381684785725286,0.23597439486950356
0.2973999528724116,0.22396383322019764,0.24128802072140115,0.23734819318598965
0.2972892850382077,0.22352485207695463,0.24242621858008542,0.23675964430475221
0.2973657703967121,0.22365946001949158,0.24198406925092347,0.23699070033287287
0.29724523794263236,0.22390258108477717,0.24187746942647254,0.23697471154611804
0.2969507324057923,0.22480578851077737,0.2410730409344198,0.23717043814901054
0.29721025816750624,0.22382495925000642,0.2422291202636952,0.23673566231879203
0.29769279061441783,0.22240039531488215,0.24320849737013447,0.23669831670056551
0.297175122643415,0.22440815996753596,0.2410523496258157,0.2373643677632332
0.2966969744027551,0.22533241358785763,0.2408236649965555,0.23714694701283173
0.29675934723052705,0.2251991259537876,0.24103346210021773,0.23700806471546762
0.2965389346261092,0.2258347819442217,0.24036452325256338,0.2372617601771056
0.29762937336779327,0.22203016619235774,0.24412690027048664,0.23621356016936235
0.2976263670487783,0.22324884482149893,0.24187107014450498,0.2372537179852177
0.29763953607925675,0.22237525950761008,0.24332533345343638,0.23665987095969682
0.29752927637596005,0.22331963793340406,0.24204006839702558,0.2371110172936103
0.2971804103938054,0.22409394603702495,0.24168107738791123,0.23704456618125846
0.29727835013074955,0.22373983886985005,0.24212662383648795,0.2368551871629124
0.29762576082505654,0.22261253960646016,0.24303981752915815,0.23672188203932507
0.2973663856920773,0.22377644112800504,0.2416899495451372,0.23716722363478052
0.29692534263519066,0.224805841342357,0.24112395484498916,0.2371448611774631
0.29721693667590465,0.22382489454958607,0.2422174880514064,0.2367406807231028
0.2973424728246278,0.22368466804490297,0.2420150946560999,0.2369577644743692
0.2968091963128831,0.22522129878752511,0.24063886265802675,0.23733064224156508
0.297560270770516,0.22238831470441622,0.24370320842285234,0.2363482061022154
0.29780956728873426,0.22243885691867246,0.24274629269918913,0.23700528309340413
0.29774096383339804,0.22227588436911597,0.24316575534456425,0.2368173964529217
0.2974442441167197,0.22353575787404714,0.241882095353224,0.2371379026560092
0.2972309935329424,0.22390237447893335,0.24190881798239255,0.23695781400573163
0.29723918069070804,0.22392937875350655,0.24188198305626113,0.23694945749952437
0.29736473212714987,0.22349592255520417,0.24228926236530937,0.23685008295233656
0.2973475943026214,0.22365940706854617,0.24201720438069357,0.23697579424813872
0.29711193284757387,0.22433940575094133,0.24146376204308562,0.23708489935839916
0.29737830502207424,0.22333583812918245,0.24256507735556868,0.23672077949317455
0.29717728498821844,0.22428658296192538,0.24135376183982374,0.23718237021003227
0.2962077027881297,0.22664548549198407,0.23948900607540377,0.23765780564448247
0.2977369820564044,0.22113059324136278,0.24526880927600206,0.23586361542623074
0.29819449378070767,0.2214448935324926,0.24323822434484618,0.23712238834195357
0.2972391845624875,0.22411938785886798,0.24130393294258498,0.23733749463605963
0.29752679101342305,0.22269448794147986,0.24321341934629237,0.23656530169880477
0.29763904219016596,0.22291236981045578,0.24244706720715706,0.23700152079222123
0.2966888257096828,0.22558794742662133,0.24016358041619795,0.23755964644749802
0.29723047068261743,0.2235151874502189,0.2428023384529638,0.23645200341419995
0.2972794151856928,0.22406584059962056,0.24149114184211307,0.23716360237257356
0.2966661140847059,0.22549830286389588,0.24053090459589105,0.23730467845550712
0.2956121807986733,0.22792696333466841,0.23851529006989056,0.23794556579676773
0.2946939889268163,0.22964690515468295,0.23747423752333527,0.23818486839516545
0.2939266901753427,0.23103698227664426,0.23641662886775128,0.23861969868026175
0.2958670795108178,0.22715807004580407,0.24071033606885528,0.23626451437452287
0.2968424357096368,0.2250892550825472,0.24115970985498983,0.23690859935282615
0.29589532297014215,0.2273817841161583,0.23883347071181596,0.23788942220188353
0.29602619150374493,0.2268444118459222,0.24012330217989802,0.23700609447043477
0.29644571472040404,0.22602267455570485,0.2404860393072776,0.23704557141661356
0.2958231345624802,0.22750262199921065,0.2389390638802272,0.23773517955808196
0.296977264282352,0.22418535993639002,0.24258339268665796,0.23625398309460016
0.29663433120911475,0.22588301872825498,0.23984734783781914,0.23763530222481113
0.2964824864821124,0.22574066754192718,0.24081451236752946,0.23696233360843097
0.29676322507841185,0.22522857601206428,0.2410123797995558,0.236995819109968
0.2962699695859277,0.22650686625034777,0.2397302067937223,0.23749295737000226
0.2960325656180611,0.22692630313276885,0.23974497237969467,0.23729615886947544
0.2971338550628296,0.2238598030874218,0.24262523984011286,0.2363811020096358
0.29711830766327335,0.2245287613061917,0.24110418828269464,0.23724874274784033
0.29714474127246127,0.2240146277233392,0.2420348503484334,0.23680578065576605
0.29744662365389674,0.2232803518209263,0.24244906770075902,0.23682395682441795
0.2969381873461004,0.22494710833581238,0.24076777839003302,0.23734692592805415
0.2968238924984143,0.2249490016708177,0.24127445887383192,0.23695264695693616
0.2975332834024318,0.22275057765416825,0.24317250619880224,0.2365436327445978
0.29694400130627563,0.2250929858380817,0.24042160930906661,0.23754140354657596
0.29685639200116787,0.22475927937533,0.24155302031221512,0.23683130831128701
0.29676463469450276,0.22533051890026012,0.2406867380800638,0.23721810832517326
0.2970347407721501,0.22431986308472382,0.2418852896358744,0.23676010650725157
0.2967191497646481,0.22549644055997714,0.24042462136030093,0.23735978831507384
0.2975364666481016,0.22241897712774283,0.24373803228903249,0.23630652393512303
0.2979674501986409,0.22180673333356193,0.2433274989254286,0.23689831754236856
0.29752190772615017,0.2232736157668526,0.24207119959097753,0.2371332769160197
0.29704205968767955,0.2245322190083223,0.24126906268418577,0.23715665861981236
0.29680521048285563,0.2251102555969336,0.2409738274039397,0.23711070651627106
0.2967751032304143,0.225168732213442,0.2410101878717285,0.23704597668441518
0.2970736024559091,0.22428905797489734,0.24181840212495626,0.23681893744423738
0.29723212360218276,0.2239561700386766,0.2418805132242975,0.23693119313484323
0.2973014005906993,0.22371267981781065,0.24208681297404142,0.2368991066174486
0.29697470285760347,0.22477882465673713,0.2410345870332663,0.2372118854523931
0.29653406460217063,0.22580655376008463,0.2403883392278456,0.23727104240989907
0.29610596606605866,0.22682615979528958,0.2396298219342498,0.2374380522044019
0.29750304534009053,0.222369396296471,0.24404982457357,0.23607773378986852
0.298098446087254,0.22136555297397295,0.24364788403765114,0.23688811690112194
0.2971438345994961,0.2245375754460892,0.24080390477483088,0.2375146851795839
0.2968234403578736,0.22491857708043694,0.24128937538114034,0.23696860718054905
0.2967335547244541,0.22535991625654728,0.24073975261501415,0.23716677640398454
0.2966694546739075,0.2254207771795109,0.2408430880032319,0.2370666801433497
0.2973726667853128,0.22323714803048714,0.24284996553979807,0.23654021964440206
0.296909010248521,0.22514196041030388,0.24046895710368563,0.23748007223748951
0.2967885191487314,0.22497975573164375,0.24133342033460212,0.23689830478502272
0.29639912018239595,0.2262522614106787,0.23988383324626128,0.23746478516066402
0.2968037977881666,0.2248857383311049,0.24161484734072722,0.23669561654000118
0.2963414670145404,0.22644602723004964,0.23960894629998078,0.23760355945542913
0.29739519121232794,0.2227591020551551,0.24368098783453668,0.2361647188979803
0.2976396301334563,0.22310085579772135,0.24213336729802742,0.2371261467707949
0.2969725689400704,0.22472737063270315,0.2410577910596229,0.2372422693676035
0.2967021368158142,0.22536176111882067,0.24080509125235855,0.2371310108130065
0.2969083117844322,0.22475742187937878,0.2414478578954242,0.23688640844076472
0.2968300502362576,0.22510933475830075,0.2409183347924174,0.23714228021302433
0.29691912417581384,0.22472826832264747,0.2414350743457736,0.23691753315576516
0.29674907263377726,0.2253312856381609,0.2407156464763084,0.23720399525175345
0.29666615609537517,0.2254213779098315,0.24085051092501383,0.23706195506977956
0.2966028302978042,0.22564271158613033,0.24060511686693203,0.2371493412491335
0.29681204188332855,0.22500892223749341,0.24127316790368275,0.23690586797549534
0.29620633494548093,0.2267019107430931,0.23946687640629427,0.23762487790513165
0.29727315906354523,0.22321797672984897,0.24330394901490948,0.23620491519169626
0.2977134227664222,0.2227202913405222,0.24259344075001152,0.23697284514304412
0.29710071482239436,0.22445738146381924,0.24117733167633434,0.23726457203745202
0.29686953293179835,0.22489012758019164,0.2412062117804965,0.2370341277075136
0.2970250988424988,0.22447811152831312,0.2415847284723195,0.23691206115686875
0.29668318937031307,0.22552489479733775,0.2404859217218581,0.23730599411049108
0.2970122166410361,0.22435116046703743,0.2419221452377185,0.23671447765420797
0.29672412561630873,0.22549583336167603,0.24041413935984254,0.23736590166217275
0.29637870775639186,0.22612177003481643,0.24028207109185068,0.23721745111694104
0.2965406483763564,0.22573745089393135,0.24069977740505863,0.23702212332465356
0.2963285951549657,0.22634313506695894,0.23998878296946924,0.23733948680860625
0.29566156000148425,0.22779684879896525,0.2388170425461645,0.23772454865338594
0.2972065374179291,0.22335892990901082,0.24339806098416192,0.23603647168889824
0.2977265892164624,0.2227179821300909,0.2425623640790526,0.2369930645743941
0.2969453733240781,0.22489873950523145,0.24077294686168638,0.23738294030900403
0.29723722858854085,0.2236387302619684,0.24249647906732855,0.23662756208216218
0.2973100816577556,0.22387486180023813,0.24175859502518068,0.23705646151682558
0.296613664947266,0.22569316661416927,0.24026952564478463,0.23742364279378003
0.29718395222008565,0.22373079215369132,0.24257060539254496,0.2365146502336779
0.2965389487531106,0.22608367429964987,0.23966497098319367,0.23771240596404578
0.29629242821525753,0.2262195582696075,0.24042527644147696,0.23706273707365805
0.2964760130265329,0.2259589279245695,0.24045072095580433,0.23711433809309326
0.29671961906348554,0.22526052206208266,0.24108466213265342,0.23693519674177838
0.29578456551907356,0.2276363114809903,0.23862134663911358,0.23795777636082258
0.29700267522847085,0.22400614899800658,0.2428533257087577,0.23613785006476487
0.29748802307223604,0.2234365659173148,0.24205515290413748,0.23702025810631167
0.29718334891245857,0.22409592753901716,0.24167021187897655,0.23705051166954771
0.29746064916640524,0.2230939109159811,0.24273022090806404,0.23671521900954967
0.2976944042533468,0.22253567419729964,0.24293458678906946,0.2368353347602842
0.29674603523470616,0.22553854642226528,0.2400716863940745,0.23764373194895405
0.29650684960505574,0.22570685871214144,0.24078202680105198,0.23700426488175083
0.29633908591735153,0.2263428298593999,0.23997210947082473,0.23734597475242392
0.29624532411931503,0.22644145231250995,0.2401258780348111,0.23718734553336387
0.29668545810207925,0.22532542470900538,0.24113477399853414,0.23685434319038118
0.2967974947248706,0.225167182790323,0.24095932868241088,0.2370759938023956
0.29626274604932845,0.22650810971405644,0.23974636850223102,0.23748277573438392
0.2973058443505709,0.22318364439870697,0.24324846209113513,0.23626204915958696
0.29770593278276913,0.22272084480734602,0.24260845329406347,0.23696476911582134
0.29744150512408735,0.2233685976753845,0.242187050644194,0.23700284655633425
0.2966619961117268,0.22563960429506424,0.24019897451377237,0.23749942507943658
0.29683581336856435,0.22482099729805305,0.2415753856714082,0.23676780366197445
0.29699837041336313,0.22466707668837507,0.24129696326567068,0.23703758963259108
0.2972997311461221,0.2235796570577913,0.24238472010363502,0.23673589169245163
0.29623222137093375,0.2267603768555923,0.23907242244487575,0.23793497932859817
