0.2893570627856035,0.23000763813032327,0.22708003548371655,0.2535552636003567
0.28166959721752444,0.2343690944955833,0.2312876749633482,0.25267363332354403
0.28129129526304786,0.2325182136829006,0.2309507870892729,0.2552397039647785
0.2771026709990565,0.2354023892470539,0.23107642868982337,0.2564185110640662
0.279132060938949,0.23568479513920265,0.23084630607559364,0.2543368378462546
0.2788524391250619,0.23306412251469938,0.233147097132557,0.25493634122768183
0.287206153185123,0.23245430164008676,0.23096959170497378,0.24936995346981658
0.2917502105492047,0.2293923919789787,0.22697653704334061,0.251880860428476
0.27834905320407727,0.23354980499584255,0.2309394659556294,0.2571616758444508
0.2809759969303741,0.2369209338112005,0.22947164117502203,0.25263142808340344
0.2801756710183257,0.23251466830435977,0.23139074332317064,0.255918917354144
0.2874714650594318,0.23205284727127753,0.2331129146397798,0.24736277302951096
0.2995703578639856,0.22655918900787503,0.22499380645630335,0.24887664667183595
0.29776263592416274,0.22900062581251235,0.22580913743579056,0.24742760082753437
0.2881487030420752,0.23003397189573607,0.2275102246371983,0.25430710042499044
0.28517208935593835,0.23481800197142436,0.2285827161783589,0.2514271924942785
0.28202379391531235,0.23252296108256756,0.22952810175935337,0.2559251432427666
0.2804119162570035,0.23405417270689405,0.23327463892916123,0.25225927210694127
0.2787518332540881,0.23321595420678162,0.23010623626257146,0.2579259762765587
0.2722828723561808,0.23804557638836277,0.23166387570469563,0.25800767555076065
0.25835391663500223,0.23883113303254064,0.235647647595962,0.26716730273649514
0.266451554512889,0.24260994072535066,0.2364849676040259,0.25445353715773433
0.2727894603171699,0.23301557322872146,0.23492459103131413,0.25927037542279446
0.2845247611771828,0.23387124631794998,0.23445927431848937,0.247144718186378
0.2988834996698691,0.22643751195935258,0.2248545500769686,0.2498244382938096
0.29443714326148696,0.22975768360680898,0.22736750825679186,0.24843766487491217
0.2859921771563665,0.23100344554572355,0.22775166183095158,0.25525271546695844
0.28533254839374217,0.23533618736834036,0.22841660129669,0.25091466294122744
0.28332365321713965,0.2313572574406671,0.23050625347936338,0.2548128358628299
0.285322940539274,0.23240447251303134,0.23236614569923056,0.24990644124846406
0.29096938961498436,0.23031580577611005,0.22634766172488027,0.2523671428840253
0.295443392210365,0.23094022403532935,0.2275754151634792,0.24604096859082644
0.29148615211910894,0.2268475678749863,0.22900230897001544,0.2526639710358894
0.3020231263561254,0.23066565397515337,0.22551639802358914,0.24179482164513208
0.30407222579141197,0.2239641599444847,0.22189161022527884,0.25007200403882446
0.3026486606170881,0.2281882501108841,0.22773736507700307,0.24142572419502464
0.3158429145924706,0.22088757643784837,0.21993973640337003,0.24332977256631094
0.3119316299349597,0.22392495878201163,0.22183622709748885,0.24230718418553976
0.3077781789831525,0.22435584549447857,0.22201286224010408,0.24585311328226472
0.3037881611263941,0.22741440261448662,0.22319314151858277,0.2456042947405364
0.2982613209863977,0.22761232375492918,0.22493970473046943,0.24918665052820366
0.3004767117167013,0.22856549564655523,0.2261732768211567,0.24478451581558663
0.30216929335737874,0.22547379603272774,0.22432716193865615,0.24802974867123745
0.2966567687944917,0.22901624935846152,0.22605665017383517,0.24827033167321164
0.2779928233660186,0.23322083291880272,0.22781589469310695,0.2609704490220717
0.27920993820279827,0.23987559883555362,0.23040917436284677,0.2505052885988015
0.2841748516963726,0.22962653713134654,0.23228460707698045,0.2539140040953004
0.3022219119353264,0.2274506863808279,0.23061854635191298,0.23970885533193284
0.3227943209351334,0.21768097868286698,0.21760419551899468,0.24192050486300498
0.3145361806056675,0.22350274816511911,0.2203326108811813,0.24162846034803215
0.2993419004606504,0.22655738695518382,0.22279666441390755,0.2513040481702582
0.29037548861493917,0.23355998571968542,0.22632867713630742,0.24973584852906788
0.286420239473852,0.231254107078694,0.22836323596567587,0.25396241748177806
0.28781778000587627,0.23175881783443703,0.23173532235289215,0.2486880798067945
0.29074531761887357,0.22923224648629872,0.22717888240808534,0.25284355348674226
0.2908100643650354,0.2327328249429593,0.22729844599953822,0.24915866469246697
0.2818345043762573,0.23131579267010266,0.22974142879567575,0.25710827415796433
0.28850620833037727,0.234736182409357,0.23030041615549504,0.24645719310477068
0.30087460868222765,0.2255976361638726,0.2254833663335204,0.24804438882037946
0.30936727204844844,0.22439227554670838,0.22622610742889454,0.24001434497594878
0.321583560527053,0.21880699677033164,0.2186211665657067,0.24098827613690846
0.3112440761482057,0.22393398459592406,0.21998437480176322,0.24483756445410695
0.2903769748286901,0.23058829645158133,0.224704417971752,0.2543303107479766
0.285570976043763,0.2354033673164576,0.22818803297081702,0.25083762366896234
0.28577490431764224,0.23062446518707064,0.23065971398111854,0.25294091651416867
0.29520485753117937,0.22947211887051125,0.2301912241603849,0.24513179943792449
0.3009996300901392,0.22563725276228552,0.22366263284498772,0.24970048430258748
0.29945027691564596,0.22997690166491042,0.22514739919414734,0.24542542222529634
0.28588986055200044,0.22929440147373117,0.2276916706180035,0.2571240673562648
0.2936322183132476,0.23512665368407093,0.22832074441435188,0.24292038358832949
0.3023232527856613,0.22355195231148806,0.22442650820005416,0.24969828670279642
0.30281475354865817,0.2265556414272081,0.22853184157349507,0.2420977634506386
0.30661167016032276,0.2242039428256404,0.22001970992829012,0.2491646770857467
0.28610965293700724,0.2337166853682114,0.22597146777071495,0.2542021939240663
0.2638509326831548,0.23755832936353394,0.23351093452770408,0.2650798034256071
0.27147646765431105,0.24180605034587097,0.23399962406834895,0.25271785793146895
0.27330897050645225,0.2322155973858919,0.23446886031073022,0.2600065717969255
0.27831514023934506,0.23526659120690996,0.23603068277986788,0.25038758577387704
0.28529094892819984,0.2315741270947045,0.22640172621555568,0.2567331977615399
0.27982976364493733,0.2358301250961204,0.2315065785534179,0.2528335327055243
0.2724339393726212,0.23347237673030097,0.23399627847170829,0.2600974054253695
0.2855137053292536,0.2370652480801738,0.23038166714477726,0.24703937944579552
0.2891242615078398,0.22776283851277185,0.22842474760212444,0.25468815237726383
0.29461144940426254,0.23078009630678034,0.23097278808713873,0.24363566620181829
0.30292270107505903,0.22480905341323815,0.22200387596489876,0.250264369546804
0.29658483799516966,0.230821293064551,0.2263016588292507,0.24629221011102873
0.2878364360320784,0.22914893320572163,0.22771922624453617,0.25529540451766375
0.290601328488094,0.23425157425816115,0.22839202435543282,0.246755072898312
0.28720893675837367,0.22914454237707257,0.2273476374373729,0.25629888342718093
0.2834878353025587,0.23462493922899963,0.23218500962283503,0.24970221584560662
0.28852126529098265,0.2307206630953226,0.2266741237222192,0.2540839478914756
0.28116626126220334,0.23384965539176195,0.2313858290950112,0.25359825425102345
0.2673321748839783,0.235640984714823,0.23343086732273194,0.2635959730784669
0.27744581012565867,0.2410434402123289,0.23095442944106506,0.2505563202209474
0.27564293336369383,0.2308946096348586,0.23389526938449093,0.2595671876169566
0.2894604233458438,0.23337315984526327,0.23416685149167443,0.2429995653172185
0.30640411408636276,0.22307274680111305,0.22101712407791285,0.24950601503461134
0.2963384185427414,0.23000911369542834,0.22706380889940886,0.24658865886242137
0.29360753294007824,0.22867302512562887,0.22584028775401793,0.25187915418027484
0.29082938954053267,0.23232805126595354,0.22729751674734885,0.24954504244616493
0.29711398043247456,0.22868143420309286,0.22718076460646283,0.24702382075796966
0.29734821114269294,0.22623276498580394,0.22799832514996451,0.24842069872153857
0.29538267576546906,0.22952861678070063,0.22534070815022814,0.2497479993036022
0.28253205915658225,0.23376256483252295,0.22600783892883014,0.2576975370820647
0.26544592997620325,0.23866659804906146,0.23451956304334023,0.26136790893139517
0.28146436898995575,0.2373247611474909,0.23324604820902076,0.2479648216535325
0.2922258072306697,0.2259711532702996,0.23063524746723468,0.25116779203179584
0.311328949019762,0.22571406294857002,0.2257651300070626,0.2371918580246053
0.32213926974795404,0.2175731694121196,0.21646805914773243,0.24381950169219396
0.3073242479657342,0.22632056339603993,0.22297252670001275,0.24338266193821317
0.3049575841075732,0.22602503249188208,0.22162811992776843,0.2473892634727764
0.3020107589267035,0.22795057212418843,0.22507432630882154,0.24496434264028658
0.3028007847914716,0.22507097142947927,0.22549993539640859,0.24662830838264052
0.3001498847603899,0.227549583932202,0.2245891939213271,0.24771133738608112
0.2963245048289521,0.2299226272497576,0.22396757891446203,0.24978528900682834
0.2898009637889678,0.23082660199080654,0.2284785661829735,0.25089386803725217
0.285807310971554,0.23103978117443758,0.23035542284081892,0.25279748501318955
0.2981503923450802,0.2311019824581117,0.22593239722406586,0.2448152279727423
0.3031400883438383,0.22441170719299341,0.22550225959497028,0.24694594486819801
0.31550775493749045,0.22290465964832945,0.22432979849477147,0.23725778691940866
0.3249703621343923,0.2170976698096368,0.21634761238777958,0.2415843556681914
0.31195237781093454,0.22469735577474212,0.22038406331614602,0.24296620309817735
0.30292273354520655,0.226651800106601,0.222152365363948,0.2482731009842444
0.2968237438490465,0.22948826086986596,0.22625311646401466,0.24743487881707285
0.29816207556222274,0.22767423110401336,0.22618697947279137,0.24797671386097264
0.2964150352916608,0.22847897584789006,0.226252243990688,0.24885374486976108
0.29874924471442604,0.22908127618571358,0.22519756687040915,0.2469719122294512
0.29367339842501483,0.2284225323569738,0.22676215608783637,0.25114191313017503
0.2791088885861769,0.2333970880564583,0.23046819222475579,0.2570258311326089
0.29476647364417013,0.23485650553307336,0.2266644029429669,0.2437126178797897
0.30300997214890346,0.22237952516343024,0.2278583330514976,0.24675216963616875
0.3152548205901798,0.22103798931018998,0.2258825287671545,0.23782466133247573
0.33267747538762743,0.21657888920998894,0.21266183739622088,0.23808179800616272
0.3122599511017316,0.22343292789405264,0.219608528466277,0.24469859253793882
0.29632350365559235,0.22758058743700013,0.22693020678864148,0.24916570211876607
0.29985211474669,0.23031799074327683,0.2229932603837181,0.246836634126315
0.28791456935798976,0.23004997574763786,0.22716573075841898,0.25486972413595327
0.2803488986553732,0.23393222625683735,0.23338972815657508,0.2523291469312142
0.26542245224067385,0.23651037411681178,0.2302122785173971,0.2678548951251172
0.23275594382183304,0.24799832334644684,0.23750477906338008,0.28174095376834
0.20770861259253978,0.2518001066277858,0.24320444667552585,0.2972868341041486
0.21415661574815298,0.2565186086114387,0.24912800988851305,0.2801967657518953
0.22403779847201566,0.24553518089782445,0.25643737092209995,0.27398964970806
0.2348908590007755,0.2410855786914655,0.2554993060778533,0.2685242562299057
0.24855577584134178,0.24457644366411968,0.23912000230955283,0.26774777818498585
0.24663005883743203,0.2435725016797301,0.23836313173647058,0.27143430774636734
0.23858231432480953,0.24379888080922815,0.2464319695719025,0.27118683529405996
0.2558649634554089,0.24546089067505764,0.23966078560331144,0.259013360266222
0.2554047675942976,0.23645845739744287,0.24006342039441433,0.2680733546138452
0.2618048694231497,0.24189411448405806,0.2402610990813743,0.25603991701141793
0.267812042955434,0.23645549967848928,0.23150293100359656,0.2642295263624801
0.25561949766478054,0.2407560059163323,0.23973154918296202,0.26389294723592505
0.2526690271496252,0.24213054641467155,0.2378875279778895,0.2673128984578137
0.2611697927378148,0.2426692656581674,0.23657924396130212,0.2595816976427156
0.26448498584959046,0.23553710629263197,0.2401622787869882,0.25981562907078926
0.2814027690638721,0.23471746294681245,0.23479415813485383,0.2490856098544616
0.29656471542339075,0.22772185840019604,0.22566826456402067,0.2500451616123925
0.2886351847568293,0.2302676539124931,0.22954003398899017,0.2515571273416873
0.2878057042452608,0.2324791050230781,0.2276745467129685,0.2520406440186926
0.2911585060756207,0.23187591107675554,0.2270587178340118,0.24990686501361192
0.2831074623544175,0.23018024782701382,0.23215140559564543,0.25456088422292333
0.28809745107582935,0.23347907928310158,0.22911223517878532,0.24931123446228376
0.280239178154635,0.23264756269512293,0.22692374521070655,0.2601895139395356
0.2740304554826312,0.2384137952803369,0.2343012402875106,0.2532545089495213
0.272981074392217,0.23377141109726682,0.23281820777887574,0.2604293067316404
0.28620978321548735,0.23622436141613018,0.23170655672656018,0.24585929864182232
0.303354542470554,0.22373688428687943,0.2265054898445386,0.24640308339802797
0.3132694875303279,0.2221598920761684,0.22507084474464917,0.2394997756488544
0.3179616040627286,0.2204788904667065,0.21760547799340826,0.24395402747715655
0.29550636654482626,0.22998785028907248,0.22261226318886607,0.25189351997723514
0.2781922073998699,0.23546629696638682,0.2293899839925233,0.25695151164122
0.2758811319954679,0.23629883181034206,0.23250031684368763,0.25531971935050235
0.28036762237207713,0.23348326638487024,0.2326680497837707,0.25348106145928184
0.2889753192882756,0.2311027676144997,0.23043062347716164,0.24949128962006314
0.2903401675440996,0.2295197614932687,0.22796114843442516,0.2521789225282066
0.2807267297541554,0.23393010475843237,0.22926137453415626,0.25608179095325584
0.263807492441483,0.23883224255152555,0.23204100545103643,0.26531925955595503
0.2730820912553219,0.2412535319680034,0.23423615452400592,0.25142822225266875
0.2904458301409542,0.22742577413985351,0.23382794215227112,0.24830045356692104
0.3056460992696883,0.22256578417843678,0.22882947384031682,0.24295864271155815
0.3127659057294627,0.22364121615588228,0.21815741483056075,0.2454354632840943
0.2850690309885641,0.23291010924775674,0.22399080259330797,0.25803005717037125
0.26841248884243024,0.23889248023045262,0.2343863701750003,0.25830866075211695
0.27834016080008966,0.23601659753907825,0.23266243812779241,0.2529808035330396
0.27713422314626324,0.23179686211485467,0.2339419694507415,0.25712694528814056
0.28183777626136164,0.2352390119308444,0.23150081148245735,0.2514224003253367
0.27196349242868084,0.23469019246189832,0.22918482344147073,0.2641614916679502
0.2657664280984953,0.24174733779888224,0.2356566424086837,0.25682959169393876
0.2587131362009238,0.23728437624852072,0.23627261214554063,0.2677298754050148
0.27364121882728265,0.24173755847048306,0.23611712864943452,0.2485040940527999
0.28734873693512997,0.22744008089048617,0.23091803592675897,0.25429314624762495
0.29231452831377625,0.22989882059180825,0.2318010796365565,0.24598557145785896
0.2951298905857308,0.2283652116191389,0.22282256066318315,0.25368233713194704
0.2786082140569245,0.2362981467509264,0.2290168409712494,0.2560767982208998
0.27115452810323076,0.23619430665193805,0.2339867814925892,0.25866438375224216
0.27397875087344,0.23658807506571386,0.23395305276836847,0.25548012129247777
0.27303381160131757,0.23509877249786393,0.2327233005653799,0.25914411533543863
0.26999320480161415,0.2377844045822888,0.23414500789362383,0.25807738272247316
0.2665400471634914,0.2377370124227353,0.23390930010879998,0.26181364030497345
0.2659633494905663,0.23931344738364094,0.23576406826075327,0.25895913486503935
0.25872929043891346,0.23813223088237753,0.237128166827054,0.26601031185165497
0.27204301987760743,0.24146024603285635,0.23485461331238125,0.251642120777155
0.28403653570337806,0.2296308838513524,0.2325324102821318,0.2538001701631377
0.2921157544061602,0.22899277893233638,0.23258003426177792,0.2463114323997254
0.3001784088162825,0.22706367194177868,0.2226067530623585,0.2501511661795805
0.2862351805369729,0.23322149342681145,0.22657832457297933,0.2539650014632364
0.2736252582696362,0.23529786436573855,0.23282803345582942,0.25824884390879593
0.2771812129736554,0.2367526138058917,0.23219872690545137,0.2538674463150015
0.2721319822186796,0.23442588338330425,0.23265785564994812,0.260784278748068
0.2660385133103634,0.23912275822406046,0.23569330873826172,0.2591454197273146
0.2634089805754598,0.23921806467210846,0.23325757658037066,0.2641153781720611
0.2537259722158387,0.24140101554610227,0.2388381723053254,0.2660348399327335
0.24462932667352646,0.2430205413286524,0.24082792282801707,0.271522209169804
0.2596471473221978,0.2455445775544054,0.23757800496215262,0.25723027016124417
0.27165452063361295,0.2328461888951208,0.23919106100529092,0.25630822946597537
0.2858360437506722,0.2299731946073869,0.23592301748571173,0.24826774415622926
0.30488513689735813,0.22681255785713528,0.22185402512574992,0.24644828011975656
0.29351281014514036,0.22922954347013375,0.22542178780090805,0.2518358585838178
0.28192542562000417,0.23275506303475352,0.23167333813250046,0.2536461732127418
0.2886361683948312,0.23356045411627196,0.22702172247269506,0.2507816550162017
0.27189747036958306,0.23368231371507833,0.23190278277981818,0.2625174331355205
0.2655685758673432,0.2408397426300138,0.23582775064259956,0.2577639308600434
0.26057280292130514,0.23911077635452213,0.2322992662663693,0.26801715445780355
0.25577726223930414,0.24271559128012207,0.24036963055718205,0.26113751592339185
0.2489919705380422,0.23947559569076357,0.2405329500768987,0.2709994836942956
0.26213922503866766,0.24544697858052766,0.23677702057372563,0.25563677580707905
0.2700985197851511,0.2336250976155202,0.23619693819218135,0.26007944440714725
0.28176374286954187,0.2333151612337994,0.23726513608442198,0.24765595981223676
0.30471256081380105,0.2255536407375031,0.2234214037622834,0.24631239468641247
0.306503341805495,0.22551559118435746,0.22400397280128806,0.2439770942088595
0.2978227066887068,0.22591792213233738,0.22612788409130552,0.2501314870876503
0.2883860984159031,0.2331605530986118,0.22548221436349178,0.2529711341219933
0.2657870180537503,0.23801412748684223,0.22957651019105454,0.2666223442683528
0.2519221961947218,0.2436754956703988,0.23946415414036717,0.2649381539945122
0.25535754443028874,0.24183759739682742,0.23823323918374884,0.2645716189891351
0.258248416855987,0.23979744019442162,0.2399558671456256,0.2619982758039658
0.25826928909874597,0.23885845627390279,0.2391399939107893,0.263732260716562
0.27398909974155805,0.2397425566861244,0.2335726795916856,0.2526956639806319
0.284300378499415,0.23007780258409655,0.23296411021618474,0.2526577087003038
0.29899741439282984,0.22745478133134683,0.23046566139248933,0.2430821428833339
0.3022125168643706,0.22455514857056919,0.22207041788566026,0.2511619166793999
0.28726073222679177,0.23455646546786973,0.2259237689776047,0.25225903332773375
0.27608254588313236,0.23479440524412568,0.23022980916966662,0.2588932397030755
0.27957719075333837,0.23569720699938468,0.2342876293291165,0.25043797291816045
0.2739052971568589,0.23189811882237787,0.23235586731354874,0.2618407167072144
0.27017685248452694,0.24106733955571163,0.23222829041378865,0.25652751754597264
