0.32435138364717,0.23404284553511082,0.22581228014570526,0.21579349067201384
0.31316331249625184,0.2316597566001662,0.2386308999156081,0.21654603098797395
0.31790204298372093,0.23234004731397892,0.242813941933501,0.20694396776879917
0.3176309831936217,0.2331071118890264,0.2422010139319026,0.20706089098544933
0.2924506810442281,0.23564568532743474,0.24598742735092197,0.22591620627741524
0.30225595812555145,0.2331742261128022,0.2192121871557969,0.24535762860584945
0.33584808565068025,0.2252707555080437,0.22788489061933295,0.21099626822194315
0.31823947494847316,0.2337290445817128,0.24672078880897919,0.2013106916608347
0.318839865127605,0.2333899063657868,0.24528612228280774,0.20248410622380042
0.31233127199306054,0.2333521788048381,0.24881702069419953,0.20549952850790176
0.24366429593168648,0.23595945470451576,0.24237189178381474,0.278004357579983
0.33012263323734065,0.22443546528394215,0.22219869419131258,0.2232432072874046
0.3379182009520027,0.23053181254909638,0.2256790841669643,0.2058709023319366
0.33653564026339494,0.22938228192169488,0.24009168498123618,0.19399039283367406
0.3297582352678947,0.23382722983788945,0.23675638300464935,0.19965815188956648
0.34124535679873275,0.2287617510257442,0.23442654580339584,0.19556634637212705
0.2972309119418343,0.23677783901195693,0.2260301807987483,0.2399610682474604
0.34169589531481387,0.2248130522564256,0.2227569428114179,0.2107341096173426
0.33249424507893177,0.2313209798223996,0.2345480114709097,0.2016367636277589
0.3151279729521304,0.232137283491677,0.2570667262461524,0.19566801731004022
0.26608303051957427,0.23905105291232526,0.2503968239149155,0.24446909265318503
0.27785601591984077,0.23149675970271785,0.25111022248085674,0.23953700189658453
0.229891453562009,0.22893198529836886,0.23261327201162477,0.30856328912799735
0.3384866208613803,0.2215231043625472,0.21536582807235397,0.22462444670371853
0.3258947864063045,0.233007418950464,0.22848833927201767,0.21260945537121384
0.33195564904129565,0.22886174420951622,0.24443287864275645,0.19474972810643174
0.3311039196529241,0.23357671472328187,0.23770373304241038,0.19761563258138373
0.3223787030606013,0.232248872386425,0.24105201474312066,0.20432040980985308
0.24771212166014395,0.23890163452346055,0.25446629199216036,0.25891995182423505
0.3263555419795195,0.22570407729398212,0.23740649164246166,0.21053388908403683
0.31087516404597954,0.23609655117996675,0.23676056160547382,0.21626772316857978
0.29333682130356104,0.2337885030885244,0.25393649650314815,0.21893817910476654
0.2928260794334828,0.23754583156883025,0.2388583554312109,0.230769733566476
0.3445885487714107,0.22174286509338076,0.2429880453513781,0.19068054078383043
0.270370112978706,0.24425043154353915,0.24275339766506257,0.24262605781269217
0.336111593042555,0.22315069542839155,0.2328760028240679,0.20786170870498563
0.3340006248233045,0.2331281200391621,0.23264003373387784,0.20023122140365548
0.3405289129355225,0.2288067426896018,0.23831032373530955,0.19235402063956616
0.33480705310918074,0.23181901518312237,0.24115263518620644,0.1922212965214904
0.3329188569987687,0.23124910725168615,0.24453173487391838,0.1913003008756267
0.318886192795865,0.23659511196868532,0.23212150538426846,0.2123971898511812
0.3479477614214786,0.22689987754569324,0.2214863118667838,0.20366604916604436
0.3265703155837566,0.23302019608955776,0.23242496201381332,0.2079845263128723
0.336162292941707,0.226488362071987,0.25574636887698987,0.18160297610931608
0.3036369587008999,0.2397849743284794,0.25698861475460766,0.19958945221601318
0.27662633234240624,0.23658361306190845,0.2618190443998963,0.22497101019578927
0.20526845366667645,0.2282448608598658,0.23701882768838323,0.3294678577850744
0.34522141503893383,0.218326534101243,0.21170250614434902,0.22474954471547415
0.3559031553526591,0.22780065694564983,0.22189122764999406,0.19440496005169716
0.354316680489969,0.2259756586438779,0.2406297655491428,0.17907789531701032
0.3377814377642413,0.23355700845879354,0.2418719264700505,0.18678962730691476
0.33815746057132345,0.23027916617478852,0.24060698998807817,0.19095638326580985
0.2730565367855141,0.23965593446076003,0.24037982482722062,0.24690770392650516
0.3281718654348468,0.2260931512964962,0.23244051772227373,0.21329446554638334
0.326304997013254,0.23271269511021617,0.23592340865197406,0.2050588992245557
0.30765539124696406,0.23287849752122197,0.2596394619104111,0.19982664932140287
0.26470345719424426,0.2413032896773788,0.25815083265949673,0.2358424204688801
0.30865310593917517,0.22942771521617294,0.24589461916187164,0.2160245596827803
0.27704718908399517,0.2389854961935017,0.22748504352190993,0.2564822712005933
0.3476366563823725,0.22224314952891258,0.21580692896828232,0.21431326512043253
0.3601054684762819,0.22514800579095737,0.229302310752687,0.18544421498007374
0.35039031945749416,0.22803437143233818,0.24634672318596876,0.17522858592419885
0.32757354698629637,0.2352236655888128,0.24762959401975362,0.1895731934051371
0.31052705708654,0.23507634386888293,0.24556280156511676,0.20883379747946026
0.25238531794417685,0.2376716004090072,0.24128239442817848,0.26866068721863756
0.3394183242604529,0.22259591178999197,0.22617908846932303,0.21180667548023202
0.32584869429122093,0.23360525308062574,0.2347725468251979,0.2057735058029554
0.3198839446787495,0.23007814815252728,0.2601922196604516,0.18984568750827172
0.2962097952544841,0.2416416376551774,0.23962354786728896,0.22252501922304954
0.34146699784664525,0.22387303400071748,0.2339227870845829,0.20073718106805424
0.2714314583799282,0.23834617849947576,0.2164819452231551,0.2737404178974411
0.36687314030294815,0.2144754951345855,0.21821563817979897,0.20043572638266746
0.361883129391189,0.22729730020350347,0.23274949188615784,0.17807007851914955
0.32780870790505906,0.23319586003186038,0.2565147462677376,0.1824806857953429
0.30166914842894366,0.23880959015220665,0.23730527545380917,0.22221598596504052
0.30750838990461776,0.22983200345494526,0.23970735526617745,0.22295225137425947
0.2259887061821225,0.22784639205418514,0.23387130484131322,0.31229359692237907
0.3476304851171064,0.21884315651672115,0.22062831065979083,0.2128980477063816
0.3116632258161457,0.23638045833031907,0.23836363291200957,0.21359268294152572
0.28985838952324633,0.23349188992061776,0.2604316910786825,0.21621802947745325
0.287429639222861,0.23802158223618033,0.2395699920945848,0.2349787864463739
0.3249042196219586,0.22671646880911073,0.24068082585485903,0.20769848571407176
0.24319494560253985,0.2379819158536106,0.23710531295910167,0.281717825584748
0.34862892029518944,0.2182508335517462,0.22652203604611434,0.20659821010694987
0.33135390836087586,0.23504101905654542,0.23070974164115945,0.20289533094141926
0.3341323508043255,0.22872798797550478,0.24424146971338231,0.1928981915067875
0.31840040469255376,0.23746688029856108,0.22938861773193145,0.21474409727695365
0.34249964395055665,0.224468246517515,0.24020788658544218,0.1928242229464861
0.2892482661889303,0.2400459949565487,0.23412359180607445,0.23658214704844638
0.3513190152527774,0.2222068516714157,0.2228891106001688,0.20358502247563798
0.30567823750695927,0.23695514638694534,0.2381029275649605,0.219263688541135
0.3092631824629671,0.2305489996536357,0.258806595457043,0.20138122242635415
0.3077190988711635,0.23708338770226292,0.24349491924957412,0.21170259417699952
0.29393404931150147,0.23302732237524637,0.2560066749195071,0.21703195339374495
0.19768987465445476,0.22117022367072822,0.23126124269469558,0.3498786589801216
0.3505249724933369,0.21598497256468774,0.21480223180515245,0.2186878231368228
0.3267735539266786,0.23545175775476945,0.22865002337307055,0.20912466494548132
0.3225198760072837,0.22960688362921444,0.24988516476191253,0.19798807560158932
0.3236824076313016,0.2345453335327113,0.2440431097793422,0.19772914905664496
0.3282595242842683,0.23294744487027647,0.22850874571994198,0.2102842851255133
0.31429316574133825,0.2334264446099536,0.2240431619509101,0.22823722769779808
0.34547590337418477,0.22677574031239325,0.2211150198465767,0.20663333646684526
0.35370544700814743,0.2238814631057195,0.24305077443457226,0.1793623154515608
0.30033129756660204,0.23900388272829703,0.26934315238034373,0.1913216673247571
0.24723476567774344,0.24114687069664872,0.26026667072731796,0.2513516928982899
0.26012119514370347,0.2326836865748526,0.2525255323289302,0.2546695859525137
0.25823676481707775,0.23409347032848438,0.21806752552280706,0.28960223933163093
0.3609091777065802,0.21436641815317312,0.22441663790331065,0.20030776623693614
0.32815390084959506,0.23707023388268988,0.2385967502761109,0.19617911499160418
0.34626458531682713,0.22563091201255076,0.24388087333669498,0.1842236293339272
0.33482273278873925,0.23522721780499842,0.23257458025885905,0.1973754691474033
0.31673122690838845,0.23360648784876856,0.23612426230017802,0.213538022942665
0.3264201837491211,0.23103548246533573,0.2383699068204675,0.20417442696507565
0.3517921204736953,0.2262957057340524,0.234741763378851,0.1871704104134013
0.3104124592515172,0.2367835003059265,0.2477972488462015,0.20500679159635485
0.27774960368043655,0.2369171266497664,0.264492913720396,0.22084035594940082
0.2941788437605801,0.23525506195620938,0.25099569399124566,0.21957040029196495
0.3084273160357414,0.23276892115575298,0.24641440267001027,0.21238936013849533
0.27237469595773534,0.23919486460104242,0.22646657143585391,0.26196386800536836
0.35297151655268855,0.2181926584037091,0.22715812717066317,0.20167769787293918
0.3501025307947142,0.23063662718753486,0.23340801163398106,0.1858528303837699
0.3511116204559825,0.22691483358724085,0.24219773561805025,0.1797758103387265
0.3296040995391876,0.2358062094753153,0.23842570179225817,0.1961639891932388
0.3157967133441123,0.2334454577446686,0.24231246502076562,0.2084453638904534
0.3222970133146473,0.2326193916093974,0.23927415862117324,0.20580943645478206
0.3444274344778137,0.2299796853722686,0.22200064508628398,0.20359223506363378
0.30250482402848133,0.23406344726671036,0.2502517567686176,0.21317997193619068
0.2808447558596761,0.23622239988621294,0.2791923082966369,0.20374053595747407
0.31428628337300313,0.2352707411236686,0.24385790663189089,0.20658506887143752
0.2707449509398524,0.23769073107962044,0.25156069403569986,0.24000362394482724
0.21581596005445833,0.22849974181648613,0.2362616927169277,0.31942260541212786
0.36548435435258875,0.21268494101558338,0.2158961984316385,0.20593450620018933
0.36922493720732513,0.2250727347376115,0.23017140402742803,0.1755309240276353
0.3196673588497549,0.2381048336148739,0.2424881379588172,0.19973966957655404
0.35080029715245026,0.22581509401652,0.23153876169053716,0.19184584714049252
0.36090127241941633,0.22726769448203057,0.22561863278812286,0.18621240031043026
0.3148951101731524,0.23504739561254495,0.19126961554758806,0.25878787866671465
0.3792320176747222,0.2140676508524157,0.20794207557110334,0.19875825590175886
0.36772836168927864,0.22639262243234787,0.2255302435461012,0.18034877233227212
0.32183293039672756,0.23025839904902629,0.26359926117283045,0.18430940938141577
0.19464618874330464,0.20316798156555585,0.25426075699222545,0.34792507269891404
0.07232271343673943,0.11078156981254351,0.13645881811020855,0.6804368986405085
0.031408268324899305,0.047115199278559484,0.049431551922492004,0.8720449804740492
0.32089939801277567,0.19462564473562446,0.11614229305455148,0.3683326641970485
0.35070002513070925,0.21763430829349786,0.21256891024858524,0.21909675632720768
0.22880894023298454,0.21693774517601935,0.24920755037111586,0.3050457642198802
0.26120101335046714,0.22583839670760117,0.20948512473890116,0.30347546520303054
0.2931441512385443,0.2234216786249003,0.2282935171436033,0.2551406529929521
0.2253981258139533,0.21204158444583268,0.20465294130075792,0.35790734843945604
0.3568372030021805,0.2164542418822814,0.20462144818354794,0.22208710693199016
0.28303933940353315,0.2345755363946704,0.23976081977135857,0.2426243044304379
0.2921173923409108,0.23027467829046158,0.2515940037631983,0.22601392560542932
0.2909581573377499,0.2351423762223361,0.24608684178941115,0.22781262465050267
0.22844106491824617,0.23120837378030007,0.25785216242443215,0.2824983988770216
0.2367621034741335,0.22368013026478623,0.2206332610894114,0.318924505171669
0.3393369532180727,0.22114239537255173,0.21413642842591615,0.2253842229834593
0.30215582873758595,0.235698913792765,0.24209320426478997,0.22005205320485907
0.3263948702639898,0.23042946986970544,0.23876650082017722,0.20440915904612758
0.3423255506700786,0.22926018485481756,0.23147647439820998,0.19693779007689402
0.3103844988942391,0.2351415007476692,0.2343091254396592,0.22016487491843248
0.30917022743036987,0.23323704138549534,0.2272090175780506,0.23038371360608426
0.3581987293143299,0.2204023786986179,0.2356190645194819,0.18577982746757024
0.27366565562064227,0.24304082328507048,0.251622016092025,0.23167150500226213
0.2728606300328652,0.23241928946057658,0.27148741358245115,0.22323266692410715
0.2598410643760742,0.23981311416329404,0.2514590136363327,0.2488868078242991
0.3030973560872433,0.23008150205080885,0.23237969282385093,0.23444144903809694
0.2845119498304817,0.2346136440305841,0.21064416938334626,0.27023023675558794
0.3653624364347715,0.21613115739995314,0.21906725916874292,0.1994391469965324
0.36809185586800075,0.2249679379574237,0.23375529754747523,0.17318490862710031
0.34022722259839255,0.23254671478307115,0.245864215537301,0.18136184708123537
0.3040583590352085,0.23725521872764702,0.2511712627668736,0.2075151594702709
0.29494013293784294,0.2349564678375608,0.2413006029167963,0.22880279630779987
0.30708840978453894,0.23250063809264437,0.2197750695531387,0.24063588256967794
0.34378849318301485,0.22610060243823715,0.21420260008934086,0.21590830428940702
0.3260963594338247,0.23067988288944766,0.24057509405497102,0.20264866362175663
0.3070140774656807,0.23282485866838667,0.2733799932452161,0.18678107062071653
0.2878548532941766,0.24088891568044893,0.2560094295062035,0.2152468015191711
0.2534523633654266,0.23395931047536647,0.23401746487709704,0.27857086128210984
0.24027395161549361,0.21979945281750965,0.20011070374729564,0.339815891819701
0.37068533323322234,0.21261552678260454,0.2074019553133369,0.20929718467083627
0.374993224507789,0.22169860382399367,0.23558492038606996,0.16772325128214727
0.31598654382188374,0.23935414525256418,0.24809604203985414,0.196563268885698
0.30661974508491713,0.23433263651609132,0.23389127227465634,0.2251563461243353
0.30911748196779615,0.23068595867148844,0.2263832983831153,0.2338132609776001
0.3052804326026778,0.2323439374437931,0.21865085920896637,0.2437247707445628
0.35955008600897453,0.21960894863241578,0.23110633532512942,0.18973463003348015
0.28501786605877066,0.24130758567480498,0.24707460231694686,0.2265999459494775
0.28890088571735373,0.2306797738404744,0.26945735228538414,0.21096198815678777
0.2517055753526183,0.23704699660100986,0.23792009048201976,0.2733273375643521
0.3088580784871714,0.22621713590836845,0.22518401250728212,0.23974077309717795
0.2551216524859048,0.2298262792408595,0.21476563938424859,0.3002864288889871
0.3616027383218728,0.21512289163874102,0.22118668224365676,0.20208768779572958
0.3529552733131838,0.23029417497036325,0.23350764805786342,0.18324290365858953
0.319187629622268,0.2349851807513181,0.23967218827083098,0.2061550013555829
0.3043040050235366,0.2338438637409709,0.22987315378511214,0.23197897745038032
0.3268930680133212,0.2284254515520143,0.2292365140699659,0.2154449663646985
0.31372075368856717,0.23331512151778533,0.2319065083928217,0.22105761640082586
0.3323535260364852,0.22891119434507523,0.22914958617195968,0.2095856934464799
0.28694221149921034,0.23599749061619293,0.24375520655456365,0.2333050913300331
0.27461750046013733,0.23284247779034803,0.2680640542723973,0.22447596747711718
0.27289400534267727,0.23731487891602251,0.24408444588614844,0.24570666985515166
0.29611732190480833,0.2304688044779978,0.23331945540108895,0.24009441821610478
0.23684594686559618,0.22705750515086706,0.22114070997842214,0.3149558380051145
0.3533887809340425,0.21766531161000757,0.21519791924772202,0.21374798820822796
0.35948606406607764,0.22642761442079945,0.23133590775128357,0.18275041376183937
0.3263191299446361,0.2351682621153271,0.2393020598946191,0.1992105480454177
0.3218334726181134,0.23336987551538496,0.22401899897498745,0.2207776528915142
0.33661250387686525,0.22732845345057676,0.2296972215334879,0.2063618211390702
0.3118604746989625,0.23402308549954448,0.2239319488547934,0.23018449094669963
0.34971748798252444,0.22447158920024157,0.22112549468499693,0.20468542813223703
0.29062156496694486,0.23560169446325135,0.245143500704451,0.22863323986535275
0.25927806876491255,0.23237827000961966,0.27581323477228725,0.23253042645318062
0.2752611809291839,0.23625440236067122,0.247620626274902,0.24086379043524286
0.2280043680086668,0.23106861466580986,0.24733274975786396,0.2935942675676594
0.188876297649849,0.20840822664847763,0.22005612039693428,0.382659355304739
0.34963643838107883,0.217933643954636,0.2014309292516924,0.23099898841259278
0.3596236420950694,0.22430310889078803,0.2295630531171957,0.18651019589694687
0.3169008771594785,0.23766938931846646,0.23210298064675025,0.21332675287530484
0.34892266269275113,0.22606127138995524,0.22129964006064118,0.20371642585665245
0.3496618819421501,0.22769486514518827,0.23216174419944952,0.1904815087132121
0.29866000070918525,0.23641417356536007,0.229838541134626,0.23508728459082864
0.35441211687906826,0.22115838692126283,0.22996684848382018,0.19446264771584879
0.2642297650633493,0.23724676258395583,0.23980179750615713,0.25872167484653763
0.26542172313895473,0.2280922950151816,0.26110696942774725,0.24537901241811647
0.26807746738675187,0.23562308084685038,0.24432407653345356,0.25197537523294417
0.2674884703801505,0.23228914298091233,0.2530352894213944,0.2471870972175428
0.18150113438871573,0.21886592204877228,0.2471830468447472,0.3524498967177648
0.3259995752638878,0.2235374593163792,0.21150472628563874,0.23895823913409428
0.3504102499901879,0.22731806716865047,0.2138738101737362,0.2083978726674255
0.3453890860577249,0.2301668833430583,0.21864282835097817,0.20580120224823867
0.3617732924108501,0.22491331805951126,0.22334820502091715,0.18996518450872144
0.3660536992067886,0.2233655581453999,0.23796368039339674,0.1726170622544148
0.29606179426621415,0.23817481843268348,0.2465348268445465,0.2192285604565559
0.3048569049415063,0.23034117411932792,0.23239984241961142,0.23240207851955436
0.24712970882349386,0.23274596043773293,0.24704930809824077,0.27307502264053246
0.24211569334494243,0.22949108747870953,0.2605030251812607,0.26789019399508723
0.2728482115559723,0.23456040969379796,0.246020143285946,0.24657123546428375
0.29571843033627393,0.23142378432314786,0.23084842453576132,0.24200936080481672
0.24654378155980264,0.22858135206163605,0.21129915908558572,0.3135757072929756
0.35498858664083643,0.21618587422275057,0.2189280321053779,0.2098975070310351
0.35345185472255125,0.2287866441751418,0.2354386784961837,0.1823228226061232
0.34777286595897744,0.22994059809124853,0.23798902213789125,0.1842975138118828
0.2896981201905161,0.23757957996487236,0.2190322172129238,0.25369008263168763
0.3297413417288328,0.22392700215422207,0.22959559909552613,0.21673605702141915
