0.2985226357061268,0.21926949216792752,0.21989499803347465,0.2623128740924709
0.324136386550419,0.228538289706432,0.21823655758568522,0.2290887661574638
0.3378108093024839,0.22290073536052038,0.2271188025381518,0.21216965279884406
0.33857757541078226,0.2265378680649436,0.2326213436381737,0.20226321288610036
0.3071255508184741,0.2225332796000313,0.22782097022656225,0.24252019935493233
0.2743386933044542,0.21101858738776919,0.20264391531105522,0.31199880399672136
0.3681183803245348,0.2375145330894674,0.21585792639972393,0.17850916018627394
0.33718833791910485,0.22273892965488182,0.2407672907113847,0.19930544171462874
0.3435022670378419,0.22808709490237486,0.2349683902855187,0.19344224777426455
0.35273290581879635,0.22956695712962075,0.2393619116101192,0.17833822544146366
0.24345490751646168,0.20737209007993435,0.21147245006349427,0.33770055234010976
0.3819887936808236,0.23822416286485745,0.20789152490837043,0.1718955185459484
0.3376921263677667,0.229799986998664,0.24044091023487066,0.19206697639869877
0.35934536521254273,0.23209403449570445,0.23610481743100317,0.1724557828607495
0.3281816117290909,0.22549045804283688,0.23539004869747857,0.21093788153059367
0.3516434068223064,0.22851803348403354,0.22932685083122442,0.19051170886243574
0.24948847999464902,0.20528580453190873,0.20798270850215614,0.3372430069712862
0.33985266319165375,0.22560939243661304,0.20091784427036347,0.23362010010136974
0.3238670892968884,0.22097909316986836,0.22613205063840972,0.2290217668948335
0.3403187086422695,0.2193983857184042,0.2300969456082842,0.21018596003104217
0.2537709328253011,0.1979080227068168,0.20978632420186843,0.3385347202660138
0.34550144949884004,0.23253559628102174,0.21267611242302117,0.2092868417971171
0.22857621415792478,0.19114594852464195,0.19843083200517173,0.3818470053122615
0.396638258118304,0.24029502142741996,0.20307099064134956,0.15999572981292656
0.3202310970368559,0.22732508490306552,0.24215238638890013,0.2102914316711785
0.3696377845337364,0.2319565114153763,0.23371854171341058,0.16468716233747666
0.3389579082875724,0.22573178326064047,0.24042929680946665,0.1948810116423205
0.33863317023462486,0.2309864044914788,0.23413429357438276,0.19624613169951358
0.2727605865057267,0.22028129473599048,0.22164788455144707,0.2853102342068358
0.3978610493200059,0.23176745540024865,0.2197473472208785,0.15062414805886706
0.32750910390257326,0.2316343169349106,0.2480809332090254,0.19277564595349075
0.34472976335080757,0.23575476419862465,0.23707708208014805,0.18243839037041973
0.3189289293379422,0.23228450497627584,0.23378186770292173,0.21500469798286023
0.44596611386328805,0.22648850897734998,0.23589851873916162,0.09164685842020048
0.2633441068794837,0.22669034850151262,0.24745343150670676,0.26251211311229683
0.41059919532455413,0.24100169987613432,0.22097233134164077,0.12742677345767084
0.3530510973969677,0.23515842340148904,0.2545668809348139,0.1572235982667294
0.37422830726673656,0.2373100494907509,0.24364376032658486,0.14481788291592756
0.3682560664476395,0.2354184396354002,0.24965105826601353,0.14667443565094673
0.3712410783797732,0.23379975446845427,0.24862794687308168,0.14633122027869086
0.31209470612170787,0.2324335979247118,0.23726059039411274,0.21821110555946768
0.349385609257864,0.23454259232983204,0.22166991866260952,0.19440187974969445
0.3229738240923054,0.23521190708316217,0.23174382015936607,0.21007044866516641
0.41593154591883585,0.22578986514102578,0.2395061579943177,0.11877243094582071
0.32925228994298805,0.22500801754271274,0.2591124655114728,0.18662722700282638
0.34592623953996554,0.23648340865314585,0.2414252804121661,0.17616507139472262
0.2225554607005227,0.20392016804892718,0.2017609217335572,0.3717634495169929
0.4350692205793685,0.24112461647372063,0.20314225031861893,0.1206639126282921
0.3531683377891348,0.23370725902389286,0.2564483263130668,0.1566760768739056
0.3941212009362687,0.23347194480313,0.2447898206708231,0.12761703358977833
0.3472713553108903,0.2299926019075053,0.25119439144242806,0.17154165133917632
0.3589167996520504,0.23158161700722907,0.2392095057950133,0.17029207754570733
0.2615640046015177,0.21770550306249437,0.21995599978030414,0.30077449255568384
0.3699621556812752,0.23343552347691865,0.21314670643621872,0.18345561440558739
0.3448383271318622,0.2295969969165349,0.24133018218281457,0.18423449376878837
0.37420586515978516,0.2325251003992847,0.24634936141976796,0.14691967302116213
0.2971504275548693,0.22549424819443104,0.24174947835647537,0.2356058458942243
0.396543721749013,0.2381000132442337,0.23246979586909888,0.13288646913765442
0.2742378575231437,0.22695876592625078,0.23328867577695703,0.26551470077364836
0.38130580451249557,0.24294683491718755,0.2160762279208542,0.1596711326494626
0.3872494187912189,0.2329746831860851,0.2469517525182885,0.13282414550440738
0.39328843027119326,0.22827390339095105,0.2544970363807849,0.1239406299570707
0.341615236498332,0.23025235437175906,0.25303684052608183,0.17509556860382713
0.3302520292309636,0.23105984917520794,0.23578479554802578,0.2029033260458026
0.2645596575246496,0.2210555234565462,0.21408435351683575,0.3003004655019685
0.40115146711510336,0.23410451119787573,0.2143973822504159,0.15034663943660503
0.3399481287153173,0.2337036332586597,0.250028393080635,0.176319844945388
0.39635860244055937,0.23165936340528184,0.2470968188530947,0.12488521530106403
0.2891592959104106,0.22246039714871335,0.23988083547260003,0.24849947146827592
0.4009903574292519,0.2385843430952564,0.22523207452911106,0.13519322494638072
0.22728757467315502,0.20816728015054425,0.21147179430914326,0.3530733508671573
0.42862645736301935,0.23688910261009166,0.20280074541448698,0.13168369461240195
0.36626187902679935,0.2261925329263447,0.2573628031950623,0.15018278485179368
0.33715582009077544,0.22287881974796706,0.244235760110606,0.19572960005065168
0.2653846739958007,0.2038613852067888,0.21136423835366053,0.31938970244375
0.3344248861496571,0.2290982298430321,0.21052492526265706,0.22595195874465368
0.209601993014404,0.1809560607278213,0.18593267431474253,0.4235092719430321
0.4251717081604731,0.2354870742078711,0.19830062828491818,0.14104058934673755
0.305990094661976,0.220424405224152,0.24875552951498248,0.22482997059888943
0.3275241998590727,0.2270771866701738,0.2273476620339638,0.21805095143678974
0.3010650493498568,0.22078485716763008,0.22185509589606334,0.25629499758644986
0.3900761677826145,0.23434400850233306,0.22840527197287988,0.14717455174217264
0.23304826894586156,0.20679499656649675,0.2153843474769219,0.34477238701071977
0.4369982633237973,0.23570039163434406,0.2078712689891628,0.11943007605269576
0.32130174234724523,0.22912120254261628,0.2547067368372594,0.19487031827287912
0.36757231589672995,0.23348378345152684,0.23425678720942078,0.1646871134423224
0.2949920086799755,0.22229033734627374,0.22878979107963401,0.25392786289411673
0.3969894949009187,0.2341287810922007,0.22705494207506258,0.1418267819318181
0.2517163460260133,0.2055793555501458,0.222053421663134,0.32065087676070675
0.37767068785711866,0.23368602004593084,0.20714750070093732,0.18149579139601327
0.2962445336520637,0.2236945406840267,0.2331170764384884,0.24694384922542115
0.34902991630370656,0.2240232998049084,0.22515947087325522,0.20178731301812972
0.32389075486642865,0.22165686063133483,0.23288882769171224,0.22156355681052417
0.35444129879090663,0.2319143574286726,0.23596672408623573,0.17767761969418513
0.18951962551141077,0.17625928722509315,0.18266963883495788,0.4515514484285382
0.4627781767470784,0.23911431033973643,0.19435859389508728,0.10374891901809773
0.30714793680625246,0.22467424525744975,0.25758544977145453,0.2105923681648432
0.3814773712995639,0.23861729363649753,0.23587073009895218,0.14403460496498632
0.3513061346085624,0.22697735812038047,0.24809350499810479,0.17362300227295227
0.32534728714821354,0.2335366444998104,0.2330692732330196,0.2080467951189565
0.295876362096234,0.22847163095253484,0.21729539822134883,0.25835660872988236
0.3424373445520218,0.23010391818962678,0.21525624006340413,0.21220249719494735
0.42050357942806976,0.22578316283175703,0.24097989311866447,0.11273336462150879
0.3219431344708704,0.21981050192103813,0.260127102250525,0.1981192613575664
0.2875169190893721,0.22498530633629413,0.22562258726319578,0.26187518731113807
0.3489972328812527,0.23733731969812696,0.22594114331646492,0.18772430410415544
0.25982090015374254,0.2191237102184735,0.2131727560125319,0.3078826336152522
0.46495387489833884,0.23045486226414139,0.21486200772418587,0.08972925511333388
0.3333746966071664,0.23417867321125282,0.2688954679644311,0.16355116221714983
0.40789248766192243,0.23346732674427478,0.24221667996996396,0.11642350562383876
0.3310961219052724,0.23407913364148142,0.2507562524626286,0.18406849199061764
0.3273348603039636,0.2394411176282056,0.23120644990082762,0.2020175721670032
0.3588613984008037,0.23392248573257363,0.2334813055336396,0.1737348103329829
0.3911666710526089,0.2287848287342659,0.24157328571299883,0.1384752145001264
0.3312348068986742,0.23513063666579917,0.25112272749081155,0.18251182894471504
0.3309588298754606,0.23221156256374786,0.23906534843035276,0.19776425913043874
0.368133200080463,0.23583085639073173,0.24171273754666303,0.15432320598214228
0.3714539892639832,0.23540059784949216,0.2502197685303244,0.14292564435620037
0.2688072013004835,0.23171345840859095,0.2264706763443305,0.27300866394659506
0.43732341291899535,0.2357375813900154,0.21962387503948075,0.10731513065150845
0.3685914807553184,0.23238574620483943,0.26269911880658914,0.13632365423325304
0.39415851039319855,0.23368435408049304,0.25010009113152704,0.12205704439478159
0.32843130723311026,0.23338036213378927,0.24846804747710988,0.1897202831559906
0.3438103764972929,0.23804681078134504,0.23460921747368016,0.18353359524768187
0.3488892566831359,0.23164445885157042,0.23643729829075746,0.18302898617453614
0.33702812624066597,0.23026632390125257,0.22975782133285347,0.20294772852522805
0.35822356549496454,0.2398890496185453,0.2401009238220085,0.1617864610644817
0.36210901874887663,0.22984116064720952,0.2551196890823456,0.15293013152156837
0.3638613562213254,0.23049853683352206,0.24752113929769728,0.1581189676474551
0.3375937243662526,0.2431495245146019,0.24774330929597993,0.17151344182316547
0.236930883276943,0.216630573023429,0.20801723853907017,0.33842130516055774
0.491030128735696,0.224560530741573,0.20455002120261545,0.0798593193201156
0.38025311046841603,0.23033441022624662,0.2752706400677564,0.11414183923758084
0.29871694209467414,0.234747202911261,0.24124198999102311,0.22529386500304152
0.38554185624084825,0.2337529316330059,0.22536909934395194,0.15533611278219395
0.347238106451117,0.22715732692279386,0.23935926521129933,0.18624530141478965
0.1895396214304285,0.17498705167617895,0.17350329752801055,0.461970029365382
0.3278363938028104,0.21993229155420185,0.17662534038986366,0.275605974253124
0.2653846474064272,0.1841904802027009,0.19931730235602535,0.3511075700348466
0.24768457244775274,0.16644276089328336,0.18149689082526588,0.404375775833698
0.11305827818898789,0.0806240622341555,0.10339271576493124,0.7029249438119254
0.10434111084350922,0.07741982042678215,0.0834031148380453,0.7348359538916633
0.08383142796571207,0.06255703583948759,0.0677083685923566,0.7859031676024438
0.25416881736655755,0.17767969234236558,0.12862339902378042,0.4395280912672965
0.33253109624568494,0.2110518966641062,0.19915893402291457,0.2572580730672943
0.18463444928342634,0.1410817350638713,0.16747836292787024,0.5068054527248321
0.21869229112474453,0.17213623771440073,0.14857938309264113,0.46059208806821356
0.3095746992557746,0.21206231705179127,0.18685724841420664,0.29150573527822743
0.16632426326786207,0.13659967651895474,0.1480317499111996,0.5490443103019835
0.3879224947707681,0.23616482370185513,0.18156649836883554,0.19434618315854124
0.2413920477990885,0.18515120320806308,0.2123459604319386,0.36111078856090983
0.29698430200631787,0.2082380367298765,0.1946502097648759,0.30012745149892966
0.30825627876979295,0.21108553216943127,0.21225533195418,0.2684028571065957
0.26909696423796775,0.20733590013503012,0.21041506828353196,0.3131520673434701
0.23523165408222962,0.1904483224643426,0.17961361163342746,0.3947064118200003
0.3980223226689909,0.23975338209613653,0.20471466556494575,0.15750962966992685
0.32082657367004075,0.22617027446294763,0.2465664899270981,0.20643666193991345
0.3495913313385088,0.22841240270072619,0.22914730774628098,0.19284895821448408
0.3583681019622843,0.23146475521584955,0.2366582042256466,0.17350893859621944
0.2892034822350721,0.22043965928875556,0.2255883718537733,0.2647684866223991
0.29246513875968816,0.2223072989011006,0.2060373935328219,0.2791901688063894
0.4282662069986452,0.22529279249142486,0.22261585411198442,0.12382514639794552
0.2607422667123378,0.2121247872926398,0.23921042556289746,0.2879225204321249
0.3739147308202131,0.23795350850385694,0.22658923945829185,0.1615425212176381
0.2935829179863801,0.21737187579881684,0.23705543674025964,0.25198976947454343
0.36065674144143256,0.24110648879370278,0.2246570467718723,0.1735797229929925
0.2610572985495944,0.2222410563095503,0.21432333893053762,0.3023783062103177
0.42511780393659504,0.23729324747203123,0.2136599983177358,0.12392895027363787
0.39896923367649667,0.2238076884211257,0.25811163316562413,0.11911144473675356
0.3388513943987173,0.2293719789709113,0.25278688239709085,0.1789897442332804
0.3114693194786977,0.22457333449280587,0.23185263434782932,0.23210471168066701
0.3046457036840069,0.22101942795212592,0.2180323911076572,0.25630247725621
0.28951982705452073,0.21847524649929542,0.20682027496410663,0.2851846514820772
0.32600357754877374,0.2267548985813693,0.20817257149201726,0.23906895237783962
0.3477543476296885,0.230796689465748,0.23017754806548957,0.19127141483907387
0.3942875025862813,0.22529512374000593,0.2507033014197062,0.12971407225400639
0.29627398048558035,0.2126839893714169,0.24314276590018016,0.24789926424282258
0.2757252204465675,0.22485305097279865,0.20864678338249446,0.29077494519813935
0.2314059492094502,0.20205009323435374,0.17850025821221369,0.3880436993439823
0.44451059130321013,0.23523012707578736,0.20265434297355678,0.11760493864744571
0.42781195459297366,0.21447038296282697,0.2636136299943356,0.09410403244986383
0.26944041810251834,0.21201969298065823,0.24214196664765444,0.276397922269169
0.2947244802534659,0.22180628603640082,0.20408437998492066,0.27938485372521266
0.29394995661363194,0.21323658915076485,0.20420669708949477,0.28860675714610834
0.26649625227357315,0.20928798788674097,0.19555998232323077,0.32865577751645497
0.4108544666449231,0.2263041592389765,0.21291506830039467,0.1499263058157057
0.2549579083317408,0.20304159884725878,0.22857039891435396,0.31343009390664656
0.36332436795382755,0.23056420829069005,0.21927747019911725,0.1868339535563652
0.22967567205562908,0.18367099695309233,0.20218044423538972,0.3844728867558888
0.3544685065412033,0.2396443948260609,0.20173258577272646,0.20415451286000924
0.22367500700112444,0.19277935096937485,0.19473681730025755,0.3888088247292433
0.4435969437460074,0.23476937517932228,0.2034040685577921,0.11822961251687833
0.34599422545226205,0.2202502909339862,0.25861890359859685,0.1751365800151549
0.2875495797725711,0.2167448551734408,0.22350614621153517,0.2721994188424531
0.2737040497014025,0.20864285550420367,0.1989760115971478,0.318677083197246
0.32556535439227585,0.22111008821670083,0.20627672281000317,0.2470478345810201
0.286439301367044,0.20877982586587246,0.21142959252127977,0.29335128024580387
0.3137618693382203,0.21326470802866251,0.2058842755240509,0.2670891471090665
0.2802106304725938,0.21145524730000298,0.21035954627054393,0.2979745759568593
0.3363812846073025,0.22297262489325573,0.22055558152039567,0.2200905089790461
0.27543609440331956,0.20286600229035487,0.2146656864025963,0.3070322169037292
0.334324837903171,0.23265439151901945,0.21334731365147563,0.21967345692633392
0.22465406406087612,0.19529127572947363,0.19268601021915666,0.38736864999049364
0.42064536920404605,0.23758231917125455,0.20259227792922832,0.13918003369547097
0.3716958624885836,0.22363672114197122,0.255205510294266,0.14946190607517915
0.2952869772721346,0.21859092009318148,0.2320405628293634,0.25408153980532044
0.2795314849864234,0.21176687594814464,0.20188708905782318,0.30681455000760877
0.3323324006857218,0.22356823550684332,0.20964047417775813,0.2344588896296768
0.24640696771432816,0.18929109107581912,0.1962750082716136,0.36802693293823907
0.32349453821278035,0.21569976788156964,0.19450146421684827,0.26630422968880185
0.26452231162239187,0.19971496191573582,0.20665173755640318,0.32911098890546914
0.29494363458008027,0.20697941315340584,0.20569500799236975,0.29238194427414416
0.28271196181345254,0.1981735930380183,0.20367312802239962,0.3154413171261295
0.2780508571309299,0.2161232336426741,0.20543964454755553,0.3003862646788404
0.20976031625460043,0.18098897733156608,0.1731885719274143,0.43606213448641906
0.4264429601867812,0.23966019508538117,0.19705120591412795,0.13684563881370956
0.3791687457562209,0.22559640368607217,0.2581814250358247,0.1370534255218822
0.26798538549753737,0.2126264115830906,0.22384932232800994,0.29553888059136196
0.3416716471507868,0.23240181747233735,0.20830558035433153,0.21762095502254425
0.34224500822196674,0.22225467385966763,0.22860289844864168,0.20689741946972381
0.2255938590084705,0.1849969723164526,0.19308940015349804,0.3963197685215789
0.38208343607284595,0.22515764503576643,0.19884336620920412,0.19391555268218344
0.21077032272185248,0.175043410417499,0.19756691154303466,0.41661935531761374
0.3038195232865312,0.214428387778301,0.19149474724625196,0.2902573416889158
0.2688022741162739,0.19405412367816444,0.20055800066932203,0.3365856015362395
0.34857048111778643,0.23300396909395094,0.2180599590709988,0.20036559071726381
0.20975452430194452,0.1843792711976633,0.19649589730434922,0.409370307196043
0.40840747564974667,0.2420440881431789,0.1995049986457996,0.1500434375612748
0.3340926469905982,0.23021433084741208,0.2438051310008234,0.19188789116116622
0.3086988309427047,0.2311091179861807,0.22070572846273154,0.23948632260838304
0.35025799338258323,0.2288591802934939,0.21913638704221589,0.201746439281707
0.3929748189282809,0.22244592983111178,0.23792695555143706,0.14665229568917038
0.22688601312870452,0.18185017245920138,0.2098925846744838,0.3813712297376103
0.26850687049152633,0.19651907075016808,0.17918580189255287,0.3557882568657527
0.2574118076475934,0.19843818824626133,0.19015286786177513,0.3539971362443702
0.2945839873883225,0.21127872069000184,0.20251145619976346,0.29162583572191225
0.3241261751978188,0.22092982105069142,0.21844693284094946,0.2364970709105402
0.3178525800799965,0.2229949175307845,0.2220426855746491,0.23710981681457005
0.22494334260647653,0.20244369650019126,0.1885766943731401,0.3840362665201921
0.43169277976976894,0.23674286108528256,0.20400566089799127,0.12755869824695729
0.37127628095747545,0.22288026133297825,0.2597682609112004,0.1460751967983458
0.3456583082588858,0.22487712661210657,0.24100453058886676,0.18846003454014085
0.22089775053745872,0.19559722812714847,0.19480505148347838,0.3886999698519145
0.34544606653296944,0.22910479061873396,0.19646821997281882,0.2289809228754779
