0.25374698039088767,0.22472611058678327,0.2438886461125042,0.27763826290982485
0.2522327326440471,0.21855228410298067,0.24086683542315712,0.28834814782981505
0.25237594053947504,0.2115954227306189,0.24250691294908297,0.2935217237808232
0.2450474989054418,0.2363808891541408,0.24680542522537546,0.271766186715042
0.24858472385724517,0.23059284157700027,0.24523677045501902,0.27558566411073543
0.2606577695977588,0.21687329512323,0.24120262073850068,0.2812663145405105
0.2587214538749938,0.20936640589598945,0.23658065054228197,0.2953314896867348
0.25133124168654186,0.21875124885567251,0.2418858216719641,0.2880316877858215
0.25398922049471556,0.22070051563648663,0.24526766364951844,0.28004260021927935
0.24687643595053219,0.22595367056397064,0.24508147338538674,0.28208842010011054
0.24516790615669462,0.23822080168005672,0.24660913651430127,0.27000215564894753
0.2622877268964297,0.20307508799688193,0.2385901309875281,0.29604705411916044
0.25272894637687865,0.21537854070789852,0.23890196385774082,0.29299054905748206
0.24680282887735092,0.21891762174444085,0.24228923856929793,0.2919903108089102
0.2475775170976763,0.22515725716652146,0.24527690957974274,0.2819883161560596
0.24770617529797187,0.23089166046476944,0.24458836244569845,0.2768138017915601
0.2510323270109861,0.2313863328899837,0.24250060794348327,0.2750807321555469
0.2644688573154112,0.20404684452322797,0.23653501090566403,0.29494928725569686
0.253680133776663,0.2239533476905387,0.2402429211794066,0.2821235973533916
0.2513759041097004,0.2168016233708586,0.24381005856467902,0.288012413954762
0.24807019769030747,0.2323666950369183,0.248004224643972,0.2715588826288023
0.24533157902025512,0.22633999631235333,0.24588626326286525,0.2824421614045263
0.24792771512882703,0.23645302704037033,0.24639223952787434,0.26922701830292833
0.26635523157436924,0.19688845278242287,0.23632727936123274,0.30042903628197515
0.25026134579051207,0.2227332628579823,0.2396908062882034,0.28731458506330215
0.25219456876615326,0.22491569840346937,0.2434067530489795,0.27948297978139797
0.2612487640177899,0.21456734981919295,0.2423317620926232,0.281852124070394
0.25246843485769177,0.22252271926435155,0.24198922643083873,0.28301961944711795
0.24736746763979495,0.2346670811221426,0.24494446038754794,0.27302099085051434
0.2662982546328169,0.20427575901063552,0.2413038993368606,0.288122087019687
0.25459519022413635,0.2291045043729274,0.24200841497225867,0.27429189043067753
0.25459302039287823,0.21128507759578413,0.24086423749214414,0.29325766451919344
0.2555988506170794,0.22398813551275212,0.2446501544759051,0.2757628593942634
0.2558808858844873,0.20900260877678806,0.2408506211691959,0.29426588416952876
0.2469775460008201,0.23824430348583497,0.2459970726004957,0.2687810779128492
0.26195071944457754,0.2084572168351854,0.2399562297828699,0.28963583393736736
0.25662188703803274,0.21720835701015867,0.23930864567056873,0.28686111028123973
0.2573583912190876,0.20934708812569694,0.23960786366888176,0.29368665698633367
0.24965782849523924,0.2147907723953425,0.24211892961201256,0.2934324694974057
0.24268275514312188,0.23952934912207674,0.24720072442045746,0.2705871713143439
0.2544062137010091,0.23482273792831043,0.24449867090347743,0.2662723774672031
0.27320688583201336,0.19996755448576903,0.23373746238861756,0.2930880972936001
0.25955977085156556,0.21419384271533323,0.23524718187227645,0.29099920456082473
0.2563253859673633,0.207125486922956,0.2410660107620909,0.2954831163475897
0.2500029470276345,0.2326648220002765,0.2487535347064828,0.26857869626560626
0.24455037155197323,0.22901614442684107,0.24725824459539558,0.2791752394257902
0.24476721448781613,0.2423142771699211,0.2473412895311827,0.26557721881108004
0.27002002457896795,0.1922270304496357,0.23389761748219623,0.30385532748920013
0.2571471053497628,0.21215496518523838,0.2358435055495413,0.2948544239154574
0.25169354492583396,0.21798346133194163,0.2408013296290983,0.2895216641131262
0.25283532155885846,0.2252197444182911,0.24458064917000655,0.2773642848528439
0.2528212848542632,0.22566565116449389,0.24379351925486697,0.27771954472637594
0.25009233449065127,0.2383799679986061,0.24400853573110973,0.26751916177963286
0.2691364304501092,0.20145963066964195,0.23735567777280228,0.2920482611074467
0.2605878451547561,0.21602511541108982,0.23922598262078137,0.2841610568133727
0.2514185260373534,0.21160365925585622,0.24208597047081457,0.29489184423597586
0.24573161441769012,0.2318776894515403,0.24870398628381316,0.2736867098469564
0.24765634366559242,0.22744544781636886,0.24650847253780725,0.27838973598023153
0.25088716151998297,0.23291157633076473,0.24399283602841315,0.2722084261208392
0.2699502968712873,0.1975966150402295,0.23332614726731157,0.2991269408211717
0.25941748571542095,0.20649188205212052,0.2342643561289895,0.29982627610346896
0.2518687507765667,0.2221848962134338,0.24278290324518473,0.2831634497648149
0.2529144447552079,0.22433692727818025,0.24575748558947424,0.2769911423771377
0.24808898204187407,0.23430879154444037,0.2458360478959651,0.2717661785177204
0.25188770037572694,0.23526099077370513,0.24400258904353286,0.2688487198070352
0.27391356905832803,0.18827854672856612,0.23415119399238454,0.3036566902207214
0.25213135125403036,0.2206665380385038,0.23969632929529397,0.2875057814121718
0.2439230439993659,0.21631737050401242,0.24446875947231753,0.29529082602430407
0.24592756433343174,0.2359311801643284,0.24969368066300607,0.26844757483923387
0.24877792670984522,0.2246698564785625,0.243294425293415,0.28325779151817715
0.25068682437223705,0.2313269772216043,0.24132116003389886,0.27666503837225975
0.27319188981958337,0.18656223041960882,0.23048833308275626,0.3097575466780517
0.24913152823839127,0.22478006715975477,0.23915488446324548,0.2869335201386087
0.24561422046993744,0.23019836035859279,0.24647808168196791,0.27770933748950183
0.2527784907492057,0.22910707254455714,0.2471347720191055,0.27097966468713164
0.24804385255635628,0.22582443048465206,0.24297473802411745,0.2831569789348742
0.2492787467603013,0.23442498886311355,0.2442688571841218,0.27202740719246327
0.2711906880627889,0.19358949518152563,0.23664340790808763,0.29857640884759773
0.2493443277987081,0.22937127748772781,0.24153613276028196,0.2797482619532822
0.2487471107260938,0.22181551495273688,0.24512927208743995,0.28430810223372943
0.2539000420016677,0.22576580539074606,0.2462450531662698,0.27408909944131654
0.25159881534846956,0.21598821051745634,0.24192528853048204,0.29048768560359206
0.24675736246687607,0.23584410386915175,0.2448803043026299,0.27251822936134223
0.2646975158901388,0.19535046133426284,0.23709218943120086,0.3028598333443974
0.2479220397859939,0.23414023064793602,0.24261852535308304,0.275319204212987
0.2533934543523919,0.21209741813547667,0.241465645774737,0.2930434817373944
0.2515851556029893,0.21977339889006772,0.24338540149832777,0.2852560440086154
0.2441522936525497,0.23093839071545708,0.24420110070055512,0.280708214931438
0.2506288760271554,0.2355154322703307,0.2450049575466811,0.2688507341558329
0.27146273744198085,0.1985932944232417,0.23601893735026466,0.2939250307845129
0.2501663652745052,0.22708572447162326,0.23902405297757706,0.28372385727629446
0.25321641674514184,0.21178130792805083,0.24328243978560005,0.29171983554120723
0.25226695451303155,0.23249633640437764,0.2475562773481264,0.2676804317344644
0.2468513295159843,0.22146680477558045,0.24419176907691728,0.2874900966315179
0.24602731800084204,0.2486656153606557,0.24776562110172992,0.25754144553677233
0.27390997860468674,0.1850432238874667,0.23291627052781963,0.30813052698002685
0.2514036273010852,0.21914974151618213,0.23953866099179785,0.289907970190935
0.24513002657473495,0.2211689721042051,0.24426076542603423,0.28944023589502577
0.24773265325930152,0.2265851033459089,0.2470711359923563,0.27861110740243317
0.24907305338579874,0.24248096292331706,0.2456171649204045,0.2628288187704796
0.2625077730236455,0.2114884289016128,0.2361207663038313,0.28988303177091035
0.27001643388353125,0.20324413481263284,0.23437567695102093,0.29236375435281503
0.25831063669933607,0.21212340315853934,0.23806138510430586,0.2915045750378186
0.2501868827675785,0.22374249910756677,0.2468761373421257,0.2791944807827292
0.24665366398680705,0.24341917620320058,0.24972824296622492,0.26019891684376756
0.25172402306047353,0.22014482234925184,0.2441689300985627,0.283962224491712
0.25805022241162684,0.22164217405985037,0.24216744432977058,0.27814015919875223
0.2648273991038732,0.18901185979274904,0.23262645162752443,0.3135342894758534
0.2453227626121325,0.23418755925321944,0.2438341920488723,0.2766554860857758
0.2566698005534223,0.21844476361554668,0.2438098199846472,0.28107561584638385
0.2564722262973962,0.21815357154353943,0.2415555864481856,0.2838186157108789
0.24950432144546122,0.23017784252217996,0.24219992964086134,0.27811790639149747
0.25960237841870143,0.2180694986325402,0.24054367119614437,0.28178445175261396
0.2699283399996896,0.20709990903646663,0.23847329671149922,0.28449845425234455
0.25543544299409765,0.21915974147834405,0.23981205784123108,0.2855927576863273
0.2507265708812665,0.2179590571585579,0.24457173273537994,0.2867426392247956
0.2510501667675348,0.22952115998614017,0.24749592447142307,0.2719327487749019
0.2523528318775103,0.22040797636201703,0.24393170970117142,0.28330748205930123
0.2529744575915307,0.2280523985072111,0.24296010385479613,0.2760130400464621
0.26393552696431277,0.19523692980803692,0.234200197256258,0.30662734597139224
0.25283748974132664,0.22495613159252215,0.24120001029697127,0.2810063683691799
0.25711497757512286,0.2150549861703812,0.24147956076916494,0.28635047548533094
0.2525316260571725,0.21492729194311738,0.24214869168915581,0.29039239031055436
0.24258362399458822,0.24900833482095025,0.24683332528775723,0.26157471589670445
0.2633824673645521,0.22073959800071657,0.24132521407911844,0.2745527205556128
0.2799407163510211,0.1902268953114907,0.23303537281939365,0.2967970155180947
0.24891769748788786,0.22240036814121641,0.23853205492871488,0.2901498794421808
0.24832621579930872,0.22449468531114286,0.2475794768354912,0.2795996220540574
0.26227069632083244,0.21704337916667832,0.24789406470159198,0.2727918598108972
0.24325772257520234,0.22924625881952435,0.2431816874276054,0.28431433117766775
0.24653459706700237,0.2293457644758145,0.24454045379963413,0.27957918465754905
0.27529479195859796,0.18469994829762526,0.23348569913991554,0.30651956060386126
0.24664333491633206,0.21233491642860902,0.23701708220641987,0.30400466644863905
0.23317834489322406,0.22336306069264128,0.24612444428877722,0.2973341501253576
0.23651276605261265,0.22493070121114028,0.24791643130940988,0.2906401014268372
0.23453032426356774,0.24145324785915478,0.24667265568948002,0.27734377218779743
0.2482203329603548,0.24057165195420824,0.2412940329267884,0.26991398215864854
0.2676150290374921,0.1891256190021522,0.2255581991049612,0.3177011528553945
0.24106749060388394,0.22429392266208076,0.23846658674453483,0.29617199998950045
0.22673315777350994,0.24556426871973028,0.2519787946599884,0.2757237788467713
0.23291664165159723,0.24973436783447495,0.25723682447739826,0.26011216603652954
0.2350500086628283,0.25262441480100944,0.2514024382869467,0.2609231382492155
0.24269653419774415,0.2240702683342408,0.24459974077302488,0.2886334566949902
0.25684483146091236,0.20452190794787953,0.24060414755126336,0.29802911303994467
0.2420763078477071,0.22816624199504443,0.24355253745186328,0.28620491270538523
0.23881757841286883,0.22986250455778173,0.24905589498563832,0.2822640220437112
0.2447267830817523,0.23149551393085918,0.24823502765668629,0.27554267533070226
0.24065874337135482,0.2300205636679574,0.24469861520387637,0.2846220777568115
0.25098151878236946,0.23245024388643992,0.24509519405233246,0.2714730432788581
0.2656571123710639,0.20001971739597438,0.2356343676359863,0.2986888025969754
0.24592073484829646,0.23427093036807464,0.24227010628929666,0.27753822849433224
0.2543805290562288,0.21339147668911912,0.24491722529046028,0.2873107689641918
0.24857669377699687,0.22929158451867718,0.2469800520547223,0.27515166964960375
0.2417902858290499,0.2402497807910703,0.24768807738881415,0.2702718559910658
0.2574876158991748,0.21618216492392897,0.2438007793561858,0.2825294398207104
0.2597676897707056,0.202909490551694,0.2372609051027115,0.30006191457488895
0.24309864383234467,0.22486768535678484,0.24230984699077965,0.2897238238200907
0.25199070139192453,0.22312263053174525,0.24568590430897982,0.27920076376735037
0.2542937131426274,0.22063407727647696,0.24204902406056156,0.28302318552033406
0.24860986567307586,0.2306563323314931,0.24244615758357616,0.27828764441185494
0.25958096727686353,0.22745389265976873,0.24145859065125477,0.27150654941211305
0.2738348603698997,0.19093976162175275,0.23419609826538285,0.30102927974296473
0.2491993986437676,0.23002842296141973,0.24296005216400784,0.27781212623080476
0.24495524377022698,0.21640912094799905,0.24645400149315216,0.2921816337886217
0.2434766151635373,0.24166579204370886,0.25101747770346,0.26384011508929384
0.25141681609456296,0.22070134136507052,0.24366328330797857,0.28421855923238787
0.2530715612346573,0.2229685067851406,0.23974362608500488,0.2842163058951971
0.26742458099580524,0.19735579103995024,0.23232715021013384,0.30289247775411077
0.2583970146871157,0.21024321882466004,0.23698676060621637,0.294373005882008
0.24830754178930256,0.22325381302348218,0.244056662985024,0.28438198220219124
0.24228154245762834,0.22966105468176673,0.2473657756418407,0.2806916272187642
0.242111513749939,0.24839924957440646,0.24878283699078987,0.2607063996848647
0.261731938520033,0.22686085924077903,0.2411403648106305,0.27026683742855756
0.2781949244443552,0.18555017475758026,0.22858646342074826,0.3076684373773164
0.25116703388766504,0.21157799321590282,0.23713287213062306,0.30012210076580925
0.239779635027394,0.22649277786764238,0.2488007761420154,0.28492681096294836
0.2445123759889406,0.2452864000068187,0.253229575293445,0.25697164871079564
0.24726485812873708,0.23715944342963902,0.2454946883353423,0.2700810101062816
0.2578561835627249,0.2062193057167238,0.235289806586024,0.3006347041345275
0.2670298608677285,0.19290335504979617,0.23196738751272575,0.30809939656974966
0.2476255221838413,0.21604137847522423,0.2399075936017998,0.2964255057391349
0.2408221447875425,0.24494557897275604,0.24964724253259069,0.2645850337071106
0.24992824766994157,0.2263364637290912,0.24536422081963216,0.278371067781335
0.24874941997492922,0.22819519504926433,0.24233536659702518,0.2807200183787813
0.257912724416923,0.22534563377121566,0.24024884423238652,0.2764927975794749
0.26865326576166015,0.1904081478252562,0.23411132588718414,0.30682726052589954
0.24347892551678166,0.2370075197287603,0.2446339897930867,0.27487956496137117
0.24253776396015866,0.2228138522017403,0.2479003770907996,0.28674800674730133
0.24548830669003568,0.244928374792561,0.2505756487956301,0.25900766972177314
0.25422621737831336,0.2102427249636999,0.24001545686297074,0.2955156007950161
0.24806842207437838,0.22434482546522494,0.24091500825735296,0.28667174420304364
0.2591810784566379,0.20005111779565185,0.23705019014784795,0.3037176135998623
0.24681706729384106,0.22862353608033414,0.243469575765905,0.2810898208599198
0.24597312880633437,0.23133812201626375,0.2456071497753552,0.27708159940204663
0.24938269817915057,0.22030307279208272,0.24318302326801067,0.28713120576075607
0.24765628706520085,0.23024809427470946,0.24360634372381668,0.2784892749362729
0.25400240485851844,0.23051541727034636,0.24275841702392326,0.2727237608472119
0.2664544713411034,0.20135292454029047,0.23769166069986394,0.2945009434187423
0.24817881294029934,0.22439338184204272,0.24187678330443882,0.2855510219132191
0.24233382057969804,0.22490033892233557,0.2472261032733632,0.28553973722460313
0.24855841171570928,0.23441873845494315,0.25001938536290635,0.26700346446644113
0.249703379679685,0.22153411074789872,0.24316854990993764,0.28559395966247864
0.2476963163055502,0.22322532601697878,0.2416850588526991,0.2873932988247718
0.2597706587534253,0.1979637852578457,0.23675415823573204,0.30551139775299696
0.24545168839681625,0.22722428459573307,0.242508185396929,0.2848158416105216
0.24438710883742507,0.22686943553184857,0.24528997803531685,0.28345347759540945
0.24717895431361872,0.22214452637232923,0.24402852839557282,0.2866479909184791
0.24279767947783262,0.23640933455213123,0.24420309517419847,0.2765898907958376
0.25471701332092295,0.23227374610318646,0.24272050044076077,0.27028874013512977
0.27119964583131445,0.19537376828390177,0.23451259877417133,0.2989139871106126
0.24549933903184853,0.230319020904861,0.24145580747162465,0.2827258325916658
0.24444317001370788,0.22829271987319474,0.24854912052978284,0.27871498958331464
0.25400346521922956,0.22501726094526164,0.2497271052438097,0.27125216859169926
0.24267644131585336,0.23437913865627547,0.24564422917110296,0.2773001908567683
0.24706138445224735,0.21836073160617084,0.24336658377032552,0.29121130017125635
0.26052514073536104,0.19931184435006147,0.23861903322796787,0.3015439816866096
0.242645953218013,0.22606142653760208,0.24164307337322574,0.2896495468711593
0.24543491075879525,0.23094211044985818,0.24557807039997373,0.27804490839137286
0.2562082900663642,0.21109039665460064,0.2397724385526828,0.2929288747263523
0.24356677529775173,0.22796418153914919,0.2414829257638136,0.2869861173992855
0.24839157142972285,0.2417956298185075,0.24541608204835721,0.26439671670341247
0.2685002546124439,0.19887005995207105,0.2375078646974744,0.29512182073801074
0.24676714657519155,0.24068080697585764,0.24303632695384447,0.2695157194951064
0.2517292676623623,0.21895910199998517,0.24468707229469927,0.28462455804295317
0.2574717521816638,0.21905900788150928,0.24680009979074896,0.276669140146078
0.24452440785170448,0.21637301040095136,0.24415473326333786,0.29494784848400624
0.23471086801987373,0.2406453345072797,0.24964874009524438,0.27499505737760216
0.25448279883740205,0.20742889860947597,0.24310975813863359,0.2949785444144883
0.24792764686201052,0.22787727758150075,0.2408975944161726,0.28329748114031605
0.2533782133976567,0.21371890500792634,0.23702587935736089,0.295877002237056
0.2584060774267044,0.20814123244957222,0.23664921375221468,0.2968034763715087
0.24801506136157891,0.23024142316477827,0.24214671365755952,0.2795968018160833
0.24841362593643165,0.2436810158297993,0.24669583481162755,0.26120952342214143
0.2648249459788465,0.21137944270040987,0.2416394632542783,0.28215614806646533
0.24963773473362807,0.21530316379174652,0.2407384107309324,0.29432069074369305
0.24039790107938075,0.22628094583282868,0.24795977763775304,0.2853613754500377
0.24566411841848212,0.2379967952371592,0.25058886791646773,0.26575021842789087
0.2531228171968134,0.22306673818920758,0.24403817065942282,0.27977227395455606
0.2537781435586633,0.21206450335424798,0.23808818263979353,0.29606917044729514
0.25251740737932454,0.19975204536531305,0.23620343776091157,0.31152710949445084
0.24332402961640973,0.23586283363399427,0.2457595420965501,0.27505359465304585
