0.1861408905243668,0.31059487505332234,0.26153773765518057,0.24172649676713032
0.356094306411221,0.2632255675780503,0.2257918339107132,0.15488829210001553
0.41574253888620294,0.22945038384116842,0.24356317097398356,0.11124390629864497
0.1588307290602576,0.157101723488105,0.2389968081380421,0.4450707393135952
0.2289568062984054,0.26755858872694294,0.2457780739087232,0.25770653106592856
0.4855223691574908,0.23915885894492528,0.19221801651190243,0.08310075538568135
0.38757653677409876,0.21192441700177472,0.2813611014603067,0.11913794476381984
0.49623477155625584,0.20315414028588477,0.21749465490802322,0.08311643324983604
0.5279845750350423,0.1809566377166859,0.21673645049707468,0.0743223367511971
0.07378732479564633,0.07798970543635143,0.15407844958997452,0.6941445201780277
0.3090205799370745,0.32917772305497245,0.22394862280134928,0.13785307420660378
0.48897528029177245,0.21036578000215717,0.19100006009481546,0.10965887961125481
0.412868474814801,0.20063529006536385,0.2600532718976752,0.1264429632221601
0.3140149320244932,0.19795782985099597,0.2571499488316236,0.23087728929288726
0.3608671188530688,0.23355683492277363,0.2465953306033202,0.1589807156208372
0.08058458097462334,0.10334681994436457,0.15849358506294986,0.6575750140180622
0.27457399374191427,0.34146265580946855,0.2467732313423323,0.13719011910628467
0.4517023788872193,0.23698983181933594,0.21492594318763092,0.09638184610581382
0.39683630068698866,0.22266753585999413,0.28128268500888964,0.09921347844412759
0.35434806446242767,0.2133725446426367,0.2671698619325068,0.1651095289624289
0.35733200891440237,0.2268408872413477,0.26020932102534183,0.15561778281890828
0.037810909413293584,0.06611511377840697,0.11370046234321252,0.7823735144650869
0.3053340516095001,0.35917236429437666,0.2239835631836109,0.1115100209125123
0.3989414083114879,0.22572206678182538,0.22224199459204536,0.15309453031464135
0.31623888785728144,0.2380341414078317,0.29928445314361374,0.14644251759127325
0.4381739512136292,0.22257438918800765,0.22544370386932625,0.11380795572903683
0.4979278353024317,0.20311405901328153,0.2280215975513733,0.07093650813291356
0.11844474222276027,0.13927189062992892,0.2588724767886846,0.4834108903586261
0.36357231213898283,0.3050824054407785,0.22845224033886236,0.10289304208137617
0.5283531837811354,0.20192328565369164,0.19493630821460822,0.07478722235056484
0.36080433483692265,0.2014514578215293,0.2940466715973061,0.14369753574424202
0.37725826711758614,0.22383822745478416,0.2582906304133894,0.1406128750142403
0.6220193561044656,0.1754456559500209,0.1597594258432896,0.04277556210222397
0.16375917324044678,0.12337123281377857,0.24382477940319525,0.4690448145425794
0.4524306657673078,0.2650175408173395,0.1937890107083584,0.08876278270699432
0.4566308566473423,0.1950129504200937,0.2278218804877143,0.1205343124448496
0.5144358704750877,0.19158527578146975,0.21812249727624738,0.07585635646719531
0.49277928425839757,0.18366025579898002,0.23399232128081138,0.08956813866181114
0.36053851686455707,0.20171749204897302,0.2841149473676533,0.15362904371881655
0.12266196410431755,0.13370181736208317,0.19541691787390497,0.5482193006596943
0.3869621371730171,0.29901966695708554,0.21039799326965192,0.1036202026002455
0.506501989342428,0.20703582786106103,0.20981634379033967,0.07664583900617139
0.5268039482355455,0.19147650384887258,0.231549815576756,0.05016973233882593
0.5321169791158612,0.17822911276073414,0.22583095428643746,0.06382295383696716
0.462012407521969,0.18083319260278208,0.24559846838482036,0.11155593149042864
0.015403115893299462,0.024585990428217377,0.05173840380604301,0.9082724898724401
0.26740243137851993,0.38313304020541294,0.229281934797348,0.12018259361871915
0.5474881780908902,0.20491183936191776,0.1646442016549618,0.08295578089223003
0.4546710326893599,0.19717159803542147,0.2664625507407308,0.08169481853448782
0.3833150664859006,0.20274709972384436,0.26739505932599356,0.1465427744642615
0.46636617577224004,0.21265105931529787,0.23001764219228008,0.09096512272018194
0.13995348249577197,0.1433760264344339,0.24185206671919074,0.47481842435060334
0.35455629428931323,0.29878812151166173,0.2319188790200719,0.11473670517895325
0.5656282474913922,0.19768389472334214,0.1812155749624633,0.05547228282280233
0.5131370456378308,0.18254712025647585,0.24305806445819916,0.061257769647494166
0.3139877390092213,0.19098218092340222,0.2924431110700864,0.20258696899729003
0.4586794476193786,0.21772097459671005,0.21355218880121715,0.11004738898269424
0.05732303402581068,0.06714740368953602,0.11940050200738567,0.7561290602772677
0.3124707307637886,0.3442265328276644,0.22089286048576426,0.1224098759227826
0.55308433939299,0.20443191117952633,0.1753804829006825,0.06710326652680129
0.48728722945597996,0.19253611126434464,0.25630637295052644,0.06387028632914889
0.4708342761043833,0.18822390193572636,0.24004236862096584,0.10089945333892468
0.4373684680154892,0.19941378943520946,0.2528008852232719,0.11041685732602942
0.08748339605439087,0.09995994942062335,0.17167778235858172,0.6408788721664042
0.4120522291117091,0.3097071162441936,0.19570152935960203,0.08253912528449522
0.5915009546592132,0.18069148117383935,0.1740625746775443,0.05374498948940319
0.4542477417916763,0.1839555037751731,0.2693316890743171,0.09246506535883343
0.28523772456296775,0.17023268420457335,0.2415223115832167,0.3030072796492421
0.4568031938814053,0.22816705694108338,0.20567436640613776,0.10935538277137366
0.01275099234770545,0.01956159124062246,0.039583636463403696,0.9281037799482684
0.3040983592833307,0.38534535117122487,0.21738075869561632,0.09317553084982812
0.5615324294117073,0.2025487677189053,0.17007271914594477,0.0658460837234425
0.2768251981442787,0.20285715343908226,0.3380454734356366,0.1822721749810025
0.28562706544372535,0.22007376742816967,0.24704327032173454,0.24725589680637036
0.3721155099470356,0.24654102253065385,0.2446760979788599,0.13666736954345052
0.0323705180415928,0.06062698315780881,0.1090816981985246,0.7979208006020738
0.3328669387702505,0.36380008949510273,0.21663410441346287,0.08669886732118386
0.485159180618931,0.2139093276545053,0.20332606310707976,0.09760542861948386
0.2920301857505146,0.2153588542015445,0.3171494530309882,0.17546150701695276
0.3644427949438721,0.22456392999458805,0.23645008819496136,0.17454318686657855
0.523824226032804,0.20527315601434357,0.19928088591102297,0.07162173204182953
0.061499117857206596,0.06874820686064324,0.13618419624069336,0.7335684790414567
0.3799177711893503,0.331855293170219,0.2015599440704685,0.08666699156996212
0.4110604717785445,0.20655401174788482,0.22414073565999582,0.15824478081357474
0.38773870044489467,0.21442835717500686,0.25428417804683134,0.14354876433326727
0.3666830761175349,0.20691169396451756,0.24442074848348566,0.18198448143446191
0.43195081384865947,0.224504338670567,0.2406167889805771,0.10292805850019648
0.04262906703810722,0.06123783761909592,0.11333319815325639,0.7827998971895405
0.321668212691226,0.3597043246700903,0.22170633806421752,0.0969211245744662
0.42042897969295095,0.22327593698763848,0.22211680043636964,0.1341782828830411
0.26392617382778805,0.24453501871114883,0.3387812496662846,0.15275755779477856
0.5202918085353463,0.21428354895181698,0.18886228384201412,0.0765623586708225
0.44976207592280604,0.19142074088192837,0.2524248052651317,0.10639237793013387
0.03120811076553808,0.04810548514084952,0.09678445021105868,0.8239019538825537
0.3527063460367415,0.35588767897119705,0.2047729590308634,0.08663301596119807
0.48288261595520193,0.2080286145010919,0.20263604567343158,0.10645272387027467
0.40730331308590906,0.2070299838625215,0.26930839792126027,0.11635830513030923
0.2798642163879868,0.20067397728375913,0.2690015486428482,0.250460257685406
0.29256427486646996,0.23111531347595418,0.24751149326082153,0.2288089183967542
0.13820156465825792,0.16077817218045126,0.2019279933656298,0.499092269795661
0.3571869084354196,0.3111862826403179,0.2339400411462693,0.09768676777799327
0.5991239784797201,0.18942839014515486,0.16866036336898693,0.042787268006138114
0.4096170298232394,0.1981321374901771,0.30623937957779757,0.08601145310878588
0.38698566338850815,0.20606908450471287,0.2584929044817773,0.14845234762500173
0.26721803813231054,0.20232865883793924,0.26332917304928893,0.26712412998046137
0.1469625972124942,0.17085422277754742,0.2059346567051592,0.47624852330479917
0.5378029856526595,0.24883883442757015,0.15826857029580213,0.05508960962396823
0.34759388357275983,0.19104016935800736,0.27893988006934095,0.18242606699989192
0.43436117766433574,0.22220459232248113,0.23426643359338498,0.10916779641979818
0.4444483374827742,0.19812508669014567,0.23279371551806688,0.1246328603090132
0.330448680477187,0.20933927507615505,0.2794797516325544,0.1807322928141035
0.2673444070268128,0.2285157730001663,0.27676508064251404,0.22737473933050698
0.5740047246535336,0.20822231128316848,0.16665111293264798,0.05112185113064997
0.537955999651559,0.17469499160247973,0.22831631342213618,0.05903269532382499
0.3531059370856605,0.20352805381369984,0.3114049124901863,0.13196109661045327
0.4926674698807515,0.20645494804703457,0.21294813426270837,0.08792944780950555
0.4457897689807093,0.190208442903229,0.24301521573659593,0.12098657237946583
0.17845842092842357,0.14185394947401128,0.2149638329128515,0.4647237966847137
0.4964683120253299,0.25398783041939726,0.1789389806003369,0.07060487695493588
0.4386309818179247,0.19969091758163046,0.2538679925756242,0.10781010802482069
0.4968802603320844,0.1964540109854378,0.22455556770453086,0.0821101609779468
0.4835196125946059,0.18517355027943072,0.2319122424394603,0.0993945946865031
0.2626067033066932,0.20827779533864685,0.32050790294603276,0.20860759840862717
0.16398296479566699,0.19552730188114534,0.24202167795143392,0.3984680553717537
0.5443248788868342,0.23893670999140154,0.15997178303545354,0.0567666280863107
0.5698036336801126,0.17495856592709708,0.20977916469111682,0.04545863570167344
0.25767244837006203,0.20243741055112865,0.35815673178482704,0.1817334092939823
0.621905187755133,0.1824942686950219,0.14454336784231123,0.051057175707533695
0.587328095989222,0.15085260414178528,0.20068418897525725,0.06113511089373538
0.014379372797267706,0.017066724413844186,0.04108825524435743,0.9274656475445306
0.37921539190678316,0.36089231906798397,0.1875527747688833,0.07233951425634959
0.694798097291142,0.14873513989108345,0.12060711713841578,0.03585964567935901
0.12385920379482385,0.08096650779770173,0.17609619404292537,0.6190780943645491
0.2616736598552826,0.2642590117279342,0.20629779970075915,0.26776952871602394
0.14380817207981364,0.12591349289548312,0.137115406490376,0.5931629285343273
0.0009433748987326874,0.0041524694777439735,0.006619386757704268,0.9882847688658191
0.21890254400505724,0.3941530325876259,0.23885979716344954,0.1480846262438674
0.47054468648177494,0.2437540049760635,0.19772206826067346,0.08797924028148803
0.22911564022018038,0.22658570923663746,0.36324176716813683,0.1810568833750455
0.11250808775294997,0.16560927118668556,0.23072226328083204,0.4911603777795324
0.027170119109967538,0.08220463742945112,0.11508235604942779,0.7755428874111534
0.0006405395904441517,0.006624622151414572,0.01154654094040289,0.9811882973177383
0.14786915967779693,0.4096298695725996,0.2852659475226804,0.157235023226923
0.4491021913288233,0.2508215133285843,0.190225599034452,0.10985069630814037
0.09366541531597433,0.1283353768557111,0.22903266044699783,0.5489665473813168
0.13790729093020138,0.2650670657303494,0.2528667087033738,0.34415893463607544
0.13437267212776124,0.2238727236084344,0.2319891874738411,0.40976541678996325
0.023362693991454127,0.07115186244396149,0.09412258730652787,0.8113628562580565
0.30046852913969985,0.37615100686735736,0.2271632941589114,0.09621716983403124
0.22313477426031908,0.22774289534083528,0.2718950937504049,0.2772272366484407
0.282671128401517,0.28147411978134457,0.28271705918820256,0.15313769262893595
0.484063912909048,0.22701879698112284,0.2068793352457975,0.08203795486403169
0.18244059374116875,0.16589853988105774,0.2741267242501157,0.37753414212765785
0.0713586685161286,0.13793189075133425,0.16763122267509445,0.6230782180574427
0.4312606482610185,0.3065201586491511,0.18470502497944635,0.07751416811038402
0.2228469892687029,0.17846329194898047,0.24877002191817196,0.3499196968641447
0.21429862689113907,0.26678205346596806,0.282664457958812,0.23625486168408083
0.4565661409741375,0.23563865206006704,0.1944743694901477,0.11332083747564772
0.22780559570757256,0.19275532329551304,0.28506278177671884,0.29437629922019565
0.18501409232281585,0.2355714690360524,0.26709828773301764,0.31231615090811415
0.5847703479470184,0.21878649428095467,0.14881986395822006,0.0476232938138067
0.484036645398442,0.18418677265895395,0.25602788815172317,0.07574869379088098
0.39654587547183584,0.20827930923544918,0.2841909411966543,0.11098387409606077
0.2437200420626914,0.18563620942931872,0.2555200150929075,0.3151237334150823
0.33982710486378664,0.2312478684833579,0.2177234198962457,0.21120160675660982
0.08734780368967227,0.09808579237648761,0.1354144636428722,0.6791519402909679
0.38034357158860504,0.32167663866732304,0.20481063226097668,0.09316915748309512
0.5890189610854919,0.186467739289313,0.1714822089737853,0.05303109065140994
0.4401027516915075,0.18899613603845447,0.27918321400831175,0.0917178982617263
0.33525263432776825,0.19548966608157825,0.2646884759486068,0.2045692236420467
0.14325112185244,0.17577006147759763,0.2457429942525394,0.43523582241742304
0.10361095055409571,0.18164687081181843,0.19180030811386878,0.5229418705202172
0.4320735816124401,0.2918747076223023,0.1897906640562278,0.08626104670902987
0.5782418522781648,0.18766871028147733,0.1884771750702306,0.04561226237012741
0.43472242216018064,0.19559751134351916,0.2888382120536343,0.08084185444266584
0.3425893880376646,0.1914782015986179,0.25643265766631806,0.20949975269739948
0.20729013330744298,0.15581988208565165,0.19327256603695106,0.4436174185699544
0.0146248282756562,0.03790680518652348,0.05225697713697228,0.8952113894008481
0.3374373467673993,0.3735682685340762,0.20552718320284,0.0834672014956845
0.6134520311714764,0.18340198611563932,0.15325181588699485,0.04989416682588947
0.1928347871423079,0.15774015188280863,0.30687097245667216,0.34255408851821134
0.19703794329413155,0.20861359313629627,0.21579158930229472,0.37855687426727735
0.17818570914407442,0.23586374461306026,0.24293592830148467,0.34301461794138066
0.12250414311065974,0.1960678782187352,0.21557111883206206,0.46585685983854297
0.4975364724878828,0.2685854319469072,0.1719289559225022,0.06194913964270779
0.44716028336592506,0.19987594788951818,0.2535005468030821,0.09946322194147467
0.3291341211294365,0.21699789744076942,0.2977675162298913,0.15610046519990273
0.16308321078488616,0.1546196760741723,0.20827249165752398,0.4740246214834177
0.340061519172849,0.27342553681044585,0.2186058400866157,0.16790710393008937
0.06241932523652847,0.08090753642776576,0.11907157528623877,0.737601563049467
0.3578616407748605,0.34034578973608914,0.2098643885855503,0.0919281809035
0.46229690550453234,0.20920467944046778,0.21037738133693568,0.11812103371806426
0.21958313773074367,0.1839807658195104,0.27950558161396905,0.31693051483577683
0.1803458851075136,0.20765096240288938,0.22767394639557384,0.38432920609402327
0.24984985500230783,0.28091254799950793,0.2626923772239843,0.2065452197741998
0.17088269857338687,0.20620509186542701,0.24270122409427608,0.38021098546691
0.42792753347681606,0.27200248963274687,0.20804434168652178,0.09202563520391531
0.4721457540628663,0.20949392643568732,0.23580285535101492,0.08255746415043141
0.3138744796662908,0.21494844578935585,0.3101250301608207,0.16105204438353257
0.3199293349624579,0.21210893046177978,0.24100497427494252,0.2269567603008197
0.43020171000556856,0.217620470818601,0.21436775928144075,0.13781005989438974
0.04992919780399939,0.058476824005778534,0.10065237772109144,0.7909416004691306
0.3404355211407133,0.3486528859474585,0.21126743981259877,0.09964415309922958
0.5131050789223524,0.20251537174291281,0.188596931848885,0.09578261748584994
0.18326044555003365,0.15210213319711383,0.25411380105804726,0.41052362019480515
0.20979631158263268,0.23173556937009568,0.22657185170847635,0.3318962673387954
0.17991957819928617,0.240225709085556,0.25639743692325107,0.32345727579190675
0.05872810923290276,0.1297265865604929,0.16459292074510518,0.6469523834614992
0.36753036596150945,0.3325430289354632,0.20915522020862695,0.09077138489440036
0.4152666615836516,0.23490247492833796,0.2536093694153187,0.09622149407269175
0.23457670257222402,0.22956907315764968,0.33646136073086913,0.19939286353925714
0.45565966226592053,0.2322761143625413,0.20696349023808652,0.10510073313345172
0.38496094497333505,0.1926432802189593,0.24543268772657473,0.1769630870811309
0.015551028991496053,0.0273199287709428,0.051084769124058176,0.9060442731135029
0.32302341508252236,0.3750474903951146,0.21003441038277743,0.09189468413958554
0.5050704609506982,0.1983148578026196,0.17999949056202372,0.11661519068465852
0.07966723772212353,0.09271767409472946,0.1730037111616329,0.6546113770215141
0.26160535079885544,0.3151326402986619,0.23180627178954474,0.1914557371129381
0.32151143777735774,0.24498450339367225,0.24330454558527684,0.19019951324369316
0.04682974614356116,0.09841027925991495,0.16253365181452814,0.6922263227819958
0.3471535909490744,0.3458579336758973,0.21686749365639765,0.09012098171863073
0.357899897883113,0.22919757164662666,0.2548217628104142,0.15808076765984613
0.25985880283709045,0.2494981145022131,0.321155709054971,0.16948737360572547
0.4816937871563846,0.2240857924621326,0.20168303824955613,0.09253738213192655
0.5770094056543201,0.17508461871085926,0.19310597080025677,0.054800004834564
0.018651426625311614,0.024967567085441296,0.060754220656055784,0.8956267856331912
0.20531455509862326,0.36310361611877195,0.23902358254107706,0.19255824624152781
0.3295110055280748,0.20837213297670876,0.1816614336940924,0.280455427801124
0.12128644868976948,0.15123789299959786,0.19866712601372197,0.5288085322969106
0.2935240335126323,0.3087711109176058,0.2408496703150306,0.15685518525473133
0.5391420988481208,0.21528522433041278,0.18380665020071066,0.0617660266207557
0.11826628892731146,0.14175700479832193,0.2792936748970637,0.4606830313773029
0.3096211475739957,0.3074444188225058,0.24907111248999386,0.13386332111350482
0.3987634878960329,0.23745126250080742,0.2414888083792611,0.1222964412238985
0.31346456972948566,0.23060207239810174,0.2966283926300104,0.15930496524240226
0.3056443609313021,0.22039372567096832,0.2528437502737319,0.22111816312399765
0.36480878107400305,0.21549344870914405,0.22120347833138274,0.19849429188547024
0.10739856444043333,0.10620179185799353,0.14860154484998728,0.6377980988515858
