0.318196238231056,0.2393417701210875,0.20930615433456365,0.23315583731329284
0.31382483478915313,0.2353481744001098,0.21521817606708624,0.23560881474365078
0.31337639728379274,0.23581663589045657,0.2162846206539223,0.23452234617182838
0.3150290910151434,0.23681887325914106,0.21192761196205936,0.23622442376365613
0.3157864105353098,0.23772007329843853,0.20974402235236014,0.23674949381389152
0.310693640926869,0.23492501686780634,0.2186510552927742,0.2357302869125504
0.3111505287493089,0.23223759447560613,0.22281976672247777,0.2337921100526071
0.31803448743873286,0.23704571610763284,0.21401588733917878,0.23090390911445555
0.31467948640884735,0.2363726530166122,0.21383161768173822,0.23511624289280217
0.3177735172057114,0.23787432218227259,0.20765053656180038,0.23670162405021566
0.3144200071572076,0.23790420491150538,0.21236950881152064,0.23530627911976634
0.30669293612251636,0.22886606025855755,0.23017077754758755,0.2342702260713385
0.31822263973171255,0.23585540070039723,0.21760156681093354,0.22832039275695654
0.31864669626333686,0.23556587066188828,0.21511175096836274,0.23067568210641204
0.31769453813870085,0.23738194518383054,0.21299819490745353,0.231925321770015
0.31793319385553814,0.2369324371112446,0.21003262852330218,0.23510174050991503
0.317098798590348,0.2388249291737395,0.20950061474933956,0.23457565748657294
0.30950142020488497,0.23263861689006504,0.22168174843948257,0.2361782144655673
0.3157245309449512,0.2374897194770183,0.2125067850988036,0.23427896447922694
0.3159566175728921,0.23825921963603025,0.2071767073348054,0.23860745545627232
0.31144386237973415,0.23922641965822944,0.207237923285007,0.24209179467702935
0.3080826068967987,0.23475133780475527,0.21362615620554745,0.2435398990928986
0.30948887669628683,0.23666175865487593,0.21748930524051532,0.23636005940832194
0.30523255979726477,0.22745594083348342,0.232109332918753,0.23520216645049888
0.31911870611727267,0.23683006750803226,0.21590588017416298,0.22814534620053215
0.316356052796298,0.23456295914801006,0.21752713687835473,0.23155385117733718
0.3179825128249603,0.23764716315370057,0.21192056256620287,0.23244976145513635
0.31894307492290114,0.2377588843616586,0.20786283823986626,0.23543520247557403
0.314570096288027,0.23730060080182885,0.2139355936021224,0.23419370930802175
0.30881454887414667,0.23084609894850697,0.22592657222433418,0.23441277995301218
0.31960713583955824,0.23783929769084647,0.2115106895055611,0.2310428769640342
0.31739721463714815,0.2353460803829303,0.2145960784234734,0.23266062655644804
0.31227091065038637,0.23431487511413346,0.2231862833100303,0.23022793092544988
0.3169630011850276,0.23218415652598887,0.219921911291749,0.23093093099723444
0.32437958952766277,0.24016304229194707,0.20844114242841635,0.22701622575197375
0.31100048078668213,0.22893138667842108,0.22888174385970644,0.2311863886751902
0.3219230067787349,0.23623173042842194,0.2172174016335204,0.22462786115932276
0.32028929368320574,0.2346293178851453,0.21785592662299944,0.22722546180864955
0.3211404457225761,0.23646865086976943,0.21493678669656266,0.22745411671109173
0.3219115825091615,0.23687230574254695,0.2118192534665398,0.2293968582817517
0.3198335725364107,0.23733140218415827,0.21268992231178463,0.23014510296764637
0.316319249617433,0.23374705112354577,0.21907086046287408,0.2308628387961472
0.31861621908041954,0.23610741772515687,0.21693893065350714,0.22833743254091649
0.31757109406721556,0.23500019861014754,0.2166457227852543,0.23078298453738277
0.32095532228714724,0.24047417485672304,0.20473074238787634,0.23383976046825333
0.3177276293497927,0.23817395238961034,0.20473468790558993,0.23936373035500702
0.3113832249082865,0.2361396802865828,0.21870064408759152,0.23377645071753922
0.3037951575080939,0.22304955990801908,0.24296357210319594,0.230191710480691
0.32292808718899196,0.23583942249880602,0.21945381005241044,0.22177868025979156
0.32285969824374255,0.2354685919249203,0.2150609551591131,0.22661075467222416
0.32313880380468923,0.2391057802154514,0.20899042221660719,0.22876499376325227
0.3213206971104788,0.23814669059389967,0.20664707295021892,0.2338855393454026
0.31809769678299,0.23886392494250128,0.20937309693848852,0.2336652813360202
0.30956146315717015,0.23134969280513637,0.22494986970551448,0.23413897433217895
0.3170404071088604,0.23642163945555236,0.21585088665243504,0.23068706678315223
0.31905955249343426,0.23674647586241607,0.21091947598103564,0.2332744956631141
0.3158198210295814,0.2379484352378606,0.21254987027231137,0.23368187346024663
0.31285433199661034,0.23252635205398844,0.21935849090291687,0.23526082504648438
0.31810586786379047,0.23659092460898767,0.21654135429549898,0.22876185323172288
0.31034006481596643,0.22792061467006958,0.23349241161448048,0.22824690889948357
0.32080267240663224,0.23437943041651998,0.2215986389507896,0.22321925822605806
0.32501513528993353,0.2376498632925598,0.2108900629281007,0.226444938489406
0.32360054587807074,0.24012309739752546,0.20462642324775415,0.23164993347664975
0.31965467643926226,0.23854736682723662,0.20580559920778554,0.23599235752571554
0.3134177755036688,0.23623332078381185,0.21654113918416662,0.23380776452835272
0.3088759941073795,0.22905683161681312,0.23029412308629174,0.2317730511895156
0.320281992711053,0.2369913494308197,0.21522239147800207,0.22750426638012522
0.3202502996728895,0.23588630193848897,0.21266842186961812,0.23119497651900342
0.31781771708016854,0.2386145309262833,0.21194061340195203,0.2316271385915961
0.3156940047865287,0.23292284414740153,0.21662571108040538,0.23475743998566437
0.3191896217735518,0.23796753568240814,0.2152376361213609,0.2276052064226791
0.30768314692044574,0.2264876215195192,0.2359075202000495,0.22992171135998563
0.3263365521154973,0.23957329141953249,0.20853675610078712,0.2255534003641831
0.324054993246675,0.24052503918491916,0.20152789629207898,0.23389207127632683
0.3140951729314991,0.2394676237243313,0.20614084289884366,0.24029636044532598
0.31166449547239977,0.23614879072713835,0.2102614840072061,0.24192522979325573
0.31019157074172277,0.23729165593077528,0.21660289671797775,0.23591387660952431
0.3041896095359329,0.22758339993710694,0.23136493177311634,0.2368620587538437
0.32153611059195936,0.24023165191181062,0.2067150219425771,0.23151721555365287
0.3148950145796611,0.23646207178622453,0.21140542333675288,0.2372374902973614
0.31023593038891156,0.2358333778336791,0.2175039324008191,0.23642675937659016
0.3142399645360034,0.2339242073377167,0.21563697656182912,0.23619885156445086
0.3161852405492613,0.23797387407692652,0.21491508131104922,0.23092580406276303
0.3073820249010534,0.2270215258713404,0.23283198443385003,0.23276446479375615
0.3234561303624126,0.23900683379230667,0.2109962075931662,0.22654082825211444
0.3189486137126327,0.2355376444027206,0.21330222254038556,0.2322115193442612
0.31702778739626214,0.2377168569555398,0.2136557313698717,0.23159962427832642
0.31632106784118325,0.23439909127012137,0.2148711665581367,0.23440867433055865
0.31882071378810156,0.23946930725113755,0.21021373548692854,0.23149624347383244
0.31036431835691103,0.23162361596490058,0.22197600984368013,0.2360360558345082
0.32010664502396086,0.2392003109770646,0.20893982020034085,0.23175322379863375
0.3136268994613203,0.23549106907177264,0.2152016740990836,0.23568035736782342
0.3127589511253318,0.23735814396385257,0.2121501313440606,0.23773277356675504
0.3167864889788581,0.23791222890839187,0.2057037116359481,0.23959757047680186
0.31079589204286273,0.23763335894035786,0.21643985703630325,0.23513089198047626
0.30270133231820145,0.22347350954243006,0.23928450196810494,0.23454065617126357
0.3242921798459733,0.23935877337583183,0.21131959833249514,0.22502944844569953
0.3165592829373095,0.233961938003793,0.2175910505186526,0.23188772854024495
0.31900000160077546,0.23745995074954926,0.21290117583976462,0.2306388718099106
0.3187835688186919,0.23680462231640356,0.21118310424454112,0.23322870462036338
0.3165877337577471,0.23544984157498608,0.21656640171620725,0.23139602295105954
0.3118955815369961,0.23229420219332234,0.22628607802455303,0.22952413824512846
0.31931582048318613,0.23584503407799762,0.21455595775160474,0.2302831876872116
0.32468010118026613,0.24205573042891612,0.19953281202467038,0.2337313563661472
0.3124015775758278,0.2380547911627909,0.20818737187106476,0.2413562593903165
0.31066468188879925,0.23379068528945382,0.21743017434119477,0.2381144584805521
0.3096970015870787,0.23297187040399384,0.22757743964768798,0.22975368836123947
0.3096699698623863,0.22533891898988184,0.23685223814923548,0.22813887299849636
0.3268031458530251,0.23874608365865063,0.2126721098582566,0.2217786606300677
0.3197480249804567,0.23436239348930246,0.2168941658565192,0.2289954156737216
0.3247632718270481,0.23914732292725482,0.2078505234374966,0.2282388818082005
0.3191158711394733,0.23573019981259388,0.21453277662405557,0.2306211524238772
0.31506974491599743,0.2337567943807995,0.2225015047203104,0.22867195598289264
0.31878633729598427,0.23522876357152725,0.2167147505287159,0.22927014860377257
0.3241733538832006,0.23953610775655262,0.20551027169635652,0.23078026666389026
0.3164282134581927,0.2365445273555759,0.21370846612141975,0.23331879306481165
0.3124709472691749,0.23411368372952127,0.22012792235620574,0.23328744664509804
0.3193347936310439,0.2356881515179196,0.2134197851868466,0.2315572696641899
0.316526390313458,0.23524491959252375,0.2198104335972501,0.22841825649676828
0.31054034782141093,0.22667361140583983,0.23568476256149795,0.22710127821125134
0.3247815558126093,0.23685861284084092,0.21660073780187827,0.22175909354467152
0.32418456127591433,0.23664287505352338,0.2118358545791738,0.22733670909138842
0.3244991416221131,0.2393398675004052,0.20717249428649784,0.2289884965909838
0.3181149367844177,0.23593099922348898,0.2141770514720162,0.23177701252007704
0.31672684990202793,0.23523328495839077,0.21773520057582565,0.2303046645637557
0.31719965064414773,0.23527239665771504,0.21705856926614336,0.23046938343199388
0.3197680984172314,0.23636447296938612,0.2132163424017952,0.23065108621158725
0.3174714546192233,0.23666164642978366,0.2149764758051104,0.23089042314588254
0.31492101379787935,0.23610628373709003,0.21415546521291912,0.23481723725211145
0.32158700754038216,0.23782432343283236,0.20647172843885572,0.23411694058792987
0.31162289934890847,0.2331568655237545,0.2272644945599832,0.2279557405673538
0.3040332428583049,0.22173514178628068,0.24824442348377154,0.22598719187164304
0.3344816818966737,0.24017526262500757,0.20540336222369604,0.21993969325462268
0.3268316625487527,0.23934455720851033,0.20664833448298497,0.22717544575975204
0.3142750464530884,0.23378020920458298,0.2209800610974775,0.23096468324485106
0.3251071560410718,0.2390037361600752,0.2056550153205279,0.2302340924783251
0.31994380852094967,0.23973906201186063,0.2077607082988835,0.23255642116830624
0.308637342998611,0.23155907742803078,0.22351917984537983,0.23628439972797838
0.31934361594985233,0.2413049298937624,0.20259767106440796,0.23675378309197734
0.3106187325419817,0.2411526054877658,0.19399221466192185,0.25423644730833067
0.2933495616085605,0.2396079307924557,0.19233648404850975,0.274706023550474
0.2812145735319279,0.23929060138974875,0.19918508310828006,0.2803097419700431
0.2816739201610319,0.23567678116639673,0.21867950877576678,0.2639697898968047
0.2845493000484333,0.22505487742976873,0.23859192376463967,0.25180389875715836
0.3045317983993733,0.23551285442113482,0.2141277242882793,0.24582762289121254
0.3085532835284268,0.24101877440892835,0.20213661507093897,0.24829132699170597
0.2964334902079306,0.23403446546455534,0.21624308634267514,0.25328895798483897
0.3033885552468147,0.23504431864378814,0.2147114997187222,0.246855626390675
0.3049962609514329,0.23728671120611386,0.21616325178732718,0.24155377605512607
0.3015545815772715,0.2289366979046416,0.22589320027436932,0.2436155202437176
0.31654745724282485,0.24127724186405378,0.2048823900023051,0.23729291089081617
0.30565605981723404,0.2351077629977628,0.2143184720022482,0.24491770518275494
0.30731664878763965,0.23721297883439527,0.21010904571393668,0.24536132666402846
0.3097828281811739,0.2385154468367969,0.2071657129675568,0.24453601201447242
0.3030801717292484,0.23344905849536712,0.22337557503172387,0.24009519474366067
0.30521251182120335,0.22821338604382713,0.23109135341219014,0.23548274872277944
0.31922719687746515,0.23714560908956195,0.21450590158147978,0.22912129245149307
0.31364803533954233,0.23411775788238331,0.21976679589969003,0.23246741087838432
0.31786079577716203,0.23656380461088172,0.21248830170485236,0.23308709790710383
0.3203318139907467,0.23856397892325898,0.20795972553825579,0.2331444815477386
0.3102699705749315,0.23407555819663237,0.2221705273688059,0.23348394385963017
0.3142017837757679,0.23324489004892568,0.21884569797736142,0.2337076281979449
0.3227741427663753,0.2420724300661024,0.2019153195103664,0.23323810765715594
0.31061914443057503,0.23440143927310855,0.21485304992693371,0.24012636636938273
0.3123321642956617,0.2375291698320831,0.21397154295305248,0.23616712291920278
0.31174491227618256,0.23222087854999449,0.219753168533184,0.23628104064063904
0.31427026844644,0.233915163690067,0.22398233274448928,0.2278322351190037
0.3091545580302533,0.2264741664790488,0.23791980556877476,0.2264514699219232
0.32613496546367915,0.2377511024815824,0.2127563571762975,0.223357574878441
0.32745073785556283,0.24107779758400086,0.20101233542232655,0.23045912913810968
0.3186699825291643,0.23956091991037554,0.20482065854523968,0.2369484390152205
0.3131585894681686,0.2368769372995953,0.21179369943254509,0.23817077379969093
0.31107232586188455,0.23468694717839583,0.21859272899026738,0.2356479979694522
0.3118167133308364,0.23287466008508484,0.22243389612179215,0.2328747304622866
0.3159189311680727,0.23564861396380166,0.21723222927762018,0.23120022559050554
0.317399470139788,0.2374315477376484,0.21052355935485417,0.23464542276770947
0.31697959059317277,0.2405687844523433,0.2024406616712552,0.24001096328322868
0.31220334407249056,0.23695534528998655,0.20875455499122159,0.2420867556463013
0.3063482001747468,0.23087959093935925,0.23094650188427432,0.23182570700161975
0.303838876138701,0.22392931542857844,0.2456786681278948,0.22655314030482582
0.32876831422945213,0.23891443003437343,0.20805340870208688,0.22426384703408753
0.32880305489741357,0.24369431810068698,0.19470588705558367,0.23279673994631578
0.31170152145665664,0.236918441549379,0.20978286720368142,0.24159716979028306
0.31216766026976667,0.2361031342916742,0.2142376448615577,0.23749156057700138
0.3092817742497734,0.23445381812554925,0.2215573000159866,0.23470710760869085
0.3118303239548323,0.2327261845057019,0.21989116523130947,0.23555232630815628
0.3202319281295923,0.24180690700160992,0.20259420818781007,0.23536695668098773
0.3102402311382549,0.23578390769236693,0.21063044726812571,0.24334541390125244
0.30982871578364984,0.23908780722623327,0.21006290980165218,0.2410205671884647
0.30707795520498954,0.23153453132207777,0.2199067517392305,0.2414807617337022
0.31166245447139324,0.2356603078775354,0.22173998004712958,0.23093725760394182
0.3062534107385632,0.2266198102731069,0.23513714204254377,0.2319896369457861
0.3254328863761468,0.2404735030589804,0.20573639453088993,0.228357216033983
0.32033145914754,0.23986021318530018,0.2029447839986459,0.2368635436685139
0.3114063108271285,0.2369285109346,0.21262827483585572,0.23903690340241573
0.31034788344309394,0.23477455521430707,0.216773071365359,0.23810448997723987
0.31302357762483923,0.23718189663431666,0.21300248357103155,0.23679204216981253
0.3113753774955818,0.2358701806657329,0.2134879834249365,0.23926645841374877
0.312634868512777,0.2382010853329271,0.20957654349464294,0.23958750265965295
0.3096997460140941,0.23616951237668615,0.21276889306524222,0.24136184854397738
0.3084989451069033,0.23718103491150877,0.21278678353568914,0.24153323644589886
0.3098504920138594,0.2344416524044193,0.21445177755111677,0.24125607803060442
0.3108063907096235,0.235372092695352,0.2206974142324572,0.2331241023625673
0.3046952939612395,0.22612632274691127,0.23758275811068583,0.23159562518116344
0.3235327255395265,0.2383516088620148,0.21060823678632307,0.22750742881213556
0.32271159196252025,0.24009843520218102,0.20338250752137707,0.2338074653139216
0.3127639752900156,0.23693549276187473,0.21244136839078703,0.23785916355732267
0.3128836617323624,0.23570275987879574,0.21381538796393526,0.23759819042490676
0.313509963428045,0.23813522484013389,0.2117363984901895,0.23661841324163166
0.309302204914926,0.23468496219887156,0.21510111038505875,0.2409117225011437
0.31448202876670206,0.24013738760909206,0.204783270195213,0.2405973134289928
0.30703340390468503,0.23728156680403836,0.2100395731679142,0.24564545612336244
0.30389164270457997,0.23676312901814164,0.2105734717692152,0.24877175650806305
0.3076816814601424,0.2375484075333609,0.20818583974925567,0.24658407125724094
0.3038739664652228,0.23328311500329366,0.2254150396963157,0.23742787883516783
0.30067809122638334,0.2239248056751634,0.2429828068013815,0.2324142962970717
0.3241444559329276,0.2376125311149134,0.21145176911548352,0.22679124383667548
0.32194816542237903,0.23917125852979554,0.20769608768352574,0.2311844883642996
0.3114482238879556,0.23374636736399584,0.2196081317395836,0.23519727700846493
0.32010745700443377,0.23818894237736846,0.2083015731744974,0.2334020274437004
0.31514722936599665,0.23928188523345123,0.20943333622225382,0.2361375491782982
0.3087155624006809,0.2337084458648172,0.21534301681830895,0.24223297491619303
0.31682774609450803,0.2426715807612339,0.1999119672342182,0.24058870591003978
0.30438029671604083,0.2350112692261025,0.21363601541827162,0.24697241863958502
0.3040256112774782,0.23658589567962932,0.2145206070649462,0.24486788597794643
0.3080641274370185,0.23547140288905657,0.2112603194379155,0.24520415023600942
0.3088917371143408,0.23742187479078936,0.21598599084654613,0.23770039724832373
0.300851799683834,0.22462651121813054,0.23910029226505944,0.235421396832976
0.3198243187157934,0.2357654953335215,0.2175613381289635,0.22684884782172154
0.3190874021325069,0.23481892315180553,0.21763366656723884,0.22846000814844872
0.3151796820637293,0.2344042224528795,0.22140376153022223,0.22901233395316895
0.3229147845681896,0.238827568268318,0.20571577430884208,0.23254187285465025
0.321840722712115,0.24360643686105665,0.1957171895945156,0.2388356508323127
0.30593686815393123,0.23664508205800125,0.20897914668280398,0.24843890310526354
0.3067522981538464,0.23795352700142655,0.20996807606722698,0.24532609877750003
0.3043208374237854,0.23496785241328555,0.21706619755069684,0.24364511261223218
0.3048542258004834,0.2342413469462766,0.21870069334246056,0.24220373391077943
0.3118850697272859,0.23578852473059095,0.21291144992146183,0.2394149556206613
0.31005360557264056,0.23434080021990253,0.22209395080925834,0.23351164339819866
0.30571439163278596,0.22569380453600346,0.23844624885809698,0.23014555497311362
0.3226384986409362,0.23809190276324751,0.21327815692602214,0.22599144166979415
0.3238252254496967,0.23958513592958183,0.20259162142905351,0.23399801719166796
0.3177658319004932,0.24037640730146922,0.20487169273526495,0.23698606806277267
0.3084028661323011,0.23220995768386385,0.22165689464738333,0.23773028153645168
0.3124057584557261,0.2369233482432151,0.2165558127747158,0.23411508052634308
0.31489174620542737,0.2365861756063197,0.20828019729438868,0.2402418808938642
