0.29685657672177146,0.23170009681247414,0.2082441063799255,0.26319922008582897
0.29688252829482137,0.23179709768048407,0.20836759880151706,0.26295277522317756
0.2968604649581813,0.23180620872316018,0.20842583726753808,0.26290748905112044
0.29670775854914955,0.2317184369370085,0.2084393615407342,0.2631344429731078
0.29658022804605444,0.23161194446229333,0.20838765142551371,0.26342017606613843
0.2968294173958161,0.23172496547170734,0.20831238972791744,0.2631332274045591
0.296955667536635,0.23184343688182402,0.20838002128003072,0.26282087430151024
0.29696285427411195,0.23188377725828482,0.2084540859335994,0.2626992825340037
0.29680426759235085,0.23180108782638736,0.20848623999297614,0.26290840458828574
0.29671990632128054,0.2317211771891049,0.2084371049452627,0.26312181154435194
0.2968067713144005,0.23174790472522447,0.20838393298314795,0.2630613909772272
0.29696030784147615,0.23185046212698646,0.20839542358317553,0.26279380644836176
0.29691942141593347,0.23186095146947022,0.20846131835060042,0.26275830876399603
0.2969331790131242,0.23186877904767775,0.20846789595664914,0.2627301459825489
0.2967175794381237,0.2317451118781726,0.20848072934942585,0.2630565793342778
0.29655020630387474,0.23160158991462507,0.20840627639553733,0.2634419273859629
0.2965217867448435,0.2315391638789008,0.208315457308068,0.2636235920681878
0.2968688294608015,0.23172642053394674,0.20826384919104296,0.2631409008142088
0.29675686485895525,0.23172843457155037,0.20838547057898396,0.26312922999051036
0.2967169049585922,0.2316966560833043,0.20838681509828744,0.2631996238598161
0.2965238964316235,0.23157389589864996,0.20837481711531622,0.2635273905544102
0.2966778475543434,0.23162184442180717,0.20829136751371993,0.26340894051012964
0.2967685485090943,0.23169769266941231,0.20831937407624676,0.26321438474524667
0.29696626376884944,0.23183775650445249,0.2083602709171593,0.2628357088095388
0.29695459159866294,0.2318785669271185,0.20845112926752327,0.2627157122066953
0.2969529498969203,0.2318867700773167,0.20847796151466136,0.26268231851110174
0.2967437244745518,0.23176612440224406,0.2084913283882201,0.262998822734984
0.296862806173437,0.23179315667471947,0.20841080870048195,0.2629332284513616
0.2969338312855373,0.2318502120590904,0.20842637830631403,0.2627895783490582
0.29697281075747417,0.2318907337599535,0.20845993282905434,0.26267652265351804
0.2968809181270846,0.23184914581618124,0.208489175759315,0.2627807602974191
0.2970470753598984,0.23193117656462983,0.2084581284232604,0.2625636196522114
0.2970365419757655,0.2319565905906095,0.20851159567081137,0.26249527176281356
0.2969980833096368,0.2319386533988849,0.20852820785031304,0.26253505544116534
0.29697599620040305,0.231919341489237,0.2085186325167928,0.26258602979356716
0.29705563588419576,0.23196033136655775,0.20850405531450628,0.2624799774347403
0.2970246338126337,0.23195729744904692,0.20853104269199585,0.26248702604632346
0.29705441836333585,0.23197174666075196,0.20852785497340384,0.2624459800025084
0.29700053746053506,0.2319458561334515,0.2085393903029552,0.2625142161030582
0.29692282360628963,0.23188990992076133,0.2085249983616867,0.2626622681112623
0.29673811767189984,0.23176224211826105,0.2084949704818597,0.2630046697279795
0.29695831072852785,0.23184869365987953,0.2084062963854847,0.2627866992261079
0.2970626955543827,0.2319462208345936,0.20845803464702914,0.26253304896399454
0.2970507576981647,0.23196856443055192,0.2085189100642512,0.2624617678070322
0.2967892276869782,0.23181931777742842,0.20854240470256663,0.26284904983302676
0.29675108944672013,0.23174348378019102,0.20844902003275856,0.26305640674033026
0.29695324703657083,0.23184248411655564,0.2083949198360783,0.2628093490107953
0.2970859639603776,0.2319575213503555,0.20845230588749894,0.2625042088017679
0.2970369989008194,0.23196471870713858,0.20852646266073432,0.26247181973130773
0.29703288363872915,0.23196120475433135,0.20853245231347164,0.2624734592934679
0.29684463423633145,0.23184978062405673,0.20853735122624883,0.262768233913363
0.296754094140913,0.2317564950449508,0.2084685889717101,0.26302082184242614
0.2968137306632846,0.23176332285875867,0.2084072605351523,0.2630156859428044
0.297008192226404,0.23188317242974998,0.20840439063173258,0.26270424471211334
0.2969712862098086,0.2319029693342934,0.2084811340456432,0.26264461041025466
0.2970029138025447,0.2319236439239561,0.20849281036781334,0.26258063190568587
0.29693501576388387,0.23189166788221915,0.20850976805206628,0.2626635483018307
0.29688790854702435,0.23185145382691033,0.20849072034310892,0.2627699172829565
0.29690829276704517,0.23185084585702087,0.20846474003205603,0.262776121343878
0.2970903657223411,0.23195938172490788,0.20845840724825102,0.26249184530450004
0.2970706137928617,0.23198611956807846,0.20852802064854267,0.2624152459905172
0.29701375314795553,0.23195734856022301,0.2085466977163564,0.26248220057546506
0.2967702616062607,0.2318035917800714,0.20853712178073497,0.262889024832933
0.2967926120825281,0.2317631867704371,0.20843815735383156,0.2630060437932033
0.29688818205791506,0.23181161658866245,0.20840933708488119,0.2628908642685413
0.29706200763637197,0.23193129092609482,0.20843302657173807,0.2625736748657952
0.29701594370439244,0.23194459668099193,0.2085106812001505,0.2625287784144651
0.2970033125879769,0.23193723551301842,0.20852002591113777,0.26253942598786684
0.2967824077855745,0.23180510423120285,0.20852358563981974,0.2628889023434029
0.29676570219339393,0.23174822156744546,0.2084393988408087,0.2630466773983519
0.29688491255291183,0.23180409187772671,0.20839961599627768,0.2629113795730838
0.29706121301498245,0.23192885146080466,0.208428303157667,0.26258163236654586
0.29687680094749724,0.23186170020950073,0.20851311975682102,0.26274837908618115
0.2967038984151923,0.2317308678664346,0.20847580182273284,0.2630894318956403
0.2962911290299714,0.23144478662466678,0.2084055962788522,0.2638584880665096
0.2966265824404321,0.23154534608207752,0.2082116799032062,0.2636163915742841
0.2968190047026491,0.23170607733103274,0.20826946172022381,0.2632054562460943
0.2969440923303247,0.23182927201662532,0.20836458682833495,0.2628620488247151
0.2967817648626825,0.23177243432244313,0.20844998466538328,0.26299581614949114
0.2969217267803698,0.23183101214884036,0.20841111486368305,0.26283614620710677
0.2967689749003502,0.23176566665259377,0.20845490331710353,0.2630104551299526
0.29685688984808256,0.23179055316524008,0.208409286837596,0.26294327014908137
0.29692235692365887,0.23184204690486054,0.20842444265052118,0.2628111535209593
0.2970265650983665,0.2319197373611251,0.20845312037838454,0.2626005771621239
0.2968807654716621,0.23185973394187,0.20850772727651856,0.2627517733099493
0.29690993984636815,0.23185262318884534,0.20846888770654198,0.2627685492582445
0.29682417858198673,0.23180308512504347,0.20846808632894512,0.2629046499640248
0.2968275430197265,0.23178665905033138,0.20843524904392904,0.26295054888601305
0.2966186501396633,0.23165975077207948,0.20843102464235322,0.26329057444590404
0.296846190606536,0.23174876895643112,0.20834228053147735,0.26306275990555555
0.29686788824698657,0.23179897975749297,0.20839882091703357,0.26293431107848686
0.29696280641516914,0.2318672488316425,0.20842610779765933,0.262743836955529
0.2966460294827398,0.23170395372195826,0.2084807129508624,0.2631693038444395
0.296671090047761,0.23165771122304837,0.20837562328394443,0.2632955754452463
0.2969233749344635,0.23179828169839797,0.2083398620538682,0.26293848131327024
0.29702922784096336,0.2319106608817447,0.2084243458180206,0.2626357654592713
0.29700230138081674,0.23192854234403418,0.20849652949600103,0.262572626779148
0.2970010277879111,0.23193112087447068,0.20850981716423753,0.26255803417338064
0.29679944421603904,0.23181338895969025,0.20851886703243314,0.2628682997918375
0.2966616338247985,0.2316898356225844,0.20844759045118785,0.26320094010142925
0.29688301815795587,0.2317816768355219,0.2083621708649181,0.26297313414160406
0.29708758999257073,0.23193912995326396,0.20841339481019125,0.26255988524397406
0.2969678574400677,0.2319193008298991,0.2085161334534884,0.26259670827654474
0.2968559156181745,0.2318406263122976,0.2085079711965585,0.2627954868729695
0.2967297754242891,0.231740760228396,0.20846340695589044,0.26306605739142436
0.2969145659097997,0.23181703130413814,0.20839355132415058,0.2628748514619116
0.2970598315822338,0.23193355374365437,0.20843721472184978,0.26256939995226203
0.29711269734173473,0.23200182781027517,0.20850873346232046,0.26237674138566963
0.29705385354614855,0.23198760058154266,0.20855528376326277,0.262403262109046
0.29696867559392415,0.23193052659997923,0.20855012690703303,0.26255067089906364
0.2968676415017285,0.2318517919686926,0.208517469442121,0.26276309708745776
0.29700873748928,0.23190915591065245,0.20846260289399549,0.26261950370607207
0.29700070434302894,0.2319277232842852,0.2084989874564383,0.2625725849162476
0.2969575324933251,0.2319053706189887,0.2085110158606066,0.26262608102707957
0.29696220920058847,0.2319002911100065,0.2084974757982042,0.26264002389120084
0.2970570794057938,0.2319555182393825,0.20849150247516374,0.26249589987965993
0.2969592395509123,0.23191743173761786,0.20852955094585154,0.2625937777656182
0.2969185535016873,0.23187732303829392,0.208506231516708,0.2626978919433107
0.2970439184985304,0.2319394442657467,0.20847762038250614,0.2625390168532167
0.2971119430114403,0.23200291387220537,0.2085147462631955,0.2623703968531589
0.2970532798405501,0.23198780430828003,0.20855658582031633,0.26240233003085356
0.29697044549480206,0.23193160979769262,0.20855025792733695,0.2625476867801684
0.2969224680663732,0.2318845558137957,0.20851653283936253,0.2626764432804686
0.29694878051460055,0.23188543207248127,0.20848540655157902,0.2626803808613392
0.2968424551696879,0.23182437087635807,0.20848850382159875,0.2628446701323554
0.2969875496965051,0.23188764377798585,0.2084444231034977,0.2626803834220114
0.2970913434843185,0.23197436353697923,0.2084820004875916,0.26245229249111074
0.2970406141407593,0.23197173985185662,0.20853804731121656,0.2624495986961676
0.29680946202414954,0.2318315146315354,0.2085442236006156,0.2628147997436993
0.29691530522876575,0.23184497809749108,0.2084523089524365,0.2627874077213066
0.2971267158597759,0.23198058995841833,0.20845464812342782,0.26243804605837806
0.29709560629650683,0.2320082504339709,0.2085404302898201,0.2623557129797022
0.29696811897703845,0.23193739758776655,0.2085622143838085,0.2625322690513865
0.2969741480408363,0.23191613856696164,0.2085184581092873,0.26259125528291477
0.2966645114104378,0.2317288952969963,0.20851440673910718,0.2630921865534586
0.2957538310481704,0.2311235921929824,0.20841869487584455,0.2647038818830026
0.2953696266220351,0.23068849783600595,0.20803960842824956,0.2659022671137094
0.2962788744945352,0.2310949270782035,0.2077353840349251,0.26489081439233614
0.2959413816334484,0.2310522056327734,0.20799775742627086,0.2650086553075073
0.2939049921316562,0.2298079249944067,0.20801086264522575,0.2682762202287114
0.2873162552797874,0.22543829428112486,0.20726974848603755,0.2799757019530501
0.29003889870827154,0.2255792626369129,0.20442044077604005,0.2799613978787756
0.29660112051894016,0.22967802454848055,0.20442808884628716,0.26929276608629216
0.2968735694390014,0.23125237112576472,0.20699900643418148,0.26487505300105235
0.29575819757507715,0.23098473684630563,0.20803622584388748,0.2652208397347298
0.2956950937430425,0.2308354708454695,0.2079194738988023,0.26554996151268573
0.2957768309235113,0.23085319592706743,0.20783747796493535,0.26553249518448596
0.2960490822382127,0.23102162660546705,0.20783749750977626,0.26509179364654395
0.2962109078145313,0.2311758265602496,0.20794016772455715,0.26467309790066196
0.29659144681014965,0.23144861415255805,0.20802865481944258,0.2639312842178497
0.29655504220870316,0.23152003053087314,0.20820673232582715,0.2637181949345967
0.29665754969880653,0.23159561708373153,0.20825093353479687,0.26349589968266507
0.2963615153000698,0.23144802424666533,0.2083114554255094,0.26387900502775546
0.29650170390189673,0.2314750467223699,0.20821323445283854,0.2638100149228948
0.2968269183308181,0.23168430790396546,0.20822263572489036,0.2632661380403262
0.29698562576862925,0.2318493863924857,0.20834970455404617,0.26281528328483894
0.2969361379597676,0.2318707078056287,0.20845723015994064,0.262735924074663
0.2968844090792969,0.23184313045028396,0.20847499090849136,0.26279746956192773
0.2966062608251509,0.23166980121926084,0.20846752937559454,0.2632564085799937
0.2968305985112241,0.2317415235117078,0.20834999870135687,0.2630778792757112
0.2968890241910254,0.23180901964518297,0.2083942253235213,0.26290773084027025
0.29690361286097355,0.23183624493142055,0.20843440889858453,0.26282573330902137
0.2968975685370299,0.23184086008115434,0.2084532601722984,0.2628083112095173
0.2969613361827235,0.23187955703343616,0.2084549863685576,0.2627041204152828
0.296744141470843,0.2317652117983943,0.20848659620530263,0.26300405052545994
0.29678193116613666,0.2317449452933984,0.2084121424384069,0.263060981102058
0.29703350579444965,0.2318918325421673,0.20839244430473877,0.2626822173586442
0.29709214625628394,0.23197819137634382,0.2084830501801739,0.26244661218719834
0.2969678569100459,0.2319292180771903,0.20854179069341444,0.26256113431934947
0.2968251259862446,0.2318255922382796,0.20851664212472626,0.26283263965074954
0.29665604501098924,0.23169167394110743,0.20845630538316953,0.2631959756647338
0.2965658724369178,0.23159434965336517,0.20837247505317552,0.2634673028565416
0.29656519626128225,0.2315638724635372,0.20830897935769002,0.26356195191749054
0.2970120516474506,0.23181951774983997,0.20827477861542554,0.2628936519872839
0.29708610883446884,0.23195499974770362,0.208435177566486,0.26252371385134143
0.29689933273063873,0.2318815519599499,0.20852675141429278,0.2626923638951185
0.2962337617343795,0.23145961021805372,0.2085024937654675,0.2638041342820994
0.2964072454123773,0.231415865065733,0.20822854149780679,0.263948348024083
0.2971681650467216,0.2318669027775389,0.2081780447127907,0.26278688746294876
0.297120189134372,0.23199639484797677,0.20846257745259264,0.2624208385650586
0.29685972755947815,0.2318692809547759,0.20855255680445647,0.26271843468128947
0.2965254813521652,0.23162675361821725,0.20848710380334393,0.2633606612262736
0.2962694174384684,0.2313950154658586,0.20834008672858897,0.26399548036708403
0.2966977104957889,0.2315741724548602,0.20817798462215273,0.26355013242719816
0.296736817616327,0.23166865403374068,0.20828894842678936,0.263305579923143
0.2968540676828087,0.2317610631858263,0.20834269558313032,0.2630421735482348
0.2967233648429967,0.23171570054191243,0.2084085228269182,0.2631524117881726
0.29669577168491573,0.23167974782530723,0.208380964682172,0.26324351580760497
0.2962736066654223,0.23142066207809958,0.20837134857457681,0.26393438268190134
0.29667951519487706,0.23156862759673105,0.20819292996976524,0.2635589272386266
0.29700340359996014,0.2318239236412249,0.20827842944864777,0.26289424331016714
0.2969872680685904,0.23189560243828472,0.20843843130081943,0.2626786981923055
0.29662204678839826,0.23169692318606222,0.2084973206331403,0.26318370939239916
0.29646649529219155,0.23153378825283166,0.20837753824505015,0.26362217820992667
0.296515366451622,0.23151361820513486,0.2082725923384865,0.26369842300475654
0.2966412293581841,0.23158519897487567,0.20825348837119273,0.2635200832957476
0.2964221406327183,0.23148059142533967,0.20830371289621621,0.2637935550457258
0.29665455512037225,0.23157733970701078,0.20822975130546087,0.26353835386715607
0.2967969384649618,0.2317016172044109,0.20828888595843126,0.2632125583721961
0.2967897328304965,0.2317358473058168,0.20836688996125868,0.2631075299024281
0.2964066460683396,0.23151793522962374,0.20840130686037603,0.26367411184166056
0.29657679200982034,0.23154043181931533,0.20825817335820881,0.2636246028126555
0.2969748392436915,0.2317933632270856,0.20826176517065628,0.26297003235856664
0.29702273146057634,0.2319080618775358,0.20841915852807963,0.26265004813380816
0.296729192902275,0.2317654008543042,0.20850165152288988,0.26300375472053095
0.29651591086821555,0.23158660617026577,0.20841967476830436,0.26347780819321437
0.2964401092273098,0.2314852145741407,0.20830867653151283,0.2637659996670368
0.29644221942389803,0.2314560504414412,0.2082417789834113,0.26385995115124944
0.29616871489464985,0.2312864895325514,0.2082285597465827,0.264316235826216
0.2964890627242381,0.2314154829202871,0.20810974319003275,0.26398571116544206
0.2967170929505484,0.23160356725918235,0.20818604894732096,0.2634932908429483
0.29662476606830407,0.2316082512290103,0.20830658987564518,0.2634603928270405
0.2960916620625525,0.23128875808486113,0.20832633260398972,0.26429324724859665
0.2964704337451172,0.23140038786221934,0.208113239022891,0.26401593936977247
0.2970419904936166,0.23179152541667736,0.20816877665007164,0.26299770743963435
0.2970220392850091,0.23191040588077952,0.20841518988035784,0.2626523649538536
0.29675134769524036,0.23177803127548954,0.2085008361558119,0.2629697848734582
0.2967089971074982,0.23170529612380483,0.2084222890860225,0.2631634176826745
0.29657132047714524,0.2316045482965762,0.20838101102032697,0.2634431202059516
0.2965924401137353,0.23158233226841757,0.20831398996734204,0.26351123765050505
0.2963302308153757,0.231423358478234,0.20830660805045395,0.26393980265593625
0.2963396453816231,0.23137183468748082,0.20820296931094684,0.2640855506199491
0.29639988163592496,0.23139602029003076,0.2081684166066177,0.26403568146742656
0.29678511771710886,0.2316322613451433,0.2081707665758902,0.26341185436185777
0.2965200920763192,0.23155888191313206,0.20832940873016914,0.2635916172803798
0.296706963589354,0.23163285773121922,0.2082768074598259,0.2633833712196008
0.29688866788267276,0.23177303383671374,0.2083224448616559,0.2630158534189576
0.2968995400337075,0.23182462323303415,0.2084102770152265,0.2628655597180319
0.296712006639628,0.23172746562565794,0.2084499549857435,0.2631105727489706
0.29688944146134766,0.2317968452617148,0.20838414991546128,0.2629295633614764
0.2968481955618654,0.2318020224803316,0.20843058673342896,0.262919195224374
0.2965233391007201,0.23160750749730794,0.2084418238202607,0.26342732958171133
0.29590109240208207,0.23117120938646177,0.2083354599198466,0.26459223829160955
0.29630450932164015,0.23126234368716314,0.20804476801771155,0.2643883789734851
0.29674175723543267,0.23156983077538915,0.20808909445193152,0.2635993175372467
0.2969036268568488,0.23176583528086483,0.20827533838312534,0.2630551994791611
0.2964766653379905,0.2315723972246898,0.20841483375444822,0.2635361036828714
0.2964869499335327,0.23150434870058179,0.20829411177325405,0.26371458959263155
0.2970107487240163,0.2317998393271869,0.20823800874832765,0.26295140320046934
0.2971139638243531,0.23196644917797277,0.20842129976116186,0.2624982872365123
0.29677574473675855,0.2318128569951029,0.20853707387948991,0.26287432438864866
0.29635058918098117,0.23150348932035675,0.20845489860953956,0.2636910228891226
