0.1355642781470361,0.11659258120084198,0.35440528973575375,0.3934378509163682
0.3044854854588806,0.1795044133258728,0.3178555440261319,0.1981545571891147
0.31529125711936284,0.2432082325715596,0.2638749801703531,0.17762553013872437
0.22427655993286771,0.21394040695853353,0.2769265887948957,0.284856444313703
0.2803350349568154,0.18540185596287387,0.2876776062890926,0.24658550279121813
0.42706586164417687,0.21009379140688894,0.22399703330519283,0.13884331364374122
0.35197295508058113,0.26595453269387803,0.2229521809058934,0.15912033131964745
0.3754554203224408,0.24019538789214112,0.2315227680553449,0.1528264237300732
0.30981169574519446,0.2543769668532743,0.24692268537609477,0.18888865202543653
0.11287468953631735,0.10842105146969817,0.2209023058314962,0.5578019531624882
0.2526713064438407,0.12622206645716233,0.3136819223939801,0.307424704705017
0.3320477215562649,0.18040210217498628,0.25197922734107897,0.2355709489276698
0.2999611995233013,0.23016014399673157,0.26362739366991383,0.20625126281005338
0.31773217054646463,0.2117082363927926,0.25875590928481723,0.21180368377592548
0.28543751679804974,0.23418285042159231,0.2693461100230851,0.21103352275727272
0.1839331456862976,0.1749263269220229,0.2740531408788813,0.36708738651279815
0.39512923904203523,0.17970262245501342,0.2686472349493047,0.1565209035536466
0.39634580538251163,0.25379507482378955,0.20686333628516992,0.14299578350852896
0.30970939841995365,0.2635363574539333,0.2457070094107538,0.18104723471535933
0.28286990726151034,0.22702420561628314,0.26826638224134136,0.2218395048808651
0.25555209377981253,0.21727168689729243,0.28345806538662544,0.24371815393626967
0.1452439804300516,0.13932022952280634,0.2693790394772206,0.44605675056992156
0.29051826776776685,0.17695689113025695,0.3231358465190929,0.2093889945828834
0.4004718264741242,0.22504345711100554,0.22968393983633373,0.14480077657853652
0.32542376599925005,0.2674863481489857,0.23828946813988638,0.16880041771187781
0.34707318010540733,0.24111185952847003,0.24873966776629958,0.1630752925998229
0.3295346302824804,0.2588571878385103,0.25103689617312686,0.1605712857058824
0.245891417766293,0.229114173320488,0.26851397588637826,0.25648043302684076
0.39111190533733,0.21440887993836003,0.25696162207235557,0.13751759265195432
0.33721887344381063,0.27304665261471656,0.23113322291872399,0.15860125102274883
0.32003834084854177,0.24308467433947617,0.25484351282623646,0.1820334719857457
0.3857610455365559,0.23100168390081893,0.23298409478002688,0.15025317578259847
0.37102146173792433,0.26834629046731223,0.2286839179584493,0.1319483298363141
0.2667765231867357,0.23406757090202954,0.2518707531074425,0.24728515280379215
0.4524480197087856,0.20058934089697047,0.22316004957438956,0.12380258981985426
0.3849707198414261,0.24691732633681926,0.19414962396005103,0.1739623298617037
0.3497449684574015,0.25708610037363244,0.2366337169730579,0.15653521419590802
0.40409760161790514,0.24804425270866012,0.2236112301468746,0.12424691552656005
0.32641981571763623,0.27480940027136763,0.23625754089026807,0.162513243120728
0.24461853932278685,0.2203198736809516,0.26733070558855065,0.2677308814077109
0.40435089560055687,0.20888557948132377,0.25048900347523817,0.13627452144288132
0.499018956139593,0.24187765689521362,0.16880692446966233,0.09029646249553097
0.46679906917348035,0.2806357433175328,0.1693625061892316,0.08320268131975535
0.33893909582320164,0.2919658286270944,0.2161739249172232,0.15292115063248068
0.2654325878477237,0.24370097378221703,0.2690005844144952,0.22186585395556413
0.08850703645470313,0.0873915143488106,0.21420470958951235,0.609896739606974
0.2982330026887688,0.14227205477836785,0.32816253320212013,0.23133240933074325
0.4871159952020795,0.2147235602111415,0.19917709626830388,0.09898334831847506
0.40294629992341713,0.29251773034641876,0.19236022849372625,0.11217574123643771
0.34579680074573194,0.268091080906416,0.230015333718378,0.156096784629474
0.3269080547375354,0.2559024761809369,0.252336920903806,0.16485254817772158
0.24009223188681655,0.22429529589300978,0.26735519316276457,0.26825727905740904
0.4270511452893559,0.19877224957550993,0.24098220473274884,0.13319440040238537
0.45775899737788567,0.26010853861639216,0.18146316873571994,0.1006692952700022
0.3377921990205919,0.2895605761524215,0.22113264490797302,0.1515145799190136
0.3094151378717501,0.23912129645855493,0.25500284182760935,0.19646072384208568
0.29202190411558737,0.23696203960684722,0.2703544489762387,0.20066160730132676
0.17930002444450838,0.16532800246392618,0.2632527886820235,0.39211918440954185
0.39196713641658065,0.18037221260602407,0.27202848207134284,0.15563216890605233
0.5944184688780116,0.21353243944795297,0.13812181009966018,0.0539272815743753
0.3662857405483482,0.337710762793249,0.18044991826444517,0.11555357839395759
0.3468534754912877,0.2550105454907577,0.2379531824167682,0.16018279660118648
0.3136493547489199,0.2507238536527207,0.2534596183251187,0.18216717327324067
0.14837166608098426,0.14670002220504869,0.24088092061847502,0.4640473910954921
0.4425858645721262,0.16038943467052671,0.26324196597957966,0.13378273477776748
0.4736837805653791,0.2567356912227945,0.16828742974639993,0.1012930984654266
0.31630793340237257,0.2879611725739563,0.2245789672566132,0.17115192676705795
0.2918588829624034,0.1990969894333747,0.25573991914574773,0.25330420845847423
0.2751511578549197,0.21430322562802648,0.27328537308905665,0.23726024342799706
0.051209544163496074,0.05695675043073985,0.16826334339046903,0.7235703620152952
0.4501833905641282,0.13112877638266904,0.2916027689541143,0.1270850640990885
0.5003051431192229,0.2639183516494222,0.15871787438101398,0.07705863085034093
0.28302889302858414,0.2977755182262059,0.22712179381746495,0.19207379492774496
0.28141433319719467,0.21325162961814811,0.27388692749118504,0.23144710969347207
0.2642434605798934,0.22658773256383244,0.2857380580628648,0.22343074879340938
0.13246090399784283,0.12623055354508747,0.25241395278572204,0.48889458967134763
0.38128624339696654,0.17240648024609498,0.2973201533986035,0.14898712295833502
0.3454300152622782,0.2672486341741595,0.22651125006713613,0.16081010049642622
0.2872694017433932,0.24123173794857433,0.26325908331075093,0.2082397769972815
0.3117836179286919,0.20677576037310583,0.2597664132700446,0.22167420842815763
0.3095663402400874,0.2353972501350164,0.265515327068303,0.18952108255659306
0.15674202607661358,0.15058776479923439,0.2518978331190039,0.44077237600514807
0.4796576889981102,0.16186125749722516,0.24547863466101807,0.11300241884364656
0.30856622112167253,0.2566814121352377,0.1990095404479515,0.2357428262951384
0.2636515836980721,0.22208219770824955,0.2814947616597558,0.23277145693392254
0.3636759058845627,0.20675381978213714,0.25439337944862467,0.17517689488467542
0.32275093827050805,0.25923973476304757,0.24732221413543123,0.17068711283101315
0.17567126482207213,0.16958822619802658,0.26395434035372006,0.3907861686261813
0.4077607681579091,0.1850491169792602,0.2702894401439522,0.13690067471887843
0.32241041675706483,0.2708558297351008,0.224708616386243,0.18202513712159132
0.34925595638260915,0.23361540340084533,0.251387336845015,0.1657413033715305
0.3163568906914728,0.2579341949960288,0.2542443186552508,0.17146459565724761
0.2839145939821638,0.2385805859925326,0.2694882827659734,0.20801653725933034
0.08741917278990655,0.0831732979877356,0.2024785708499332,0.6269289583724246
0.35159064578804966,0.13861055360110686,0.3099592676140501,0.19983953299679333
0.3847815875034637,0.24339956058304824,0.22563388127684592,0.14618497063664215
0.31533644132562133,0.2651950579486523,0.24594577205202123,0.17352272867370505
0.3278527073763296,0.23418247096162007,0.25718830939060117,0.18077651227144925
0.2607541189298044,0.2447891854622459,0.2730814488454741,0.22137524676247566
0.25448162585533324,0.19538978552356098,0.2790627682372282,0.2710658203838775
0.5572206824744615,0.18877200657667623,0.18436271455674152,0.06964459639212062
0.4514720034340319,0.31184059895752436,0.15830637880127973,0.07838101880716394
0.32458974441220256,0.28914531822372186,0.22654960885075176,0.1597153285133237
0.2785116966847452,0.23923947188777503,0.264779674356878,0.21746915707060163
0.2355281125707916,0.2069737659190038,0.28617123450091253,0.2713268870092921
0.22953072827749665,0.16767632308388278,0.28012567315842896,0.32266727548019164
0.5437852828308285,0.18611120282072957,0.19915367063895198,0.07094984370949005
0.3950261360416914,0.30294844330302056,0.17623754921221177,0.1257878714430763
0.3330969916812211,0.26418769099976436,0.23728272017425522,0.1654325971447594
0.3268162717017908,0.24914579050450683,0.2547107882727329,0.16932714952096956
0.32485990253975316,0.2478913076395552,0.25429866350162894,0.17295012631906267
0.37631824099984224,0.23096067029777662,0.23465756002237925,0.1580635286800019
0.47310315509476997,0.24632341024750637,0.1926526987578815,0.08792073589984195
0.35581531805335803,0.29756496120486214,0.2076834418398085,0.13893627890197133
0.3553929616261097,0.2484404499086937,0.23896376277755846,0.15720282568763802
0.3484073920866383,0.2517648986255734,0.2395020169626432,0.16032569232514518
0.2891336370591712,0.24662996967676434,0.2595829717386422,0.20465342152542226
0.2442170874678644,0.1998497041921602,0.2730299033233578,0.2829033050166176
0.5673060605350229,0.17800526341934497,0.1830642251466399,0.07162445089899218
0.46957278131325697,0.2882181033414584,0.1476629808603928,0.09454613448489173
0.30061376302972825,0.29527245805370683,0.23020753342074876,0.17390624549581626
0.37010924063801426,0.23704825687424788,0.24923503361837293,0.14360746886936493
0.3392489886866841,0.25936713857782456,0.23276031452174778,0.16862355821374356
0.2520612966921877,0.23423977464872947,0.27008299851958817,0.24361593013949462
0.48864463789441925,0.2066469030129528,0.21631686589358695,0.08839159319904112
0.4991382613048952,0.2786524571186414,0.15070202258551538,0.07150725899094798
0.3138686297747865,0.2921514925440613,0.2185257461032461,0.17545413157790601
0.3798786486166333,0.23198862670254924,0.2410120743668614,0.14712065031395596
0.2618350359751401,0.24895724118754872,0.2506153790149351,0.23859234382237604
0.0006927441919602258,0.0004190590620610428,0.010177867130412434,0.9887103296155663
0.48900593422581684,0.06872870497918794,0.24271592170685552,0.19954943908813966
0.24743067805620475,0.17405757822706752,0.1890223972496375,0.38948934646709027
0.021585369849651256,0.022859082862820568,0.1219481979701923,0.8336073493173358
0.07254181222696864,0.041110132973598536,0.24840685095061027,0.6379412038488226
0.014661984317220055,0.014626851762929336,0.11143353363973676,0.8592776302801138
5.4468249540231975E-06,1.480124678823603E-05,0.0020226553213612405,0.9979570966068965
0.13697698250059584,0.047462084162944715,0.2778875614582489,0.5376733718782105
0.37250656775538027,0.14907058105969703,0.2765263601242985,0.20189649106062424
0.2121453261383806,0.22541750535762042,0.2777015065002682,0.2847356620037308
0.11904797333083267,0.11031597705829671,0.2891652174698011,0.4814708321410696
0.06489872420628998,0.07934605218575833,0.2785303393074842,0.5772248843004674
0.003171041276178089,0.0022334426411337958,0.05163443561213898,0.9429610804705492
0.14227466731717803,0.038975761048534896,0.24522082190020797,0.5735287497340791
0.13422778548570047,0.11778108563245242,0.3006336716814966,0.4473574572003505
0.11938060433475699,0.11668560607495464,0.3300554123664378,0.43387837722385064
0.17306328761741155,0.12789126929719333,0.315024114087675,0.38402132899772
0.16311934509661183,0.1587062914820821,0.3241580738147769,0.3540162896065291
0.1208184644292113,0.10009377101068383,0.2821029090203318,0.4969848555397731
0.3897776900757931,0.162958153815599,0.287065771143161,0.16019838496544697
0.23915393091696704,0.251010646871197,0.25309623305784956,0.2567391891539866
0.2890945431677745,0.20667229293346706,0.29256490668615714,0.21166825721260127
0.33219066058564994,0.23019256439372224,0.2595539810840484,0.17806279393657937
0.19033262873427023,0.20745654805289304,0.27569817732770086,0.3265126458851359
0.13989278253056284,0.09291466960872267,0.25264747883779515,0.5145450690229194
0.33114638599008583,0.16771893727851053,0.3081443950753138,0.19299028165608972
0.2608765326203873,0.2150639214827902,0.2549407780636619,0.2691187678331607
0.2762715015642829,0.215159761640513,0.29191388027051474,0.21665485652468947
0.3002300964189187,0.23480756897504446,0.2788394288380059,0.18612290576803106
0.29703426343759876,0.23162147764958824,0.2683366618430497,0.20300759706976332
0.30065936135027393,0.19636717734636103,0.24633221264183763,0.2566412486615274
0.507041024345324,0.2114317498280192,0.19937964462672278,0.08214758119993401
0.33882787574120987,0.3052892783486894,0.20195974916764337,0.15392309674245727
0.32186817304790916,0.23814350104524337,0.2531930793759392,0.1867952465309082
0.24318638139594803,0.2184250072976961,0.27416308173808845,0.26422552956826745
0.2315354953907567,0.19624656671850224,0.297179662379376,0.27503827551136495
0.16215810483336296,0.11376843005570207,0.24300826500468228,0.4810652001062527
0.5534659347147444,0.14164586247139027,0.20439320830959168,0.10049499450427365
0.5281768524493291,0.2699059406803314,0.13517018260656763,0.06674702426377176
0.30549771190859715,0.3151103496315557,0.21374305815060665,0.16564888030924046
0.2938469294390898,0.23587970174043496,0.27099244843150916,0.19928092038896605
0.24814033399800361,0.20618896254536034,0.27126383719331393,0.2744068662633222
0.15563414285781563,0.13831330354416885,0.2635140817970146,0.4425384718010009
0.42256943391917545,0.16156148158417422,0.26351021136127617,0.15235887313537413
0.547201321654563,0.2411975441533323,0.15126502222422672,0.060336111967878
0.3395372281252178,0.31809180135372755,0.19966550262603366,0.14270546789502098
0.26395717980411126,0.21816229542462479,0.26208824976276124,0.2557922750085026
0.1421639176861015,0.155487711866218,0.27781254782336445,0.4245358226243161
0.020183062723176933,0.012774562706798798,0.0889434548001441,0.8780989197698802
0.4857423119604897,0.11089871538008385,0.2807284586509614,0.12263051400846499
0.5037033082626636,0.2706305742663623,0.154595482238219,0.07107063523275516
0.25057879638821834,0.29265938284347864,0.23369259804316436,0.22306922272513857
0.242881414459348,0.19250497695191343,0.28681571346777074,0.277797895120968
0.2461675817815424,0.18347868807307996,0.2850438993573324,0.2853098307880452
0.1585939770286968,0.12157143422794547,0.23909465062690852,0.4807399381164491
0.4225905386198969,0.17404735888517595,0.2750111623592877,0.12835094013563944
0.3260251084075201,0.27731904558754406,0.2231625386224135,0.17349330738252244
0.28223879903442334,0.22352855055839588,0.2670806864729448,0.227151963934236
0.16723025797617147,0.14321313965730503,0.262806223974662,0.4267503783918615
0.17576222152123777,0.13777496810535808,0.3082571573401407,0.37820565303326353
0.07200355609690887,0.054453909282507165,0.19219261672471993,0.6813499178958639
0.3966503164598573,0.13076538799759907,0.30027928498025575,0.17230501056228795
0.3421643603431843,0.24420498289035467,0.22497179977099047,0.18865885699547058
0.22526733080671388,0.2278529083084491,0.27721043594707345,0.2696693249377635
0.2521733238046804,0.18911928174119727,0.2969749936399285,0.2617324008141938
0.3217494129431575,0.20527793361604488,0.26853247401910196,0.20444017942169568
0.20760729900197403,0.1881752073367532,0.2613135875430693,0.3429039061182034
0.3398252800004977,0.19016141435863537,0.2847181435837592,0.18529516205710783
0.35340974760621685,0.24188189918819467,0.2351079934699366,0.16960035973565188
0.2786864715525175,0.23421894492254705,0.2619129822575196,0.22518160126741588
0.23553934989453937,0.16883563668011622,0.2692659258173816,0.32635908760796273
0.18399676593008038,0.15785386180824862,0.2874018705143685,0.37074750174730253
0.03716849677318003,0.030766436504078332,0.14431862455965114,0.7877464421630904
0.37300563866970304,0.09873479952586836,0.2970948528076646,0.23116470899676406
0.3076475470051239,0.2144547526419266,0.22936475823233005,0.2485329421206195
0.19534478939495525,0.19935780314850934,0.2903812559106734,0.314916151545862
0.2625578743842397,0.1791145481119311,0.3027657546773186,0.25556182282651063
0.2613880799005646,0.19823753152678575,0.2737581336215502,0.2666162549510994
0.16068290883038908,0.1562937346539613,0.28242299776732244,0.4006003587483272
0.3932051682705533,0.1806837775819587,0.2799430442875558,0.14616800985993214
0.3591414129009438,0.2685032472764578,0.21924051714244683,0.15311482268015142
0.26114631743582095,0.23295113288758643,0.265757618602814,0.24014493107377854
0.29209929280349994,0.1879835300778199,0.27175370732934556,0.2481634697893346
0.15889134806730662,0.17438183717398142,0.2751821246711805,0.3915446900875315
0.016642155884861985,0.011848835914359274,0.09472701973297096,0.8767819884678079
0.3232934731282515,0.09818553274600408,0.328073081403865,0.2504479127218794
0.25680055697600335,0.1936276058334633,0.2424327229813576,0.3071391142091757
0.14536109416373488,0.14260878042401423,0.28777071954104955,0.42425940587120126
0.29151050292820635,0.16310722208130182,0.3075861848989808,0.23779609009151106
0.3120477864151443,0.23016123209121878,0.2677760081171999,0.190014973376437
0.18339005494545926,0.18506961119177448,0.2731167791649377,0.35842355469782844
0.3481592659124651,0.19710988546457767,0.2941631655641466,0.1605676830588106
0.28829545443304394,0.24710473349408624,0.2452644024493637,0.21933540962350595
0.26071110417040533,0.19145525423587648,0.2740258899700203,0.27380775162369786
0.2872341620931403,0.1756259060290212,0.26913935308261266,0.2680005787952258
0.24881354392921584,0.20793307037921518,0.2827149656718405,0.2605384200197285
0.04562305739397465,0.04484177779807936,0.171959673824938,0.737575490983008
0.16214376411021883,0.07652895832406488,0.3077264614384242,0.45360081612729203
0.136371156050802,0.10782526053235983,0.26256275655384026,0.49324082686299797
0.14864991075863274,0.1271605619017893,0.3225875491036906,0.4016019782358875
0.44045377354643533,0.17631181523595615,0.26212843614094256,0.12110597507666579
0.43973336487890685,0.2788524335849719,0.18867657499193466,0.09273762654418657
0.19104675703549318,0.20584957016157907,0.23772062844615652,0.3653830443567712
0.2441403555106848,0.1763964024667608,0.31214445828156406,0.2673187837409903
0.2647857037779193,0.2100301799360426,0.29048754375716407,0.23469657252887408
0.2863181996820183,0.2117327512427577,0.2841114342633726,0.21783761481185143
0.23023423044998995,0.1543768931929034,0.2491465919389607,0.366242284418146
0.15282711510472088,0.1481092841559977,0.29751118714360375,0.4015524135956776
0.07285030902854255,0.052334396977767234,0.19757339762005535,0.6772418963736349
