0.29923768677991885,0.23138289515675187,0.22092922197379705,0.2484501960895322
0.29833154288813746,0.2323832502829872,0.22212652601263488,0.2471586808162404
0.29714146230704575,0.2325995305616624,0.22202363137028852,0.24823537576100319
0.29663580760789393,0.23228260503837783,0.22113781848217967,0.2499437688715485
0.2994871275800082,0.2324027923556326,0.2210540916916891,0.24705598837267
0.2978980642452015,0.23355089386976793,0.22288060031097268,0.2456704415740579
0.2968430149301707,0.23223122637341112,0.22263632878786765,0.24828942990855066
0.30005070420112273,0.23179214196468773,0.22148617933793519,0.24667097449625444
0.29597191233143005,0.2321715632407201,0.22182936067279696,0.2500271637550528
0.2986081910877286,0.2316070960824539,0.22050776167123637,0.24927695115858114
0.3011673343522338,0.23342781800375467,0.2219931295143488,0.2434117181296627
0.2959167613360558,0.23275172865533295,0.22419460189569415,0.24713690811291705
0.29991845976117837,0.2313005424919577,0.22164617609567439,0.24713482165118952
0.300475378206332,0.2309300759834874,0.2219140660196759,0.24668047979050475
0.298289851152113,0.23162899765328335,0.22179529615144342,0.24828585504316023
0.2984271336261118,0.23132702540692215,0.22097427421426918,0.24927156675269682
0.3008759932253401,0.23263713856249302,0.22133320377820445,0.24515366443396236
0.29616048314233584,0.2328315863083038,0.22307485965372464,0.2479330708956358
0.29658718758216246,0.23236422253966216,0.22107427521445228,0.24997431466372302
0.29717428747274777,0.23238614377413375,0.22054925558372843,0.24989031316939014
0.29530542984047153,0.23398384160774907,0.22097278240283616,0.24973794614894318
0.29558184633575096,0.23323128415877734,0.22161614453486156,0.24957072497061017
0.2983085718845865,0.23486400331455332,0.2227931101723816,0.24403431462847863
0.2943758448574183,0.2328323476820584,0.2241401765182863,0.24865163094223702
0.30079096311861153,0.23145752739289,0.22132989747286072,0.24642161201563767
0.2991837900231237,0.23130472030451502,0.22240121500550633,0.24711027466685492
0.29750833663500253,0.23154414013581492,0.2213753436203683,0.24957217960881428
0.29978264290987344,0.23132983611437294,0.22075066802052207,0.24813685295523152
0.30084357779059845,0.23314320944804887,0.22222078583036628,0.2437924269309864
0.295463511095857,0.23242647548024165,0.22344173076004503,0.24866828266385635
0.2993353782793376,0.2314302716865106,0.22085168801501973,0.24838266201913212
0.30268597264297853,0.23132515863196512,0.22181603005348474,0.2441728386715716
0.2978459310837885,0.23272571571814601,0.22380553292212021,0.24562282027594529
0.2982065710271901,0.2300363446098879,0.22198483841769553,0.24977224594522643
0.305837108099264,0.23102506824778765,0.22094074591790788,0.2421970777350404
0.29874254033298314,0.23092977883801488,0.22420261413727427,0.24612506669172782
0.3031418991043422,0.23002004260867773,0.22175194618341565,0.24508611210356449
0.3021907648820638,0.22987206651126132,0.22250657402147295,0.24543059458520197
0.30104732696179254,0.23007244767199878,0.2220617529101993,0.24681847245600935
0.30163206334376846,0.23013030831768377,0.2215125503060748,0.2467250780324729
0.30181157362825073,0.23110371269836694,0.22182399434172065,0.24526071933166177
0.30071470475435813,0.23091629630266586,0.2224603260055003,0.24590867293747562
0.301339521471953,0.23115332670205135,0.22221116462305454,0.24529598720294113
0.29848752828415515,0.2307781374385779,0.22213799962426561,0.24859633465300124
0.2970313788491558,0.2315839223289644,0.22033761389247966,0.25104708492940003
0.29984792916154773,0.23144375088412877,0.2205853134742291,0.2481230064800945
0.3023727742104058,0.23433324830114258,0.22316358655810548,0.24013039093034616
0.29586492504816453,0.232021029918136,0.22574028775054145,0.2463737572831581
0.30262481912850786,0.22963017468403626,0.22175648991643263,0.24598851627102325
0.30192238944554745,0.2292080255242645,0.22219780326347588,0.24667178176671217
0.2998364243770659,0.2302768303516914,0.22145371834327207,0.24843302692797056
0.29981677207084056,0.23065118847871954,0.22076734999656794,0.24876468945387192
0.30228760709348834,0.2323311237259804,0.2214074149918941,0.2439738541886372
0.29727527237114754,0.2325060947116287,0.22358932380351312,0.2466293091137106
0.297997306132801,0.23168572278470437,0.22161819423984977,0.24869877684264488
0.3001204831721676,0.23112193853441265,0.22116146827115676,0.24759611002226295
0.2989641110337505,0.23272716633202722,0.22201436180165593,0.24629436083256645
0.29790073649668675,0.23151168016984633,0.2222570874880877,0.24833049584537917
0.3044671028013209,0.23186177183367215,0.221796043623281,0.24187508174172587
0.2997646025261646,0.23118874413109056,0.22462936995185045,0.2444172833908944
0.3014964775727153,0.2294590020287019,0.2224602232335613,0.24658429716502153
0.30109893203621524,0.229286007120904,0.22161828738560702,0.24799677345727372
0.2992141054716058,0.23058593044149514,0.220750486642609,0.24944947744429014
0.300858921820999,0.23126045268245227,0.2207239469792845,0.24715667851726433
0.30127764888312714,0.23323474570550337,0.2226404452974611,0.24284716011390836
0.29704249246311293,0.2320272796798642,0.22396073745036774,0.24696949040665522
0.29977281838471825,0.2309149214459623,0.22153491570845307,0.24777734446086644
0.3012219917850263,0.2304168536057227,0.22153847858733922,0.24682267602191182
0.29881976716810815,0.23215891385054774,0.2220408518643394,0.24698046711700478
0.2989895643917514,0.23057338309008757,0.22193009451607842,0.24850695800208253
0.30607848625357104,0.23215098465899991,0.2218642957098673,0.23990623337756176
0.2957498548067555,0.23107484239786172,0.22518907735112412,0.24798622544425858
0.2995648697273075,0.2297707894008048,0.22052702653938316,0.2501373143325045
0.30048348690030086,0.23087244669727555,0.22030869532198982,0.24833537108043371
0.29601220808112283,0.233132078154516,0.22096573242175566,0.24988998134260546
0.2972900395008927,0.2325200238430777,0.22113474428118313,0.2490551923748464
0.29890646092862444,0.23499866705116837,0.22300253372665274,0.24309233829355453
0.2921664989229691,0.23280854914024018,0.2239055543612286,0.2511193975755621
0.29918506981386933,0.2317134149137907,0.21991490337889769,0.2491866118934422
0.2995279110827596,0.23240748491362834,0.2217097368003588,0.2463548672032534
0.29526117651040645,0.2335758309654563,0.22264106827803,0.24852192424610728
0.2979896024942014,0.2314846424137266,0.22147595455405686,0.249049800538015
0.30251576157742943,0.23324118042412445,0.2222213841146947,0.24202167388375134
0.29544390356345596,0.23159489692633511,0.22437084703654822,0.24859035247366074
0.30114275326890394,0.23067648567036733,0.22082314145022416,0.24735761961050462
0.3009768379635192,0.23073016756378928,0.22183489825230857,0.24645809622038292
0.29883232994304815,0.23205459412804663,0.2220793324383549,0.2470337434905505
0.29851826735109355,0.23098120372859451,0.22161820858367476,0.2488823203366371
0.3015117433764744,0.23251035152777527,0.22149641916431748,0.2444814859314328
0.29555893587426096,0.2319395221679244,0.22286836974143573,0.24963317221637904
0.30058165277209375,0.2317489823170085,0.22062587684433588,0.24704348806656187
0.29812111700657473,0.23253721874576916,0.22227754321786344,0.24706412102979267
0.2940203728169449,0.23285948704971252,0.22118288227159058,0.2519372578617521
0.29894401112805036,0.23157455452118308,0.22043841243541512,0.24904302191535144
0.3002146100610969,0.2352064302547857,0.2234029092778165,0.24117605040630086
0.2930150152739858,0.23214101125590747,0.22499330849452942,0.2498506649755774
0.3027992763344802,0.23076160724451786,0.2205699329900861,0.2458691834309157
0.2995280997444033,0.23094426305984445,0.2226321251616388,0.24689551203411345
0.29928620207470424,0.23121708643180294,0.22152820584610536,0.24796850564738754
0.3001210074959503,0.23118677522318126,0.22131348514897486,0.2473787321318936
0.30308274550165965,0.23170281886558983,0.22208820970832222,0.2431262259244283
0.2980323621938011,0.23207694051340413,0.22393224204101508,0.24595845525177967
0.2967454793188128,0.23042873830071472,0.22128750300626704,0.25153827937420553
0.30049569774371426,0.2312827422812742,0.21970128082187154,0.24852027915314
0.29661987224958036,0.2333116046647791,0.22141660083804196,0.2486519222475986
0.2995582396962544,0.23251503008357152,0.22217072264927398,0.24575600757090016
0.29994803022908106,0.23418563912213575,0.2242749768604114,0.24159135378837193
0.2973016386798115,0.230285875813662,0.2242554525810997,0.24815703292542673
0.30466059465804823,0.22946239704505855,0.22127469800128657,0.24460231029560656
0.29973292515309063,0.2295695242048638,0.22262235827856003,0.2480751923634856
0.3024816282987951,0.2300330342706024,0.22090840930839767,0.24657692812220489
0.3033770699155317,0.23080299777956734,0.2220310462066654,0.24378888609823562
0.30035341866435816,0.23140503720672148,0.22324562200912554,0.2449959221197948
0.298108951055465,0.23039234778447937,0.22194022404224703,0.2495584771178085
0.3019095818826219,0.23052416873498585,0.2205097864989749,0.24705646288341745
0.30124882559453103,0.23203452653052836,0.2221539921195004,0.24456265575544017
0.29655853124547105,0.23219426199130477,0.22272876267367925,0.24851844408954504
0.30149730998699537,0.23066540804694757,0.22121714038737023,0.24662014157868672
0.3044069055470068,0.2320608161234029,0.22276585409922345,0.2407664242303669
0.29937669368976394,0.23031037569489768,0.22463538010196493,0.24567755051337345
0.30289573841428796,0.2291074181050652,0.22193843987804482,0.2460584036026021
0.30119258907059443,0.22908679577401064,0.22184513553706217,0.24787547961833278
0.3026541797452353,0.2301680532419305,0.2210621738223736,0.2461155931904606
0.30134783794712305,0.23106265077918414,0.22205721778308105,0.24553229349061176
0.3007147667875111,0.23139671996775013,0.22233955983953876,0.24554895340519992
0.29921528025280786,0.23116477567982568,0.2221735668954943,0.24744637717187207
0.30124937592105566,0.23076891875774505,0.22148402314785184,0.24649768217334742
0.3005100535564207,0.23174155841201377,0.2222056035168779,0.24554278451468764
0.2950098727969896,0.2317305158574136,0.2216069353730961,0.2516526759725007
0.3034190145761987,0.23023673013912344,0.22062517546138755,0.24571907982329022
0.30571047273915647,0.23382996285848595,0.22424336303541464,0.23621620136694305
0.2934835776931107,0.2301140665377243,0.22648702298023485,0.2499153327889302
0.3037560647695669,0.2278572572008635,0.22020647785837974,0.2481802001711899
0.30688437761670917,0.22965007768882092,0.22141682379159427,0.24204872090287555
0.2967657500788325,0.230741692422309,0.2233611247487385,0.24913143275011998
0.3009037379557631,0.22998881574636956,0.2202881077123617,0.2488193385855057
0.3030786935618025,0.23225973998119998,0.22149702646300967,0.24316453999398788
0.29439805539642555,0.23230216015033286,0.2232638873220788,0.25003589713116275
0.2949631597277868,0.2323416341440248,0.21919655397489057,0.25349865215329787
0.29196096123073795,0.23388334290595483,0.21744774431786715,0.2567079515454401
0.2884525884921474,0.23573002156615114,0.2166772873606252,0.25914010258107617
0.284984600075498,0.23576886304495512,0.22083466277357502,0.2584118741059719
0.2833264165367665,0.2375742293611849,0.2282196940761028,0.2508796600259457
0.28015184824274414,0.2368199054820853,0.2278494239030276,0.25517882237214295
0.28911895850082586,0.2345214793412678,0.21922651459021072,0.25713304756769556
0.29467080661497586,0.23478993453121394,0.22007392799840325,0.25046533085540684
0.28842024281296896,0.23586715686457108,0.22303140520847764,0.2526811951139823
0.29278614637441724,0.23430138426908406,0.22129197047611923,0.2516204988803796
0.29370989034697587,0.2362825311581886,0.22327183164925593,0.2467357468455797
0.28990294740495576,0.2336298793777105,0.222646983789572,0.25382018942776174
0.29810698608201935,0.2333575391915349,0.2197565579281057,0.24877891679834
0.29280517566515213,0.23443935181220849,0.2223711665858965,0.2503843059367428
0.29237940078880753,0.2340524885709643,0.22027037387305945,0.2532977367671688
0.2971210714167257,0.23380757469925523,0.22081825808089015,0.248253095803129
0.2944583645813831,0.23592608875892881,0.22451642085282617,0.24509912580686186
0.29353976132333487,0.23302984833909504,0.22345592001245873,0.24997447032511133
0.30154503297146107,0.2316256980935131,0.2211378937394906,0.24569137519553527
0.29744844130763576,0.23203017429688055,0.2229842512316759,0.24753713316380774
0.2973765443255322,0.23120063450415587,0.22106231788619476,0.25036050328411713
0.3031752278269348,0.23140588775079476,0.22082041574279548,0.2445984686794751
0.2970902587290774,0.23340813611641062,0.223920998638827,0.2455806065156851
0.29556927681657424,0.23120222554259492,0.22162272335729552,0.2516057742835353
0.30062626367620976,0.23200781578967578,0.21997030466009113,0.24739561587402337
0.29684525906021103,0.23275166298348318,0.22222941253751988,0.2481736654187859
0.2968903286296772,0.23359574448475384,0.22178290621285277,0.24773102067271616
0.2986347269106075,0.2319200004945521,0.22231963066859572,0.24712564192624473
0.3043204509198749,0.23255784662907786,0.2228753848827528,0.24024631756829445
0.2975203897008687,0.2307441379655458,0.22519333202663522,0.24654214030695024
0.3000030943171507,0.22893409167604922,0.22132368342556497,0.24973913058123517
0.3008688125414929,0.23000289738208415,0.22034481193718117,0.2487834781392418
0.2992229846127579,0.23189329045333223,0.2207917085953912,0.24809201633851857
0.2984842778985676,0.23285719865148846,0.22161335305187857,0.24704517039806548
0.29820403443291904,0.23325698290529107,0.2225369908787919,0.24600199178299806
0.2980837583844889,0.23243638222825042,0.22274698409952884,0.24673287528773177
0.29817649499926924,0.23187125663061262,0.22203378935763904,0.24791845901247916
0.2967243264662648,0.23167833546375716,0.22100922258708613,0.25058811548289184
0.2961504896800199,0.2326910003985847,0.21979867781966175,0.2513598321017337
0.2996911262449007,0.23255318399591654,0.22133575646420509,0.24641993329497763
0.30173179856213506,0.23492823957034195,0.22472532566877698,0.23861463619874584
0.2932077718162257,0.23180627344562035,0.22625649747698406,0.2487294572611698
0.2982047311159643,0.228886568035493,0.22027595248587192,0.25263274836267063
0.3021485052797428,0.23077097869565003,0.21954272183475548,0.2475377941898517
0.2966127876238027,0.23293138042291334,0.22167131520373476,0.24878451674954916
0.2992342836320382,0.23295527663530433,0.2216615106178992,0.24614892911475827
0.2962985026159062,0.2340856559773278,0.22350004159851025,0.24611579980825582
0.2947231959654148,0.2318601268221912,0.22178454337661924,0.2516321338357747
0.2983544308579228,0.23255821707116758,0.21990996765110057,0.2491773844198091
0.29565793914353167,0.23300159460112319,0.22139131623454325,0.24994915002080192
0.29528063662852577,0.23463621388384778,0.22146187197533582,0.24862127751229063
0.295869261694443,0.2328116864588957,0.22252274432994074,0.2487963075167205
0.30105042607120225,0.23426933929812746,0.22305050325746098,0.2416297313732092
0.2934500064778954,0.23182190959629348,0.22458891978580736,0.25013916414000387
0.2989034038743578,0.2305354415198821,0.21990465579235643,0.2506564988134037
0.29996780867219597,0.2317237964709652,0.22048198434225502,0.2478264105145838
0.29718948416630575,0.23342543216732606,0.22199267779363616,0.24739240587273206
0.2961015241871475,0.23313403972494706,0.22195754974073909,0.24880688634716633
0.2968155231872984,0.23325415698786253,0.22147848223109035,0.24845183759374873
0.2954936481921589,0.23304655506281827,0.22146634345629265,0.2499934532887301
0.29626084648462864,0.23342110012398787,0.2209269792743734,0.2493910741170101
0.29574089934865816,0.23361529920407392,0.2215757507797537,0.24906805066751428
0.2938003445805838,0.23433146185582657,0.22161247629856545,0.2502557172650243
0.2965181759545124,0.2327427967285588,0.22154272126405705,0.24919630605287185
0.3012199013023931,0.23434867620259153,0.22305003740405882,0.24138138509095647
0.2936168518102644,0.23246977773099256,0.22519198747181005,0.24872138298693303
0.29859567746369403,0.23033011278020094,0.2204586416481662,0.25061556810793895
0.30112750456607495,0.2312071754416765,0.22049171039279936,0.24717360959944917
0.2970123166511386,0.23295901783032197,0.22198537372555163,0.24804329179298784
0.2971704646692628,0.2325082146392597,0.22141511199707792,0.24890620869439953
0.29745640280503194,0.23353347063461066,0.22164516771267795,0.2473649588476794
0.29363287663597504,0.233074254755767,0.22152387880150434,0.2517689898067536
0.2966924731016855,0.2333216762073282,0.2199874944067255,0.24999835628426073
0.2939013769626275,0.2345472257239023,0.2215352104017618,0.25001618691170835
0.2909230775885625,0.23473503519404304,0.22066849033177377,0.25367339688562085
0.29594395048868805,0.23359555480014277,0.22091229891866263,0.24954819579250667
0.29768921083005806,0.23632731520380024,0.22477275962005133,0.24121071434609045
0.29084913682573765,0.23332932940916984,0.22577300355966182,0.25004853020543066
0.29981770082935033,0.2300813062565516,0.2202967074976095,0.2498042854164885
0.3030200836204635,0.2313524180757621,0.22129047048864012,0.24433702781513422
0.295472116675121,0.23208613772609293,0.2228368633384007,0.24960488226038535
0.2998266488492153,0.23119650670175787,0.22045575952671917,0.24852108492230762
0.29798578463130976,0.2334901251947504,0.22190203952232126,0.24662205065161857
0.29271123321783393,0.23263448344515344,0.22122647138585733,0.2534278119511553
0.2979151552987835,0.23347709985963888,0.21935194086208062,0.24925580397949695
0.29383526221527895,0.23461730585155996,0.22242987992141314,0.24911755201174787
0.291200278827031,0.23515105262140537,0.2217041850801324,0.2519444834714313
0.2944012369574619,0.23318578975120197,0.2208777098035904,0.2515352634877457
0.29931064083323056,0.2353696402166989,0.22282343087573217,0.24249628807433846
0.29215683212342364,0.23360058645031437,0.22560100536034897,0.2486415760659131
0.30073306922297166,0.23084701437182764,0.22111336196351938,0.24730655444168137
0.3034532505543407,0.23074703393552592,0.22229801187769013,0.24350170363244322
0.2971868351779551,0.2310906064440327,0.22323840462962635,0.24848415374838578
0.2968934129016719,0.23042075606765539,0.2200979186965486,0.25258791233412414
0.29934060349452835,0.23252383423322834,0.219317192203662,0.2488183700685814
0.29341176629364435,0.23418554322211796,0.22135171587983843,0.25105097460439924
0.2947204162528075,0.23460021710037599,0.22105883917623748,0.2496205274705791
0.2937782745041544,0.23511887642395013,0.22269819442046374,0.24840465465143172
0.2918385729448415,0.23450215615368095,0.22213583986436083,0.2515234310371168
0.2974697866082386,0.23271009392831588,0.22110442475444544,0.2487156947090001
0.3006628911961506,0.23427570298761444,0.2233858405940762,0.24167556522215877
0.29548750737670104,0.23213348007120116,0.22506156920597148,0.24731744334612646
0.29808778766361527,0.23034363813038644,0.2211468410974001,0.25042173310859817
0.2991812899504912,0.23052410611897123,0.22017264307735526,0.2501219608531823
0.30063409652938416,0.2326969248274465,0.22088697913720237,0.24578199950596705
0.29717772558000527,0.23306302508966448,0.22314911114112634,0.24661013818920383
0.29497612829980785,0.233327100947393,0.22212570098142315,0.24957106977137597
0.29457175276734215,0.2319227144565685,0.22008286352705791,0.25342266924903134
