0.4061916475992801,0.22581053738761647,0.19994259071714077,0.16805522429596267
0.27039919208135127,0.21587703754149665,0.26004335830209646,0.2536804120750556
0.24521145335112074,0.19396821414122287,0.23050220222735063,0.3303181302803058
0.406221472498408,0.21023737529523018,0.15148480621097501,0.23205634599538685
0.3974703645894947,0.22434461377200438,0.1947061305516163,0.18347889108688448
0.36685138843653514,0.23580378553594614,0.19752974118466413,0.19981508484285454
0.31338286897243756,0.21984540277827283,0.23610329130957963,0.2306684369397099
0.2543479007689362,0.19359037767435477,0.27038896890624975,0.2816727526504592
0.2489139311923005,0.1707211757968001,0.17718968931005089,0.40317520370084864
0.4450101008890466,0.1969243187600958,0.1397110284006429,0.21835455195021478
0.40948284344071334,0.23629405596547884,0.1795001394840533,0.17472296110975455
0.36085288330559884,0.24283580547104414,0.18339629013097655,0.2129150210923804
0.3328285401497522,0.23361449737777376,0.21602648292497678,0.21753047954749716
0.29151518941754534,0.21597574002344463,0.22567324470263728,0.26683582585637267
0.3233937461633717,0.21103556731073697,0.17704497579537362,0.2885257107305177
0.43664137948699755,0.21940889778952544,0.16814081753957696,0.1758089051839
0.34641570164382507,0.22778092807933806,0.2340981883562271,0.19170518192060967
0.2747148131617176,0.22270744887091892,0.2908889539614672,0.2116887840058963
0.24042425526105046,0.20222477143561418,0.29958416230812346,0.25776681099521187
0.21655507150023887,0.18345737332646603,0.2958817320238565,0.3041058231494387
0.313293833103802,0.2072303500153478,0.1698096381752362,0.309666178705614
0.4605117382498289,0.22717851493276073,0.14033036855484976,0.17197937826256068
0.38777600783606825,0.25091583810362994,0.19611260424825727,0.16519554981204457
0.34762567660201277,0.23630287056045773,0.17526128865050594,0.24081016418702358
0.36392230413392535,0.23296925474547903,0.20944519673006526,0.19366324439053031
0.3044787134993581,0.22965420412243556,0.2617190523291811,0.2041480300490252
0.2889251733747456,0.2101566672768573,0.20305431713122718,0.2978638422171699
0.4154720073828941,0.21771550789245295,0.17505870535685705,0.19175377936779603
0.33639475469065283,0.22270105800797177,0.21307484005939084,0.2278293472419846
0.3402228546165497,0.22600088656856337,0.20939279629069252,0.2243834625241945
0.39515962723791287,0.22777665382114554,0.16437100386587178,0.21269271507506984
0.34862539335192255,0.22340854695318468,0.2170140547861043,0.2109520049087885
0.32999641975394406,0.21679325861395377,0.17142301935701582,0.2817873022750863
0.3863918354934692,0.19677283845538576,0.15666757713256793,0.2601677489185771
0.42566963280134384,0.22467713220751717,0.15814214066296112,0.19151109432817798
0.4297754274597403,0.24833259939028135,0.14401452314266414,0.17787745000731436
0.3745310232135642,0.2515335683041797,0.2068493140628668,0.16708609441938932
0.2950645104139632,0.22202411064348593,0.2083778419601632,0.27453353698238764
0.3067317414563589,0.19296412742896688,0.1508245576569535,0.34947957345772085
0.4830511897626252,0.21334408118653844,0.13631016221049047,0.16729456684034594
0.4199664645331079,0.2318712948643997,0.18125201527922294,0.1669102253232694
0.36631340284738617,0.23163840844863223,0.2226095143942386,0.17943867430974306
0.25482933620949344,0.20839143029590423,0.2906528066116729,0.24612642688292954
0.1803331013008377,0.1674557008720156,0.3040952638315951,0.34811593399555163
0.2744560436689983,0.1671994747027693,0.13690803330554271,0.4214364483226896
0.5299819432948113,0.2083038779767401,0.10285811986023578,0.1588560588682127
0.4693200169443228,0.25385049325714704,0.13831167525216084,0.13851781454636922
0.39453804278887955,0.2600204589215263,0.16594380366008518,0.17949769462950907
0.3463471533904061,0.24188006794921194,0.2063051783583503,0.2054676003020317
0.2973257217917765,0.22034117373970077,0.249498470239733,0.2328346342287896
0.2850008951099787,0.19164868398216406,0.18526340449826686,0.33808701640959044
0.4416353976059477,0.20459439343547342,0.16078807323822536,0.19298213572035341
0.3889863854569268,0.22595259342112986,0.20447817099681956,0.18058285012512376
0.30448806874631384,0.2306056773004901,0.26270645293674444,0.2021998010164517
0.27885746815990586,0.2173129986606133,0.2484190428098099,0.25541049036967095
0.25481268746066765,0.18288868343755635,0.2120982957066898,0.35020033339508616
0.37113614627102304,0.2058212320666666,0.13197400332612258,0.2910686183361877
0.5045679388760177,0.22534643030501142,0.10934579912422407,0.16073983169474673
0.4563218781155462,0.24937155174856637,0.15627520006552012,0.13803137007036742
0.3827643445795482,0.2541045279768562,0.1765158759194667,0.18661525152412894
0.2873025398795567,0.2215304135820992,0.26376552235775635,0.22740152418058782
0.24978702532256006,0.1849954215874184,0.2481034741864914,0.3171140789035302
0.2741299270248811,0.16186288112270208,0.14596797127345684,0.41803922057896004
0.5136965827598157,0.1997301386171058,0.13518182457199487,0.15139145405108353
0.38045603761505714,0.2364317422351401,0.2101252251883562,0.17298699496144657
0.2936060183894657,0.22565833847773437,0.23483209607070138,0.2459035470620985
0.29392126967662735,0.2025598399012319,0.20349866669249003,0.3000202237296507
0.277611048111921,0.18193852190276955,0.19666548062599642,0.343784949359313
0.42352208418990245,0.2149041868919416,0.10944328191372645,0.2521304470044294
0.5111712106592899,0.22894134007665998,0.12665091836662237,0.1332365308974277
0.37057074320205874,0.24694463380014497,0.22338203667376919,0.15910258632402724
0.24974650097269108,0.2210023480252046,0.26452470318528537,0.2647264478168189
0.2680877400239524,0.20415914219825962,0.2697839456646141,0.2579691721131738
0.261455096261046,0.19671272539639467,0.2703205304187073,0.27151164792385196
0.32932698431888485,0.21011108879605653,0.1692825784265256,0.291279348458533
0.45333501748380667,0.22015395054317485,0.1638690849726178,0.1626419470004008
0.30850274693314034,0.23362197130398094,0.2689527279912626,0.18892255377161615
0.2650740095447644,0.2110741377015328,0.2432043067078573,0.28064754604584546
0.323807446690227,0.20191348431616005,0.207122259161262,0.2671568098323509
0.3093734048922436,0.20993902471277726,0.2395510134927809,0.24113655690219832
0.33800292109187235,0.21163781616133273,0.15121381150679136,0.2991454512400035
0.446947678214767,0.21111729645279276,0.16020267183053194,0.18173235350190842
0.3545017099379662,0.2322866340835419,0.19976162645964682,0.21345002951884523
0.35091668482181765,0.2322144702112735,0.177761931380008,0.23910691358690078
0.3760438958216417,0.23789633876092892,0.2058260810601925,0.18023368435723677
0.2849102684771078,0.2150653660827666,0.23194829997841754,0.26807606546170804
0.31916776821540854,0.20587212440750577,0.16154025495355223,0.31341985242353354
0.4491534417425303,0.21957966360807768,0.16462739916454008,0.16663949548485185
0.34224656363831046,0.2305005901302331,0.2273674700664411,0.1998853761650152
0.3261037955628537,0.23848366359391315,0.2440867778402487,0.19132576300298448
0.29004523219773987,0.21052359843539212,0.24104214461424484,0.2583890247526232
0.21734324373326883,0.19008187718837932,0.3319197945692863,0.26065508450906544
0.2518503626064606,0.16051237715820788,0.1349741431642533,0.4526631170710782
0.5018099658527274,0.19722095672343834,0.13676246458084274,0.16420661284299143
0.41272490450409843,0.2576825859327665,0.18262970840120155,0.14696280116193358
0.3208756184432707,0.2448060946016983,0.20327126377349738,0.23104702318153364
0.317995250055176,0.23467040743356207,0.23505252886424724,0.21228181364701482
0.27971661190487185,0.199307305570945,0.17268090064165825,0.34829518188252484
0.4273936232949461,0.2182024105862999,0.14140112219197845,0.2130028439267756
0.485991181626097,0.23563951795100951,0.13828031322972043,0.14008898719317323
0.3601136817935361,0.23872680310178282,0.23442504116536195,0.16673447393931928
0.2501366971209616,0.22290185868002554,0.32697491512538013,0.19998652907363276
0.1764246516278508,0.1559749060383882,0.26055881307484763,0.4070416292589133
0.2807002072319077,0.17433506846621014,0.20735122196684572,0.3376135023350364
0.4602067814898818,0.21865875729181836,0.10870661636623474,0.21242784485206506
0.4695915189302005,0.23384727918406065,0.15167040930737088,0.1448907925783679
0.39894417918415576,0.25547882822085743,0.16391333375729278,0.1816636588376941
0.34990667681961096,0.23472039481946183,0.16872430985722445,0.2466486185037028
0.38026874111605125,0.24045361138529497,0.1952118806853289,0.1840657668133248
0.35105083287737604,0.22786272362962315,0.17784045473456564,0.2432459887584353
0.40440924545197665,0.21957946525309616,0.15457267758603901,0.22143861170888807
0.4275213785192922,0.2260733385466012,0.1729489974005714,0.1734562855335351
0.3240355030098441,0.22721636096483822,0.24530446682338705,0.20344366920193063
0.31798516497171764,0.22088282192170236,0.23608364109875854,0.22504837200782146
0.29885005534698295,0.19542439768734798,0.20700286834067969,0.2987226786249894
0.30571494591932846,0.2052230991710358,0.2151156057335479,0.27394634917608784
0.40359965027645245,0.21818992521920139,0.1220100279651129,0.25620039653923327
0.4714677302993373,0.21996065410908702,0.1429527653584304,0.16561885023314526
0.42991545363505984,0.2515048176537982,0.15280825767163486,0.16577147103950712
0.3902922785287372,0.2565475867736731,0.1578853325847892,0.19527480211280035
0.3581487398506218,0.24287809050722226,0.22824241653011743,0.17073075311203864
0.26656118492237985,0.19935142460387079,0.20819742004326897,0.3258899704304805
0.3675194978036328,0.19840856353946687,0.13331297245414075,0.30075896620275944
0.4928033268718798,0.22056662285067027,0.151361087111033,0.1352689631664169
0.33534616607001627,0.2275252011935849,0.2562208667474565,0.18090776598894232
0.2876137870570668,0.20499567946616085,0.21330150354945085,0.29408902992732155
0.3240217869110015,0.19489880763807163,0.2194192694119141,0.2616601360390129
0.21981139943750025,0.15640855627602682,0.22214267168576957,0.40163737260070353
0.30916656354950095,0.14727536172943548,0.10392354830490402,0.43963452641615947
0.5328912894616252,0.18352005365687338,0.127151758092767,0.15643689878873432
0.3816206768770983,0.22365218161820477,0.19804753272825473,0.19667960877644236
0.32352981733482805,0.23138950309071846,0.17810419479704712,0.26697648477740643
0.33259872754412145,0.1998201382995409,0.17239211712211414,0.29518901703422346
0.2514187699418399,0.175542219586066,0.1895318698973024,0.38350714057479174
0.33810822034667126,0.17820116316061543,0.09829972329048903,0.38539089320222425
0.5402780528940075,0.21210114441585387,0.124510985923931,0.12310981676620757
0.340159974434443,0.24353233017853554,0.28441965880496134,0.13188803658206
0.1326306422809566,0.18074325772461086,0.48207511301095013,0.20455098698348237
0.0908901245698538,0.14427396361607442,0.5615143517506122,0.20332156006345956
0.07726556907932776,0.11799551989132843,0.4351341194071911,0.36960479162215265
0.2284153321353063,0.17096243776799497,0.25127950103681135,0.3493427290598874
0.4323125200598448,0.21474576440430068,0.18357782142266607,0.16936389411318836
0.22799256428073283,0.22604719366592035,0.3624939610967752,0.18346628095657155
0.1818276121307436,0.21514375434368743,0.37692663337733595,0.22610200014823306
0.2162485538920476,0.20311794997441665,0.32385102748844885,0.25678246864508686
0.22147899519482311,0.20483649910475565,0.3086667370389644,0.2650177686614567
0.33815894262962254,0.21986119929654493,0.16489444666923767,0.2770854114045948
0.39693316875916707,0.22485725879515742,0.21353880969653874,0.16467076274913683
0.28406976117701727,0.23879883925398662,0.279263048549581,0.19786835101941513
0.2811327518747186,0.22053079726959,0.27210901250637615,0.22622743834931516
0.24090205076619517,0.20073660250673678,0.33945445159278603,0.21890689513428208
0.15372514827660302,0.14967854989893858,0.26277746440728167,0.43381883741717675
0.3742305038538624,0.1980289992313046,0.15947970752177276,0.26826078939306014
0.4346968912040621,0.2236931392800827,0.16767382207779716,0.1739361474380579
0.3356824312152125,0.25256232846811977,0.22290345329855712,0.18885178701811045
0.37192716619168176,0.2521169020535344,0.16363213061880186,0.21232380113598207
0.3383571662739996,0.23813701951940658,0.2191176766796257,0.2043881375269682
0.31905845175639813,0.2244583226557092,0.21177535319290441,0.24470787239498826
0.3616774188417456,0.20088250905987629,0.1502699800951472,0.2871700920032309
0.4400491109636564,0.21350001893623943,0.19461462470094368,0.1518362453991606
0.29514860712197355,0.22536612592141564,0.2781649004059449,0.2013203665506659
0.22534695708259736,0.19965993845688992,0.3222720110655945,0.2527210933949184
0.23758954764730272,0.18301160462835972,0.22337490465335788,0.35602394307097956
0.29119451159100895,0.18588763516222329,0.18110970675956134,0.3418081464872063
0.4550762989599723,0.215332508358984,0.10907551707193536,0.22051567560910829
0.4880702287585656,0.2267978859371509,0.12733166786068054,0.15780021744360295
0.4260092243699346,0.25053689015332986,0.1733306348308168,0.15012325064591875
0.3062022489929017,0.258690171501396,0.25249169166480584,0.18261588784089647
0.2374012700611832,0.2139670061142205,0.3095835066726243,0.23904821715197194
0.20312144155864473,0.15785351893101074,0.21467371239121233,0.42435132711913226
0.32603004134654695,0.1624147719761211,0.12277146483472914,0.38878372184260285
0.5249172283707252,0.21285232205546234,0.13396636876099663,0.12826408081281582
0.3856078317361443,0.24641649127755147,0.22346637910776,0.14450929787854405
0.23408079800458143,0.21013158232670529,0.3126091691526041,0.24317845051610917
0.15820069717798207,0.15521461350085913,0.29549051523375924,0.39109417408739955
0.1498770314281304,0.10740228018275742,0.14578479262184488,0.5969358957672674
0.5508064703742629,0.19441001825862844,0.08657868157904011,0.16820482978806847
0.5145926243009592,0.23678346807366227,0.12227263540119362,0.1263512722241849
0.3377932246435529,0.25493105839984576,0.252688459038564,0.15458725791803732
0.22511308406456018,0.2217405417962287,0.2670291953342168,0.28611717880499427
0.24689250513073663,0.18700304479146132,0.24957706958707057,0.3165273804907314
0.34035696316500963,0.19809101619621486,0.19443434159153106,0.2671176790472444
0.3791095904073543,0.2091126708870632,0.14722097711700052,0.26455676158858193
0.43804204630673976,0.22630701692020586,0.1930110706342652,0.14263986613878912
0.2714464495333421,0.2253507349183842,0.2999807873076334,0.20322202824064017
0.1899136879901213,0.18125036580955858,0.33254851043249656,0.29628743576782357
0.21306280022372875,0.15654289642704075,0.20404080636715877,0.42635349698207176
0.3286048409726348,0.18883865728237256,0.1981020245413261,0.28445447720366646
0.43489435244761737,0.22873312536203158,0.1310997824544553,0.20527273973589577
0.43905522089714777,0.2292153973417812,0.15745841072903558,0.1742709710320356
0.32254604981444557,0.24080485614642355,0.24603894569787296,0.1906101483412579
0.25473060694065947,0.22542727633773324,0.24845640730031182,0.27138570942129553
0.3256467138745313,0.22151297939277675,0.22728968901613508,0.22555061771655693
0.32093032092605955,0.21269113507686213,0.22111652814737473,0.24526201584970364
0.3061603195559405,0.20163871966875616,0.1884794709743406,0.3037214898009628
0.4050481693872348,0.2200855309306656,0.20017412720738306,0.17469217247471672
0.29228430839412395,0.22215862792335922,0.2943816801012653,0.19117538358125158
0.2268612822654608,0.19399524900691328,0.29580243115286625,0.28334103757475965
0.23609053756405343,0.1725469582143961,0.23379392182045605,0.3575685824010943
0.2632652834939252,0.1773263866466433,0.2226035688669246,0.3368047609925069
0.39074066802150265,0.2061483657607962,0.13408981745967047,0.2690211487580307
0.46481204801445686,0.2178084060248923,0.1485294655091827,0.16885008045146807
0.3409624110003221,0.23924918407910215,0.22145243999383576,0.19833596492674005
0.29064139372872827,0.24133941099877562,0.22447593911434577,0.24354325615815037
0.3311933997600518,0.2288286268047807,0.22342250547150716,0.21655546796366026
0.28424189010409695,0.2136159215245666,0.24118308064381205,0.26095910772752423
0.33284922846832704,0.20982762815189404,0.1574311858012746,0.29989195757850434
0.4303368821267808,0.22220052106518592,0.19820453449837988,0.14925806230965347
0.2652715344873907,0.22298248253212863,0.33680602805633364,0.17493995492414688
0.20132050901266066,0.18008207987182206,0.2984234822181265,0.32017392889739077
0.24673304929472262,0.17983371934676917,0.2984363727407524,0.27499685861775586
0.1694848580951037,0.15079113224005006,0.2687468232030452,0.41097718646180104
0.3694701097627273,0.19828901116014352,0.14298351833476514,0.2892573607423641
0.4812844339933337,0.21805246093645242,0.1358965565483771,0.1647665485218368
0.320651997410905,0.23863619657374405,0.23357853702223372,0.20713326899311732
0.3408611009711005,0.238085855177858,0.1567762246758549,0.2642768191751866
0.39937643746973406,0.23398697047641367,0.18101149893927868,0.18562509311457365
0.3221675962506007,0.24075629083883726,0.24655486688783676,0.19052124602272524
0.3037028266137149,0.22511705036976365,0.18324611460115575,0.2879340084153657
0.395474398011601,0.2187145730192463,0.21813315897616817,0.1676778699929846
0.25966287780737746,0.2060372453082673,0.31009244302053923,0.22420743386381609
0.23688243287869787,0.1772682291805297,0.26884423495267323,0.3170051029880992
0.31690627606680866,0.18918965801843124,0.24338094405032284,0.25052312186443726
0.21422917996896057,0.19252445815473035,0.36022024818424014,0.23302611369206902
0.21607801811332203,0.17604809345978337,0.19706214722581092,0.4108117412010838
0.41506190856175235,0.19824973080435238,0.13627759975108886,0.2504107608828065
0.40959382787690807,0.23987104779848265,0.14827931435753539,0.20225580996707399
0.45663984790808515,0.26190950052257295,0.11403421876111808,0.1674164328082237
0.45888039836746697,0.25843737071123324,0.145280824108052,0.1374014068132478
0.3166603932733891,0.226722964732319,0.25256499353591155,0.20405164845838034
0.20183993089435392,0.17716315594360865,0.27489786101595587,0.34609905214608166
0.3279673987486784,0.19395697637248538,0.23711652366199013,0.2409591012168461
0.28174539042912106,0.21608032930606816,0.3251633268715175,0.17701095339329342
0.24451567162712984,0.1986953445563515,0.28721207830655193,0.2695769055099667
0.20145021312378078,0.1598702280099754,0.2427231058912872,0.39595645297495663
0.27062464006009507,0.17182268785095087,0.18131882094922258,0.37623385113973157
