0.30403822176029044,0.2256797561409216,0.2109392117151115,0.2593428103836765
0.3028997227498975,0.22912826140587403,0.2063196383041912,0.2616523775400373
0.3043428956237784,0.22622549240808545,0.20637321952085197,0.26305839244728413
0.3102882793098095,0.23314936515256243,0.20089168301591984,0.2556706725217082
0.30822782533514304,0.22899163734686903,0.20859262339848142,0.2541879139195065
0.2936056945811218,0.21552575078111033,0.22769464761492583,0.26317390702284194
0.3006663927782158,0.2237140460877367,0.21444837111013412,0.2611711900239135
0.30969983951042485,0.2308989469988475,0.2025174589996799,0.2568837544910477
0.3072283552456652,0.23528840393402914,0.19641538342556847,0.26106785739473715
0.3137428376290164,0.2404496016082466,0.1899766736820658,0.25583088708067114
0.30938758613153383,0.22905266784369172,0.2082551935739336,0.2533045524508409
0.29430820452050294,0.22244947768377826,0.2152385919152972,0.2680037258804217
0.30393772931965257,0.23068617363609173,0.2011714068382677,0.264204690205988
0.30623014844200414,0.23211798404393727,0.19800393370934705,0.2636479338047114
0.3026835766456173,0.22572648081204877,0.20727156879092218,0.26431837375141176
0.30189158493354423,0.22538306388510385,0.21109255036944935,0.2616328008119026
0.2975698318360296,0.2160722683904605,0.22679931249247834,0.2595585872810315
0.28479251067358535,0.20535615525445283,0.2407813155535076,0.26907001851845413
0.30367861816897,0.22563755476610894,0.2120457982759005,0.25863802878902054
0.30804224319921014,0.233717205448273,0.19847076371718397,0.25976978763533276
0.30911957461729295,0.2344582208640098,0.19844682349398057,0.2579753810247166
0.312041389184508,0.2348882394569211,0.19917319605727887,0.253897175301292
0.30582437749206326,0.22483839994490243,0.21563357077109316,0.25370365179194126
0.29230182517533426,0.2190740622425511,0.22014849897033267,0.2684756136117819
0.30828809627707576,0.22415481229781223,0.2124983463618783,0.2550587450632336
0.3063892303701772,0.2273135073040396,0.21042536421151004,0.25587189811427324
0.3025420258618313,0.22872273177009797,0.20670406493715754,0.2620311774309132
0.3111997982094033,0.23360738852195026,0.20067354652057293,0.25451926674807357
0.3138747007978393,0.22865656078639682,0.21015317761949404,0.24731556079626993
0.29976675787743134,0.22327395335558253,0.21624347643752068,0.26071581232946545
0.3151805920054632,0.24015110958468053,0.1945019289316458,0.2501663694782103
0.3136646975346656,0.23408633958950892,0.19956352657510604,0.25268543630071943
0.3098686681954337,0.23253200235931418,0.20255109485003994,0.2550482345952122
0.3154779288709387,0.24450425759677205,0.1846914003481746,0.2553264131841146
0.317562266841704,0.23576498587786152,0.19810410624572714,0.24856864103470744
0.30352745602047737,0.22864783213913298,0.20827483735409252,0.2595498744862971
0.3110338744888844,0.23617391216596764,0.19650696587887684,0.256285247466271
0.30808991002339325,0.23903562171716974,0.18994992982600814,0.2629245384334289
0.31236615850571936,0.2361974249021741,0.19119244685170791,0.2602439697403985
0.3147658242357053,0.2325816747686916,0.20133539671715087,0.25131710427845216
0.3041035587769641,0.2237385107591471,0.21859981400774484,0.25355811645614396
0.2894408534504789,0.2129375044769691,0.23153775079938702,0.266083891273165
0.3056750529390306,0.22496709103393167,0.21346177066289707,0.2558960853641406
0.3137051227323948,0.23804343245959853,0.19157605473032882,0.2566753900776777
0.3192593084414727,0.24976540169929115,0.1772315441996229,0.2537437456596133
0.3194590474969304,0.24724797387528583,0.18193370659742647,0.25135927203035735
0.3112671941313349,0.2269319232991796,0.21287312430677977,0.24892775826270572
0.29209872536706505,0.21886630920252842,0.22146988095377426,0.26756508447663224
0.30548430373913465,0.22784917757322784,0.20568301492206764,0.26098350376556984
0.30867322487648485,0.2315371200093063,0.20049522031102399,0.2592944348031849
0.30767566225634346,0.2316105815817984,0.20118091186543346,0.2595328442964247
0.3081458108593201,0.23015627147950338,0.20540422667552952,0.2562936909856469
0.3105098391345544,0.2258423208097128,0.21554465545260768,0.24810318460312514
0.2945940416623278,0.2163673496584534,0.2273152674312816,0.26172334124793717
0.30994365908995736,0.23609080613346414,0.19817301913617577,0.2557925156404026
0.3179265319105727,0.24636909478546065,0.18074377999043723,0.2549605933135293
0.31778231223047265,0.24147006636292592,0.1873078384958243,0.253439782910777
0.3150188645230846,0.24034391740012248,0.19181460078381674,0.2528226172929762
0.30918085404250123,0.22751803092185582,0.2115495111208298,0.2517516039148131
0.2909518659753188,0.21525535858939543,0.226861178490828,0.2669315969444577
0.3045900907625397,0.22512840453690997,0.20975151792556393,0.2605299867749865
0.3131399004973241,0.23795329297841095,0.19214303384310102,0.25676377268116396
0.31170265903949257,0.2377700144051098,0.19253383488964268,0.2579934916657549
0.3143782204029453,0.23423466949339944,0.20103825372741313,0.25034885637624227
0.30924693837418804,0.22806402201585826,0.21334802340419803,0.2493410162057557
0.2935788383466188,0.22138320212280047,0.21636928758401142,0.26866867194656924
0.3131760329413069,0.2414395237421807,0.18795652406060206,0.2574279192559103
0.31843423695672063,0.24670890857198205,0.1779470429483305,0.2569098115229669
0.3102218651006631,0.2356769436691333,0.19436534419442839,0.25973584703577524
0.30627865576928776,0.2340094933245965,0.20010592589749127,0.2596059250086245
0.29981743381823645,0.21657216520610373,0.22579133359938505,0.2578190673762747
0.2806138756754508,0.20580657080492903,0.23704183019679423,0.2765377233228258
0.3081208127948542,0.23113301749620108,0.20097781055773042,0.25976835915121427
0.3097093857013185,0.23397867729621102,0.19768935591081524,0.2586225810916551
0.30034694935844025,0.22639716320231698,0.20964857151562066,0.2636073159236221
0.3076185133850729,0.22881275015907002,0.2079493307389711,0.255619405716886
0.30269014001523636,0.21633806034165548,0.22834021620401398,0.2526315834390941
0.28869315389853856,0.21620512713985995,0.22515800656934762,0.2699437123922539
0.3146371668645116,0.23761326773642744,0.19520202440463333,0.25254754099442767
0.3112646717131442,0.2332944843764358,0.200391969104094,0.255048874806326
0.3061344838671024,0.23189602588873004,0.20301701849463225,0.25895247174953523
0.31054093694738494,0.23759710719848845,0.19454560808940635,0.2573163477647202
0.3091335540599135,0.2274828873069704,0.2100523594843782,0.25333119914873803
0.2958800339842646,0.22094555330719473,0.21572628266394764,0.26744813004459306
0.31178812731349914,0.2362344463913987,0.19658951826834944,0.25538790802675254
0.30470711101793724,0.23470940451358227,0.19606220291374132,0.2645212815547392
0.30227013875692654,0.2244457803044399,0.20852644924701105,0.26475763169162253
0.30957175867355763,0.2301647176424802,0.20478713535100315,0.25547638833295905
0.30162175069163816,0.21928382498549567,0.22315381762789147,0.25594060669497465
0.28500296751475657,0.21158926016853855,0.23177503584558298,0.27163273647112196
0.3108175935545792,0.2314565920748235,0.2043870338463456,0.2533387805242516
0.30558942731716576,0.22587490208493613,0.20923053576803793,0.25930513482986023
0.30975822393891306,0.23858521998620721,0.1943388512955196,0.2573177047793601
0.31634512546081456,0.2381697123923623,0.19412106707158772,0.2513640950752354
0.3084874390889179,0.2244113336677619,0.2186121878683511,0.24848903937496913
0.2922665824609773,0.22499696276779127,0.2121808834805959,0.2705555712906354
0.3131302925742884,0.23806802979135583,0.19048037156886524,0.25832130606549053
0.3126424512062885,0.2387874592447299,0.18990320131671412,0.2586668882322675
0.309694207046418,0.22939936919904097,0.20294526189802564,0.2579611618565154
0.30661376523822254,0.2286435283539144,0.211189560784996,0.253553145622867
0.2952096128258167,0.21156483586193672,0.23467456007394052,0.25855099123830616
0.28799476012273145,0.2071050791756229,0.23993688830489637,0.26496327239674916
0.3127972022624513,0.2384357455920263,0.1939207690076792,0.25484628313784313
0.3204088743375452,0.24387698672057964,0.18419846596543654,0.2515156729764386
0.31838001738426436,0.2430339527326949,0.1906206501233849,0.24796537975965594
0.31547480121258703,0.23770788109373375,0.19740234504766693,0.24941497264601228
0.30367852241239846,0.22584844765607126,0.213810647988322,0.2566623819432083
0.30417238268156305,0.2304898409491045,0.20135143443436646,0.26398634193496595
0.3189936797735674,0.23710862033012442,0.19369314358066717,0.25020455631564087
0.30831903215230316,0.23759936028606637,0.19436517503862338,0.25971643252300713
0.307556942963149,0.232311470500022,0.20025836763465835,0.2598732189021707
0.309990459602541,0.22525851851679837,0.21373887692316762,0.25101214495749286
0.30229334446375805,0.21843279654365613,0.224988400537219,0.2542854584553667
0.30138371513837214,0.22757767663248635,0.210441648352404,0.26059695987673753
0.3165484406978481,0.24281163366279448,0.18898666930524563,0.2516532563341117
0.3174536902274261,0.2378708472285498,0.1928804361382744,0.2517950264057496
0.3166901459711466,0.24311036656154622,0.1882962311363449,0.2519032563309622
0.31678296822779184,0.2433217867653695,0.18771531539741856,0.25217992960942026
0.30854823017856625,0.22940120722390503,0.2078804492972351,0.25417011330029365
0.30164211678921293,0.22323360170756268,0.21291899671572112,0.2622052847875033
0.31265445784393886,0.2343992667649236,0.1980157759454209,0.25493049944571666
0.3090571790611745,0.24230678008953868,0.18689893179752715,0.2617371090517596
0.3091818294901943,0.22904543601436417,0.20176067541621423,0.2600120590792275
0.3155134228898105,0.22740604600156353,0.2126422592946692,0.2444382718139568
0.30222129503904904,0.2248043956303616,0.21876220492663,0.25421210440395925
0.2912619671772272,0.21818203862488386,0.22129685113775174,0.2692591430601372
0.32104184649010425,0.23979338383856874,0.1926613410960783,0.2465034285752487
0.32074878948903685,0.24331327777075853,0.18691217771395885,0.24902575502624583
0.31160378923168036,0.24683964240196285,0.18144130745028542,0.2601152609160714
0.3195378438636884,0.24918345923173602,0.1811147004034946,0.250163996501081
0.308303123815876,0.2202117690083091,0.22056223594897695,0.2509228712268379
0.29295635925060776,0.23185489778752905,0.19964342377564165,0.2755453191862216
0.30864441816417054,0.2572908190154757,0.1629674198910844,0.27109734292926946
0.31130374641290814,0.2449220311749672,0.17303269506214528,0.2707415273499794
0.29968144697432875,0.231062706405107,0.19257845937267484,0.27667738724788943
0.2917041862427164,0.2161788326643847,0.21781389828969036,0.2743030828032087
0.2694962101356895,0.19076424048695634,0.25985025207041135,0.27988929730694284
0.24865952503179656,0.1738546424540127,0.2796151933336846,0.2978706391805061
0.2782562718073876,0.19815533455653428,0.240135223207521,0.28345317042855706
0.2959539895186191,0.21987209736826296,0.21089480063859214,0.2732791124745258
0.2896859458227908,0.2171257723714791,0.2194696664098366,0.2737186153958934
0.2961294704334084,0.22268087964169767,0.2164964514159119,0.264693198508982
0.2820118927265501,0.19454491043230018,0.25692019077321365,0.2665230060679361
0.27185155739535116,0.19412830471849626,0.2580794785562378,0.27594065932991474
0.3015225992112562,0.23134083734426908,0.2019640556469735,0.26517250779750123
0.29846716126133144,0.22220981253488853,0.21162961636752411,0.26769340983625595
0.2908834166866166,0.21476986553571356,0.22520352841802524,0.26914318935964465
0.30207813297788644,0.21986734744002925,0.21920279601862008,0.2588517235634642
0.2856617937721918,0.2024352179387786,0.24821605925986553,0.2636869290291639
0.28171036520859916,0.20635169870806355,0.23929032237121073,0.2726476137121264
0.3095786398437863,0.22740975121230067,0.20962643184261365,0.2533851771012994
0.29738631893123696,0.22184319508599862,0.21600341290817107,0.2647670730745933
0.30985450043391394,0.23426216644923192,0.19922209382517894,0.25666123929167517
0.3159867328953936,0.23775892237840382,0.19791273609350674,0.2483416086326958
0.29548123313951097,0.2182314608770905,0.22385026249073883,0.2624370434926597
0.2987792008334435,0.22816880227944308,0.20621942150801484,0.26683257537909855
0.3132389003936903,0.23150806456360953,0.20055387065441194,0.2546991643882884
0.30079084695825287,0.22560172469211054,0.21038390274991378,0.26322352559972284
0.30198290463210137,0.22814867990454626,0.20704392849757297,0.26282448696577954
0.30587481767970903,0.2172334881697339,0.22486029540516314,0.25203139874539393
0.29481595290471396,0.21305301025385584,0.23567150222246455,0.2564595346189656
0.2964879700204167,0.2258859781162733,0.21058532023784968,0.2670407316254603
0.3180417600543027,0.24375652589882657,0.18610121509985839,0.25210049894701225
0.31788556447931193,0.24384822450187046,0.18339488638841486,0.25487132463040263
0.3157098776743254,0.2420631197985729,0.18873104542007751,0.2534959571070241
0.3069222192670777,0.2343622766388459,0.20017517990023911,0.2585403241938373
0.30024028811870446,0.21402327710075145,0.22922427939513965,0.25651215538540456
0.2891313527895083,0.21163516968462417,0.23120464790839595,0.2680288296174716
0.30534331816802995,0.2337738640652357,0.196364453000959,0.2645183647657752
0.31068752054575577,0.24260547952776768,0.18353461081031947,0.2631723891161571
0.31064079840078607,0.2314031907829286,0.19910523804960012,0.2588507727666853
0.3087864611211389,0.2214356310009996,0.22083539085906448,0.24894251701879716
0.29465745583124975,0.21791689605467507,0.2297471504697174,0.2576784976443579
0.28343843662186896,0.21120874444195042,0.23071002571745028,0.27464279321873036
0.3111867739794028,0.23390001496614538,0.19595626447538855,0.25895694657906326
0.3222610347201039,0.24745301967927694,0.17701873378122954,0.25326721181938966
0.31417527890400665,0.2432383778229279,0.18703633008113918,0.2555500131919262
0.3072695843626991,0.23726101146017714,0.19956469359773138,0.25590471057939246
0.29106263720745934,0.202567478525817,0.24535133837153966,0.26101854589518403
0.287949624174359,0.21305291862912742,0.22653709383634457,0.272460363360169
0.312015978030092,0.24123896884323998,0.1843116954033582,0.2624333577233097
0.3101796591493888,0.2370176552961412,0.19279179733775667,0.26001088821671337
0.29742842374869566,0.22202731844899326,0.2154285441132662,0.265115713689045
0.29952112660758967,0.21324429297767333,0.2301001691683371,0.2571344112463999
0.2908451657942142,0.2115407790617877,0.23596310128813558,0.26165095385586246
0.2904615128370586,0.21908285758817395,0.21702214144101223,0.27343348813375523
0.3141573702661101,0.23784441587690597,0.19284771211078713,0.2551505017461968
0.3125714130460504,0.23649350272961434,0.19400199259900458,0.25693309162533073
0.3062004772251128,0.23319400442796392,0.20272901442934624,0.25787650391757716
0.29824601734488193,0.22860717250018722,0.20692606715551992,0.2662207429994109
0.2993929965162074,0.21399754510070068,0.2265596699835453,0.2600497883995467
0.29221699303250737,0.21755217946023392,0.21953092399675964,0.27069990351049905
0.30680026901717933,0.233552281647357,0.1968614148318055,0.26278603450365834
0.30189000751635636,0.23041671689788115,0.20264293000573907,0.26505034558002355
0.2951159684807013,0.2144743497464857,0.22433502987387458,0.2660746518989385
0.2979358868462818,0.21290897044520316,0.23040525861891098,0.2587498840896041
0.29719843694840625,0.21814586356739585,0.22595612519421934,0.2586995742899786
0.28891527502653136,0.2161623847920987,0.22377336722149638,0.2711489729598735
0.3088294670885224,0.23206080620815991,0.2011957985259447,0.25791392817737296
0.3133702195942703,0.23556733191614376,0.19586995951387356,0.25519248897571234
0.30615162817814295,0.23415566189068024,0.20003065914417148,0.2596620507870054
0.30436163638853286,0.23564056438060627,0.1981489289348928,0.26184887029596793
0.30054906584406793,0.21818998001074535,0.22075979190015663,0.26050116224503006
0.2913909780747823,0.2159818322663923,0.2210589824112716,0.27156820724755376
0.306496356758849,0.23668302013463893,0.19227501148515513,0.26454561162135704
0.3012332588597746,0.23158905179070335,0.19815256155314823,0.26902512779637394
0.2921877264368331,0.2128480227785345,0.22456784346629988,0.2703964073183324
0.2981228423658588,0.2116873479085483,0.23152009585232844,0.25866971387326454
0.2876928560913202,0.20806019565575828,0.24083625527317556,0.26341069297974606
0.2773706219274849,0.20381487214221636,0.24134031753879961,0.2774741883914992
0.310779737052253,0.22846527637238995,0.20693911779619256,0.25381586877916446
0.3095329925522376,0.23200293359070126,0.20311708530071973,0.25534698855634136
0.30472220730256927,0.23536222968718545,0.1981684318157373,0.261747131194508
0.3120236193874044,0.24303198608965845,0.19013247190261998,0.25481192262031704
0.30048957253467207,0.21608629382141503,0.22416005600841435,0.2592640776354986
0.2926648781491659,0.2208447055217914,0.21489389448252835,0.27159652184651434
0.3091030754606262,0.2380468939067045,0.1908952934478133,0.26195473718485607
0.2987111871436288,0.2235603687972717,0.2107550491661188,0.26697339489298066
0.2862862965261849,0.21305472935779654,0.22495693217112145,0.27570204194489706
0.30012250101777416,0.21568577609894926,0.22257509401562448,0.2616166288676521
0.2921050994632246,0.20918284725135414,0.23831031076926967,0.2604017425161516
0.2808707892628127,0.2067521924717648,0.23801736118692857,0.27435965707849397
0.3112908430921618,0.22694300360769507,0.2117056762708711,0.250060477029272
0.30414773152594204,0.22598000530899215,0.21359882553717643,0.2562734376278894
0.3040906562110227,0.23664722019787893,0.19674734979855885,0.2625147737925395
0.3122520492312226,0.24803616401791662,0.17879228980880504,0.26091949694205574
0.3135898103921036,0.23240409097166012,0.19985087535869903,0.2541552232775373
0.2951417298630523,0.2215127056045791,0.21491701182342157,0.268428552708947
0.30007942542614036,0.2270495332646723,0.20780187973030095,0.26506916157888627
0.28973722620271647,0.21088483231399227,0.22915067485616258,0.2702272666271287
0.28201807179325195,0.20053948019927104,0.24397150891075298,0.273470939096724
0.2995425899055921,0.21816833036709957,0.22082688096529837,0.26146219876201
0.30291557927653456,0.22083016817298776,0.2215777828527155,0.25467646969776225
0.28959381832597164,0.2200217563051388,0.22168613942370224,0.26869828594518735
0.3073437633405788,0.23255379902013842,0.20001939195816584,0.2600830456811169
0.312921686005971,0.23061889037363292,0.20236739918302094,0.2540920244373752
0.30982818747443824,0.23522037876278237,0.20018669855816734,0.2547647352046121
0.3037444591051931,0.23733672382407078,0.19737287411737023,0.26154594295336603
0.295706881724165,0.21723882533572955,0.22074113475113463,0.2663131581889709
0.29837561489673503,0.2163231388725243,0.21920001307177076,0.26610123315896994
