0.29366994917323413,0.23038569830874595,0.22601908407812876,0.24992526843989119
0.29314232242074995,0.2335729753535599,0.22293690780725814,0.25034779441843197
0.2938362957507019,0.23306661411564136,0.22262313552360283,0.2504739546100539
0.29400078229297094,0.22992937738177857,0.22512607894231937,0.25094376138293123
0.29270457082971296,0.23308131969410123,0.2251541308603689,0.249059978615817
0.292671162561564,0.23757747314490796,0.219529075186763,0.250222289106765
0.2936705833903946,0.23395097985679456,0.2229851416368544,0.2493932951159565
0.2937335095186834,0.23314666711339518,0.22494309008827412,0.2481767332796472
0.2943270072558517,0.22947770515351992,0.22360368528878596,0.2525916023018424
0.29351025237728345,0.2286882560275758,0.22890720100990594,0.24889429058523488
0.29184305366642926,0.2387712951938218,0.22035655944413748,0.24902909169561155
0.29326649408273786,0.2368458419261906,0.21973098855826292,0.2501566754328086
0.29434591684141204,0.2328237615960911,0.22578526545719818,0.24704505610529867
0.2937016299209129,0.23095257828633392,0.22639635595757587,0.24894943583517726
0.29445209038729,0.22988194024017095,0.22473005045754382,0.2509359189149952
0.2939427981044259,0.22788165581649292,0.22832136494085672,0.24985418113822444
0.292736212691972,0.23465825551822533,0.22326956242845883,0.24933596936134383
0.29338516311583873,0.23424950948162002,0.22101398466400043,0.2513513427385409
0.29448285506172256,0.23043100684381565,0.22467495123082068,0.25041118686364106
0.2934743803196788,0.22919839202322603,0.22624187874033463,0.25108534891676043
0.29330053640608045,0.23216016602629092,0.22128104298387888,0.2532582545837498
0.29213114199025,0.23406330512782825,0.2235849256627055,0.25022062721921645
0.2917669768090519,0.2427984182435702,0.21697049143613834,0.2484641135112396
0.29320230966635835,0.23665699833969853,0.2199632686088699,0.25017742338507315
0.2940024577615284,0.2339485679590477,0.22569445409421304,0.2463545201852109
0.293687231343267,0.23164005551138483,0.22466846091580583,0.25000425222954226
0.2947641700249263,0.22848199372806557,0.22582531924934274,0.25092851699766533
0.2933441910798964,0.2288942693060586,0.22882506253697085,0.2489364770770742
0.2923566349629371,0.23765531273933674,0.220619288547913,0.24936876374981312
0.29387786395716786,0.23386408656005067,0.22121418035991647,0.251043869122865
0.2943265432872183,0.2302554506576085,0.22744871574523035,0.2479692903099429
0.292250285459702,0.23460173909456475,0.22551383087549626,0.24763414457023705
0.2939593916078849,0.2365912471518444,0.21899387453815572,0.250455486702115
0.2945172105569015,0.22762357185897777,0.2301668633198418,0.24769235426427894
0.2930258451925742,0.23481219469714554,0.22560176979102672,0.2465601903192535
0.2935921316071916,0.2333705667214806,0.22283839914199427,0.2501989025293334
0.2946672168012511,0.23180098126619014,0.22794443171960005,0.24558737021295873
0.29410959801217135,0.23020451499950562,0.2272418085517855,0.24844407843653754
0.2948022652983209,0.22858801289094338,0.22780612268540723,0.24880359912532846
0.29425891128981213,0.2279075428043256,0.22937395521385923,0.24845959069200296
0.2937603765820553,0.23141056010768157,0.22565027542366156,0.2491787878866016
0.29367409514294784,0.23205465439133297,0.22565634969292847,0.2486149007727907
0.29405943509703303,0.23307380753709223,0.22463667153310002,0.24823008583277467
0.29457431648429977,0.22871984370833864,0.2265383517265861,0.25016748808077555
0.2951530314631485,0.22526825556694377,0.22748599104025177,0.25209272192965604
0.2923586235041332,0.22912307581769595,0.2297468375172377,0.2487714631609331
0.29098189368997596,0.24503076198211043,0.21630667028421097,0.2476806740437027
0.2935247957089709,0.23911962024563033,0.21885721001286654,0.24849837403253225
0.29515544185251463,0.2317210906948083,0.22864245863442317,0.24448100881825383
0.29446594640277596,0.2271415190224001,0.22977907095468073,0.2486134636201432
0.295195707907504,0.22578313727726812,0.2284761868209895,0.2505449679942384
0.29410612019578675,0.22548294661200596,0.23061168201255847,0.24979925117964893
0.2925882401466385,0.23479881305557843,0.22351766949861898,0.249095277299164
0.2933459858563907,0.23540262810253124,0.22080150179954663,0.25044988424153136
0.29465244511356004,0.23110558682469715,0.22512376468467837,0.2491182033770644
0.2934727751037024,0.22971821298549472,0.22810068777350748,0.2487083241372953
0.2934880160869674,0.23375602631812892,0.22189488366158824,0.2508610739333155
0.2933730235593806,0.23158657280357717,0.225818513491477,0.24922189014556528
0.29242981001176577,0.2390239837513945,0.22270993805993722,0.24583626817690238
0.2934741739837867,0.23729997373053272,0.2210053850782403,0.24822046720744026
0.2952849856915359,0.23049366271816607,0.22809426342126898,0.24612708816902915
0.2951090017034379,0.22505083807276416,0.23102606428000924,0.2488140959437886
0.29495568069763634,0.2239103600435901,0.229649968780784,0.2514839904779895
0.2930983051641654,0.22857493484756752,0.2289970087078297,0.24932975128043733
0.2921806278202112,0.2390986614673812,0.21972831761800166,0.24899239309440585
0.29369780845559296,0.23584881364704496,0.22118976117636638,0.24926361672099567
0.2948219396331302,0.23070531855814078,0.22672844110733148,0.24774430070139752
0.2935899470446788,0.22908664134066803,0.22889942038031885,0.2484239912343344
0.2942451149597831,0.23171421255461472,0.22269804286428063,0.25134262962132153
0.29339578004662653,0.22909793562486172,0.22933957010105702,0.2481667142274548
0.2921144574751354,0.24108686260873305,0.2208277474555045,0.2459709324606271
0.29436164405502513,0.23392116751467404,0.22082411929598864,0.25089306913431225
0.29606415028219235,0.22442398310748718,0.23255754607432116,0.2469543205359994
0.29378775536838053,0.2249279176797309,0.23024018166739205,0.2510441452844965
0.2939218018337019,0.22882214666309217,0.2229079283418544,0.2543481231613514
0.2923651876783791,0.2322076012883645,0.22610015090306423,0.24932706013019232
0.2917088185112111,0.24313442744493372,0.21624594100892633,0.24891081303492898
0.29389442646048186,0.23375343921468225,0.22003341970666257,0.25231871461817323
0.29442935579120094,0.2296247681980565,0.2285176654440649,0.2474282105666777
0.2922501620433059,0.23336481749047733,0.22391983779623603,0.2504651826699807
0.2938707840604563,0.23437350357607445,0.21955461333286722,0.25220109903060206
0.29313706236760023,0.23119121299966883,0.22781351007205763,0.24785821456067328
0.29215872284124295,0.24075406769347032,0.219427320370948,0.24765988909433856
0.2938631475551773,0.23387082608935011,0.22166704658044445,0.25059897977502815
0.29490993654097286,0.22987978348327442,0.22862308161849657,0.2465871983572561
0.2933006679169597,0.22980682806588432,0.22739389574275995,0.2494986082743961
0.2942667399391201,0.2319289183490088,0.22305688028901993,0.25074746142285115
0.29377818999367183,0.22882192688437275,0.2282974192066295,0.24910246391532587
0.2931902911447738,0.23527028279412765,0.2226109736873965,0.2489284523737022
0.29385670609518233,0.23089476794457328,0.223324351237248,0.25192417472299644
0.29385098156323475,0.23163350244329986,0.2268482593941678,0.24766725659929756
0.293099534852372,0.2331573677010889,0.2225297941814579,0.25121330326508107
0.2948104925110681,0.2288684291001431,0.22278852423535686,0.2535325541534319
0.2923774869515495,0.23010416746223816,0.23005083721343322,0.24746750837277914
0.29117246491381527,0.24484569007568807,0.21495562602376458,0.24902621898673216
0.2937078311788433,0.23533135237416314,0.22024849816117142,0.25071231828582213
0.2944846851693688,0.23241736537754915,0.2282657208838411,0.24483222856924097
0.2935132293179639,0.23057027904462715,0.2251861067642837,0.25073038487312527
0.2946197303157499,0.22958195662069683,0.2263255415724662,0.24947277149108713
0.2936128634652532,0.2296557080522877,0.22750783468873792,0.24922359379372108
0.2924520357274357,0.2365224562796925,0.2236366505900429,0.2473888574028288
0.2940628467799087,0.235833576088506,0.22022770970378922,0.24987586742779605
0.29551205852897694,0.22541945139589542,0.22929132590216086,0.24977716417296672
0.2940007979296434,0.22602055212361563,0.23027720825328227,0.24970144169345862
0.2929830399625813,0.2309831533482621,0.2223916210590269,0.2536421856301298
0.2916762244542312,0.23744097461026817,0.22364143058167985,0.2472413703538208
0.29228050503094605,0.24496717493753548,0.21548172886211958,0.24727059116939895
0.29424036717529023,0.2337633451015456,0.22443529075393073,0.24756099696923337
0.2948601290235257,0.23081906740731542,0.22935280346342968,0.24496800010572925
0.294587942409089,0.2263083313676628,0.22841173106814475,0.2506919951551035
0.29460898572437955,0.22704882902189394,0.23066385453178445,0.24767833072194212
0.29296771522054943,0.23261148134438822,0.22596060042605653,0.24846020300900584
0.29404448629463653,0.2345295181471701,0.22241289011916582,0.24901310543902755
0.2951786757016229,0.2274319798007907,0.22781788516908524,0.24957145932850125
0.2939769713349223,0.2273725300333223,0.230612908830129,0.24803758980162635
0.2928167109792342,0.23395465047026215,0.22323519848791692,0.24999344006258672
0.2943273229908821,0.23217547136614294,0.22228470151334517,0.2512125041296297
0.2933448973489553,0.23106352905564778,0.22933672336809793,0.24625485022729907
0.2922550642556167,0.2401132222334188,0.22045748352876585,0.24717422998219882
0.2941371328984862,0.23515226811192858,0.22297741957861442,0.2477331794109709
0.29547103415813625,0.22922449392053493,0.2296580706417099,0.24564640127961893
0.294870971337723,0.22444763466490755,0.23142756241558757,0.2492538315817819
0.2943285740206595,0.2271107979235327,0.22974781174867154,0.2488128163071362
0.29352608479782555,0.2310226129452611,0.2258295710551502,0.24962173120176326
0.293831786851282,0.23312035862614072,0.22431976559033553,0.2487280889322418
0.29430514431683846,0.2308379154951568,0.22538330396231415,0.24947363622569058
0.2937889042023887,0.23037130527904867,0.2278657938113466,0.24797399670721598
0.2936617106918225,0.23310482272403985,0.22355541016120994,0.24967805642292765
0.29506031033799845,0.22706753609275757,0.22482081829367245,0.25305133527557144
0.29205973068664004,0.2310844488285624,0.23232123149946401,0.2445345889853337
0.2907084277248349,0.2492496154878972,0.21381447436558237,0.24622748242168555
0.2954218079005588,0.2344031741778976,0.22022588170743254,0.2499491362141111
0.29622201086146766,0.2212437970622142,0.24077347345520517,0.24176071862111287
0.2928626522353047,0.22919285452453733,0.22834632890175302,0.24959816433840498
0.2952382745776845,0.22816027224957042,0.22380264957313908,0.25279880359960605
0.2947736256237509,0.22461044594600185,0.23402070723732615,0.24659522119292102
0.29246266025292034,0.2345801237047353,0.22299797820636097,0.2499592378359834
0.2942679522963624,0.23110676534274305,0.2215313909538631,0.2530938914070315
0.2955705633294594,0.22467760910967355,0.2275426749501564,0.2522091526107107
0.29411156940708116,0.2221168997530958,0.22587571886291125,0.25789581197691186
0.29286188214295766,0.22676571873599644,0.22018588295465122,0.2601865161663945
0.2892619686522845,0.23867477191158942,0.21703810938275117,0.2550251500533749
0.2880463809358134,0.25387693769457703,0.2079317938680125,0.2501448875015972
0.29200741780466133,0.2444140813619204,0.20908400392404386,0.25449449690937437
0.2936891091718592,0.23187368047904602,0.22299921883660945,0.25143799151248536
0.2914544319017659,0.23627879428639273,0.2210350273001696,0.2512317465116717
0.2922149803535475,0.2366714402198325,0.21513322718823794,0.25598035223838206
0.29177647027108705,0.23700857090521818,0.22190969650328574,0.24930526232040903
0.2917652601627065,0.24311722874667316,0.2144154267218125,0.2507020843688078
0.293385202877592,0.23273514952137805,0.22035755361646153,0.2535220939845683
0.2931110965552343,0.23408603078648738,0.2246344591355718,0.24816841352270638
0.29264325120383977,0.23398689705165485,0.21877505579125972,0.25459479595324574
0.293772956285845,0.230772494369783,0.2223962328789119,0.25305831646546023
0.2911961496055917,0.2368356988751261,0.22303185295973002,0.24893629855955224
0.2914735126396731,0.24416716851928705,0.2140274393516876,0.25033187948935215
0.29347047725997377,0.23619698048424792,0.22061783915160407,0.24971470310417418
0.2933637385367562,0.2351417029860091,0.22550940329668298,0.24598515518055175
0.29376630466893816,0.23293611027226094,0.22201069829656062,0.2512868867622403
0.29470784528929317,0.22744026616071866,0.22803907818717223,0.2498128103628159
0.29239557376102965,0.2332235753524676,0.22708772159663268,0.2472931292898701
0.2933431072493609,0.23710071796071278,0.21801307271015674,0.2515431020797696
0.2948373900591105,0.22779907165172042,0.22733276885199422,0.2500307694371749
0.2937299729250772,0.2299631924504528,0.227082061585314,0.24922477303915608
0.29260047494074626,0.23237182812296678,0.22295453005315324,0.25207316688313375
0.29356562422387755,0.23514314275204437,0.22086114884756908,0.25043008417650897
0.2923599480226789,0.2347964970791181,0.22487142360894027,0.2479721312892627
0.2919355281837728,0.24365423409189002,0.21910081605673254,0.24530942166760475
0.29441123565770877,0.235987742818628,0.22097652924626315,0.24862449227740013
0.2961869540052653,0.22438400345686277,0.23284276062930856,0.24658628190856335
0.29462142856091994,0.22246181159211173,0.23246549582944165,0.25045126401752676
0.2936029313627834,0.22766104598951126,0.22662841549878354,0.2521076071489217
0.2928778768186814,0.23339638754050743,0.22326076520720173,0.2504649704336095
0.29275672509878997,0.23707005437826967,0.2207713826967311,0.24940183782620928
0.2933193071323744,0.23580987184955948,0.22207330058503758,0.24879752043302852
0.29416094763979644,0.23247122631927886,0.22393152244968467,0.24943630359124003
0.29452093314953226,0.22753237693178607,0.2265206617542478,0.251426028164434
0.29414709448478343,0.22680195904886774,0.2262100242851993,0.25284092218114956
0.29094375253854377,0.2356738325447886,0.22520480607102217,0.24817760884564563
0.290468241673909,0.25059379445534546,0.2133241848309228,0.24561377903982265
0.2948529987762849,0.23802938423234074,0.2176257563251987,0.2494918606661757
0.29661357409929817,0.22049050648893884,0.2369719023152872,0.24592401709647582
0.29366082486427586,0.2237080573476947,0.2316077760972218,0.2510233416908076
0.2930882790596395,0.22990611191308402,0.2230422609863338,0.25396334804094256
0.2923877306848187,0.2364032679390434,0.22306469022325764,0.2481443111528802
0.29308450147993637,0.23872525097288705,0.21757871864759584,0.25061152889958066
0.2943674172045433,0.22950834580703983,0.22539796376462679,0.25072627322379004
0.2940319330206888,0.22963258894027333,0.22591058343680798,0.2504248946022299
0.29258890278650723,0.23090116333213584,0.22394431885983648,0.25256561502152036
0.293137569129121,0.2356833231011992,0.21927431196494143,0.25190479580473835
0.29180226150245814,0.23577519420692383,0.22335438036404393,0.24906816392657413
0.29181233076837354,0.24518955018778676,0.2166235283464635,0.2463745906973763
0.2943194115324446,0.23387981569583066,0.2204580064026405,0.2513427663690842
0.29556272410318957,0.22509306717502334,0.23188491522973992,0.24745929349204715
0.2929906909783226,0.2279790345560877,0.22768814944808813,0.2513421250175015
0.29298530563028236,0.2338871774830842,0.2212554607915436,0.25187205609508984
0.2932968622049658,0.23385261711372238,0.22228649113873344,0.25056402954257834
0.2934030014761585,0.23387889450068827,0.22224358892747467,0.25047451509567864
0.29341027152686217,0.23184464548141054,0.22308731804246884,0.25165776494925846
0.293279756450374,0.23265233835533256,0.2229166937211854,0.2511512114731081
0.2926713514904514,0.23408249880631735,0.22194746629703427,0.25129868340619693
0.2934288049569138,0.23406659977782415,0.21970307557389215,0.2528015196913698
0.29208228238885475,0.23432574724400235,0.22485151171162757,0.2487404586555154
0.2911716217199459,0.24542657617461028,0.21668498659878566,0.2467168155066583
0.29403476753039764,0.23673923662757468,0.21850330045234653,0.2507226953896812
0.2955588811936782,0.22605339730374388,0.2312675117149441,0.2471202097876338
0.293297513581249,0.22792053855189937,0.22860513785746414,0.2501768100093874
0.2934533246945387,0.2318868391937229,0.22202925748637614,0.25263057862536226
0.2933982264345299,0.23198852736495776,0.2247104430967105,0.2499028031038018
0.2932002176284634,0.23487696413262069,0.2211479995673957,0.2507748186715202
0.29382220559227096,0.23022515180052167,0.2227925073638149,0.2531601352433925
0.2933014216315389,0.23135313749747805,0.22479334002397922,0.2505521008470038
0.2925420268376519,0.2340640548973137,0.21979231617726352,0.253601602087771
0.2935581269671311,0.23164675190869843,0.21985413449595845,0.25494098662821185
0.29096503652527334,0.23670540088055314,0.2240413798615989,0.24828818273257447
0.29006829402187445,0.2502981014795142,0.21242453344213127,0.24720907105648013
0.2940453010955096,0.23853128704698048,0.21646936558001736,0.25095404627749257
0.29506197051229494,0.22712234632769623,0.23279454502227925,0.24502113813772972
0.2927697659438968,0.23220162301342256,0.22548308320883945,0.2495455278338411
0.2943715414664493,0.23029556724825298,0.2223320294245731,0.2530008618607248
0.2939272221891247,0.22882461789017963,0.22976541223480976,0.247482747685886
0.2931943236968068,0.23405209503643434,0.22046813295697995,0.2522854483097789
0.2942144201461633,0.22755636149414948,0.22436575972174586,0.2538634586379413
0.293144319226676,0.23162743056829965,0.22521633495345122,0.2500119152515732
0.2917262995368518,0.23590855004714462,0.21907824098702253,0.2532869094289811
0.2936404406389284,0.23480913791895638,0.2177262612384131,0.253824160203702
0.2920968773137055,0.233148733492415,0.22519761557135318,0.2495567736225262
0.29058760584579846,0.2460100830508433,0.2157683505042813,0.24763396059907702
0.29315642474991027,0.23912690876336798,0.21675216196384386,0.2509645045228779
0.2943096137523903,0.23264774259444923,0.22804214436188663,0.2450004992912739
0.29289200721270015,0.23459264820781855,0.22492397905610212,0.24759136552337915
0.29503456282631396,0.230724911832478,0.22303276594287474,0.25120775939833323
0.2955809480196233,0.22170863764606327,0.2326195025494578,0.2500909117848556
0.29343024005172086,0.22700515985333067,0.22745775377086402,0.2521068463240845
0.2927106440227707,0.2311398895657066,0.2209205478417992,0.2552289185697234
0.29235338172900094,0.236049004899518,0.220783301473786,0.2508143118976951
0.29194156703920654,0.23914407036920807,0.21761447244943585,0.2512998901421495
0.29341552001586163,0.23495510794739172,0.21889203649314704,0.2527373355435996
0.29211843192941656,0.2349676321957382,0.2252532040275375,0.24766073184730772
0.2911711405833681,0.244928914977901,0.21661597273894986,0.24728397169978092
0.2937938578093609,0.23784584137328263,0.21933064761562074,0.24902965320173565
0.295851583908224,0.2272069413062257,0.22877434136205524,0.24816713342349508
0.2942201109265872,0.2232616592037386,0.23222176383128385,0.2502964660383904
0.2926583254027132,0.2324734674927615,0.2240624652061957,0.2508057418983297
0.2925883278462611,0.23621833027657185,0.22080877207866062,0.25038456979850654
0.2945588308851858,0.23348622026090546,0.2203634837520562,0.2515914651018525
0.29422214720523926,0.22529642471148165,0.2288567387318725,0.2516246893514067
