0.3204382651713455,0.24907719967964906,0.22705250694206908,0.20343202820693648
0.32409687048292474,0.24890468122756346,0.22623375452278544,0.2007646937667263
0.32924639913867965,0.24267483703071946,0.22475643143711851,0.20332233239348238
0.3244412138834474,0.22796800510603527,0.23011104173755595,0.2174797392729615
0.32036645458025986,0.2359814336131855,0.23230505793517842,0.21134705387137617
0.3326618432704449,0.23500799454858773,0.22293160826610398,0.20939855391486328
0.32900397691645683,0.237907513987597,0.22669824769688454,0.20639026139906158
0.3203937437958705,0.23038143243524398,0.23271080869691357,0.21651401507197196
0.3192689770316728,0.21641702239320112,0.2336440253479061,0.23066997522722
0.30669666279655744,0.21139595943589481,0.24138407636007828,0.2405233014074695
0.31398612068666054,0.22090871809382326,0.2359114373923515,0.22919372382716477
0.3126973882928826,0.2318587462599598,0.2348249060961303,0.22061895935102716
0.32132898213813493,0.24671870527470713,0.2287070939293629,0.2032452186577951
0.31512939108184407,0.23989875159518295,0.23328656003630693,0.21168529728666605
0.323859341470201,0.2443567525126649,0.22739313124409535,0.2043907747730388
0.3173008082315696,0.23543717342963705,0.2328111529111214,0.21445086542767186
0.32578185829239503,0.24115945162841976,0.2266382115205728,0.20642047855861245
0.32544611201388296,0.23487812849137799,0.22737968211691856,0.21229607737782033
0.32229268878026773,0.23859679627265207,0.23069625568125882,0.2084142592658214
0.3099966925652058,0.23203927987087342,0.23869374110597533,0.21927028645794544
0.3238080131640571,0.22787338153896833,0.22898609976153644,0.2193325055354382
0.3177048473191608,0.24229843437053974,0.2327414529982669,0.20725526531203262
0.33485156429440033,0.25598252751216005,0.2193141803644566,0.18985172782898305
0.3378318454601152,0.24560557688506746,0.21858107192964943,0.19798150572516798
0.3431085579150998,0.24959664183641525,0.21707861453128566,0.1902161857171993
0.33018482717737085,0.24199923460745348,0.22644219808988744,0.2013737401252883
0.3399652579752413,0.25290397343958015,0.21802295937406801,0.18910780921111045
0.34030462748786744,0.24064265542136645,0.2196675729627126,0.1993851441280536
0.34318355873296774,0.2438525099068958,0.2186089073340668,0.19435502402606955
0.33769657140537807,0.23339971954981087,0.22298140932736893,0.20592229971744214
0.34054314591602775,0.23591524030875083,0.22104994063219582,0.20249167314302557
0.33723420692067957,0.24458936404518475,0.22211287104490532,0.19606355798923028
0.34790926024280716,0.2390109651911029,0.21572943733839703,0.19735033722769285
0.3287343007532651,0.22433806213501972,0.2296601179120112,0.2172675191997039
0.3361169824502487,0.2136877770511914,0.2245669012567483,0.2256283392418117
0.32588564837363837,0.22215587510867651,0.2304994291121721,0.22145904740551287
0.33325900678398246,0.2565265996055952,0.22224908320039422,0.1879653104100282
0.3387150796832086,0.25661025240221513,0.21731546081635802,0.18735920709821818
0.34629592019383,0.2494409049059203,0.2147211388585839,0.18954203604166583
0.33511112158158246,0.22995087283421273,0.22497915289141984,0.2099588526927848
0.3361695373694679,0.2376459274853844,0.223415396993343,0.20276913815180467
0.3391016733930019,0.23444646934819144,0.22060654149520156,0.20584531576360507
0.34048797437860107,0.23936933162454405,0.22063453910683778,0.1995081548900171
0.319641157167002,0.22753058098956935,0.2352356038660259,0.21759265797740268
0.3234352837170798,0.21620499774544763,0.23169020454602776,0.2286695139914449
0.31676247154406606,0.22562659240764227,0.23548298905678322,0.22212794699150842
0.336667978182852,0.2460486095094708,0.2202939656013558,0.19698944670632132
0.33560504551887654,0.24542411613847884,0.2206543264289491,0.19831651191369548
0.3446632665070735,0.2578557634329666,0.21422209368404171,0.18325887637591826
0.3359262327288178,0.24985490516292494,0.22156064563419367,0.19265821647406356
0.3403386499024248,0.24714023200422755,0.2189590441143109,0.1935620739790367
0.3350097168415332,0.2291718362084012,0.22441062626818836,0.21140782068187733
0.33629385381903726,0.22650672927846285,0.22421782001817991,0.21298159688432
0.3307963212397539,0.23123941445771898,0.2270582193092494,0.21090604499327784
0.33482626746470945,0.24071258284208863,0.2235408565411186,0.20092029315208323
0.32660919953085127,0.23864758351143384,0.2287805412707713,0.20596267568694362
0.3369784464516295,0.22927175556027823,0.22268020091924565,0.21106959706884657
0.326574521596756,0.22992523270078308,0.22976039823043656,0.21373984747202449
0.33860925300599937,0.24466952319619992,0.22012055504069541,0.19660066875710538
0.3431705022732724,0.24564763361001113,0.21626241287715742,0.194919451239559
0.3449321831443691,0.2575535357516458,0.21532661401876535,0.18218766708521997
0.3297203420443964,0.2332602182472034,0.2278228777284171,0.2091965619799831
0.33170736660343175,0.22387616820866169,0.22663192636054547,0.21778453882736112
0.3231652291666851,0.21154694156396373,0.23251674548600632,0.2327710837833449
0.32432020811333334,0.2225789922436808,0.2314070837821234,0.22169371586086248
0.3229220857238577,0.23040030060335698,0.2300148100993681,0.21666280357341727
0.3283184613479657,0.23585910826939627,0.2274632130250968,0.20835921735754137
0.305482326988647,0.22285063945637126,0.24281159738972988,0.22885543616525172
0.3235397294864589,0.2231845981791344,0.22914761009450002,0.22412806223990664
0.31064109987188704,0.2311203192131634,0.23750618108083668,0.22073239983411302
0.3299775681424387,0.2514907662908918,0.2222376339475321,0.1962940316191372
0.3295855857813256,0.2398170636849262,0.2235034867582478,0.20709386377550043
0.32283368788399985,0.2405277085850916,0.23047862594850418,0.2061599775824045
0.30775511151003493,0.23631085871411464,0.23977906608775204,0.2161549636880984
0.3280943513950728,0.24128784108320933,0.22459800780618416,0.20601979971553366
0.32201050939310094,0.23759745176859062,0.22983182523065113,0.2105602136076573
0.33481910729204245,0.24823375999125322,0.22116766362430426,0.19577946909240007
0.327280727950435,0.231691657090852,0.22730171117842107,0.21372590378029194
0.32875568553611423,0.2345227621314623,0.2276781490675842,0.20904340326483925
0.31653290961426483,0.22581647575282587,0.23560015151167985,0.22205046312122945
0.32934670319535975,0.2323832080056235,0.22618169810530162,0.2120883906937151
0.3171919837241445,0.22875239523619123,0.234642032037271,0.21941358900239333
0.32861497534160555,0.2238725790417259,0.22693834131645757,0.22057410430021113
0.31734386561945815,0.22502203062798404,0.23358597514525242,0.22404812860730539
0.3229783251664313,0.24518730524215046,0.22948382736441236,0.2023505422270059
0.3172988365529729,0.24660265797460065,0.23129689543386353,0.20480161003856284
0.33862834518292695,0.24819954395360846,0.21759205040192306,0.19558006046154144
0.3187526606031786,0.22871720849935853,0.23380503003951808,0.21872510085794483
0.32895575582407116,0.2469696552204663,0.2249225297959405,0.199152059159522
0.33145563387592314,0.23633563460463336,0.2238168234938283,0.2083919080256153
0.33363301080572766,0.2511265401171749,0.22222918047069729,0.19301126860640008
0.3246390905993431,0.24157203673990532,0.22963985052407912,0.20414902213667244
0.3285538289589812,0.21364629060445525,0.22771687400052687,0.23008300643603669
0.3125870693122449,0.2176595336919665,0.23894340912077797,0.23080998787501064
0.3289527939587248,0.2257108285615099,0.2266633686579482,0.21867300882181723
0.32227489416201055,0.24952316651865808,0.22849381893777793,0.19970812038155344
0.338389525377324,0.25789525578219386,0.21704942355468027,0.1866657952858018
0.3324413566029243,0.24657224963805963,0.22321272915322204,0.197773664605794
0.33774317311200475,0.24773799190968637,0.22039389688694014,0.1941249380913686
0.3368743714170944,0.23594630733423325,0.22199987480435374,0.20517944644431862
0.34293518151860986,0.25668368524048507,0.21607308991950583,0.18430804332139913
0.34919554738107383,0.24645564415029922,0.21337759137183693,0.19097121709679002
0.3321294292114356,0.23652049005096681,0.22718584450333992,0.20416423623425756
0.3251565432704671,0.21888959650811485,0.23152080945169742,0.22443305076972067
0.3307667993552841,0.21971569039096564,0.2277670358270759,0.2217504744266744
0.3269522042020255,0.24347586815834982,0.22847846543183728,0.20109346220778737
0.34707919822451483,0.2453284323449483,0.21378257205066567,0.1938097973798712
0.33958727468166755,0.24093909954803197,0.2199279584910144,0.199545667279286
0.3422733544146598,0.2494508458037029,0.2184615236206095,0.18981427616102783
0.3364960626596623,0.2520393834879862,0.2211243259852111,0.1903402278671403
0.3493604136387898,0.25321269519376366,0.21219709560977576,0.1852297955576707
0.3480311557400743,0.23453895219695123,0.2163608561732079,0.20106903588976663
0.3411899744956057,0.2378579962496624,0.22161170915747513,0.1993403200972567
0.33755103216208016,0.2328847070577261,0.22318299028981212,0.2063812704903816
0.338017431757046,0.23903403696339318,0.2223427653160066,0.2006057659635543
0.3359822872745902,0.22828403308329132,0.22455944337541092,0.2111742362667076
0.33436257058973146,0.22576849269526839,0.22585386160748352,0.21401507510751655
0.33052084631512363,0.2382293447582636,0.2270743041367967,0.2041755047898161
0.3433502909163005,0.22675549580429558,0.21857523727496517,0.21131897600443877
0.33670196785923456,0.2423700627951422,0.2218510865339379,0.19907688281168526
0.34209994273571137,0.265859462128945,0.21555442873311728,0.17648616640222645
0.33882359567983156,0.2507366792494446,0.21902640919375968,0.19141331587696409
0.3501060344856916,0.24248945301464084,0.21324395937756005,0.1941605531221076
0.3421430717650871,0.23456683250935884,0.22125005599133776,0.20204003973421636
0.3339190332351239,0.24221804966349178,0.22510315149407956,0.19875976560730482
0.3478101612286823,0.23496370184715343,0.21499753445293693,0.20222860247122737
0.33754332095840583,0.22551565240007554,0.22508827343012847,0.21185275321138997
0.3146415164711469,0.21578467225202744,0.2398746785307732,0.2296991327460524
0.319183185492849,0.19041320564204528,0.23278177969263814,0.2576218291724676
0.29706102884588514,0.17343414359101245,0.2446109415044092,0.28489388605869315
0.29244636624022224,0.17604523877341727,0.2463798706772456,0.2851285243091149
0.2701109758967743,0.18546569056898618,0.2584041199289361,0.28601921360530325
0.26278732444647424,0.22221420179019577,0.26407315058094,0.2509253231823901
0.26304551624508743,0.22247675212864396,0.26486954143255376,0.2496081901937148
0.2645212651112247,0.20686244437252974,0.260463354026946,0.2681529364892995
0.2523494100835808,0.2205650688124788,0.2672323648949123,0.2598531562090281
0.274656968963636,0.24484294448214744,0.24954543481021205,0.23095465174400467
0.2841784342142736,0.25573338178436505,0.24138962011275278,0.21869856388860862
0.2725458616674041,0.2285086132440935,0.2576259795622103,0.24131954552629212
0.24007192319935805,0.215558191352814,0.28114901395126507,0.26322087149656287
0.26118908108706357,0.22911157103725616,0.2621825007029778,0.24751684717270245
0.2686293487335608,0.22735815705303514,0.2580212247429649,0.24599126947043926
0.2894545135028171,0.24590775532821724,0.2425969541048311,0.2220407770641345
0.2987444355601789,0.2364660782324937,0.2385843870530862,0.22620509915424122
0.2813654229377684,0.2385444464907118,0.2540778946738927,0.22601223589762692
0.2942811609231591,0.24996647761610577,0.24165629365009333,0.2140960678106419
0.31747585927849403,0.2505750102259784,0.22751821196737324,0.20443091852815423
0.30400149153999684,0.24290165826284113,0.23941761173121454,0.21367923846594736
0.32515948827281427,0.24686065023367662,0.22409515040046699,0.20388471109304204
0.32127397362933696,0.24536399520691793,0.2284119663886839,0.20495006477506125
0.31962222042906846,0.24202811320255385,0.23140683485482505,0.20694283151355256
0.31544137855743726,0.22687503814230187,0.2345373881513313,0.22314619514892953
0.31423149144142015,0.2137397155751376,0.23661229723232463,0.2354164957511176
0.30560700672074936,0.22800381100277237,0.2413324834089786,0.22505669886749968
0.3254354698264543,0.24611406352386134,0.22560911016571528,0.20284135648396898
0.32780355772016173,0.24181798674172167,0.22455850924397813,0.20581994629413844
0.3335490625849065,0.2659819597857381,0.2195291639345411,0.18093981369481438
0.3349771877195268,0.25282141723304263,0.22027446070230836,0.19192693434512215
0.3386297666525531,0.24012640870799334,0.21995709397106936,0.2012867306683843
0.3337206507811871,0.22463449535365657,0.22527782084519282,0.2163670330199634
0.33072753393988397,0.22621053897038323,0.22765221052089152,0.21540971656884136
0.31695721178492964,0.22878138728395128,0.23531180017558326,0.21894960075553588
0.32704437428492444,0.2303331112129592,0.22800557035166957,0.2146169441504469
0.314136576474371,0.23071617607187125,0.23743219131772436,0.21771505613603345
0.3250410120734273,0.22860611713675863,0.22902463784746616,0.21732823294234796
0.3224926434688605,0.22751768612985562,0.23070949025517387,0.21928018014610987
0.33317102858500436,0.22476644895496298,0.2239661597069455,0.21809636275308714
0.3240859183710506,0.23681667563792258,0.22892698385890953,0.21017042213211742
0.3244685713113479,0.26376635315838914,0.2255216031434531,0.18624347238680997
0.32585056616375474,0.24602495827270898,0.2266260767729423,0.20149839879059395
0.32855597232936024,0.22146607411008037,0.22714162839533128,0.222836325165228
0.3184345003322079,0.21300451198199785,0.2353136591449365,0.23324732854085783
0.31768396651012787,0.23573485991867515,0.23325862276785847,0.21332255080333845
0.33332546640206856,0.2546233856673842,0.21963771644478963,0.1924134314857577
0.32841105044111435,0.22661770776967577,0.22809753572476582,0.21687370606444414
0.2968136562296998,0.2074006096663258,0.2496401940198469,0.24614554008412748
0.3024488193848513,0.20663451537723532,0.24304717497028927,0.24786949026762417
0.3083336647434352,0.23071477431204512,0.23715440670671323,0.22379715423780644
0.328859583418785,0.2517886848477957,0.22231620878459876,0.1970355229488205
0.32480114751805583,0.2333637259463349,0.22672285005595008,0.21511227647965922
0.3071203872377291,0.24505782991959976,0.23981075186421785,0.20801103097845333
0.309859965898337,0.23334139698937548,0.2368188656738112,0.2199797714384763
0.32116181912041564,0.23312656456826694,0.22940603731823422,0.2163055789930832
0.31716119123680864,0.22775248423014074,0.23303337610380387,0.2220529484292468
0.3218321761701024,0.24116983231144137,0.22951448427448354,0.20748350724397274
0.312219734494409,0.2318942404230072,0.23581606394859148,0.22006996113399238
0.31514137346554844,0.2164355027528051,0.23552033156648358,0.23290279221516297
0.28934255874017717,0.21417119333060933,0.25311233303006825,0.24337391489914534
0.3085833981291868,0.2223654360629637,0.23697153790236458,0.2320796279054848
0.3063990324364458,0.23564406679545255,0.23783309533483613,0.2201238054332656
0.3225609767902237,0.23427993702539238,0.22781373754529066,0.21534534863909321
0.3071063627251288,0.2292227641485123,0.2382678775301008,0.225402995596258
0.30939116892857277,0.2511936835928178,0.23561931033489172,0.20379583714371777
0.3139892272071932,0.24806883861613732,0.23208708963064792,0.20585484454602154
0.3273812220805806,0.24033656383051472,0.22448742564056023,0.20779478844834437
0.31810241537719397,0.2247859984610932,0.23332870200285832,0.22378288415885456
0.31228461865295587,0.23432285137385944,0.23672706047982578,0.21666546949335885
0.3176882605073404,0.23611640102461387,0.23125094378592595,0.21494439468211995
0.31799691108802824,0.22236938394968442,0.23378356980950388,0.22585013515278352
0.29467509619505383,0.20942954958435575,0.24955065257371983,0.2463447016468705
0.3041107830455711,0.21300239961157613,0.24082518968634478,0.2420616276565078
0.29797624723994626,0.2198042014441577,0.24470434225157187,0.23751520906432416
0.3100764805100244,0.22202475769941696,0.23581758661119687,0.2320811751793619
0.30320142731336935,0.22622453266769652,0.23977606764618395,0.2307979723727503
0.3003919439543651,0.2506958724850499,0.24106651209825306,0.207845671462332
0.3060818820940868,0.2506945828901421,0.23589552465521477,0.2073280103605563
0.3251664898605235,0.24474780224632006,0.22400213097814883,0.20608357691500756
0.3143846075897256,0.2388185501638977,0.2342742518933489,0.21252259035302773
0.3157137055540041,0.2437155993630797,0.23230251641637,0.20826817866654623
0.3235439902603375,0.24109121402959596,0.22663038844738195,0.20873440726268466
0.3149783675811681,0.21853856693544912,0.23668531509085394,0.22979775039252878
0.29129900899247213,0.20671847865995974,0.2515716946431828,0.2504108177043852
0.3001518610501564,0.20814560439886626,0.24319759026602736,0.2485049442849501
0.2961627363010981,0.2217897228960801,0.2458362708045278,0.23621126999829403
0.310552272803686,0.23480812752998484,0.23518649982489806,0.21945309984143113
0.3091994320510686,0.21917904986245706,0.23579825388907927,0.23582326419739516
0.30021804391122764,0.24483380684416792,0.24227126133838328,0.2126768879062211
0.3108060767066711,0.2532426212648472,0.23234407792025055,0.2036072241082311
0.32825416410350583,0.2565940875996639,0.22086988552092238,0.19428186277590787
0.32074732053518346,0.25082163499755017,0.22844483763215587,0.1999862068351106
0.3266963984451016,0.24697278889833932,0.22569145958277978,0.20063935307377925
0.31623601616905156,0.22031575596181638,0.2339266104459372,0.2295216174231949
0.3147401026709953,0.207600225793664,0.23630995929387055,0.24134971224147003
0.28933247971230447,0.20839034714470028,0.2532273096147285,0.24904986352826675
0.30256038097602084,0.21659775634323475,0.24116002097511544,0.2396818417056289
0.2938534483086945,0.22075292667708662,0.24806660729759913,0.23732701771661988
0.3072963784451938,0.2268588940376947,0.23811969116244724,0.22772503635466418
0.30876551928709484,0.23702178718945835,0.23582637598702355,0.21838631753642326
0.3218085130522079,0.2643452022265384,0.22451801862562007,0.1893282660956336
0.33153319775849066,0.26892142587962453,0.21735471835330933,0.1821906580085755
0.33580012095539025,0.23637739853650647,0.22071169762686646,0.20711078288123677
0.30356062146624974,0.20846922244069402,0.24347068436554536,0.24449947172751096
0.30275577598093417,0.23295232122368006,0.24269965812354602,0.22159224467183977
0.3141405336900346,0.2451988664920671,0.23191629754156973,0.20874430227632856
0.3192805287154202,0.22924627846580367,0.23178756886163815,0.21968562395713812
0.3055524119016221,0.20111834403973838,0.2412663125916884,0.25206293146695113
0.2999675528807817,0.21310086932783892,0.2458745881617228,0.2410569896296565
0.2999539349176262,0.2319855381775699,0.24239333378569686,0.22566719311910707
