0.29180200003502815,0.23090976802820867,0.22309372650384232,0.25419450543292094
0.3004006526447473,0.23689182024889383,0.21930864609016162,0.24339888101619728
0.30663993593914746,0.23951098662004078,0.21743754816293573,0.23641152927787604
0.3162586903042096,0.23503050864643296,0.21979680658095707,0.22891399446840033
0.2816757394886792,0.23064903148114918,0.22537314131167402,0.2623020877184976
0.2713178137691517,0.221771834760116,0.23118874732712796,0.27572160414360436
0.3442433826709645,0.24232312465180164,0.20977145765998004,0.20366203501725372
0.3065403175218136,0.24524499114619067,0.21318767435767963,0.235027016974316
0.32036413975047456,0.23664075738989981,0.21840172298517235,0.2245933798744533
0.3174588695821154,0.2371038676270931,0.21808381843028868,0.22735344436050278
0.23865881807114733,0.2158585588052882,0.2353585487297299,0.31012407439383455
0.3392417580482573,0.24134543341797715,0.21056644696414578,0.2088463615696198
0.33673914247945774,0.23841280809895588,0.2137018682138582,0.2111461812077282
0.33649942875004246,0.24811709631518414,0.2073665068463191,0.2080169680884544
0.3216030579284932,0.23709612322378612,0.2174366693440995,0.22386414950362132
0.3376839797781514,0.24017676634682172,0.21229103616671158,0.20984821770831527
0.2668571175954423,0.223207294175229,0.22985786341149833,0.2800777248178304
0.32419886064247344,0.2417555192298428,0.2123789651070366,0.22166665502064717
0.3237849937551902,0.23965732509117973,0.21490241216150127,0.22165526899212873
0.3013804721154852,0.24564248695130494,0.21320868719094868,0.23976835374226116
0.25469503497400414,0.21650452273317886,0.23584575529063925,0.2929546870021777
0.2878360657551703,0.23112998100208307,0.22414356178286182,0.2568903914598848
0.22590834769257206,0.21013718060858547,0.23762333475630026,0.32633113694254223
0.353567366704195,0.24279814087065388,0.20612753448300117,0.19750695794215
0.31978063349981445,0.23635755189063898,0.21730922804359196,0.22655258656595464
0.3357536829556919,0.24953770186806792,0.20684619222179335,0.20786242295444687
0.33004336255557587,0.23677239741594147,0.21655377569748557,0.21663046433099717
0.31915197057189826,0.2364270396767873,0.21789425293954262,0.2265267368117717
0.2512437133275863,0.22432404910923628,0.23072769858689265,0.2937045389762848
0.3432421465430414,0.2455569823110706,0.20778316235244967,0.20341770879343835
0.3237816916913156,0.22992003218371074,0.222459290485254,0.22383898563971955
0.2936349617557369,0.24230336505146732,0.2171545890158155,0.24690708417698032
0.293830922189855,0.22719563885503458,0.2289198222163267,0.2500536167387837
0.4018992222690314,0.2564917103058505,0.18734126640559512,0.1542678010195229
0.26478575417616096,0.2217597883348636,0.2305581210363067,0.2828963364526687
0.3715799647628186,0.24794141297818353,0.20026317665391663,0.18021544560508126
0.3490051312395819,0.24164311920977194,0.20901387153568965,0.20033787801495656
0.35884401808761174,0.24800757539222515,0.2032286834904539,0.18991972302970933
0.3579655378527145,0.2449007972697769,0.20566761732571412,0.19146604755179453
0.34912030213633627,0.24540024704265417,0.2068775988615488,0.19860185195946073
0.3098077583478945,0.23009262332260327,0.22369281974458904,0.23640679858491329
0.3432582507163875,0.24014565463103887,0.21141714989955418,0.20517894475301954
0.3277848876809737,0.24016262250726875,0.2145544308936598,0.21749805891809784
0.366629428221614,0.2626527034543379,0.19204224917936302,0.17867561914468502
0.31509336196793186,0.23141754258227232,0.22288037442849662,0.23060872102129926
0.2971613683859073,0.23091863825118367,0.22504797898476298,0.24687201437814607
0.21634364289538918,0.20570094464608035,0.2407420763710792,0.3372133360874512
0.38950594962344426,0.25148376042354437,0.19191847661455122,0.16709181333846013
0.3739309331391091,0.24469383488014607,0.20020029576873175,0.18117493621201294
0.3859053484649423,0.25687400090787565,0.1897104995708798,0.1675101510563022
0.34901637943411795,0.24152833188829312,0.2087359534067579,0.20071933527083108
0.3448302114687391,0.24017479449986967,0.21084851248211467,0.20414648154927664
0.2637823061159771,0.22206697737470427,0.23165713749728334,0.2824935790120353
0.3282893943157242,0.24346887421293076,0.2117002588945126,0.21654147257683237
0.33452169124127756,0.23833178242893968,0.2150805179277796,0.21206600840200318
0.3248150934300741,0.24926965589974046,0.20901493357078726,0.21690031709939803
0.2696389924295681,0.2232331147638963,0.23261538189799147,0.27451251090854417
0.34077548900450927,0.23950448335423014,0.213562377921302,0.20615764971995862
0.2666369670916608,0.21951697084902444,0.23394343622498465,0.2799026258343301
0.3621413132620303,0.24542848266601036,0.20420252103309405,0.1882276830388654
0.3956537970609027,0.2544436495868268,0.18913565542805846,0.16076689792421217
0.3839152491747492,0.25764382799938834,0.18920014428563248,0.16924077854023
0.3390246085384035,0.23721523570106107,0.21366418527649172,0.21009597048404371
0.30723879771954093,0.2321657789619299,0.22218750443032512,0.23840791888820412
0.25297769294122313,0.21814613574438177,0.23528020610407263,0.2935959652103224
0.35634558074605105,0.24856139345258593,0.2032130514071864,0.19187997439417664
0.34341936974118936,0.23830081530490946,0.21330808795446105,0.20497172699944013
0.34227267637951636,0.2569976324675326,0.20076996903496996,0.19995972211798116
0.2847907869782539,0.22080395742455686,0.23349703312128084,0.26090822247590845
0.36431728001899905,0.24178685644968792,0.20662684896147945,0.18726901456983355
0.24458468131287778,0.21748559265405715,0.2330597135985496,0.30487001243451556
0.4098032114816733,0.25945115166612703,0.18083510365956187,0.14991053319263778
0.393695419925111,0.2513385764357976,0.18966388323838104,0.16530212040071038
0.31761253529427796,0.24868279113505323,0.2072437127607512,0.22646096080991768
0.2785253837964197,0.21897446407418178,0.23337151882163515,0.2691286333077633
0.2993938293978121,0.23210359991817534,0.2223951871524253,0.24610738353158723
0.2176207899821174,0.21229539735451755,0.2345491998465398,0.3355346128168252
0.3760311609843778,0.2514543838098943,0.19460820631841028,0.17790624888731763
0.31388100246724165,0.23185378040544996,0.220560558738097,0.23370465838921145
0.2785264762400851,0.2402561261074256,0.2185524393486149,0.26266495830387443
0.28181322231344064,0.2210878436441486,0.23302531150501926,0.26407362253739153
0.33910767926747437,0.24205048611860733,0.2115233450381284,0.2073184895757899
0.23612151786230254,0.21461660144181088,0.23638247072885757,0.312879409967029
0.3895303188614467,0.2552921902982747,0.1899985415491073,0.16517894929117127
0.33529717615128407,0.2353837571489218,0.21498544692159763,0.21433361977819645
0.33541777775986464,0.24845101436565473,0.20715813774190694,0.20897307013257374
0.30115440745302724,0.22732876304706084,0.22688087885765096,0.24463595064226093
0.36065458532235567,0.24951699150786796,0.20208173758402326,0.18774668558575322
0.260530554134294,0.22347387415070788,0.22998812769568155,0.2860074440193167
0.358054728244273,0.24426042123396308,0.2046696391816922,0.19301521134007174
0.3050516049289383,0.23380360446785234,0.22068556153829236,0.24045922906491699
0.29603265007955554,0.24784982520308044,0.21247726408643863,0.2436402606309253
0.30758798618638233,0.22739169702399234,0.2268368453462042,0.2381834714434211
0.3016754094233406,0.23715366509476798,0.2197423261534146,0.24142859932847693
0.20380916316881106,0.20301966550950395,0.23962094297387465,0.35355022834781036
0.40772228164513913,0.2561079293101078,0.18272340456116298,0.1534463844835902
0.31816572921448394,0.23439888854428542,0.21665493555949428,0.23078044668173636
0.3459633854430681,0.2490348829128913,0.205386151063051,0.1996155805809897
0.32723894739496023,0.23884224635824033,0.21555780354988374,0.21836100269691563
0.3230317188132309,0.22932335699831408,0.22246123810526147,0.22518368608319358
0.28981483921305434,0.23124353211595056,0.22414265151217513,0.25479897715881994
0.3355250170435724,0.24381334609228625,0.2104294627301103,0.210232174134031
0.4027037269416722,0.260010573705651,0.18395588800667065,0.153329811346006
0.29316402586213236,0.24212897563921829,0.214363823977452,0.2503431745211973
0.26708239055217714,0.21531215178517354,0.23768649627781113,0.2799189613848381
0.2807749582627009,0.2303201991878856,0.22619383541521762,0.2627110071341959
0.24787104640348723,0.2111608191815682,0.24035321170324497,0.30061492271169954
0.427148942190122,0.26057586911056757,0.17584326683666923,0.1364319218626412
0.3375954817356782,0.24227177664160213,0.20857778808131733,0.21155495354140244
0.3869976012677475,0.25230903157221285,0.19331952912326267,0.16737383803677697
0.33930767435645237,0.2336398665264915,0.21557965673268403,0.21147280238437205
0.3151266870857755,0.23557230475648985,0.21914421209039145,0.2301567960673432
0.33066345470732406,0.24446075254526123,0.21172293285089377,0.21315285989652094
0.37869409727243264,0.24941254023303852,0.19775381371450407,0.17413954878002483
0.32644363136049,0.2378027273383767,0.21538592907007809,0.22036771223105522
0.28049060102779266,0.23817587427801257,0.22073160678981663,0.26060191790437803
0.32324067730822303,0.2345187240870401,0.22034486598830613,0.22189573261643067
0.3285017975496518,0.23793961154266183,0.21661305603684602,0.21694553487084045
0.26315841293684356,0.21727975272845104,0.23632454566022523,0.28323728867448034
0.404051059006918,0.25737324882155,0.18566561704102394,0.15291007513050806
0.3783012426520979,0.24920824075828732,0.19623944124146311,0.17625107534815163
0.3903013156391163,0.2516372334679591,0.19204663875742717,0.1660148121354975
0.33068075805647984,0.23575249746859334,0.21545986135952666,0.2181068831154001
0.3237240713794086,0.23734074373650096,0.217223017010851,0.22171216787323936
0.3206191480254424,0.2403458165980625,0.21580682698478917,0.223228208391706
0.3391492027265475,0.23665892143222872,0.21471792052193012,0.2094739553192936
0.34044588691772065,0.2452255994592614,0.20939677580006183,0.2049317378229563
0.29321898811647096,0.2496989145500888,0.21222189157412943,0.24486020575931086
0.331819520150746,0.23008237692195999,0.22180125405266113,0.21629684887463288
0.3078477166238013,0.22649236821165275,0.22662427734190535,0.2390356378226407
0.21071585462307924,0.2130000320050184,0.23414191669233436,0.34214219667956797
0.45711995553941276,0.2652129641791459,0.16005361402218132,0.11761346625926004
0.425245752283501,0.24791886144126007,0.17977723185536104,0.14705815441987793
0.2999515610924328,0.23800102284282199,0.21481977018021606,0.24722764588452925
0.37660501663673956,0.24579357676472183,0.2000076632903567,0.17759374330818195
0.36797478047226356,0.24175173441473402,0.2029744175494205,0.18729906756358197
0.26381820639306747,0.21823983378159287,0.2294148494435033,0.28852711038183637
0.3775246450780773,0.25430622739223846,0.19086843878432452,0.17730068874535967
0.34247646079361455,0.2512344364567442,0.19980911582807256,0.20647998692156877
0.27680736585678134,0.24651389988444813,0.2095186903963961,0.2671600438623745
0.20531044957615446,0.20417600790164964,0.2289558853627229,0.36155765715947297
0.19020979728763454,0.1919212392902362,0.2272305671781786,0.3906383962439506
0.1586298108265034,0.19045924188505917,0.21294199826429247,0.4379689490241449
0.27597585766585514,0.21604613843610201,0.21760174673103236,0.29037625716701043
0.3191855856739136,0.23411848840786248,0.21449303118200566,0.23220289473621833
0.2142429808512304,0.2201664852346974,0.2237680597219102,0.3418224741921619
0.24457400710342755,0.20667532577746348,0.2350233457082949,0.3137273214108141
0.2748112929411102,0.2294375595870972,0.22187212557352018,0.27387902189827246
0.21191392850580285,0.20564709745557114,0.234654584548568,0.3477843894900581
0.3596871037500745,0.24407451467523905,0.20119033444708914,0.1950480471275972
0.2587764951561322,0.22904606458746912,0.22342429661561,0.2887531436407886
0.2684418051509492,0.23185700509487422,0.22220823710454113,0.2774929526496354
0.2853587376423559,0.22345943439429877,0.22926122268894908,0.26192060527439615
0.23945816198449926,0.22127218230293075,0.23017202068502898,0.30909763502754095
0.2275468232412396,0.2085946501020448,0.23652035282400075,0.32733817383271485
0.3565592860668616,0.24078074067132443,0.2065816821600411,0.19607829110177277
0.30026000350136195,0.23863068962413134,0.21788005263239774,0.24322925424210892
0.32028930055175436,0.24067958339397133,0.21515195393111358,0.22387916212316078
0.35275150192165117,0.2377083767036901,0.2115663245609092,0.19797379681374944
0.2821634915380981,0.23371352883084998,0.22170298604510438,0.26241999358594753
0.2869472278109542,0.22884258749827266,0.22630641498550533,0.2579037697052678
0.3915061137606891,0.2575329592988029,0.1885819645755417,0.1623789623649663
0.2737925258743788,0.22549050425749814,0.22821014916239216,0.27250682070573085
0.2983075268106679,0.24410848424166437,0.21529916682486863,0.24228482212279912
0.263837667924793,0.21684368624639352,0.2370530282652652,0.2822656175635481
0.3162585389198976,0.2286320628071111,0.22433298636288737,0.23077641191010392
0.2593135596690445,0.21910528802594023,0.23392753931909221,0.28765361298592296
0.40769761431511736,0.25895543814388006,0.1828738412013295,0.15047310633967306
0.4183428478138962,0.2579064615444211,0.17822110758845963,0.1455295830532231
0.34713600871771144,0.24388929089533284,0.20535890783129418,0.20361579255566142
0.29830790207520225,0.231387784393222,0.22331032103882736,0.2469939924927483
0.2814456959800337,0.22671487553695036,0.2281048589187669,0.2637345695642491
0.28259661981958745,0.22375641645451877,0.22962147303785796,0.2640254906880358
0.3222381321476063,0.2373782700448913,0.21603299035623083,0.22435060745127153
0.33344953349730777,0.24727926225106114,0.2089388990405035,0.21033230521112756
0.3336558780989354,0.2571077587663786,0.20231818992210054,0.20691817321258535
0.28123936525390836,0.21998055477576245,0.2336662915240076,0.26511378844632155
0.2657832979541274,0.2105407477394098,0.2394684468930676,0.2842075074133953
0.22494679112244326,0.21374134971071104,0.2335088636713442,0.32780299549550157
0.42213299406212684,0.26131175637643084,0.17523797548442993,0.14131727407701244
0.44498811028989665,0.26172948418703623,0.1657818710687258,0.12750053445434137
0.2918578811116473,0.23135427088544253,0.21872300044753734,0.2580648475553728
0.29393249824534634,0.2221615720185996,0.22925219463973734,0.2546537350963168
0.2789715530700392,0.22988676947005118,0.22459420612925945,0.2665474713306503
0.274244960457807,0.2243512514086269,0.22942150428897065,0.27198228384459533
0.3768827770930306,0.25620092616728624,0.19283848208745497,0.17407781465222824
0.27607348667058323,0.22585320551168922,0.22825421203610963,0.2698190957816179
0.29240774654977425,0.24474870201739649,0.2146748720777614,0.2481686793550678
0.24003580475223368,0.20719866092845501,0.24171726414761224,0.311048270171699
0.3098892676522379,0.2292914943317654,0.2226149664722922,0.2382042715437044
0.23227642795150757,0.21519844698130705,0.2340698571518399,0.31845526791534545
0.40626694743552627,0.26006033960820807,0.18144991926986606,0.15222279368639954
0.3606091561562261,0.24438223918183422,0.20248761411489238,0.19252099054704738
0.29402481739252595,0.23222773012698214,0.22159067934198376,0.25215677313850815
0.2763031733910892,0.22475433435372139,0.228603913991738,0.2703385782634516
0.30650502476382957,0.23611383346001885,0.21869196234203425,0.23868917943411735
0.2854527799746528,0.2307483988975807,0.2243873045767515,0.259411516551015
0.30482559200813336,0.23586703515691165,0.21880232861676682,0.24050504421818822
0.2787475663121636,0.2277301119838274,0.22734037814595,0.2661819435580592
0.27296086995840335,0.240272345873569,0.2186153231095454,0.26815146105848225
0.26009353738888497,0.21508487248056554,0.23668333386116985,0.2881382562693797
0.29734717177935066,0.22472192028210036,0.22779893891253628,0.25013196902601265
0.22561224080258435,0.21377302861568104,0.2344496048946814,0.3261651256870532
0.38423985961205126,0.2538029996541844,0.1915199317007011,0.17043720903306323
0.38105470618857706,0.24876437367894755,0.19555056516872982,0.17463035496374552
0.30076444071270775,0.23646466624228016,0.21765631313883219,0.24511457990617977
0.29198645139103224,0.22597269637846995,0.22688063562980584,0.255160216600692
0.31797894276786703,0.23954405226016096,0.21498583634291846,0.22749116862905358
0.26756034140658924,0.22701816263181568,0.2265853152156139,0.27883618074598127
0.3277925687506681,0.2390136908978218,0.21267779486920418,0.220515945482306
0.2747892992399624,0.23181340850757032,0.2232230605643131,0.2701742316881542
0.24679128452045945,0.2343889507951059,0.22063249721507977,0.2981872674693548
0.2631844749137113,0.21419536656459512,0.23540185937928904,0.28721829914240465
0.2538364770408616,0.21338387503412376,0.23622713738563375,0.29655251053938086
0.1992732440135414,0.20791735886816998,0.23230559322772582,0.3605038038905627
0.38336015345611074,0.24809707895251867,0.19376191925766104,0.1747808483337094
0.38377260360777865,0.247537740289082,0.19530452914906637,0.17338512695407296
0.27832085141497354,0.23191149137151046,0.22185503224210926,0.26791262497140667
0.3462941652625058,0.23781837637559244,0.2114321623381736,0.20445529602372828
0.3364885988550331,0.24701703357861146,0.20643748367932868,0.21005688388702667
0.25608993964828247,0.2236035373038835,0.22909515796312585,0.2912113650847081
0.35746693440813093,0.24828121043841944,0.20135953981225566,0.19289231534119397
0.2521223310153336,0.21930530643817786,0.23103358164494764,0.2975387809015409
0.2532869251055869,0.23549466229735802,0.21924334223780118,0.2919750703592539
0.25532231609531975,0.21395662602230792,0.23585630192975296,0.29486475595261935
0.2907489821952672,0.22790412051646095,0.22612236578391223,0.25522453150435964
0.198583970695121,0.20771255479338374,0.23452550902078678,0.3591779654907085
0.35114534723779195,0.240292177560895,0.206792833093288,0.20176964210802514
0.3476475147997431,0.23358976687884273,0.2136774872654014,0.20508523105601295
0.31805438375167744,0.24078173689402668,0.2138940398191063,0.2272698395351896
0.3671955836473163,0.2497070765376711,0.19959202345437815,0.18350531636063455
0.3973218357953705,0.25775973016488957,0.18541631164621514,0.15950212239352485
0.2622606760685064,0.22783907637955575,0.22371236232773192,0.28618788522420596
0.27339443757028403,0.22372376509284944,0.22693255040422458,0.27594924693264206
0.2507398230029257,0.22046486152462422,0.2305681066539413,0.2982272088185087
0.24139903819585487,0.2273936357895327,0.22496758448516663,0.3062397415294458
0.27922207560404866,0.22047323617585798,0.23175687551837576,0.26854781270171774
0.2859595641231874,0.2223568147654648,0.2304045444753082,0.2612790766360398
0.2357280284915663,0.20986254000354734,0.23859926855236901,0.3158101629525174
0.38956085627106996,0.2586280734293984,0.18770891401744774,0.16410215628208388
0.3765995671604602,0.24982093571849676,0.19653739708652665,0.17704210003451634
0.34662427883336266,0.24197821833317099,0.20791959588228567,0.2034779069511806
0.2640954502332125,0.21430419284155613,0.2355520927999693,0.286048264125262
0.31114946049255743,0.24487055545742994,0.2119884526109613,0.23199153143905119
