0.25723376932459285,0.2436826117639137,0.19933529154999988,0.2997483273614936
0.32204987083503966,0.2585530974502178,0.22764388246179684,0.19175314925294562
0.29024834418171974,0.23843106594878574,0.26358748800237625,0.2077331018671184
0.26616453330965606,0.22459290235256005,0.25113895298405214,0.2581036113537318
0.3346088209267931,0.26483208769953037,0.17411604381629242,0.2264430475573841
0.26671554719238183,0.26232248757728327,0.23232176266267343,0.23864020256766136
0.3665538766214867,0.25366497101512664,0.2343334874227989,0.1454476649405878
0.35329319328108955,0.2589920237986461,0.23731931681005228,0.15039546611021204
0.18455810835037745,0.19430960397962238,0.2608902246419975,0.36024206302800277
0.3323945141917402,0.24967444912005143,0.19075421364658318,0.22717682304162518
0.2977344463979304,0.27880892585580525,0.1894702320557186,0.2339863956905457
0.35576971637201066,0.2550910369463132,0.2423588754618526,0.14678037121982354
0.3391351179607959,0.26505543661055425,0.2182940477850647,0.17751539764358526
0.35179407978879595,0.2604993457397937,0.22564380975156167,0.16206276471984865
0.20731428074524072,0.21297993562710643,0.23542292470738593,0.34428285892026694
0.2861657640961466,0.23871937875715524,0.20061612210566246,0.27449873504103584
0.2653207917881512,0.2625483883227546,0.17683276387462532,0.29529805601446885
0.2759490203627707,0.23976195827046753,0.26469231381904346,0.2195967075477182
0.24693306479767513,0.22077794637948264,0.25853375180707366,0.2737552370157686
0.314072780628291,0.23334467852812063,0.24474098865708854,0.20784155218649988
0.1138061438993722,0.15981580226828257,0.20465454496225663,0.5217235088700886
0.32197934789688265,0.24858179066988784,0.1947413563494298,0.23469750508379975
0.2872392274303466,0.2723051016004772,0.2021223892636817,0.23833328170549437
0.3678897984158925,0.24978298839182814,0.24694250461476058,0.13538470857751878
0.3510024453807356,0.27128154271058436,0.21159047159977923,0.16612554030890084
0.3526719778250618,0.25348972825151944,0.24462751030760863,0.14921078361581025
0.21745542948398744,0.21488162889407522,0.23543444431850552,0.33222849730343174
0.3227796499098155,0.25783713777944456,0.20226773354929992,0.21711547876144005
0.33203435481242133,0.27510975362945017,0.20838461931588442,0.18447127224224424
0.3340191202918859,0.23693846582937336,0.27970671758222965,0.14933569629651114
0.3407551577654377,0.2616110958992103,0.21244974911688505,0.18518399721846682
0.3719876338574638,0.2825990341750367,0.18048793904780264,0.16492539291969685
0.2300626538971531,0.24357391867042583,0.2797541892399358,0.2466092381924853
0.41609793628409814,0.24909966945228687,0.19590696113790432,0.1388954331257107
0.29921625574005983,0.29102160774689856,0.17776675472486933,0.23199538178817228
0.36977287141906945,0.2622814529653436,0.22900817789585154,0.13893749771973532
0.35354175317742664,0.2794675990592914,0.18851342072742208,0.17847722703585983
0.3456884686820612,0.2704730710130865,0.22304714998403805,0.16079131032081426
0.3283426955998316,0.2570280638726259,0.2355860979579545,0.17904314256958803
0.346359651709939,0.2610206030727514,0.20808837998789134,0.18453136522941813
0.29355568494153095,0.2703097947241279,0.1757793739727934,0.2603551463615477
0.3092979946890716,0.2734532692925734,0.1997447825194392,0.21750395349891583
0.3245567972838005,0.2703966037469767,0.23600357059924626,0.16904302836997664
0.3672433754940987,0.23042017603804044,0.2821350924010183,0.12020135606684261
0.10014074172191224,0.13536325022650703,0.18924264435354501,0.5752533636980357
0.2673605125264892,0.24836053666289323,0.14806900052165112,0.33620995028896644
0.26658883687653845,0.2808958464535975,0.16655227821309904,0.2859630384567651
0.3797091296994937,0.2591166797827357,0.2282809802026829,0.13289321031508766
0.3423549277074163,0.2761282003550828,0.2028064545250084,0.1787104174124924
0.35339592208104753,0.2602031027470311,0.2306970698672542,0.1557039053046672
0.2104699007586112,0.2141222967231403,0.22892965530306764,0.346478147215181
0.2949963687239097,0.24641443260141582,0.19925840189445074,0.2593307967802237
0.2953179538781725,0.27527572593156313,0.1812081212480551,0.2481981989422092
0.3425464357373818,0.2558325027760231,0.24974749563225893,0.15187356585433623
0.30189767533191525,0.24773833542483595,0.2627407933338278,0.18762319590942095
0.4024473835149275,0.25540508237513254,0.2148872817063492,0.12726025240359082
0.24840379899623158,0.2467673144390963,0.25802077136025003,0.24680811520442214
0.38762274798939494,0.25717371874904993,0.1938158275893938,0.16138770567216137
0.3035744710947042,0.2932488602346291,0.15036124835510034,0.25281542031556625
0.33846035478518105,0.2750904851833635,0.2179676376444797,0.1684815223869756
0.3570360892211473,0.26403964909932587,0.22738942542838478,0.15153483625114206
0.3264891122137568,0.24429277021241919,0.255138501440772,0.1740796161330521
0.206377383181282,0.20726205466439954,0.21878714306763228,0.3675734190866863
0.3013016409187511,0.2588308942367507,0.1825916082141813,0.257275856630317
0.3079967520591269,0.2804711622929086,0.18244256231104727,0.22908952333691732
0.35843295883872195,0.25443961862260667,0.25165409518341947,0.13547332735525197
0.3177292362028238,0.2569520035699016,0.2523541909066173,0.17296456932065726
0.4097566068247252,0.2575647978847817,0.2050202185678879,0.1276583767226053
0.11739391647747517,0.17168981219943028,0.19551003600820888,0.5154062353148857
0.2813816486855417,0.2512925403129222,0.14969297656957592,0.3176328344319602
0.24021719592112944,0.2748644937612784,0.13994261189715398,0.3449756984204381
0.28497529930306276,0.22729985751735307,0.2996505437203366,0.18807429945924764
0.29016958873027515,0.2287255742089621,0.23740438926609406,0.24370044779466876
0.2830818287040323,0.23691316356021327,0.22234704056004614,0.2576579671757082
0.054837643413435236,0.0963201336177473,0.1316567392619846,0.7171854837068329
0.2382043141078014,0.23771178873353152,0.1640808807139981,0.36000301644466903
0.24969749117859324,0.26124354346017364,0.20127476970622057,0.2877841956550124
0.2979286797792428,0.21321450528012417,0.31140377122127094,0.17745304371936202
0.3230281448676225,0.2512427130659937,0.21421023965462355,0.21151890241176033
0.3647947949976241,0.2627650622316815,0.22355914213828457,0.14888100063240978
0.16582173101360848,0.19860714089544063,0.24498238178763582,0.3905887463033152
0.3512396419251124,0.25695851105122963,0.17796576897675573,0.21383607804690227
0.28492064287662716,0.2833938779686152,0.19103374241114474,0.2406517367436129
0.3692395720269403,0.2381389331456279,0.26806662890673183,0.12455486592070006
0.31477866676633126,0.2612728166674121,0.21065016182924526,0.21329835473701145
0.3559376886470647,0.2679966537806257,0.20094309428124457,0.17512256329106504
0.18094819436509374,0.21629997309710172,0.2376608858790527,0.36509094665875175
0.3500071673696386,0.2483753225533277,0.20315033479126027,0.19846717528577337
0.24881817155342809,0.2567485411190641,0.18244841009167892,0.3119848772358288
0.26661568907374683,0.2294482333504432,0.26835097350709863,0.23558510406871136
0.33664492879970165,0.2634876383011568,0.20384341841814688,0.1960240144809947
0.33503503570550053,0.2450710464856858,0.2694414651999041,0.15045245260890963
0.057888842121388576,0.09284455448602534,0.15725321473895143,0.6920133886536346
0.236071474649416,0.23798270446458772,0.13447965991810346,0.3914661609678929
0.2106127738184308,0.2599449204744992,0.1964990434557936,0.33294326225127624
0.3995964583833794,0.23758348732803145,0.2473314228768167,0.11548863141177249
0.32618003571615806,0.27592411113306087,0.213426293525792,0.184469559624989
0.3713098487868925,0.2526139572927063,0.24270621906469295,0.13336997485570815
0.28232324492602023,0.240422457032974,0.2297884340462102,0.24746586399479556
0.29985178580921235,0.2612724093126609,0.18309154141368988,0.25578426346443695
0.2983326812882855,0.2841946112943955,0.15132056831814183,0.2661521390991771
0.24520115997948727,0.24260723602500492,0.29252720220863043,0.2196644017868775
0.35213095788789633,0.2222797334187999,0.268493845892058,0.15709546280124578
0.29406840517722627,0.242314721132832,0.2379681641142355,0.22564870957570615
0.22317170038159329,0.22740689118834045,0.2412065636988947,0.3082148447311716
0.3445087753580517,0.2730708475756892,0.15071641172326525,0.23170396534299384
0.2888083814798781,0.28603810838797084,0.21573244212291565,0.2094210680092355
0.42067237617491515,0.2496833836105668,0.22551909496758832,0.10412514524692976
0.33679848556280534,0.2776430994169496,0.20827753089091225,0.17728088412933285
0.3382448959870517,0.25121864504546737,0.23420259827188455,0.17633386069559634
0.3051355208775788,0.2687223457750674,0.1857912154258002,0.24035091792155372
0.3278552718500385,0.2812420187145981,0.18829189200124843,0.20261081743411502
0.33914503606252827,0.2649102519639235,0.2259061312419813,0.17003858073156702
0.28850737440003865,0.23585643388745003,0.2649458155411259,0.21069037617138547
0.3538195560725717,0.26770255295350215,0.19591946774548535,0.18255842322844085
0.3558733592016861,0.26671519194906207,0.24045729716026568,0.1369541516889861
0.2977499820253498,0.23659581275604144,0.27325421392061355,0.19239999129799526
0.3653938455594685,0.2752307862467041,0.15397895651970675,0.20539641167412054
0.29577787622121865,0.29471763147069646,0.179774182237545,0.2297303100705399
0.38861192924711435,0.2634276318063656,0.22070913965982664,0.1272512992866935
0.33155875839337756,0.26628883444815893,0.2239181702541096,0.17823423690435383
0.3397853536606972,0.25848280925343453,0.21512598821753065,0.18660584886833756
0.2973321355605899,0.26533362961361695,0.20825211684615164,0.2290821179796416
0.33473276193184076,0.26530383220723147,0.2150404485846745,0.18492295727625324
0.3388736711163145,0.272610886978074,0.18334538770768533,0.20517005419792622
0.26315777629817405,0.25596688624555536,0.2515519547656846,0.22932338269058586
0.38554164151914133,0.2603705233573369,0.22344995356441566,0.13063788155910616
0.3802285818535881,0.2503192800179383,0.2492779186617403,0.1201742194667333
0.10916681476521212,0.1415416012781988,0.20776832335455023,0.5415232606020389
0.21646939914563282,0.2371512965802969,0.10093815009990026,0.44544115417417
0.24630541606551554,0.27733980858186325,0.15454999511595022,0.3218047802366709
0.2983944639952456,0.20825123321266947,0.32865550094201273,0.1646988018500721
0.35548325292216276,0.2666310494343924,0.14908970541213337,0.2287959922313115
0.27877573549710205,0.27847349378819836,0.1916273621964312,0.2511234085182684
0.10504783922457397,0.13386530233550736,0.19844585028398562,0.562641008155933
0.18252585311237793,0.20376401450420517,0.11358110894300849,0.5001290234404084
0.11468107256658774,0.1810667817684924,0.1049264653392163,0.5993256803257037
0.10184984939015418,0.13257466201755924,0.19472917195510414,0.5708463166371825
0.005133475789642991,0.00983921639922461,0.041358506489018745,0.9436688013221136
7.376705369647985E-05,0.00025819128225574634,0.002485778778113738,0.997182262885934
1.455931557261703E-07,1.1934667957273527E-06,4.9916301005329136E-05,0.9999487446390432
0.05304258191997529,0.10412320475347907,0.09949671648119653,0.7433374968453491
0.19116251949417207,0.22669350829000673,0.1869824372755226,0.3951615349402986
0.054991797293154385,0.07853208919555149,0.20768398878466535,0.6587921247266288
0.1572680998774512,0.15652601396632618,0.21077020061548477,0.4754356855407379
0.15110277969057667,0.18168734702637457,0.1788715621462166,0.48833831113683207
0.02526929139834367,0.05374128951366486,0.10011780150903984,0.8208716175789516
0.22420343970135861,0.226576617574874,0.16844029326737844,0.3807796494563891
0.09613255270473317,0.15647163215829246,0.16584636816142798,0.5815494469755464
0.21480701696702945,0.1904186476393492,0.2726586239203704,0.3221157114732509
0.2745828623716297,0.24248291992766793,0.2107969351391259,0.27213728256157654
0.18054018020311216,0.18862688168073805,0.2723025522951528,0.35853038582099694
0.13876007629003229,0.1549001793645372,0.2182368147915447,0.4881029295538858
0.30141809217093496,0.2552336578617767,0.16863228441930736,0.27471596554798083
0.2719408604629798,0.26285746484765204,0.23410172279019267,0.23109995189917548
0.3705156414788959,0.2403596650774602,0.2609968667463593,0.12812782669728456
0.38228336433463483,0.2739649568345011,0.18905103632066467,0.15470064251019933
0.2523717289161645,0.23167436992608345,0.27269469365782195,0.2432592074999301
0.2929606237898805,0.2361338952494594,0.20918397995725324,0.2617215010034068
0.30919702971304663,0.2784134911466634,0.16570513449102997,0.24668434464926
0.2298662324360197,0.24056377096870138,0.2531175132851374,0.27645248331014144
0.3458737268602868,0.22770124474012862,0.2597768304650987,0.16664819793448588
0.25497540976600724,0.2542924969334253,0.24100548530423396,0.24972660799633334
0.39818061107839425,0.23954488218440095,0.2467741804414955,0.11550032629570935
0.22948847116297355,0.2309186568658716,0.2387097388958327,0.30088313307532216
0.33435291965769026,0.270755794838815,0.1529923279322468,0.24189895757124802
0.2850816729005176,0.2925116053528973,0.15853991284041907,0.263866808906166
0.3475387125674166,0.24998559498536235,0.26281021256019804,0.13966547988702302
0.3159623511411577,0.2390796102746226,0.24269470172030638,0.2022633368639133
0.2515516327264968,0.2307231133933215,0.23078144371123005,0.2869438101689516
0.24766540997461542,0.23013707599381686,0.22104549730681616,0.3011520167247515
0.29318453916815884,0.25099468733860647,0.20252796011648624,0.2532928133767484
0.30049302026394004,0.26861419763682826,0.18108297331844272,0.249809808780789
0.31303495806729753,0.26873607551389345,0.23091063862748804,0.18731832779132096
0.3100204045523794,0.24383582182204494,0.2965446577605505,0.14959911586502525
0.32479962316647926,0.2123493192308661,0.2823194603570026,0.18053159724565196
0.07457273288669043,0.10855811319605432,0.13519782178682022,0.6816713321304351
0.17718439269404235,0.2209662533659815,0.10091470525850192,0.5009346486814743
0.2344524710868138,0.26941062732247484,0.14528576309260777,0.3508511384981036
0.24829357865218307,0.20398319986654342,0.3466701020894352,0.20105311939183818
0.3490339481098592,0.22075479358220895,0.22232653408463743,0.20788472422329438
0.16742667078398984,0.20225172348590878,0.18456557407164698,0.4457560316584543
0.1942043098307341,0.20954819203346828,0.19393863049625054,0.40230886763954715
0.2926858840310984,0.2614620281424313,0.17931853732883365,0.26653355049763666
0.22699128364233506,0.23908840489011335,0.2355453789222375,0.298374932545314
0.3115384998192269,0.220127395506976,0.27754981262779865,0.19078429204599864
0.17147900167533892,0.20328295987462744,0.2328891678677155,0.3923488705823182
0.3463421772452956,0.23314043748690916,0.23889747471656642,0.18161991055122892
0.09219647641623059,0.14479614792380832,0.16611711904301346,0.5968902566169477
0.2720877866951507,0.25138897651482506,0.15359931349923736,0.32292392329078684
0.27130488177612555,0.2790302291590664,0.19446312777028057,0.25520176129452743
0.31700123365865274,0.21455150042698187,0.3128983554471217,0.15554891046724373
0.2558694624614522,0.21774036487543935,0.21330092981301496,0.31308924285009343
0.24896242951014166,0.24007239135024894,0.19663397568042013,0.3143312034591893
0.23042333703370574,0.23288381611995218,0.2217746746527598,0.3149181721935823
0.28669937473123813,0.23608757286274645,0.24094146739657563,0.23627158500943965
0.26214820970914254,0.2364154998146582,0.216136056404065,0.2853002340721342
0.24478921820417146,0.22638992136404607,0.2521742311931725,0.27664662923861
0.25613581133603963,0.23502060282929518,0.260396671758023,0.24844691407664213
0.3634866234393009,0.23647125848675554,0.2510053921127399,0.14903672596120374
0.10516288169319582,0.14647333316605113,0.19289886801289005,0.555464917127863
0.2778237509515074,0.2502372262128587,0.15664587388387002,0.31529314895176375
0.2851578844326506,0.28328697060951746,0.17660366012746942,0.2549514848303624
0.3069183716206807,0.2234921569573553,0.3101008766672277,0.15948859475473642
0.30981974547837327,0.23156189858359158,0.22117094170179932,0.2374474142362358
0.26781889880499754,0.24983174932563978,0.19168369936532492,0.2906656525040377
0.163030531669694,0.19532112096438928,0.21666031566630364,0.42498803169961313
0.28276031434035076,0.23661838164979107,0.20466061778276143,0.27596068622709674
0.18152867974279158,0.2076858642576314,0.19078719631018357,0.4199982596893936
0.15634637780229846,0.17419776874500423,0.2387105089149758,0.43074534453772134
0.2298898172101366,0.22346540353777267,0.24298947832139517,0.30365530093069554
0.2440831805892594,0.2087407987430513,0.2690625965994181,0.27811342406827116
0.040287602644952895,0.06859772276977501,0.1180205479196184,0.7730941266656536
0.2098259926520313,0.23244119478196573,0.13781225932251479,0.4199205532434882
0.28639633890492244,0.276883668335105,0.1837014723383539,0.2530185204216185
0.266713960239906,0.20753511680782305,0.33466996135913013,0.19108096159314097
0.3790073702517071,0.2542072965312163,0.17011224452758963,0.196673088689487
0.2576714060228543,0.2662491024136247,0.19327533080171025,0.2828041607618106
0.16456969200009192,0.18432416626194922,0.2352212564613519,0.41588488527660694
0.29515537370166245,0.24500493404295745,0.18355004127649413,0.27628965097888597
0.0939646287737769,0.14634702377635925,0.16417254244290058,0.5955158050069632
0.1458123865991204,0.15362815722936068,0.2249720745002012,0.47558738167131764
0.16364817735218934,0.20246027930772562,0.1922695623784827,0.4416219809616023
0.3132676747024649,0.23584027012002767,0.2593495852966728,0.1915424698808346
0.054563049809800056,0.09365179053714785,0.15717414408569116,0.6946110155673609
0.2811761181576583,0.24164545033267715,0.19331889631087035,0.28385953519879414
0.3058612245918745,0.27724567888565743,0.19408852283788977,0.2228045736845784
0.35261535272200206,0.23782072548162125,0.2689197579363367,0.14064416386003997
0.33784152065744555,0.2744017234488597,0.16356428663775857,0.22419246925593622
0.3010858643498816,0.2845308285512279,0.17261630877161305,0.24176699832727738
0.1433739643600445,0.17307888692963116,0.25358755160610136,0.4299595971042231
0.2033433802170522,0.17893471635265312,0.2248449267480916,0.39287697668220306
0.101388668964143,0.1424588204033811,0.13703248686988537,0.6191200237625906
0.11296404815619396,0.1547225242335398,0.1939038162772909,0.5384096113329754
0.25563747017970456,0.23910380195826025,0.2323419499202985,0.2729167779417367
0.31977933254926433,0.23728331369754596,0.2783583822295245,0.1645789715236653
0.1879025589560275,0.18647351705217236,0.24463482119454663,0.38098910279725356
0.3060280255438678,0.26022463158069803,0.1503032030275032,0.28344413984793104
0.2844031621965226,0.28914391624820485,0.18073562331899296,0.2457172982362795
0.3704775473817262,0.23306157467828403,0.2881605691726933,0.10830030876729649
0.21740096946827578,0.19936412927602953,0.23182280926059845,0.3514120919950963
