0.3060806830189541,0.23626827571004783,0.2366831024841631,0.2209679387868349
0.30474141725056925,0.2327271524441237,0.23850631021486324,0.2240251200904439
0.3045887303034307,0.2325792979394024,0.2385482802081882,0.22428369154897873
0.3049695768241718,0.23341163637034823,0.23813787190838626,0.22348091489709362
0.3054180601404476,0.23430358358900416,0.23768245936650467,0.22259589690404358
0.3038471355744447,0.23094638656575403,0.23940136152193936,0.22580511633786196
0.30323941522857906,0.22989453625143294,0.23994638128897963,0.22691966723100837
0.30599873997185506,0.2357710070903845,0.2369540036521589,0.2212762492856015
0.3051418522766974,0.23357464232918024,0.23805473479547523,0.22322877059864712
0.30583888176322693,0.23517307509882085,0.23723433759928755,0.2217537055386647
0.30552430622058296,0.2344117434917263,0.23762308694696305,0.22244086334072766
0.30174839505933554,0.22662604745271156,0.2416749582217967,0.22995059926615624
0.3058253475157166,0.2355854284724925,0.23703418062349704,0.22155504338829382
0.3063081731818783,0.23608210916128297,0.23680137878876073,0.22080833886807794
0.30637540654622925,0.23615123431560825,0.2367371478753433,0.22073621126281914
0.30598866535574054,0.23532448310711065,0.23715364898724023,0.22153320254990863
0.3063345445730465,0.23611780821284795,0.23675821223102778,0.2207894349830779
0.30312687511604813,0.22933354534253964,0.2402388398703575,0.22730073967105474
0.30519820362957545,0.23408135783116787,0.2377869276783078,0.22293351086094884
0.3054425536811464,0.23432800748210086,0.2376798915661966,0.2225495472705562
0.30467189824979374,0.23266273699085016,0.23851192831178647,0.22415343644756977
0.3024976327842748,0.2282645150392737,0.24080538340007604,0.22843246877637546
0.3034909553956144,0.23058473004042387,0.23958727169435173,0.22633704286960996
0.30062157442817933,0.22461865031336684,0.2427669397227664,0.23199283553568747
0.30608103289154726,0.2362666060985023,0.23670371035456098,0.22094865065538938
0.3055487188562018,0.23442467735278805,0.23763679336551677,0.22238981042549336
0.3062831737740281,0.2360608831559605,0.23678472817503235,0.22087121489497913
0.3063693576180714,0.23615033210237094,0.2367446901216584,0.22073562015789921
0.3055915279146603,0.234478795470128,0.23757944698095507,0.22235022963425657
0.30261227554941283,0.22837925520720326,0.24074133296391084,0.22826713627947304
0.306317491975553,0.23653157323210106,0.23656563013978177,0.22058530465256437
0.30597721240926873,0.23530319228667065,0.23718278019531222,0.22153681510874837
0.3047392591065834,0.23273130271121736,0.23846889204720387,0.22406054613499538
0.30498992784230405,0.23343404209982088,0.2381189912636923,0.22345703879418286
0.30885475469380425,0.2417344098980849,0.23404649159222188,0.2153643438158891
0.3038658838262312,0.2304810295979368,0.2396193686829995,0.2260337178928325
0.3076174301089705,0.23917995633769187,0.23524885592998768,0.21795375762334995
0.30730612165851223,0.23796650869770009,0.23584127421051912,0.21888609543326845
0.3076543892124914,0.23877057889955547,0.23542913108334157,0.2181459008046116
0.3076951958484777,0.23881176716268857,0.23541056047084394,0.2180824765179897
0.3073199038653875,0.23799143934636613,0.2358097372667757,0.21887891952147068
0.3057096799940816,0.23459804985633234,0.23750813663026646,0.2221841335193195
0.3066903863709841,0.23692398380243185,0.2363555410069264,0.22003008881965766
0.306026675518515,0.23535902326931124,0.23713759274107202,0.22147670847110182
0.3074960129342096,0.2386153614153601,0.23552314561053034,0.21836548003990006
0.3061274298374899,0.23545428259856238,0.23708045383599322,0.22133783372795446
0.30475741621214664,0.2327560939727422,0.2384535775244171,0.2240329122906941
0.3003444017942691,0.22390736318592164,0.24313880533828391,0.2326094296815255
0.30757392282836615,0.2395257220198382,0.23511151578850678,0.2177888393632888
0.30805714247969224,0.23959380860920731,0.23505931373659833,0.2172897351745022
0.30849873949266715,0.24049365960052715,0.23458260007214626,0.21642500083465935
0.30741980278573,0.23808685415055228,0.23575201330432158,0.2187413297593962
0.3069008437403254,0.23713329103014386,0.23623396768038876,0.21973189754914202
0.30319842253802914,0.22940693005327584,0.2401936787761986,0.22720096863249645
0.30560494620115697,0.234936265566524,0.23735392628508678,0.22210486194723233
0.3062827893700056,0.2360607599948844,0.23680684116269543,0.2208496094724146
0.305978284798397,0.2353082350747937,0.2371621031706799,0.22155137695612948
0.3039174732021082,0.23101932739072903,0.23935674867314546,0.22570645073401735
0.3064732555491108,0.2366977493611506,0.23648009824980082,0.2203488968399377
0.3035607515612197,0.2302066825865197,0.23979040342912386,0.22644216242313664
0.3072008414436108,0.23830970785050784,0.23568357411018914,0.21880587659569206
0.3087556547602493,0.24119011259860446,0.23428584394694973,0.21576838869419657
0.3085847411132995,0.24057201272807946,0.2345374708602628,0.21630577529835837
0.3070462827600023,0.23726936971289952,0.23615173339312534,0.2195326141339729
0.30527528330297266,0.23372285550602226,0.23795234849097635,0.2230495127000287
0.3025732275092617,0.228344366911806,0.24075803526126957,0.22832437031766273
0.30669834949268227,0.23735611986953653,0.2361617860452427,0.21978374459253852
0.3068069134705821,0.23702245584295895,0.2363205710750365,0.21985005961142254
0.30682625808098535,0.2370502727065306,0.23628308252410826,0.21984038668837583
0.3048427592394204,0.23283647902097337,0.23841329894958363,0.2239074627900226
0.30735277000406985,0.23847220113895545,0.23560082216291728,0.21857420669405755
0.3024058055268251,0.22770958321281504,0.24109936078074645,0.22878525047961334
0.30855558712213604,0.2414171578497057,0.23419303755411186,0.21583421747404646
0.3085546286913874,0.24052948996234408,0.23458413853745638,0.21633174280881218
0.3058672099867709,0.23474282916714795,0.23741426644386457,0.22197569440221668
0.3039048217726965,0.2310173361605073,0.2393502568806554,0.22572758518614083
0.3040742999328184,0.231624205226843,0.23904899621333928,0.22525249862699928
0.3002566752641191,0.22381631938093835,0.24319615914400458,0.23273084621093795
0.30680912958249584,0.2378759829396084,0.23591049597867428,0.2194043914992215
0.3052383135832405,0.23366083501199789,0.23802080473151643,0.22308004667324519
0.30382952054106155,0.23092963071645475,0.23939599610189938,0.22584485264058438
0.3040642341906125,0.2316132905272813,0.23905773522916499,0.22526474005294114
0.30609787079601786,0.2358734616221579,0.2369011843939076,0.2211274831879167
0.3018183390169751,0.22668703243138316,0.2416500700405862,0.2298445585110555
0.30774827052043224,0.23972186392567688,0.23500653419069562,0.21752333136319527
0.3065478439517641,0.23630628687522973,0.23666884785524026,0.22047702131776592
0.30640637181081937,0.23618906856984284,0.23670823902170737,0.22069632059763042
0.30519426912463615,0.23363804864883417,0.23800810913736242,0.2231595730891672
0.30701300219704364,0.23768753601952333,0.23598498854752717,0.2193144732359058
0.3032111710915996,0.22940964668366914,0.24019977067145853,0.2271794115532727
0.30677758784091647,0.237442376834535,0.23610646426821377,0.21967357105633473
0.30483252369808744,0.23281651738428302,0.2384413018053426,0.2239096571122869
0.3045993929190549,0.23259481371659427,0.2385394894856214,0.2242663038787294
0.30537205966227243,0.2342608972519906,0.23770649711646152,0.22266054596927543
0.3046614993594461,0.2326530479177729,0.23852228448762663,0.22416316823515442
0.29944510092922855,0.22213211169277372,0.24410784173068792,0.23431494564730967
0.30784173456953706,0.24021564816746685,0.2347821698535228,0.21716044740947327
0.3057685726370796,0.23462393935035422,0.23752273823329723,0.2220847497792689
0.3067014326231291,0.23693057575179874,0.2363419361334845,0.22002605549158769
0.3064202601177481,0.23620160585227615,0.23671671231925195,0.22066142171072395
0.30599518487973626,0.2353304456170804,0.23714742572332284,0.22152694377986057
0.3043313226362568,0.23188070222189128,0.2389106199606044,0.2248773551812474
0.30613307960687103,0.23591419596311122,0.23686856250005922,0.22108416192995853
0.3086262760944641,0.24106646686469915,0.23435374304295212,0.21595351399788476
0.3050709138361498,0.2330377838848871,0.23829246594163667,0.22359883633732636
0.30339249807271423,0.23005865750265758,0.23984708817458084,0.22670175625004735
0.30359806718097815,0.23069998390836027,0.2395316985380409,0.22617025037262073
0.30236269743124067,0.22812570980170274,0.24088749752252941,0.2286240952445272
0.3092646489125745,0.24299208545512202,0.2334819946088044,0.214261271023499
0.3071326810788454,0.2373101320180074,0.2361369498283286,0.2194202370748186
0.3087530666719507,0.24120830876222035,0.23425011667851053,0.21578850788731851
0.30706651251284417,0.23727933070414733,0.236151255610499,0.2195029011725095
0.3056791306278043,0.23457363539586734,0.2375175717503437,0.22222966222598467
0.30629650920281026,0.23608434395554204,0.23677554485943988,0.22084360198220787
0.3082780569621968,0.2402807684726166,0.23472119932834695,0.21671997523683978
0.3062266248764692,0.23554429245982247,0.23702359166964876,0.22120549099405962
0.3043618814524835,0.23191677262400867,0.23888230959703016,0.22483903632647767
0.30613621248468936,0.23591964193399398,0.23686644632062212,0.22107769926069454
0.3063502780082611,0.23612737830076583,0.23676242124966534,0.22075992244130763
0.30354892920244575,0.23019990507117233,0.23978157592885002,0.22646958979753196
0.3086864881477059,0.2415607311826493,0.23412893440328847,0.21562384626635628
0.30857289736003346,0.24054773892131323,0.23456662244767498,0.21631274127097835
0.30893046631616805,0.24137158237338793,0.23415421955009952,0.21554373176034453
0.30670091989513043,0.23647173126483143,0.23654544035444575,0.22028190848559234
0.3060302762058794,0.23537579917956986,0.23711588282459423,0.22147804178995661
0.30594579607340533,0.23528527256733067,0.2371757742637918,0.22159315709547217
0.30671820290729623,0.23694643188732678,0.2363482656811888,0.21998709952418824
0.30642391553675286,0.23620259579361888,0.23671234732568844,0.22066114134393983
0.30519775112638753,0.23363958407217908,0.23800397101951892,0.22315869378191447
0.30701317716543947,0.23768845490974613,0.23598493053541839,0.21931343738939602
0.30526927383004376,0.23370241815266019,0.23797543515127093,0.22305287286602504
0.3008495109914965,0.22484946247048576,0.24262326797959366,0.23167775855842412
0.3108246114563217,0.24667507789474807,0.23182506804714112,0.21067524260178916
0.3102998190043266,0.24397289413798723,0.23289891977375252,0.2128283670839336
0.3056894578756656,0.23410523518769313,0.237708716508042,0.22249659042859934
0.3082069670781772,0.2402311794853093,0.23473277796983535,0.21682907546667812
0.3077625175466092,0.2388672089051046,0.23538390215450297,0.21798637139378318
0.30288676856379637,0.22864186981342413,0.24058700507034414,0.2278843565524354
0.30673908789705695,0.23740514570739535,0.23612348254723356,0.21973228384831409
0.3056320798455827,0.23451068410365136,0.2375799913210747,0.22227724472969126
0.3030421619557665,0.22925117992949026,0.24027564887132294,0.22743100924342027
0.29834388235197656,0.22017247791828026,0.24517520311960248,0.2363084366101408
0.29499712529494754,0.2142743019968643,0.2484230766928068,0.24230549601538137
0.2922064850310855,0.20944218914174126,0.2511508413550461,0.24720048447212717
0.300124576558722,0.22486657916510092,0.24256089558134172,0.23244794869483534
0.3035938091810332,0.23111479040879093,0.23938333462913933,0.2259080657810365
0.2993086523342272,0.22198009148457915,0.24420295621952107,0.23450829996167266
0.3005554968331846,0.22496244541776372,0.24253199724818553,0.23195006050086617
0.3019844131851562,0.22773438520545805,0.241106431666437,0.2291747699429489
0.2991066412292309,0.22178687549343878,0.2443024518512284,0.23480403142610196
0.30551027931971975,0.23522886539906887,0.23722286527751418,0.22203799000369737
0.3021663700828438,0.22747543393757655,0.24125718249954078,0.22910101348003892
0.3026194449956898,0.22881595788895182,0.24049644784135835,0.22806814927399996
0.30349947222425566,0.23059552066917924,0.2396007477803494,0.22630425932621573
0.3010608606312447,0.2254939031868509,0.24229125474033708,0.23115398144156735
0.30032804294156823,0.22431437623378642,0.24290257884596028,0.23245500197868507
0.30603954084388985,0.23622534857708558,0.2367436687075257,0.2209914418714988
0.3047394427993492,0.23271708499347776,0.23850560339355195,0.22403786881362106
0.3057913991768045,0.23512278513479123,0.23725780993455528,0.221828005753849
0.30708278869500566,0.2377544733407984,0.23595782444698354,0.21920491351721239
0.30405550098575873,0.2311461345045887,0.23928656949766908,0.22551179501198346
0.30409542900115555,0.23164671939020207,0.23902820978688458,0.2252296418217579
0.3080105282572573,0.24000713193679588,0.2348793889808863,0.2171029508250606
0.30375695517704104,0.23038243468519454,0.23968340044350347,0.22617720969426094
0.30447012927100126,0.23246782624712417,0.23859866947284045,0.22446337500903407
0.30331085295724713,0.2299679975989397,0.2399229965170258,0.22679815292678732
0.3052181199260659,0.23409716491648305,0.23778805330377803,0.22289666185367296
0.3029848156439675,0.22919067643690208,0.24032877684300258,0.2274957310761278
0.30861993815486116,0.24148364826695162,0.23417172067421232,0.21572469290397495
0.30965890330467055,0.24295341606160856,0.2334291165751373,0.21395856405858357
0.3071846684005292,0.23738663657259504,0.23607241825121256,0.21935627677566302
0.3048883682759724,0.23289399011343642,0.2383721503082962,0.2238454913022951
0.3037832415588406,0.2308919637350431,0.2394226475985345,0.22590214710758177
0.3036459807398039,0.23074712875373157,0.2395073281659691,0.2260995623404955
0.3052562597417976,0.23413821459193182,0.23777339394589483,0.22283213172037572
0.3058491522681475,0.23517878114778298,0.23724447558153672,0.22172759100253278
0.30631727726960006,0.23609552130364492,0.23677328047667587,0.22081392095007918
0.30437113946690014,0.23191615226547466,0.23889254910659594,0.2248201591610292
0.3024619482631972,0.2282307518253408,0.240817828231982,0.22848947167948006
0.3004985331658536,0.22449593297553158,0.2428153000156772,0.23219023384293755
0.30868758216532843,0.24195420221092018,0.23397963611335446,0.215378579510397
0.31037680404048257,0.24453040272884513,0.23270360543516572,0.21238918779550658
0.3048913849849138,0.23238806475787088,0.23859040489722752,0.2241301453599878
0.3041988065073203,0.23176698152490102,0.23895447343168918,0.22507973853608945
0.30327901426892634,0.22993826937086703,0.2399330087319781,0.22684970762822854
0.3031686225153787,0.22981943569368332,0.23999063116643285,0.22702131062450512
0.3071481685414321,0.23825095053606363,0.23573387083758798,0.21886701008491627
0.3036462919530157,0.23028071333077746,0.2397480480720816,0.22632494664412528
0.3040471951276261,0.23159497115089558,0.23905109591600185,0.2253067378054765
0.3015604353011784,0.22644179844178222,0.24178587307768673,0.23021189317935273
0.3042010643131362,0.2321748483344442,0.23876472097808818,0.2248593663743314
0.3011439709025922,0.22557929651200093,0.24225814510312363,0.2310185874822832
0.30803820916449265,0.24043712796846786,0.23467614184450045,0.21684852102253907
0.30735861501739836,0.23800192103076817,0.23582463422970182,0.21881482972213154
0.30450464700706154,0.23204697492011503,0.23880576591392694,0.22464261215889653
0.3033209003370807,0.22998444976535393,0.23989348025920929,0.22680116963835617
0.30441063790814493,0.23240183719196952,0.2386554598567366,0.22453206504314896
0.30372082646565873,0.23081861300731008,0.23947778584833718,0.2259827746786941
0.30446057693854234,0.232449671771696,0.23862787707311486,0.22446187421664682
0.30331150248287797,0.22996472710499782,0.23992066566715398,0.22680310474497026
0.3031732813207775,0.22982423298195193,0.23998597177358186,0.22701651392368874
0.3027339044568823,0.22894022430108554,0.24045724967944568,0.22786862156258653
0.30393009786620906,0.23146783653024305,0.23913893859532326,0.22546312700822468
0.3006770410206026,0.2246722909361633,0.24273690269262727,0.23191376535060687
0.30723697631212615,0.2387509633353544,0.23548699397814082,0.21852506637437863
0.30801562242723324,0.23955615667361102,0.2350807451633992,0.21734747573575655
0.30499518463412867,0.23297326648472236,0.23832542553798353,0.2237061233431654
0.3042098429908963,0.23176754098033941,0.2389638376629921,0.2250587783657722
0.30492366590695563,0.23336565050802752,0.23816123235703573,0.22354945122798114
0.3029499872239058,0.22915757702328668,0.2403409727807663,0.22755146297204126
0.3051752549404515,0.23405386827016947,0.23780774083113976,0.22296313595823916
0.30297868908033665,0.2291846396851713,0.24033457251609042,0.22750209871840166
0.30186495958310605,0.2271828866202636,0.24137049857461185,0.22958165522201848
0.3025744212700261,0.22877521038255577,0.2405407788422854,0.22810958950513283
0.30137860710426356,0.22625219964761545,0.2418864048705189,0.23048278837760217
0.29858664286976333,0.22083551329402026,0.2448072030070256,0.23577064082919078
0.3069888457797733,0.23846920460023782,0.23563943315843874,0.21890251646155023
0.30798354585412696,0.23951906230149397,0.23510950802566427,0.2173878838187148
0.3041725916994641,0.23125323150016,0.2392135452622572,0.22536063153811864
0.3065057916177144,0.23673865637016125,0.23644971893231617,0.2203058330798082
0.3060015749304766,0.23533172795575946,0.23716126531072954,0.2215054318030343
0.3026646235253108,0.22842739343252147,0.24071224334979413,0.22819573969237358
0.3063242044819255,0.2365399237575338,0.23655935257779498,0.22057651918274568
0.3018437171828271,0.22671018238978516,0.2416471796411303,0.2297989207862574
0.3017300874784053,0.22704243609873714,0.24142901991711765,0.22979845650573993
0.3021310271434109,0.22788996796479205,0.24101623699033511,0.22896276790146183
0.3034425219352313,0.2305288956471853,0.23963048700699835,0.22639809541058503
0.29884020716123544,0.2210919601331477,0.24468867806249325,0.23537915464312367
0.3058739269454734,0.2360305242373142,0.2368138563298714,0.2212816924873411
0.30669959507621575,0.2369144588853713,0.2364014368723198,0.2199845091660931
0.30563520985543247,0.2345125662638246,0.23755502019801386,0.22229720368272898
0.30744778939234835,0.23856945469203253,0.2355497234625404,0.2184330324530788
0.30841928650446815,0.2404161201734474,0.23464235635589503,0.21652223696618933
0.3029701401401772,0.22871251898698866,0.2405476149554718,0.2277697259173623
0.3027173701204799,0.22893203004430515,0.240431389706129,0.2279192101290859
0.3013955771762617,0.22627579340952755,0.2418736471533137,0.2304549822608971
0.3012377647522116,0.22610430438000675,0.24195011199502883,0.23070781887275288
0.30333362840547734,0.23041581116733373,0.23968926534498566,0.22656129508220324
0.30358677288475777,0.23067909309269966,0.2395594670469741,0.22617466697556857
0.30107317307028386,0.22550659816711602,0.24227977639117812,0.23114045237142194
0.3072816203546304,0.23880287667564373,0.2354656940948158,0.21844980887491006
0.3080220273210339,0.23956208424271255,0.23507463852804583,0.21734124990820755
0.30697810790204705,0.2371940817641842,0.2361952158152343,0.21963259451853448
0.3027863059734268,0.22855175593579793,0.24064181681308966,0.22802012127768562
0.3043509049481496,0.23234213614619512,0.23866940298832132,0.22463755591733395
0.3045321272116536,0.23252500267492646,0.23860352226458753,0.22433934784883244
0.30654628377605714,0.23676634166519694,0.2364498931577273,0.22023748140101862
0.3005681952509925,0.2241127906399775,0.24303553947190065,0.2322834746371294
