0.274884638250725,0.2339591294381602,0.2457332369066205,0.24542299540449433
0.2720068831084742,0.2343092889621793,0.24417578582137242,0.2495080421079741
0.2704407720411639,0.23605078910380287,0.24469273160682364,0.2488157072482097
0.27384221220906674,0.2332863537202609,0.24313779111963726,0.24973364295103503
0.27561570949825287,0.2323934173586408,0.23980530223249194,0.2521855709106143
0.26865362701176115,0.23699298869725374,0.24071491473243337,0.25363846955855174
0.26872106761575065,0.2359428666404521,0.24205768968373387,0.25327837606006337
0.27087117224818996,0.238222453663312,0.24806717085038202,0.2428392032381159
0.27127743712277114,0.235527682569052,0.24884305478485172,0.24435182552332518
0.2793045515663619,0.22896598986430583,0.2421356899200067,0.24959376864932548
0.2714935967773077,0.23658228358153796,0.242256343648418,0.24966777599273615
0.2653646292426634,0.23668756231870405,0.24184907062758354,0.25609873781104897
0.26913999652978615,0.23975683385039354,0.25043825390798097,0.2406649157118394
0.2718222511257679,0.23648111608149316,0.25374762740942497,0.23794900538331396
0.2715184524696722,0.236461873700626,0.2547497060533772,0.23726996777632456
0.27762206548424256,0.2301521536860905,0.24830324013581997,0.24392254069384697
0.273900635881064,0.23494203225639376,0.24621553819953415,0.24494179366300797
0.2690586954412993,0.23467761463100997,0.2428395024953333,0.25342418743235745
0.27222707560379833,0.235642549392384,0.24462609919504621,0.24750427580877138
0.2770626639203508,0.23081634175601182,0.24021706180029592,0.2519039325233415
0.2741403828516426,0.23271084362130975,0.23580015805436483,0.25734861547268284
0.2744330459453959,0.2279980776974276,0.22519153028891684,0.27237734606825964
0.26667956637266466,0.24009597933311916,0.23177076832534116,0.2614536859688749
0.26405107435247865,0.2370391801032811,0.2353617936403445,0.26354795190389585
0.26899419119813445,0.24109082668934526,0.24761123686083178,0.24230374525168838
0.26990701595512306,0.23740502307203937,0.2521660865350052,0.24052187443783232
0.27273171571050664,0.23550389963244414,0.2531742397544575,0.23859014490259164
0.2790727977077862,0.22957965231038036,0.24640533495379036,0.24494221502804311
0.27087851443599,0.23676764752444387,0.24595692229077049,0.2463969157487956
0.2670920969389666,0.23596227389104338,0.24465807795857464,0.2522875512114154
0.27364346699071573,0.23595608504307164,0.24849070782998287,0.24190974013622993
0.2736835062492427,0.23445754061800583,0.24783658066947858,0.24402237246327294
0.26399452084777775,0.24186370867464654,0.25378348960553354,0.24035828087204225
0.2744032428713762,0.23183183941249302,0.2520169538729705,0.2417479638431603
0.27147560799609705,0.24005934816373273,0.2583252226730868,0.23013982116708345
0.26685027121840094,0.2364870511698578,0.25590614972642334,0.2407565278853179
0.26945513877181404,0.2399345014414742,0.2620283909556007,0.22858196883111112
0.2698240196542231,0.23791155335247316,0.2643877705919028,0.22787665640140098
0.27125883959347347,0.23691454279420837,0.26485441427977774,0.22697220333254037
0.27532942094698415,0.23343246488255148,0.2613983789276688,0.22983973524279566
0.2726491104156594,0.2356999578651406,0.25903668539732344,0.23261424632187658
0.27176175118698304,0.23465879356027586,0.2553188168351566,0.23826063841758457
0.269239933857307,0.23885602943495438,0.2580403600347019,0.23386367667303673
0.2716302201022797,0.23535629798081556,0.25729414651998844,0.23571933539691622
0.27663007755193936,0.23318206105059144,0.2549898426910591,0.23519801870641016
0.28291310309763357,0.2250230800941986,0.2403982240092137,0.2516655927989541
0.26775192575057166,0.2391785922072689,0.242400059740011,0.2506694223021485
0.2601376696037262,0.2401351998556157,0.24591938559933516,0.25380774494132313
0.26602640953389745,0.2443188764246795,0.2617053177629212,0.22794939627850183
0.27123735326738524,0.2374813529425202,0.26674724276077727,0.2245340510293172
0.2736446521868795,0.23547296317149988,0.26599041770362675,0.22489196693799388
0.2806431272086657,0.22818216604982633,0.2556260640321341,0.23554864270937387
0.27460422662243145,0.23417333766967044,0.2504645204445721,0.24075791526332596
0.26793737855234256,0.2355387911769224,0.2466433008100508,0.24988052946068434
0.2703221326091827,0.23768859112082738,0.2505779311497419,0.24141134512024812
0.2761362762418257,0.23254034999879922,0.24882135735361186,0.2425020164057632
0.27083840551115057,0.23709644947149355,0.2496881858352443,0.24237695918211166
0.2733849079154195,0.23125662033148942,0.24354549182746096,0.2518129799256302
0.26898592306896835,0.2403996045378766,0.24981382801758434,0.24080064437557067
0.26258402182741275,0.2413759224061509,0.2553255841372515,0.2407144716291848
0.26629451721135133,0.24210287480270853,0.2653313306562156,0.22627127732972457
0.2732691853248201,0.23626258230226108,0.2683388914466025,0.22212934092631645
0.27795892435489583,0.2317236773101233,0.26299700287733563,0.22732039545764524
0.28121831457524005,0.22742990200543287,0.24990203743284556,0.24144974598648153
0.27022607836075313,0.23651578609974352,0.24706170294959176,0.2461964325899115
0.26543971717774245,0.2375756807398747,0.24727667941526985,0.24970792266711297
0.26966050867807906,0.23977877216912596,0.255475477992874,0.23508524115992097
0.2753906452300807,0.23329314968301967,0.25468566771267853,0.23663053737422107
0.2701560142198851,0.23810165312499437,0.25626853646768605,0.23547379618743455
0.27731940545219413,0.22823553889543394,0.2466245040316541,0.2478205516207178
0.26751950729942287,0.2422682981256185,0.2538360019852553,0.2363761925897034
0.26186301717894395,0.24000594619073515,0.25597999475788746,0.24215104187243355
0.2749950022801623,0.23645801241428807,0.2627237086344647,0.22582327667108482
0.2808040146235024,0.22993023552532835,0.2570800148319563,0.23218573501921286
0.2764716834726876,0.23052413905316085,0.24663072882813797,0.2463734486460136
0.2783527632134747,0.2260032358957804,0.23141001048202825,0.26423399040871676
0.2671012511555529,0.23996183513719185,0.23613207624007143,0.2568048374671838
0.2644545829312641,0.23547248513664623,0.23635958852402594,0.2637133434080638
0.2751756572051159,0.23648399512407095,0.24394802537112623,0.2443923222996869
0.27433715708033235,0.2329505306091458,0.2418082753644681,0.25090403694605373
0.2683742926988734,0.23706666394140682,0.24262265663817914,0.25193638672154056
0.27571103207885644,0.2298940554942483,0.23763107700048697,0.2567638354264084
0.267387552443191,0.24191508860334493,0.24632138519910657,0.2443759737543575
0.26485276407096775,0.2368700661146997,0.24699016027561144,0.25128700953872113
0.2718628276836807,0.23937631114695387,0.2560820761932397,0.23267878497612568
0.27452915882933376,0.23345886994025916,0.2544252618269047,0.23758670940350238
0.27030055770544553,0.23752003831963303,0.25509473044848296,0.2370846735264384
0.27627180908956894,0.2300749306657862,0.24803821698107031,0.24561504326357464
0.2712070968927478,0.23847566581387672,0.25090542997018384,0.23941180732319162
0.27036472709736203,0.23291976017669822,0.2456875115411707,0.251028001184769
0.2747658168916436,0.2354955941967186,0.24748629887908638,0.24225229003255153
0.2715372994233492,0.23477336243819352,0.24579048706912057,0.2478988510693367
0.2719727916058835,0.23439347125105664,0.24421805378436215,0.2494156833586978
0.2817065912881342,0.2259492155677149,0.23368863813614518,0.25865555500800574
0.26667918462297957,0.24080270576482096,0.2398488398146764,0.25266926979752297
0.2628508418885674,0.23548254440739344,0.23872913798394033,0.26293747572009885
0.27031077214760146,0.24215955245632426,0.25287295588696823,0.23465671950910597
0.2706282259448817,0.23619754855133673,0.25505502092887095,0.23811920457491073
0.2726053225046422,0.2358750417994972,0.25564089663532463,0.23587873906053594
0.2760142334655643,0.23221730565313858,0.2513193836870949,0.24044907719420222
0.27168174816830776,0.23609358964011126,0.25024095579140165,0.24198370640017922
0.263919914565738,0.24116817270272106,0.25481201099896206,0.2400999017325789
0.2735391832644659,0.23436557470320568,0.25648199951168416,0.23561324252064428
0.28127041201698044,0.23085281712431105,0.2528959293125362,0.23498084154617227
0.2760650942046188,0.22993151027092237,0.24208424458623232,0.2519191509382264
0.2740723729537111,0.23017185625676007,0.23262795033313183,0.263127820456397
0.2612992029079093,0.2449140077661161,0.24428404960385744,0.249502739722117
0.2635002014784844,0.23951837207144583,0.2513933191360335,0.24558810731403627
0.2680224410051717,0.24363470150726585,0.26550892050399283,0.2228339369835697
0.2713383630025241,0.2356225333150487,0.265834468210388,0.2272046354720392
0.2768624705340569,0.2334513263007605,0.2632023252662887,0.226483877898894
0.27354618706682005,0.23421171028179089,0.2583126641333621,0.23392943851802697
0.2667004812029846,0.23932098711370103,0.2590802977076813,0.23489823397563314
0.27158607530174855,0.23577436581164482,0.2595237864529379,0.23311577243366874
0.2788177364896129,0.23207612553539683,0.2567095823076454,0.23239655566734496
0.27270294007729545,0.23461112644125046,0.2525127313043232,0.2401732021771309
0.26900212844414373,0.23613777741895034,0.25047028241282604,0.24438981172407997
0.2764656051475645,0.23221941082919434,0.2481576753637233,0.24315730865951785
0.2663879028257903,0.24161718718241623,0.25461558093889,0.23737932905290343
0.26280422305739853,0.24062033781231984,0.2585225902020438,0.2380528489282379
0.26728521945396194,0.2425073846211131,0.2691194543805661,0.22108794154435893
0.2742379538636239,0.23453021791573606,0.26910560948720474,0.22212621873343533
0.2766857770055709,0.23318809017760658,0.2646591212285064,0.2254670115883162
0.2739076937563382,0.23325111795483658,0.25772672653059764,0.23511446175822748
0.27061005756462697,0.23641526518817937,0.25570557669565697,0.23726910055153672
0.2707656288245245,0.2364255478493828,0.2556676715495393,0.23714115177655354
0.27445763364319015,0.23417992592553435,0.2543160229383583,0.23704641749291702
0.2703532917144042,0.23748099428322755,0.25519080216673296,0.23697491183563538
0.2722607511378815,0.23393581423050885,0.25221464307311425,0.2415887915584954
0.28310984146550927,0.2271694044886254,0.24344546664056527,0.24627528740530003
0.2616762357077857,0.2447488467398137,0.25332436055916024,0.24025055699324016
0.25545440190719293,0.24452536739779696,0.2604607646969611,0.23955946599804898
0.27938468706495345,0.23484808910640678,0.27118038606461015,0.2145868377640296
0.2736303882323599,0.236104843456345,0.2712343131153517,0.21903045519594347
0.2685995621030264,0.2356731339101397,0.2647021971065875,0.23102510688024652
0.2822025704414626,0.22858827924344025,0.2577191007389035,0.23149004957619357
0.27361818100024693,0.23573804436081955,0.25507904255608105,0.23556473208285242
0.26895706826133914,0.2334230446920091,0.2477029265411372,0.24991696050551454
0.27795380912921147,0.23234087257173153,0.24621109953086975,0.24349421876818733
0.2840694321182083,0.22338030427209277,0.22996651165468868,0.2625837519550104
0.2801751634226781,0.22072488198740328,0.2048927393964959,0.2942072151934227
0.26806468934332045,0.21958030990471838,0.17851300563782072,0.3338419951141405
0.25627577103199833,0.2332311080020513,0.1772141889162302,0.3332789320497202
0.2493949225695243,0.23804952879222435,0.1892197083944214,0.32333584024383
0.2646378882805427,0.23654628359591995,0.20390997236490788,0.2949058557586294
0.2716912794178942,0.23571529666662677,0.21183138118189634,0.28076204273358274
0.2657576962317948,0.23227592607599964,0.210446914523785,0.29151946316842053
0.2691340920850442,0.23044706575229143,0.20789630660238015,0.2925225355602842
0.2638852062934113,0.2418642551581643,0.22022324377270347,0.27402729477572113
0.2653920391933723,0.2322154775913171,0.22057176223879685,0.28182072097651384
0.27353764019054594,0.23731416758926507,0.22895279862549975,0.2601953935946893
0.2697628824194193,0.23334472667146958,0.22791604561821746,0.2689763452908938
0.27286630352419655,0.2308616231612792,0.22407031193653415,0.2722017613779901
0.27479870545302093,0.2306539368585802,0.2194416531591972,0.27510570452920163
0.26408759354932665,0.23895611013164328,0.22516875148230875,0.27178754483672124
0.263999228569242,0.23705210407185326,0.2308595245740327,0.26808914278487195
0.2695954391203988,0.24099926598081603,0.2439638245398144,0.24544147035897063
0.2672944603633249,0.2390957121451385,0.250295093900618,0.24331473359091865
0.27495986957916707,0.2329679483013808,0.24980696211612755,0.2422652200033246
0.2770361653955973,0.23305641418654438,0.24741448805789465,0.24249293235996372
0.2657247432736659,0.23925363122152896,0.24934082410786051,0.2456808013969446
0.27296172135201624,0.23226404863450786,0.2469790432625201,0.24779518675095566
0.277074287085941,0.2350179997216513,0.24864731834611584,0.23926039484629175
0.27409329859939086,0.2299972862590731,0.23921870142545282,0.2566907137160832
0.27034237340727185,0.23658495787053774,0.2397803731358614,0.25329229558632904
0.27257010594965514,0.2319227399200552,0.23610816669175388,0.2593989874385357
0.26404996766220246,0.24406475444235828,0.24763520782041312,0.2442500700750261
0.2591398827578903,0.24426157170436466,0.25778775360948614,0.23881079192825888
0.27183368470864017,0.23869529198533557,0.2677317061832299,0.2217393171227944
0.28042695512989535,0.2309915659695944,0.2647619058341597,0.22381957306635056
0.2794097011542542,0.22888317729538618,0.2526068539459564,0.2391002676044032
0.27533802462086726,0.2306575840616396,0.24194610779502485,0.2520582835224684
0.269877357347222,0.2355398989114489,0.23989014599010366,0.2546925977512255
0.2679464147010579,0.23754991206069845,0.24292615161256476,0.2515775216256789
0.26901021318705953,0.23870192780890598,0.24902923556711756,0.24325862343691684
0.2744238179173719,0.2336425147632891,0.24894980631996758,0.24298386099937144
0.27891611392790366,0.23009800327570018,0.24271357817236874,0.2482723046240274
0.27855428687097084,0.2269447749311341,0.22938010566936967,0.2651208325285254
0.2622830595723271,0.24260036417770528,0.2375672851605518,0.25754929108941593
0.25439796764543765,0.2470744650434863,0.25194149943687416,0.24658606787420181
0.27749494837443245,0.23488035874783425,0.26392446073601006,0.22370023214172313
0.28315578640171235,0.23015928120863216,0.2604159025195427,0.22626902987011283
0.2770778609347299,0.22765083423831886,0.244322614116499,0.2509486907104522
0.27414857702434586,0.23161064173347298,0.2360654626197821,0.258175318622399
0.26539035648942605,0.23994888557792032,0.24086148003727773,0.2537992778953758
0.2711059465659228,0.2333009786386741,0.2409120009905492,0.2546810738048539
0.27606281678881045,0.23536751635797543,0.24405156647194653,0.24451810038126753
0.27610485229004894,0.22795201989973835,0.23324600278687196,0.26269712502334075
0.27126403488965534,0.23538564169412987,0.23230850571410777,0.2610418177021071
0.2718650789072832,0.22918300261153493,0.22455257469730192,0.2743993437838799
0.2633694175870558,0.24475638503631497,0.23817277350296917,0.25370142387366007
0.26159939734164467,0.24015079346167084,0.24568949508758559,0.2525603141090989
0.27658925289564584,0.23582822807648623,0.25433888609332767,0.23324363293454015
0.2796797106763328,0.2301400210770478,0.24887208428602609,0.24130818396059336
0.27336071631689507,0.23223681653471628,0.241230516936165,0.2531719502122236
0.27162502027978996,0.23289743150277412,0.236546782065653,0.2589307661517829
0.27125038926296824,0.23583042417872205,0.2380085731842282,0.25491061337408144
0.27251824925631035,0.23291953351088168,0.23592623569225496,0.25863598154055306
0.2735505595576605,0.23348878374868465,0.23460145639395677,0.2583592002996981
0.27265756442179523,0.23214719724525462,0.23071302213957687,0.2644822161933733
0.27012111987967496,0.2351523896480047,0.2310852257546828,0.26364126471763766
0.27403735555668535,0.2294789138385488,0.2252954926035705,0.2711882380011952
0.2651632942100289,0.24234322025424104,0.23563277920449213,0.2568607063312381
0.2599124318054469,0.2415398758758727,0.24413327349584327,0.2544144188228371
0.27417048366589164,0.23698051434953374,0.25436172600056006,0.23448727598401453
0.2786612277370854,0.23215767423737402,0.25279940185942884,0.23638169616611177
0.2733003830574998,0.23263763211882862,0.24596911123006773,0.24809287359360377
0.2745403497286198,0.23104534832915719,0.2389951967313455,0.25541910521087746
0.27110891231251866,0.23653857511076512,0.24018727152532396,0.2521652410513922
0.27217632176003287,0.23153586603957438,0.23538353077712926,0.2609042814232634
0.27651176787997916,0.23190859492092306,0.23256900047027687,0.25901063672882085
0.2725302313598244,0.2316210831390668,0.22712742788795942,0.2687212576131493
0.2713995852135039,0.23080022694266353,0.22138782490191314,0.27641236294191945
0.274766631447073,0.22819958507260082,0.21342282516115396,0.28361095831917227
0.2626513356154983,0.2418849036978704,0.2239721182880087,0.27149164239862256
0.25671837177696116,0.24277013619795096,0.23619230370842753,0.2643191883166603
0.2748417397130163,0.23710459925594787,0.2500638612272354,0.23798979980380044
0.2733397891192635,0.23715837603512072,0.25498608136068884,0.23451575348492693
0.269835907572331,0.2344899036393009,0.2508814647438075,0.24479272404456073
0.2787400691906058,0.23069234744225728,0.24663573540074551,0.24393184796639136
0.2713688923697377,0.23684146556173954,0.24705962883557678,0.24473001323294608
0.27412290957479624,0.22811217686963928,0.23624421109467839,0.26152070246088605
0.27849390412151653,0.23213880656520516,0.23304292479003716,0.25632436452324114
0.2718539965413411,0.22971744439062347,0.22378868251643472,0.2746398765516006
0.2680540359174262,0.23508446966965849,0.22381881942171714,0.27304267499119805
0.27420036171591006,0.22790747589254173,0.21725456861395648,0.28063759377759173
0.26643746480503866,0.2409424392923004,0.22654379743963163,0.2660762984630293
0.25991240456292986,0.23902589168046154,0.23268948934302192,0.26837221441358666
0.26964894236154674,0.24060560112615517,0.24700067997297906,0.24274477653931906
0.26889457013430124,0.23993151903259205,0.2555258628374717,0.23564804799563496
0.2657246342843791,0.2403802271678168,0.26046100812937667,0.2334341304184275
0.2805553932762291,0.22922250813141987,0.25658030624563116,0.23364179234671997
0.28262110825743286,0.22919191845960796,0.24779347098327517,0.2403935022996841
0.27602537647388803,0.22617739921166605,0.23008137945636337,0.2677158448580826
0.27317818524970994,0.23051387707802695,0.22159004174572094,0.27471789592654233
0.267851084241418,0.23466732919809502,0.22112420177769065,0.2763573847827964
0.266719706615872,0.23581814159636158,0.22443329224501077,0.2730288595427557
0.27346196426286246,0.23217400033511418,0.224911730546243,0.2694523048557803
0.2647874982006981,0.24212927277972354,0.23574980415872118,0.2573334248608572
0.2602208626874615,0.24183323644789556,0.24498542602566753,0.2529604748389754
0.26958849344706076,0.24090925248440095,0.25829036002121225,0.2312118940473262
0.28184417267729667,0.2288852415686085,0.25456225179028347,0.23470833396381127
0.27734697730511987,0.23175903872234507,0.24723643275284668,0.24365755121968835
0.27059391488006646,0.232290401516234,0.23896497801507463,0.25815070558862496
0.26727038455572544,0.23958153315534836,0.24419952010729207,0.24894856218163425
0.27868322476620344,0.22748620982675558,0.23761853060005994,0.256212034806981
