0.3065788288539046,0.21767155448314143,0.23653736382866183,0.23921225283429212
0.30195789686382335,0.21837694269564126,0.23661390813457042,0.243051252305965
0.3017977752585922,0.21886771521026757,0.23682674813929908,0.2425077613918412
0.3028642876959777,0.21896788056993194,0.23656018235865275,0.2416076493754376
0.3030522485409467,0.217913761834643,0.23740086049579087,0.24163312912861942
0.29895218217396163,0.21806298549348618,0.23798616849580626,0.2449986638367459
0.2989172362715433,0.22001441491622825,0.23669536423603418,0.24437298457619425
0.30533012053374237,0.21856514563174026,0.23681808400159485,0.23928664983292253
0.3032881891435293,0.21898659137794207,0.23597620177277845,0.24174901770575025
0.3051075870150758,0.21868593029532868,0.23613228216952065,0.24007420052007483
0.3019935270252548,0.21664815160287612,0.23857802245118792,0.24278029892068106
0.29504730761124415,0.2203450418584338,0.23652937034379248,0.2480782801865295
0.30579040213910497,0.2194245896420585,0.2364056148120748,0.23837939340676176
0.3064976833788095,0.21882531846642783,0.23537713223964338,0.23929986591511934
0.30664469062167066,0.21862816615810793,0.23539782976159118,0.23932931345863043
0.3058768400256077,0.218953525362156,0.2352476894955892,0.23992194511664708
0.30488646885692755,0.21715488533350608,0.237334188997168,0.24062445681239839
0.2981435859063173,0.2193904905739213,0.23656032008673528,0.24590560343302592
0.30365968966984697,0.21906693386243015,0.23679260603417945,0.2404807704335435
0.30349053715496216,0.21830685171480585,0.2368252551860317,0.24137735594420018
0.3004836971658227,0.2173747781515898,0.23834465528100945,0.24379686940157813
0.2959999503362179,0.2187367985201927,0.23813666320491889,0.24712658793867034
0.29689261180050025,0.21691874729753624,0.24051155257411014,0.24567708832785337
0.29239519014439147,0.2210335504893973,0.23699811095514792,0.24957314841106326
0.30599815505464695,0.21901320710152689,0.23711816472917438,0.23787047311465187
0.30439095147031947,0.21902332242977815,0.23564139621355376,0.24094432988634867
0.3066707818667739,0.21893788258208985,0.23538118373533984,0.23901015181579643
0.30640415715906993,0.21841252367134723,0.23564441679889805,0.23953890237068481
0.30275047241712294,0.21707630312246493,0.23779158907728995,0.24238163538312207
0.2973776144256272,0.22030897946256556,0.23612612207784703,0.24618728403396017
0.30678516646278187,0.21898714677496933,0.23626893894416356,0.23795874781808532
0.3047520537120003,0.21804654968317308,0.23637755307248645,0.24082384353234024
0.3020386571519433,0.2187227120070799,0.23652810555570566,0.2427105252852713
0.3044998640056518,0.22084195884597732,0.23445727026996974,0.2402009068784011
0.3116084014950291,0.21680355409765376,0.23617116945662614,0.23541687495069105
0.3006686614549368,0.22028970956646857,0.23438799798625226,0.24465363099234233
0.3110472168166621,0.21912665600447986,0.23459023498904308,0.2352358921898149
0.3098700952393896,0.21897733890527363,0.23370293036920364,0.23744963548613318
0.311071415017073,0.2189562748002571,0.23353737617972148,0.23643493400294832
0.3109478123205735,0.21870943730861334,0.2336450991957539,0.2366976511750592
0.3090185050747677,0.21803457546646623,0.23478593349469484,0.23816098596407115
0.30539360306698055,0.2191919062469785,0.2347986758715342,0.2406158148145068
0.30765335180549874,0.21860668618647025,0.23532701716272061,0.23841294484531037
0.30652368722485585,0.21951707610694424,0.23444826342308595,0.23951097324511392
0.3097374610563717,0.21832444969193837,0.2349230768773551,0.23701501237433495
0.3052945704057394,0.21795505578478705,0.23591356773599573,0.24083680607347777
0.29948662581232244,0.21609393287659215,0.2395665579823683,0.2448528833287172
0.29210694095138856,0.22203637493112638,0.2357470424338999,0.25010964168358524
0.3114910932347193,0.2198005122913286,0.23499164052946828,0.2337167539444839
0.3121816633740815,0.21905078355240498,0.2329943186178404,0.23577323445567316
0.313156718646373,0.21842450050911838,0.23315768264678066,0.23526109819772797
0.3099767767221659,0.21854170343150112,0.23376937319963348,0.23771214664669962
0.30642048425688617,0.21690811030965182,0.23665111430748123,0.2400202911259808
0.2985575447791314,0.21957784586869702,0.23608803163117872,0.24577657772099293
0.3051726822742616,0.21937421228279724,0.23610953103483961,0.23934357440810147
0.30632283475864347,0.21866905937069775,0.23564044421270738,0.23936766165795148
0.30443752181744016,0.2176607156663726,0.23686372256646193,0.2410380399497254
0.3006693280971637,0.21985913929692905,0.23575998984114552,0.24371154276476162
0.30559763957225183,0.21753938933672504,0.23751444346197872,0.23934852762904438
0.29985091075507864,0.2203338466408051,0.23533667310255937,0.24447856950155694
0.31059767878189104,0.21999946575420115,0.2340378521866277,0.2353650032772801
0.31439641623752157,0.2188933888020155,0.2326174163785438,0.2340927785819191
0.31312960227195064,0.21813476472372445,0.23315052003195613,0.23558511297236873
0.3080886549576295,0.21784759959285435,0.23489170603117426,0.23917203941834186
0.3021341516797679,0.21712986729365488,0.2376033194430053,0.24313266158357202
0.2975060054921226,0.2205839989102664,0.23593887530300844,0.24597112029460275
0.30824194798525967,0.21927550271443078,0.23562318860801323,0.23685936069229635
0.3080418042597478,0.2188090744963739,0.23468819373812122,0.238460927505757
0.30715639918997767,0.21783189825314112,0.23583001934536488,0.23918168321151625
0.3033885507859763,0.219922250605252,0.23480647557139928,0.24188272303737243
0.30693329765151306,0.21657873636224712,0.2377880138754703,0.23869995211076953
0.29722584774149047,0.22155396294133703,0.2344935198945511,0.24672666942262134
0.31439438755008675,0.21950355856539736,0.23375791148818686,0.23234414239632908
0.31200253680754186,0.21750178976122936,0.23408643380079622,0.2364092396304326
0.3042657772303707,0.21754035577251743,0.23620041652271356,0.24199345047439824
0.2997414526447701,0.21854309464897542,0.23717609898877864,0.24453935371747584
0.29794623444247653,0.21642047400896547,0.24031279136783668,0.24532050018072135
0.29168942238110346,0.22160785218877038,0.23640180924074286,0.25030091618938316
0.3077183262045235,0.21865423706481882,0.23713277318948497,0.23649466354117274
0.30223708235282937,0.2177255974733866,0.23710652828742138,0.24293079188636268
0.2994314377512183,0.21859778565135557,0.2374712382021407,0.24449953839528538
0.30100825572524276,0.21975613085164594,0.23650261109764534,0.242733002325466
0.30339330991312,0.21666759860639098,0.23886533327380116,0.24107375820668775
0.2955726619100801,0.2214015019230857,0.23535427054520708,0.2476715656216272
0.3109231741702934,0.21886264443471828,0.23555113981785994,0.2346630415771283
0.3070213350984605,0.21858618749252945,0.23478691429053447,0.23960556311847558
0.3063808117187518,0.21820938948575053,0.23577644621107727,0.23963335258442045
0.30417522101942684,0.21962522501534698,0.2350273581014811,0.2411721958637449
0.3066369606961819,0.2170613097019316,0.23726076592850037,0.23904096367338618
0.29884804771365536,0.2202099162140253,0.23545574928685425,0.245486286785465
0.3072803116804441,0.21819909983599192,0.2366994464291158,0.23782114205444815
0.30184922721386426,0.21834389740769813,0.23661192158462496,0.24319495379381284
0.30199971509519125,0.21909608377588527,0.2365803691333022,0.2423238319956214
0.30345205567999955,0.21841090538375454,0.23694980207395155,0.24118723686229449
0.29851929512507464,0.21562356808751845,0.24052634729094644,0.24533078949646042
0.28982539749974406,0.2225732526783299,0.23566283787903997,0.2519385119428861
0.31082511594571716,0.21867797101896472,0.236520600974024,0.23397631206129418
0.3049931457239485,0.21900088551337657,0.23488666657534832,0.2411193021873267
0.3078811330372187,0.21882118524255856,0.2351087323109765,0.2381889494092462
0.30676329100739086,0.21857072324336743,0.23524606177622925,0.23941992397301248
0.3048041479105025,0.2178819394019228,0.2364988957764919,0.24081501691108276
0.3015910205633965,0.2195081606276937,0.23586528709232388,0.24303553171658598
0.3075393077603958,0.22028227797611785,0.234328243114086,0.23785017114940044
0.31183889045007046,0.21734573773144353,0.2351728156119498,0.23564255620653632
0.3018684545520581,0.21748173959670128,0.23677860408174617,0.24387120176949445
0.29833525128424726,0.21851958746554948,0.23776955352932877,0.2453756077208745
0.2980973806828849,0.21782151526349025,0.2390552898500855,0.24502581420353942
0.29759839616026473,0.2222454492550116,0.2350845715169236,0.24507158306780014
0.3151972984721875,0.2185026754568888,0.23438334296535543,0.23191668310556834
0.30974624495725445,0.2194602057910225,0.23275920579408238,0.23803434345764057
0.31378670371934475,0.2182686842970601,0.23343482108719854,0.23450979089639648
0.30827366007161094,0.21800685591658323,0.23461838912053237,0.23910109489127357
0.3052056129934533,0.21903251634079232,0.23508092878072942,0.24068094188502498
0.3077909470991155,0.21992930057681384,0.2340995885477968,0.2381801637762739
0.3118001665860208,0.21804473662110613,0.23447668760578355,0.23567840918708946
0.30529677252578297,0.21764516453234017,0.23592738833814808,0.24113067460372875
0.3017763025658383,0.2195121566389713,0.23573944104812633,0.24297209974706402
0.306430475873414,0.21908751955761166,0.23566008917927517,0.2388219153896992
0.3050703638849545,0.21732708341332121,0.23705623062597336,0.24054632207575102
0.3004424184774074,0.22123628110979818,0.23448467456441893,0.24383662584837548
0.3146145566315337,0.21932051281530582,0.233452503908349,0.23261242664481152
0.31400456739281607,0.21900585163113678,0.2321171227081833,0.23487245826786388
0.313956783118463,0.21787617765942405,0.23320311481956846,0.23496392440254457
0.3076223464959847,0.21833649497833238,0.2344244340302013,0.23961672449548166
0.30596927228477655,0.21874521354479673,0.2352743506396113,0.24001116353081545
0.3060484364162345,0.21920880337884138,0.23506250217337266,0.23968025803155146
0.3078512161877261,0.21875939448034484,0.2350530499700886,0.23833633936184043
0.30632924381916854,0.2181528028853542,0.2357475671693763,0.23977038612610097
0.3041902872517519,0.21962820545115966,0.2350241532722632,0.24115735402482522
0.307989352460102,0.2181316375007781,0.235868002867822,0.23801100717129786
0.30078951968638695,0.2161104576433892,0.2389485186502477,0.24415150401997618
0.2937302007171121,0.22380308990011502,0.23396579289498387,0.24850091648778908
0.3221093184014892,0.21956344159528993,0.2316883149700604,0.2266389250331606
0.31645763369472735,0.21657005024581621,0.23269138899259706,0.23428092706685932
0.3060814991930866,0.21984299697561543,0.2330139262976244,0.24106157753367355
0.3129351253883196,0.21896438610970867,0.2335179365058006,0.23458255199617115
0.3081401264178525,0.2163438748864107,0.23642070117774383,0.23909529751799302
0.29816684252129955,0.22031307935182112,0.23521926581028324,0.24630081231659615
0.3077778953021801,0.21867072094565268,0.2362116982879803,0.237339685464187
0.30290622126090266,0.21720597678848244,0.23746561399134497,0.24242218795926995
0.29447212221860347,0.21540101893750735,0.24136213576311114,0.248764723080778
0.28350823760152505,0.21442914773678376,0.2440647228840977,0.2579978917775935
0.27670721033793433,0.21325174777674763,0.24625430748548385,0.26378673439983413
0.27423506106216744,0.22024386194482748,0.24055407745984525,0.26496699953316
0.29200954281156943,0.22059150743594824,0.24071498142166564,0.24668396833081654
0.2959123630941451,0.2161318253142226,0.24220705399916292,0.24574875759246928
0.28745098186832585,0.2178954136422033,0.24044846388495786,0.254205140604513
0.291422599547497,0.21890562267719235,0.24042027352832482,0.24925150424698586
0.2926777200998409,0.2165029859705919,0.24222488279167953,0.2485944111378877
0.28871141694903746,0.22133346652300612,0.23768862677309932,0.2522664897548572
0.30256193357766203,0.21752502036418728,0.2399131816133766,0.23999986444477417
0.2943902484667102,0.21814121476261836,0.2387000887317825,0.24876844803888887
0.29649569894382166,0.21893795809781497,0.23874286719703544,0.24582347576132788
0.2970093957836484,0.2171139234368009,0.24024555411425508,0.24563112666529557
0.29125765272410475,0.21729411464339082,0.24063613026489888,0.25081210236760565
0.29205025720028605,0.221343380788588,0.2375386094410157,0.24906775257011016
0.3053233132573947,0.2185830562609943,0.23776231808191609,0.23833131239969485
0.30206840542985747,0.2190603700855113,0.23617551191480782,0.2426957125698234
0.30581694490287603,0.21957594048678192,0.2352962079457924,0.23931090666454977
0.307231323100794,0.21739042760418445,0.23656925866728196,0.23880899062773955
0.29983019285168155,0.21835417233124127,0.23694370752851684,0.2448719272885603
0.3019537022674713,0.22082980001700644,0.23526857142820576,0.24194792628731665
0.3094114537933185,0.21709572736819666,0.23683635054994565,0.23665646828853912
0.2991240982727962,0.2185739172067614,0.23655435388189464,0.24574763063854776
0.30076879507407656,0.2181102909610667,0.23815457089071956,0.24296634307413723
0.2986273818966865,0.2194495814771225,0.23703995867274885,0.2448830779534422
0.3021660634538059,0.21766500637810177,0.2384303990885868,0.24173853107950546
0.2988706922048023,0.22147567944475588,0.23497749932874132,0.2446761290217005
0.31503619026396834,0.21990316576794924,0.23302084352705577,0.2320398004410266
0.3159230704187722,0.2177370747062016,0.2326521936354816,0.2336876612395446
0.3081520604743666,0.21750583086901504,0.23482350731235807,0.23951860134426023
0.30197054307465115,0.21794102524330455,0.2368028349741474,0.24328559670789693
0.2992312358802822,0.21840149655928273,0.23774471599469146,0.2446225515657436
0.2996036726152995,0.21943281136218004,0.2370928286518402,0.2438706873706803
0.303818433873968,0.21917013635872354,0.2364773538043811,0.24053407596292736
0.30541821920659895,0.2190526637542038,0.23566009013846914,0.23986902690072806
0.3055480882747831,0.2178219000822933,0.2365865003487087,0.2400435112942148
0.2997606857123268,0.21737912756441388,0.23816731088972118,0.2446928758335382
0.2945363381559385,0.21698503380427106,0.2401723094764496,0.2483063185633408
0.2928644277122502,0.22280679196848832,0.2357391097730089,0.2485896705462526
0.3157846708424177,0.2204184040080716,0.23312552453476962,0.23067140061474103
0.3160283302403674,0.21636141957050006,0.23382187644449554,0.233788373744637
0.30198391160519905,0.21790412207261284,0.23571446547589897,0.24439750084628917
0.30022456819734056,0.21811191895167897,0.2378277221017343,0.2438357907492462
0.29772007888750723,0.21831323395917254,0.23835295682022187,0.2456137303330983
0.299174241926595,0.22072946797736084,0.2361818547936148,0.24391443530242943
0.3071950991798608,0.21739737320562252,0.2374896048753436,0.23791792273917298
0.2986436971136234,0.21842197191863666,0.23710588019186046,0.24582845077587948
0.2987318083590415,0.21723976459286146,0.2394724868879417,0.2445559401601552
0.2940578796776576,0.21950680244899154,0.23792796273233136,0.2485073551410195
0.2988182249631396,0.21710675848312103,0.24029585942524556,0.2437791571284938
0.29398670865182114,0.2219532843722494,0.23576309612592294,0.2482969108500064
0.31216178216652024,0.21919471159156387,0.23510757479689223,0.23353593144502363
0.3079101653504459,0.2172646262774221,0.23568227058610938,0.23914293778602258
0.30062647790874064,0.21777656376653223,0.23724966875648576,0.24434728956824145
0.29851266713318375,0.2190411729832852,0.23742932881203094,0.2450168310715001
0.3006996614431598,0.21833296119166432,0.23806839137119726,0.24289898599397855
0.2992446579381881,0.21886876364145091,0.23750092139947684,0.24438565702088402
0.3005239462926042,0.21804988026721736,0.2382737656897863,0.24315240775039226
0.2976566675292991,0.21826552526208706,0.23837138418467804,0.24570642302393575
0.29725440462870295,0.21817370726385502,0.23893053884606066,0.2456413492613814
0.2967585829082418,0.21901233649355797,0.2382523606714644,0.24597671992673584
0.29777486073969694,0.21677713081577174,0.24042494948183218,0.24502305896269921
0.292743232783864,0.22169717255868382,0.2362539721802775,0.24930562247717458
0.3104466961406703,0.21985781046228334,0.23514271183741667,0.23455278155962966
0.30992809357148715,0.21735224927935534,0.23531651492773267,0.23740314222142478
0.30220470919429737,0.21803902953793436,0.23642037027761192,0.24333589099015634
0.30090561277443406,0.21898813130100014,0.23683563411798234,0.24327062180658357
0.3014387626277898,0.21765661244586967,0.2382606667107889,0.24264395821555168
0.2977039312397057,0.21952983936046744,0.23700665409974966,0.24575957530007722
0.3021145409101946,0.217718989862486,0.23851478063193063,0.24165168859538877
0.2961319049451983,0.21752144990067787,0.23911489732858585,0.24723174782553795
0.29426820329799075,0.2185422651207629,0.23918341420256564,0.24800611737868083
0.29526070455548875,0.21766328335712232,0.24024519768730004,0.24683081440008894
0.2910762587094041,0.2161769605435374,0.24208576168031448,0.25066101906674404
0.2879152857550692,0.2225727466164027,0.2368912656834496,0.25262070194507835
0.3099099179962771,0.22010498097290745,0.23570700143825782,0.23427809959255758
0.3091726672286184,0.2169381156677023,0.23600299390945856,0.23788622319422076
0.3012011336903381,0.21963760198679458,0.23519190232429468,0.24396936199857278
0.30728879933943537,0.21882090917757732,0.23577415891964632,0.23811613256334116
0.3036383553207424,0.21692269286380922,0.2376604090311779,0.2417785427842705
0.29747411846581495,0.22026502293749364,0.23602152580041869,0.24623933279627272
0.3041614355429858,0.21680070824385583,0.23904828070844195,0.23998957550471653
0.29342342301356633,0.21768859516169034,0.23897242631607316,0.24991555550867017
0.29395064743569554,0.21844423820076378,0.23970002556936243,0.24790508879417833
0.29522597332432726,0.21902812890449413,0.23895084249151913,0.24679505527965948
0.29553710568871167,0.21585907510280394,0.2419710464423439,0.24663277276614043
0.2880295115329664,0.22157958283179513,0.23709433735358287,0.2532965682816556
0.30633695936659733,0.2198748122403932,0.2368076370470371,0.23698059134597244
0.306916371106957,0.21824079458279258,0.23578032226989112,0.23906251204035936
0.3054193994391761,0.21965973048314028,0.23465107824643244,0.24026979183125122
0.3109418828318335,0.21953523340717893,0.23363806870494744,0.23588481505603995
0.30980337749438064,0.2162552546998365,0.23634946059141665,0.23759190721436618
0.2966519781975057,0.21783576138991861,0.2375424110579756,0.24796984935459995
0.29583608056011923,0.21762632174131039,0.23979366232988406,0.24674393536868636
0.29254744948726197,0.21784177264991522,0.24014903931742324,0.24946173854539966
0.2932135663398021,0.21930928610156827,0.23911465069919025,0.24836249685943945
0.29809944873135,0.21875831170743124,0.2388872159375305,0.24425502362368842
0.29708812345867613,0.2170134837209908,0.24010444164767608,0.24579395117265698
0.2938101422393495,0.22160498633411246,0.23629312086697568,0.24829175055956232
0.31050778283604286,0.21979492071960294,0.23504684786254323,0.2346504485818109
0.311241411939766,0.21834737888196618,0.23400903888442348,0.23640217029384433
0.3061841842634832,0.21659529655028265,0.23684445285959632,0.2403760663266378
0.2970612308379134,0.2189966068587975,0.23688494751419242,0.24705721478909662
0.3011890112660076,0.2189059883532125,0.2375968256574413,0.24230817472333857
0.3022115136218782,0.2197384371993265,0.23606749106578945,0.24198255811300587
0.30353322150883444,0.21582518424999608,0.2395408731155355,0.2411007211256339
