0.29385437782650836,0.23597347880227737,0.2361691762031534,0.23400296716806088
0.29147884992575773,0.2310046734650032,0.23509847208026804,0.24241800452897092
0.2921473586183577,0.2319074786593675,0.23479622409344142,0.24114893862883338
0.29303860763535133,0.23358697676303403,0.23509012136694277,0.23828429423467198
0.29233748274544613,0.23071476132568317,0.2356531581269389,0.24129459780193172
0.2896351058527716,0.22674362766267614,0.23427189355964195,0.2493493729249104
0.2916963703794743,0.23213542670118767,0.23358413878424014,0.24258406413509787
0.2946809961694206,0.23492009746052725,0.23588470606655668,0.23451420030349537
0.29292583307807696,0.23467275916278985,0.2352834339704205,0.2371179737887127
0.2938602559479254,0.23524046706772753,0.2357300449917823,0.2351692319925648
0.29055446925190836,0.2260515313843258,0.23585600820247576,0.24753799116129005
0.2889566654417338,0.22924089876367432,0.2323642800479377,0.24943815574665412
0.29582963070269497,0.23747221407550792,0.235387756067817,0.23131039915398008
0.29477710959298864,0.23794757523786336,0.2360632851424416,0.2312120300267063
0.29430994666419935,0.23706686832338433,0.2360997283350352,0.23252345667738109
0.2940651047841869,0.23716699700374141,0.23573844374987085,0.2330294544622007
0.2925736310391614,0.23044734168557335,0.23647277318490573,0.24050625409035942
0.28981650240032564,0.22986939391847222,0.23361225842544056,0.24670184525576147
0.2939467478936601,0.23419045984042614,0.23513980818216584,0.23672298408374778
0.2928858413838958,0.23260633841157075,0.23563846620004344,0.23886935400449003
0.29011964973936066,0.22641154207290967,0.23504129882870417,0.24842750935902566
0.28842091904812334,0.22526781048653835,0.23293758244486515,0.25337368802047316
0.28838436652168187,0.22074762690094957,0.23364581342689977,0.25722219315046874
0.28886986038962587,0.2282786928121943,0.2313828232290407,0.2514686235691391
0.29616600958180994,0.2363472531492494,0.23573812160224666,0.23174861566669397
0.2937157862107956,0.23640245940161228,0.23559869616098714,0.2342830582266052
0.29470752725793103,0.2379338939288734,0.2359085915886101,0.23144998722458554
0.2941204040960582,0.23610662642219976,0.2361690299222633,0.23360393955947867
0.2910535961797517,0.22799523606999128,0.23587777191933632,0.2450733958309207
0.29036014009600414,0.2316824848744612,0.23309417690329146,0.24486319812624324
0.29580687051423243,0.237479829330939,0.23585356453677936,0.2308597356180492
0.2931410347948395,0.23348306865726542,0.23611240259606403,0.23726349395183105
0.29179813315934316,0.2320428085385946,0.23497394034514876,0.24118511795691336
0.29509269343967587,0.2416778513793531,0.23443004394979877,0.2287994112311722
0.29666169701921713,0.23686402309386467,0.23825775662620072,0.22821652326071754
0.29138681249495435,0.23623884523677102,0.23416287395640928,0.23821146831186518
0.29738182285677767,0.24281406289109042,0.23632034812995173,0.22348376612218018
0.29597239420981947,0.2423374595421922,0.2364087931762458,0.2252813530717425
0.29636735885697507,0.2431772906646633,0.23649388742708902,0.22396146305127265
0.2961394127711324,0.24224855548038757,0.23664946119764046,0.22496257055083957
0.2947904235515856,0.2377668815802291,0.23682327092552918,0.2306194239426562
0.2935795960807975,0.2373501726600565,0.23548457469143202,0.23358565656771396
0.2949744262000022,0.23777612885529523,0.23622557189639398,0.23102387304830874
0.2947029518695189,0.2399114967691532,0.23554981323585913,0.2298357381254687
0.2958498657098981,0.23941141605171676,0.23677735916521622,0.22796135907316892
0.2928186934545968,0.23353805683502868,0.23616955867562703,0.23747369103474752
0.2881476883770739,0.22171522889587367,0.23493948470795428,0.25519759801909814
0.2890796090547265,0.231086376798643,0.23110909614631986,0.2487249180003107
0.29921899519840117,0.24508580355090603,0.23591977666906852,0.21977542458162427
0.29729560576267816,0.24576919550553866,0.2366745096586253,0.22026068907315788
0.2968994097154344,0.24391641001469364,0.23711532840459504,0.22206885186527694
0.29528826001666997,0.24057006046505078,0.23662552934651368,0.22751615017176563
0.2927785615907249,0.23130621936388626,0.23692234501944706,0.23899287402594185
0.2899619138242875,0.23081317668973314,0.23363990666339124,0.245585002822588
0.29491966735291647,0.23682822024165973,0.23528041125971377,0.23297170114571006
0.2945805620454996,0.2369935111641802,0.23607106223150862,0.2323548645588117
0.29251710847600876,0.23161018111771633,0.23613143546082388,0.23974127494545108
0.2918531684753438,0.234090195222673,0.23416102874298927,0.23989560755899397
0.29391601894393116,0.23199859537858594,0.23646480196150282,0.23762058371598002
0.2917539602143646,0.23515749339315298,0.2339021291873719,0.23918641720511052
0.2978007682734578,0.24559330315935868,0.2356735578321473,0.2209323707350363
0.29815674954679433,0.2473588843159739,0.23688655515622783,0.21759781098100384
0.2966313529575772,0.24298175734635413,0.2373278446053077,0.22305904509076108
0.2938514136629485,0.23609043774658642,0.23673852636486262,0.23331962222560246
0.29030259496705946,0.22726749632289311,0.2355366853365629,0.24689322337348465
0.29075973981856285,0.23250366468333067,0.23300423097041842,0.24373236452768796
0.2967306656078502,0.24013397651613996,0.23591578879598005,0.22721956908002974
0.29526788672256055,0.23970739301969796,0.23631202370315382,0.22871269655458765
0.2939605527900367,0.23508973695948218,0.23664296351087963,0.23430674673960133
0.29316766125535537,0.23753695600925606,0.23474950570251,0.23454587703287863
0.29387926228931005,0.2307726375344859,0.23735253370188697,0.23799556647431713
0.29094419384463416,0.2363721794807281,0.23289672453275823,0.2397869021418796
0.29952389374065086,0.24787789100531393,0.2363391006895327,0.21625911456450245
0.2962109982219883,0.24012261294926227,0.23776285573043673,0.22590353309831282
0.2914116892097518,0.23099402498373062,0.2360402605981814,0.24155402520833627
0.2901451397088857,0.22858858293012072,0.2342234233859083,0.2470428539750853
0.2881861496716931,0.22072069460339133,0.234212350661031,0.25688080506388455
0.288724305373077,0.22929696195830593,0.23105838115815502,0.25092035151046205
0.2969676404958493,0.23698766769907065,0.23627652904730975,0.22976816275777034
0.29139942758533116,0.2301268828503815,0.23570064361806625,0.24277304594622104
0.29026480027614054,0.2285806623071744,0.23420127559148204,0.2469532618252029
0.29276108336791684,0.23371340492117884,0.2342395757856419,0.23928593592526234
0.29218056892441935,0.22743980486981552,0.2363928312605915,0.24398679494517367
0.2902332943610392,0.23373253364909533,0.23247439711893095,0.2435597748709344
0.29799494384300856,0.24159771387576942,0.23656897006646124,0.22383837221476072
0.29436004154227347,0.23803687983153363,0.2363079669637472,0.23129511166244582
0.2937357874649409,0.23522946858737526,0.2362306205002157,0.2348041234474681
0.29354935003752,0.2373877211517802,0.23504153621382978,0.23402139259687024
0.29383557951590183,0.2319449011508133,0.2369889397120642,0.23723057962122063
0.2907930812580544,0.23353062139130396,0.2336570662597657,0.24201923109087592
0.29536125327918356,0.23555627420326167,0.2364136055319864,0.23266886698556846
0.29140708816742317,0.23117655820747954,0.23520128733795873,0.2422150662871386
0.2923897292050886,0.23282926562677686,0.23475611599596946,0.24002488917216508
0.29301760593253906,0.23252634492984778,0.23550074391628667,0.2389553052213264
0.28759220077604336,0.2197613916178771,0.23480674581552974,0.25783966179054973
0.2882836642319182,0.2303610282683998,0.23035654370697597,0.2509987637927061
0.298750008862664,0.24027900472424266,0.23674169336264583,0.22422929305044748
0.2936024283123571,0.23740557273738133,0.23579125150828936,0.2332007474419722
0.29509858990046794,0.23875979167643632,0.23614632148356252,0.22999529693953305
0.2942779626008106,0.23704716146490434,0.23613713503427464,0.23253774090001056
0.292772307278552,0.23253982914130167,0.23606343187747494,0.23862443170267125
0.2921205241636601,0.23397099296585877,0.23451865481818665,0.23938982805229458
0.2963527267170702,0.24319883701520992,0.23516664332764525,0.2252817929400745
0.29663607162065564,0.23899343225150485,0.23785750599453445,0.22651299013330498
0.290000832435028,0.2285170646727794,0.23544400279399627,0.24603810009819635
0.2894576792203104,0.22681447575884042,0.23372024032197455,0.25000760469887456
0.28960692594732923,0.2245976732591978,0.23393324412259509,0.2518621566708778
0.2930972848104961,0.2384036697383411,0.2326016928962161,0.23589735255494673
0.2997175999441326,0.24591964937405153,0.2373460070529172,0.21701674362889867
0.2957658060077079,0.24429953955259975,0.23613225997834114,0.22380239446135128
0.2973107568192223,0.243769782377364,0.23726571992751608,0.2216537408758976
0.2941107540486084,0.23699775468726084,0.23671498237560448,0.2321765088885262
0.29337754767604646,0.2364277489797432,0.2354946855122524,0.23470001783195804
0.2958153977585581,0.24241865074741561,0.23541901778950036,0.2263469337045259
0.29675495901079146,0.24102009175310954,0.23728346415335422,0.22494148508274484
0.29237095301220484,0.2326492996459448,0.2363252900211899,0.23865445732066043
0.2920304980664382,0.23399095420774835,0.23449934972012643,0.23947919800568698
0.29508836894711304,0.2377712286920752,0.2357274543952099,0.2314129479656019
0.2928646703218024,0.23141633281768514,0.23650558833489593,0.23921340852561648
0.2927165306611833,0.2386513557935887,0.23361099873821842,0.2350211148070096
0.2992693383142345,0.24797958316775454,0.23651420367094558,0.2162368748470654
0.29764059174295493,0.24747326100747352,0.2367699217176111,0.21811622553196033
0.2968910157859014,0.24286909285217886,0.23758764068589308,0.2226522506760267
0.29377303882948536,0.237167053545648,0.23636266110553114,0.23269724651933554
0.29373316805814137,0.23626188918721427,0.2357850584182173,0.23421988433642704
0.29440884655109717,0.2380362321897025,0.2355995162305734,0.23195540502862688
0.29516127143850707,0.23872626960303814,0.2362063006510588,0.22990615830739608
0.29376800931282454,0.23521073380315774,0.23629385391435181,0.2347274029696659
0.2935282871481086,0.23740401420198531,0.235044911420667,0.2340227872292391
0.29511905451975734,0.23667877092449702,0.236613837928301,0.23158833662744463
0.28897390738983375,0.22348392237111456,0.23559578813845855,0.25194638210059306
0.2917060842825552,0.23953522747118808,0.23130903767786049,0.23744965056839637
0.3029146214930739,0.2571390976613554,0.2364669620801338,0.20347931876543682
0.2975964435748727,0.2422692631200166,0.2389887216410286,0.22114557166408194
0.2932722635493323,0.24038971985547514,0.23525732311825928,0.23108069347693339
0.2975879229436048,0.24466156063968328,0.2365943795784106,0.22115613683830126
0.2935081987821131,0.2318905190407565,0.2377564258293962,0.23684485634773428
0.2900020026564141,0.23282855055905577,0.2333474537360332,0.243821993048497
0.2959461083911104,0.2373638724271289,0.23616802664815803,0.23052199253360267
0.29136550181540544,0.22896829742735045,0.23600265182697472,0.24366354893026937
0.2838570282189215,0.2150162722373523,0.23248951241340032,0.2686371871303257
0.2731617852268433,0.20222180498537654,0.22305652156329106,0.3015598882244891
0.2651827651947338,0.19241770676961362,0.21285749789443809,0.3295420301412146
0.2779841621918753,0.20284577973695295,0.21776060828782678,0.3014094497833451
0.2934147468415939,0.22207965231190907,0.2305887437944561,0.2539168570520409
0.28866608968703794,0.21877980476217684,0.23412674691823565,0.2584273586325496
0.28156166858922643,0.21469276548656047,0.2287259418266529,0.27501962409756026
0.28749368631358546,0.21923337912863117,0.23055178536230003,0.26272114919548334
0.285926129376888,0.2155308158621392,0.23172574767015927,0.2668173070908135
0.2873649066597314,0.22482423802008555,0.2298864329051828,0.25792442241500013
0.29399171175569333,0.2278121101364167,0.23574396630134425,0.24245221180654564
0.2868603739252625,0.22292938603714818,0.2327449909351817,0.2574652491024076
0.28979026065670327,0.22566273531340963,0.23298641196152506,0.2515605920683621
0.28876270997040127,0.22175379100111756,0.23380730794570243,0.25567619108277867
0.2840901207265561,0.21653535716845326,0.23078964417685524,0.2685848779281355
0.28982503028534723,0.22773747044226525,0.2309579391646237,0.25147956010776384
0.2958227855226829,0.23449379958003524,0.2359407767584131,0.23374263813886875
0.2924073405040481,0.23393827395714056,0.23508230099582872,0.23857208454298245
0.29488387600289795,0.2388800120770039,0.23537123489700537,0.23086487702309275
0.29425584028233753,0.2338975835986944,0.2369780388156139,0.23486853730335408
0.28982676019374315,0.2287516726783894,0.23448721452158888,0.24693435260627858
0.2939057596260342,0.2381982898990229,0.2339348979152084,0.23396105255973443
0.2959275491575927,0.23520476666582185,0.23766944587532504,0.23119823830126046
0.289345819401845,0.22899617679088521,0.23429386484252773,0.24736413896474202
0.29122480997463684,0.22804718368130134,0.23469883733806382,0.246029169005998
0.2909736308165637,0.23042697647058125,0.23376879958094307,0.24483059313191194
0.2921937222725498,0.22866110793874736,0.23549157054994252,0.2436535992387604
0.29258209371776334,0.23773826277793236,0.23324302382878717,0.23643661967551724
0.2998470182735017,0.2506328164624639,0.23605319922329032,0.21346696604074417
0.29810155063678545,0.24532282335007324,0.23795832493286495,0.21861730108027627
0.29338054986342704,0.2352099632177783,0.23696949975752113,0.2344399871612736
0.2906184678553417,0.22933179154268726,0.23512328140574415,0.24492645919622688
0.29013973075460026,0.22755158043920767,0.23412372761223957,0.24818496119395256
0.2917094078905931,0.2311100610952743,0.23398878332251377,0.24319174769161897
0.2940747549322403,0.23521760624243207,0.23523523463201768,0.23547240419330995
0.2943665288189828,0.23710445633438354,0.23567024731449238,0.2328587675321413
0.2934362290835578,0.23329350551862543,0.2363325038934659,0.23693776150435097
0.28930527414236357,0.2257197136944643,0.2347448962159551,0.25023011594721706
0.28582486207778646,0.21877233115792868,0.23240003252911293,0.263002774235172
0.2913279848706459,0.23402020004404017,0.2311447201546133,0.2435070949307007
0.30119590217382863,0.25300327736577216,0.23566545535383818,0.2101353651065609
0.2979049909083311,0.2412538143042051,0.23921151726201445,0.22162967752544935
0.28960514962900025,0.229740404396101,0.2352399096024438,0.24541453637245492
0.2903395701264164,0.2273762055131471,0.23441041412261215,0.24787381023782434
0.28947596939482473,0.2257923162475022,0.23368711997101957,0.25104459438665366
0.2927083165300429,0.23474855584896523,0.23343508532215737,0.23910804229883442
0.2951561847156678,0.23355646851520054,0.23703900406783965,0.234248342701292
0.2892461970972183,0.22802200846533188,0.2342002284882921,0.2485315659491577
0.28932499559365393,0.22352865482525333,0.23427701336290546,0.2528693362181874
0.2881749432974149,0.2254655530397416,0.23211329182643115,0.25424621183641244
0.29027556498455054,0.2230931190201089,0.2344734265324298,0.2521578894629108
0.29062837160798816,0.2335535909972331,0.23190561977312388,0.24391241762165494
0.298979857219447,0.2442359716887197,0.23649883306804143,0.22028533802379197
0.29411106652652097,0.23495631041013784,0.23729831836610607,0.2336343046972352
0.2896401994513883,0.22770357870428917,0.2348520663697483,0.24780415547457424
0.2903050270470525,0.2285634006419334,0.2336775139280552,0.24745405838295895
0.29175069178197366,0.22894638925029842,0.23472832455815013,0.24457459440957763
0.29090993600899384,0.2294101978962046,0.23417479469435049,0.24550507140045102
0.2912699256119252,0.2280929996107496,0.23481076933854655,0.24582630543877876
0.289343194031147,0.22587942398397487,0.2337721955855142,0.251005186399364
0.2893475400243086,0.2247857837016223,0.2335567412162341,0.2523099350578349
0.2898579878930863,0.22676216078618758,0.23322465101469197,0.2501552003060341
0.2889189013704664,0.2215811485935937,0.23419760390898484,0.25530234612695507
0.289604550608191,0.23096571782110123,0.23147812247628702,0.24795160909442074
0.29869203404175804,0.244326372942061,0.23580162928038745,0.22117996373579343
0.2955244202813708,0.23745543003088515,0.2376369572128412,0.22938319247490288
0.2906922571929847,0.2303728851069395,0.23530036255848188,0.24363449514159374
0.29154789719825536,0.23110559738003097,0.23443519175553823,0.24291131366617544
0.291416395485364,0.22795533999171294,0.23523330366951234,0.24539496085341064
0.29024168424933006,0.22972370680089538,0.23346516873829343,0.2465694402114811
0.29229680918330214,0.22860382013573546,0.23542253493310172,0.24367683574786073
0.2874533858937629,0.22245428917199642,0.23335579984896845,0.2567365250852722
0.28764524210785,0.22242615058077445,0.2321526368073986,0.25777597050397705
0.28816783809286084,0.22103300336108064,0.2328006060832675,0.2579985524627909
0.2832450824814187,0.21344512237985327,0.23059960514518885,0.2727101899935391
0.28847778018159936,0.22719172674288202,0.22944532392473443,0.25488516915078424
0.2994015632138419,0.2440917399442424,0.2356077249626224,0.22089897187929333
0.2951163822411339,0.23557518648736864,0.23786286354494246,0.23144556772655506
0.29125789525708357,0.2343266110998138,0.23444269082461142,0.2399728028184912
0.2953382985070551,0.2376284715856335,0.23599248630224032,0.23104074360507115
0.29165655971070287,0.22875981256758784,0.23630459135992402,0.24327903636178538
0.29021535286392963,0.23175251898846358,0.2331573279857975,0.2448748001618092
0.29309110177924236,0.2280313069367889,0.2364756394629155,0.24240195182105329
0.28517638053674355,0.22038699959612307,0.23209754386126374,0.2623390760058696
0.28767696701021284,0.22127207205931454,0.23186605271678537,0.2591849082136873
0.2895006134723743,0.2248509670519863,0.232617745849296,0.2530306736263435
0.28684196349787844,0.21701262145250347,0.23337051476991413,0.26277490027970396
0.2865372245216113,0.22516040710087334,0.2296546973898741,0.2586476709876413
0.2974510313342736,0.23882339268902947,0.23521770550990737,0.22850787046678966
0.2948298669334736,0.23693223459122123,0.23658967437898507,0.23164822409632005
0.2941247505424417,0.23917223254246178,0.23531226602382474,0.23139075089127173
0.29712604378606244,0.24486145129970685,0.23605590486052866,0.221956600053702
0.294672730757172,0.23344194261364204,0.23822849230546458,0.23365683432372136
0.2866234712180526,0.22385921505394965,0.23334859110384817,0.2561687226241496
0.28775102787014256,0.2210994052897689,0.2327760001824291,0.2583735666576594
0.28599619612006566,0.21891113806300888,0.23143802143282738,0.2636546443840981
0.2884143850514693,0.22322727497008232,0.23165452706718093,0.2567038129112674
0.29133054244006756,0.2271523001720258,0.2337953484509678,0.2477218089369387
0.2884933090631571,0.2219035268645427,0.23395674934397495,0.2556464147283252
0.29024077536954684,0.23169682712765488,0.23177933922950822,0.24628305827329003
0.2985862116486512,0.24437818598891473,0.23586404587438098,0.2211715564880531
0.2965740673013304,0.24212723053633012,0.2370988067194274,0.224199895442912
0.2923268874696226,0.23041645495731725,0.2370973631354666,0.24015929443759348
0.28840014936828895,0.22734877651415206,0.23324846447230516,0.2510026096452539
0.2924918966483839,0.23067733783909994,0.23451709286599273,0.24231367264652354
0.2934154962887401,0.23552172256954956,0.2346518551634488,0.23641092597826172
0.29160997998103433,0.22536204596239243,0.23686131721178313,0.24616665684479005
