0.29209732654837167,0.23165737042019835,0.22907085246190603,0.2471744505695239
0.29506673215974316,0.23182458793889354,0.22770554567876242,0.24540313422260082
0.2954424951056078,0.23190365969155577,0.2275020243613948,0.24515182084144166
0.2954059716466323,0.2320482844610826,0.22745038939170745,0.2450953545005777
0.2914070796833076,0.22995013104976667,0.23091253810200735,0.24773025116491842
0.294178407572494,0.23106094232924917,0.22853918517907587,0.246221464919181
0.300375000075193,0.23409991202537417,0.2234434897464326,0.24208159815300023
0.2916908403260759,0.2302046219438456,0.2308111616134411,0.24729337611663743
0.2965948899743959,0.2329496259197538,0.22609866581881705,0.2443568182870332
0.29373813155597944,0.23139407074934484,0.22884182131614975,0.24602597637852594
0.28757956433253723,0.2277821399448076,0.2342318772474889,0.2504064184751663
0.3043089744884526,0.23587355217898426,0.2199921260652693,0.23982534726729385
0.29368751420965905,0.23110965501991274,0.22932790384443244,0.24587492692599583
0.2947738532296423,0.23238997773956022,0.22751226582980433,0.24532390320099318
0.29395230987558646,0.23181417218685096,0.2284111412837008,0.24582237665386175
0.2956104802428006,0.23262186280088248,0.2269586418486229,0.2448090151076939
0.2882546363028398,0.22843089932898414,0.23359770418441717,0.24971676018375888
0.3001783891822195,0.23419756345630283,0.223262358066164,0.24236168929531354
0.29413139776849473,0.23121893732315635,0.22885683873132165,0.2457928261770272
0.293113851776233,0.2310277940397465,0.22925726933963117,0.24660108484438933
0.2908235623062359,0.22937787364132184,0.23147090462165296,0.2483276594307894
0.2974442344181194,0.23238910268265225,0.22593336143940604,0.2442333014598223
0.28866284300065503,0.22753148976387497,0.23388939588701813,0.24991627134845196
0.3065789645111952,0.23662678926997618,0.21832609848479906,0.23846814773402947
0.29103351217304435,0.2296518021784112,0.23176050339854506,0.24755418224999934
0.2966289194533252,0.2332174527507537,0.22587067898306173,0.2442829488128593
0.29456593856352764,0.23204722949259826,0.22801170526991174,0.24537512667396236
0.2931361200659784,0.23137495383711462,0.22909328741186732,0.24639563868503966
0.2892694832464249,0.22881499418582946,0.23268287427907736,0.2492326482886683
0.30332934772079595,0.235606384484252,0.2207429759879182,0.24032129180703385
0.29220804147507184,0.23051263389163976,0.2304785901193521,0.2468007345139364
0.29252719041164826,0.23099365754953213,0.2295276333895981,0.24695151864922146
0.29575197227295225,0.23221539344329484,0.22706884933142318,0.24496378495232976
0.30263633490375347,0.23594042125220735,0.2211338078333604,0.24028943601067881
0.28293343211602806,0.22610024131633874,0.238334449915592,0.25263187665204107
0.30476983004844466,0.23714468059167415,0.21875623111745976,0.23932925824242138
0.2921557115246198,0.23096337847160006,0.23036159251356583,0.24651931749021436
0.2957592481972396,0.23343512757459153,0.22629520098321076,0.24451042324495806
0.29469614009518635,0.2327650112983602,0.22750124304596153,0.2450376055604919
0.2939757280404055,0.23243261498993129,0.22803643064723023,0.2455552263224329
0.2916691111013884,0.2309274678330127,0.23018942962611302,0.24721399143948597
0.2974688645017681,0.23360023649878614,0.22526294735072813,0.24366795164871755
0.29286993686406854,0.23122791907889081,0.2294707863208476,0.246431357736193
0.29811702705282156,0.23409055160092107,0.22463950656844825,0.24315291477780906
0.2912351915231,0.2306294835958727,0.23078171009468695,0.2473536147863403
0.29267990404837685,0.2311181651434353,0.22935875683452386,0.24684317397366398
0.2868779110608788,0.22705244604820524,0.23500159932677145,0.25106804356414447
0.31088054213844785,0.23865922187059316,0.21472423319746525,0.2357360027934938
0.29219257176284097,0.2308775596516616,0.2305729206477857,0.24635694793771165
0.29573181004184607,0.2338414985447806,0.2260611645000426,0.2443655269133308
0.2923500856700509,0.23181055334424955,0.2294065123749043,0.24643284861079523
0.2942243890276894,0.23251219019543337,0.22775542068053234,0.24550800009634483
0.28766274149210125,0.22832368472362985,0.2339616263366841,0.2500519474475849
0.30106772932267983,0.23470312658221762,0.22245806502935989,0.2417710790657427
0.2948540185367758,0.23176095488442677,0.22817394390103335,0.2452110826777641
0.29386674618724956,0.2317944736232894,0.22842694076493858,0.24591183942452255
0.29081834858563355,0.22986783339846764,0.23124950526614968,0.24806431274974922
0.3007460664318773,0.2346903764034462,0.22275945591347027,0.24180410125120633
0.2877171982696655,0.22800595966148735,0.23436871266469358,0.24990812940415352
0.3034519687654005,0.2361504123967846,0.22025374753943266,0.2401438712983823
0.29622906526264253,0.2331784781625177,0.22667042558879505,0.24392203098604473
0.29377099078459207,0.23287176803063347,0.2279348331512876,0.24542240803348683
0.291739813404412,0.23157914611156305,0.22979015577511422,0.24689088470891077
0.2919053691800791,0.23099725534386734,0.2299243566291674,0.2471730188468862
0.29019941866262233,0.22924793374058033,0.23186516150531128,0.24868748609148608
0.3040462482546888,0.23591367022208368,0.22020187399035185,0.2398382075328756
0.2929315403870214,0.23108750072278425,0.2297619729204549,0.24621898596973935
0.2948779242890929,0.23268467969202106,0.22726298519425367,0.24517441082463237
0.290771868520657,0.23014730708160075,0.23118542078080828,0.24789540361693396
0.3007599091558267,0.23507267475408353,0.2225176913478082,0.2416497247422816
0.2838354069040261,0.2259857093074913,0.2377624257504595,0.2524164580380231
0.3095269152501685,0.23892715620365862,0.21512527740930673,0.23642065113686608
0.29162446277301773,0.2310181375457367,0.2308132201313083,0.24654417954993724
0.2894877053995135,0.23040872794974013,0.23158745010749637,0.24851611654324995
0.29212094189096166,0.2306782906284495,0.22989342056972947,0.24730734691085948
0.29576461733586823,0.2318885015779102,0.22723086341741056,0.24511601766881108
0.28727151471696244,0.22696633557425086,0.23492869659611337,0.25083345311267335
0.30918844091635106,0.237827445778999,0.2161501024880582,0.23683401081659167
0.2883920734152088,0.22833404683055838,0.23414296451334055,0.24913091524089237
0.2928578813160596,0.23106071638479753,0.2291099614412459,0.24697144085789693
0.2957105430923646,0.23180240699755356,0.22735712586170384,0.24512992404837797
0.2985847914353419,0.2334146686974439,0.22488392502829826,0.24311661483891592
0.2855142043990058,0.22661689914008443,0.236287978633789,0.2515809178271207
0.3085603587799911,0.23815558418752705,0.2162006393001712,0.23708341773231065
0.2893228154336405,0.2293055923723275,0.2330645213056693,0.2483070708883626
0.2952235670455367,0.23291709274007327,0.2267673253143392,0.24509201490005092
0.2923421305922498,0.2308425136041849,0.22992319800038202,0.2468921578031833
0.29897405984087677,0.23420440803005357,0.2240775448261468,0.24274398730292282
0.2863589557467133,0.22746219870969162,0.23539207218807362,0.2507867733555215
0.30360957473612615,0.23613300129620965,0.22014065982126413,0.24011676414640004
0.28904138241120453,0.22881596059358308,0.2332955884118526,0.24884706858335975
0.29522332138115204,0.23217234722043872,0.2271902775808805,0.24541405381752868
0.29628112804390244,0.23234036044318984,0.22681506812049182,0.2445634433924159
0.29290796136351044,0.2307706100592736,0.22962476934174908,0.24669665923546688
0.2852096912566974,0.2260477732649796,0.2364882097707036,0.2522543257076194
0.313496237311251,0.23967067584768764,0.21265561328439014,0.23417747355667135
0.2863846248554246,0.22748312167020185,0.23598028273448554,0.2501519707398881
0.2978886023309661,0.23422161559014337,0.2243717821696144,0.2435179999092761
0.29368478676886195,0.23164456963919258,0.228823485956539,0.24584715763540635
0.29401991228545854,0.23194003812819555,0.22822508466396024,0.24581496492238564
0.2916088446611608,0.23031861542564447,0.23055533751759802,0.24751720239559663
0.29904810665024945,0.23391281454623347,0.2241878791460251,0.24285119965749197
0.2990749546145082,0.23442007209840793,0.22415014059700072,0.2423548326900831
0.286406127700779,0.22827953211867463,0.23492666445821594,0.25038767572233045
0.29314156855284584,0.23112193352669552,0.22888310920441485,0.24685338871604381
0.29566101600737527,0.2315835475939971,0.22751998763021838,0.2452354487684091
0.29207983649179603,0.22962283185325208,0.23070163603186364,0.24759569562308822
0.30946366971059097,0.238511499365297,0.2156956207878252,0.23632921013628683
0.28688631050688196,0.22862864109582995,0.2349074592533426,0.24957758914394546
0.29949263066529624,0.23564708965808023,0.22268135979781942,0.2421789198788041
0.2904030022570232,0.23063426420079577,0.23137275444558167,0.2475899790965994
0.29279396934084395,0.23161840063537203,0.22897742316810987,0.24661020685567422
0.2965750757143914,0.2330214509773792,0.22616506069320877,0.24423841261502055
0.2985438297343622,0.2342832841805729,0.2244386331644433,0.2427342529206215
0.28960903522001397,0.2300515794304643,0.2320572948278982,0.24828209052162348
0.29206028358148534,0.23085095274373413,0.2297978314172856,0.24729093225749502
0.2990402503211891,0.2338632564762617,0.22426296367089274,0.24283352953165643
0.294262442879626,0.23174930397169569,0.22842477928995888,0.24556347385871943
0.2891611028656825,0.2290669162587734,0.23264304452624668,0.24912893634929748
0.30658520354951324,0.23763536781835345,0.21771852005658462,0.2380609085755486
0.2919211924841096,0.2313734278997641,0.23030711335893123,0.24639826625719502
0.29580155389582974,0.23409086347296434,0.22589048782987103,0.24421709480133486
0.28999030299942397,0.23060865406345896,0.23145913647475067,0.24794190646236644
0.2944554363787539,0.23239339350812283,0.22759168583008135,0.24555948428304197
0.29479538472399885,0.23211308483289642,0.22775793207543518,0.24533359836766946
0.29631767067827974,0.2329690568892399,0.22638889269784812,0.24432437973463222
0.29377525590802966,0.23182505897952854,0.22855614459205578,0.24584354052038607
0.29243341674596024,0.2310098363977129,0.22967586579903898,0.24688088105728787
0.2989850328307516,0.23419584273893118,0.2240927554970987,0.2427263689332184
0.2903191376131846,0.22984769171530184,0.23177379520149155,0.248059375470022
0.28711286240260453,0.22752176816828368,0.23447834280252125,0.2508870266265905
0.31728666708972014,0.2417736113123645,0.2093133012366673,0.2316264203612481
0.28838577722481595,0.23023709694511502,0.23344833380561691,0.2479287920244521
0.2859692446089337,0.22925011919387933,0.2341516341846135,0.25062900201257365
0.3021810129533209,0.23628564556984658,0.22088450684446487,0.2406488346323677
0.2924304772555281,0.23148714317250446,0.22979332940372763,0.24628905016823988
0.28547095028927155,0.2274835601537696,0.2355857770005901,0.2514597125563688
0.30457757121670076,0.236485186370488,0.21940867133209782,0.2395285710807134
0.2905177551707027,0.22963823723269786,0.23201543261266466,0.24782857498393476
0.2902733990321204,0.22959608525576639,0.23151239768933127,0.24861811802278191
0.28699781509922917,0.22660846427340817,0.2350375394053177,0.2513561812220449
0.29015500085096696,0.22721744839887428,0.23268348820596865,0.24994406254419005
0.29033231396596376,0.2263948884045184,0.23313204795574566,0.2501407496737722
0.3094583643742014,0.23555715098939653,0.21761999536145576,0.23736448927494627
0.2976641182196647,0.23108736315986672,0.22720791420733893,0.24404060441312955
0.28531397879915305,0.22574937346906457,0.2367100091738374,0.25222663855794497
0.29867572946561555,0.2322922548703708,0.2250759497465577,0.2439560659174559
0.2965233773776841,0.23091440594838197,0.227608893167442,0.24495332350649185
0.28857872876027535,0.22708888925845516,0.23407046693154054,0.2502619150497289
0.30821085964051026,0.23694035577271855,0.2172765682505851,0.23757221633618614
0.285228350835037,0.22592746887253431,0.2372382076909445,0.25160597260148426
0.29710079399555034,0.23242680376352523,0.22580960554922455,0.2446627966916999
0.29601326580884335,0.23137048930842566,0.22759838386700929,0.24501786101572165
0.2895759921093686,0.22817149788838445,0.23292198104970224,0.24933052895254476
0.2942026840264577,0.2302069973962783,0.22890607686854933,0.24668424170871464
0.30601861651023116,0.23596650626169186,0.2192499653431448,0.23876491188493215
0.2894516515360544,0.228778158295016,0.23311110721391928,0.24865908295501038
0.2975920220208318,0.23347016879658308,0.2251262350429013,0.24381157413968374
0.29685864544601026,0.233081849877365,0.22615217719466693,0.2439073274819579
0.28813443904529396,0.22867765518999095,0.2335764057137883,0.24961150005092683
0.29615820414454724,0.23236598686441876,0.2265534054990803,0.24492240349195368
0.30262516610978313,0.23551422563660143,0.22143642694570373,0.2404241813079116
0.28442001310844334,0.226657742669539,0.2371207056020525,0.25180153861996507
0.2981215004563409,0.23351996537892733,0.22461893882368583,0.24373959534104592
0.29194433737560843,0.22971095108976514,0.2308916570187209,0.24745305451590555
0.29893589249718766,0.23349344454250465,0.22447874428793266,0.24309191867237515
0.28942834441465487,0.22858300100681223,0.23296328734204427,0.2490253672364886
0.3073145961717213,0.23781887514108965,0.21719279468099667,0.23767373400619235
0.29420195599801097,0.23265510677995416,0.22827351487195705,0.24486942235007778
0.2892798055914807,0.23074595970291065,0.23166225590410403,0.24831197880150474
0.2913899723096128,0.23082981913584127,0.2302211182140568,0.24755909034048917
0.293470817805897,0.2309878013618672,0.22901793370178797,0.24652344713044777
0.29478313505074905,0.23126930759845749,0.2281760786358119,0.24577147871498145
0.2978649933818152,0.23289987055113637,0.2255522125681326,0.2436829234989157
0.2951483983587903,0.23194761442638806,0.22774671832965038,0.24515726888517123
0.2954523768430018,0.23247303686313117,0.22716441732943837,0.2449101689644286
0.2906575972792871,0.2298722682185556,0.23140432415010007,0.2480658103520573
0.2918607176968701,0.22995355165505046,0.230445001090114,0.24774072955796544
0.2916345400355686,0.22907807920708217,0.23110694564441567,0.24818043511293353
0.3119676112959913,0.23902514768573188,0.21404699836544214,0.23496024265283466
0.2944161153718863,0.23274848355210265,0.22823143771340906,0.24460396336260207
0.28306417818572926,0.22725744978717777,0.2372550082867751,0.2524233637403178
0.295955254472771,0.23272016277243307,0.22628453331297216,0.2450400494418238
0.2929786297210481,0.2302486702279321,0.22991597795556185,0.24685672209545795
0.2947692496556039,0.2311382940669505,0.22820840414626994,0.2458840521311756
0.3027300008987805,0.2353050782535362,0.22143794145044526,0.24052697939723805
0.28593071978561163,0.2272031452601959,0.2359266116872201,0.2509395232669724
0.2971411746134197,0.23289066408202444,0.2255846221590487,0.2443835391455071
0.28959264767126675,0.2282355716970738,0.23299996320259214,0.24917181742906733
0.3007714112294468,0.23392944057472298,0.22312848638523566,0.2421706618105946
0.28755797490247986,0.227024975234182,0.2349593548142778,0.25045769504906024
0.30992784807553486,0.23852250753190646,0.21529166127698646,0.23625798311557206
0.289953525208143,0.22981815770409408,0.23245467171353823,0.24777364537422472
0.2896056803666345,0.22998606838024416,0.2316627689201093,0.24874548233301202
0.2936577226392064,0.23101655294184573,0.2288292678705753,0.24649645654837257
0.2971903211091644,0.23241183351388586,0.22618493843226828,0.24421290694468145
0.2927695202076612,0.2302751594987294,0.230015236092403,0.24694008420120633
0.2964429483310176,0.23225149199561218,0.2266320400346979,0.24467351963867237
0.29206256988528956,0.22990587678170027,0.23060510616048513,0.24742644717252513
0.2948790378752419,0.23125037690064928,0.22805222269696304,0.2458183625271458
0.2937841986109353,0.23045680594575438,0.22924821195558448,0.2465107834877259
0.2971136426768801,0.23220820120361516,0.22632365054727752,0.24435450557222713
0.28791075226994056,0.22727896041259132,0.2344408095201384,0.2503694777973297
0.30911132459242385,0.23791923471099716,0.2161435801418169,0.23682586055476215
0.29317937147289813,0.2313406052700526,0.22967051708789699,0.2458095061691523
0.288513306037144,0.22953043920762095,0.23270120046501475,0.2492550542902203
0.29458281396347163,0.23179448050844761,0.22781144754306937,0.24581125798501138
0.2963265279947871,0.23222744951566884,0.22682196560823328,0.24462405688131086
0.2904707028010143,0.22917526084102524,0.23190822289948582,0.24844581345847458
0.29992622136587804,0.2339285248959069,0.22363787317963676,0.24250738055857834
0.2893217377214025,0.22846296990946596,0.23313403402895208,0.2490812583401794
0.2935024500040909,0.23048239762186642,0.22912758902359695,0.2468875633504457
0.29633459398904505,0.2314439321425419,0.22721304325275501,0.24500843061565808
0.29193718807624186,0.2291733206661873,0.2310463543671869,0.24784313689038398
0.2898680983783931,0.2277725460295014,0.23278071499615896,0.24957864059594648
0.3121716515850892,0.23857301203705167,0.21420737861851943,0.23504795775933973
0.29278978214854523,0.23096125287859381,0.23019838403562748,0.24605058093723356
0.2869623673161796,0.2286115349115336,0.23408216143261756,0.25034393633966934
0.30120129429962633,0.2351605133992911,0.22210790936143845,0.24153028293964418
0.29247458415118094,0.23077585936037448,0.23011112757030916,0.24663842891813545
0.28851335953395946,0.22860656554348588,0.2331744104785175,0.24970566444403725
0.3034274616917792,0.23569928404682183,0.22061571761416238,0.24025753664723667
0.2842500351472526,0.22574286043506872,0.23773890732902606,0.25226819708865256
0.2963994019069669,0.23192461797453331,0.22646377583743288,0.24521220428106702
0.29522729277531745,0.23064810598775798,0.22841889039161117,0.2457057108453133
0.29690252615241847,0.23184930789934288,0.22668432771750788,0.24456383823073077
0.285473232324709,0.22567347882498692,0.23668726311427787,0.2521660257360262
0.3101773291430167,0.23793876814189457,0.21550913100690489,0.23637477170818383
0.2930239711117612,0.23059344976257887,0.23021704142338012,0.24616553770227978
0.2924219609804922,0.23128772531387531,0.2294318337087701,0.2468584799968624
0.29901675336434286,0.23439441553689933,0.22397250872622929,0.24261632237252848
0.29589827710322997,0.23326817231792846,0.22662769013945208,0.24420586043938952
0.2836134437744116,0.2264970675431312,0.23740021903314454,0.2524892696493126
0.2965931805130788,0.23236552312940612,0.2261271075442825,0.2449141888132325
0.2919986941938062,0.22915395218698786,0.23108825612442427,0.24775909749478162
0.2947602957246637,0.23053912165134258,0.2284951870944787,0.246205395529515
0.2985974709932914,0.23244045603001492,0.22541315387525532,0.2435489191014384
0.29416486078833004,0.23064079524215075,0.22905557898547538,0.24613876498404372
0.2897887962310634,0.2283970378168688,0.23260369679839352,0.24921046915367429
0.3081225903815373,0.23747168166514981,0.21702474228170304,0.2373809856716099
0.29327862287217127,0.23145970447844832,0.22950089382787933,0.2457607788215011
0.29246429654703165,0.23187938637853828,0.22911213747628115,0.24654417959814892
0.28707234985823626,0.22805679219835712,0.2343807119412108,0.2504901460021958
0.29950119677620324,0.23372654079141686,0.22388087088951095,0.24289139154286898
0.29417431419378876,0.23091616209042776,0.2289754098316116,0.24593411388417186
0.29872068925097617,0.23378489485217321,0.22450829314063575,0.2429861227562148
0.2824010427474684,0.22483786218354326,0.23909775793310706,0.25366333713588124
