0.3904213852987766,0.24957670725124348,0.18976992869785653,0.17023197875212345
0.3375155787226883,0.25686958942520544,0.21169263380091405,0.19392219805119218
0.3163534046686767,0.2502436900500428,0.22196493431368133,0.21143797096759911
0.3033749039442783,0.24940958867805427,0.2424347805324128,0.20478072684525458
0.33586199475357253,0.25009379943270116,0.23479398447210295,0.1792502213416233
0.2654663501158896,0.24270405534248113,0.26052128372027233,0.231308310821357
0.24943979615716197,0.22368301612331148,0.23640635968752716,0.2904708280319995
0.3934999345176807,0.24454093541531535,0.18078394031253978,0.18117518975446423
0.301840310374521,0.2597790445374401,0.23928044991181938,0.19910019517621952
0.3252845062167839,0.25175385116336246,0.25082989921332205,0.1721317434065315
0.33913107613898114,0.25073090123802727,0.24205964325218163,0.16807837937080994
0.16288528850633124,0.20639815991199226,0.2874150595534222,0.3433014920282542
0.3582852238764267,0.23332341603820847,0.19999241952268396,0.2083989405626809
0.3962487310886407,0.25709706924402376,0.18857438972010715,0.15807980994722845
0.37749983021890005,0.261022535512325,0.20731963057513836,0.15415800369363658
0.3567583771165206,0.2589884102945625,0.225478871311253,0.1587743412776639
0.4136355888588603,0.2514366723762523,0.1949995977122059,0.1399281410526814
0.259309093897422,0.23906133532214088,0.22127080569121854,0.2803587650892186
0.36927880657184436,0.24070682825047862,0.18183233337158697,0.20818203180609005
0.37097032788986184,0.258523520796373,0.19137270361113984,0.17913344770262526
0.29133590819274463,0.2550381424117166,0.2519826167855223,0.20164333261001638
0.1943412774700485,0.22055195460113058,0.3013767919868398,0.28372997594198107
0.24845567264246576,0.22360413106180047,0.2640119867534058,0.2639282095423279
0.11930884053176945,0.16824634500896107,0.2582077719268606,0.45423704253240876
0.3739440611863147,0.23226807595809462,0.17179212195400828,0.22199574090158253
0.3564322637125827,0.2612888618475471,0.1951372384093163,0.18714163603055387
0.35216280615367035,0.2590185721610048,0.22303459254861646,0.16578402913670837
0.3697781777820299,0.2565434496727844,0.22512461376321785,0.1485537587819678
0.3675869254494417,0.2550911203881829,0.2177366616205033,0.15958529254187206
0.18991268603775238,0.22807747962437738,0.29309725405877596,0.2889125802790943
0.3413465453108525,0.23738146332596535,0.23320387844709048,0.1880681129160918
0.36226970599181474,0.25622966165556704,0.22129794599575772,0.1602026863568605
0.2721162835588062,0.2509558067113751,0.2721574950586474,0.2047704146711715
0.25875159252590585,0.2400163195860034,0.29032728528256485,0.21090480260552594
0.4475379390436018,0.23941352913251626,0.19655373241864166,0.11649479940524031
0.21617721537466278,0.2495779667528971,0.3034894022083863,0.23075541566405378
0.4127062093608172,0.23751237486004126,0.20813222594056344,0.14164918983857808
0.4020855824325517,0.26162056777247955,0.2044361866772132,0.13185766311775565
0.4097565458459692,0.2598691730745114,0.20550260016128635,0.12487168091823309
0.40441770188211723,0.26193590364409236,0.21232306298410913,0.12132333148968134
0.3897294808129333,0.2607131149926136,0.2218569689856134,0.12770043520883967
0.34287534586635393,0.2580055024024498,0.23605661405223902,0.16306253767895734
0.43550697479769507,0.24640292747815587,0.18146476485779797,0.13662533286635123
0.3871555633895853,0.263981829865242,0.19035685043525283,0.15850575630991987
0.36248347654708524,0.26333526218392966,0.2318672800862909,0.1423139811826942
0.28794247458394867,0.25682995420337834,0.29920604917065735,0.15602152204201555
0.274817380363204,0.238923783274005,0.29964551951888263,0.18661331684390836
0.10935373054094756,0.16526517271087887,0.29426319891410896,0.43111789783406457
0.4183892042338215,0.22917793033188022,0.1679141887300034,0.184518676704295
0.45249740126669913,0.26096309963818537,0.16671406876314646,0.11982543033196894
0.4443685831372702,0.2628319443330686,0.18268691957454333,0.11011255295511785
0.3923080897111673,0.26707964586139066,0.21753196921281617,0.12308029521462588
0.41410986421814716,0.2561670195202734,0.20503186447081947,0.1246912517907601
0.23654418106808017,0.24218876610118634,0.258367051452491,0.26290000137824254
0.3432122052493676,0.24085700906611499,0.21677048726715253,0.19916029841736482
0.3744949196623053,0.2571527762025694,0.21016685713873304,0.1581854469963923
0.3132740843415855,0.25980369766426437,0.2600743924519533,0.16684782554219674
0.20078311215152078,0.23246699444114383,0.34706711170942567,0.21968278169790964
0.34734389185388403,0.23413995709606897,0.25452287181473154,0.1639932792353154
0.23138755572615596,0.23450655644705948,0.2732627671719665,0.260843120654818
0.4297379640692365,0.23777136823149103,0.17968913695591582,0.1528015307433566
0.47319777543342273,0.25679297481155106,0.16351382851941834,0.10649542123560793
0.42585211543850915,0.2673389706236127,0.19643776287245363,0.11037115106542443
0.36663471577053974,0.26616028293831256,0.23893920508842845,0.12826579620271922
0.33096256389591516,0.2533977763281089,0.24865057203169394,0.16698908774428203
0.1964041145469037,0.2210982724953226,0.2775880580560478,0.30490955490172583
0.38914171071705633,0.236881787566695,0.19537562402757583,0.1786008776886729
0.3955444662106474,0.262942612577755,0.19872886815846486,0.1427840530531326
0.33006881967606405,0.26341652440193986,0.2554970728837359,0.15101758303826013
0.2509396129711786,0.24433039555254557,0.310473369186321,0.1942566222899548
0.44609858757929777,0.23494355127278108,0.19259890666730914,0.1263589544806121
0.19119765831570043,0.2176128452426987,0.2256131247922339,0.36557637164936707
0.4707086468255623,0.2344872516989328,0.14730851453268803,0.1474955869428169
0.4765294688618316,0.262177532939482,0.15721484854176535,0.104078149656921
0.3266744316880461,0.2701982443570275,0.24316256446823323,0.15996475948669325
0.27037504587568273,0.24212404710232519,0.26982748558329867,0.21767342143869353
0.32245392033072906,0.2371017278142004,0.2200740418704818,0.22037030998458876
0.10292847134184938,0.15017555774018315,0.21216785013479902,0.5347281207831683
0.3853647671915366,0.2348831187589943,0.155165878000085,0.22458623604938413
0.33981245317086406,0.26569137428164863,0.20524706504620693,0.18924910750128046
0.23226944555726797,0.24303093691440303,0.2898449500429943,0.23485466748533468
0.24299292123068647,0.23025550474540318,0.28923838882057995,0.23751318520333037
0.3774776694393911,0.24047914375072305,0.2144268047022893,0.16761638210759658
0.15799760392283901,0.2078188831349697,0.27203961821212824,0.36214389473006303
0.42464579932152346,0.23447822365671608,0.17600349745499505,0.16487247956676546
0.38932084364483166,0.26669100360690173,0.19803860305782858,0.14594954969043797
0.370756131334016,0.25967755445659946,0.218276073484568,0.15129024072481648
0.3261752736416586,0.2556363914895014,0.2365051229899098,0.1816832118789303
0.4251085388798148,0.2487056276451756,0.1914911499569062,0.13469468351810335
0.2248509517751979,0.24050808262300621,0.26281600988231135,0.2718249557194845
0.43788408969195336,0.23608189179724548,0.17396490883337076,0.1520691096774303
0.3445885815954683,0.2632818566739395,0.19842498725493316,0.193704574475659
0.2575195483267332,0.24925344995234658,0.27583284340203856,0.21739415831888168
0.30669091295608786,0.24421192573609424,0.2657396216077481,0.18335753970006982
0.3052102370912699,0.2446491199652509,0.2560035953089412,0.19413704763453793
0.08014655773484908,0.13250160996461743,0.23404208183059008,0.5533097504699434
0.417036897773678,0.23267153496447757,0.14802269184649422,0.20226887541535007
0.344327476477856,0.2686951176804076,0.20613603845896902,0.18084136738276743
0.3528014431944527,0.25940726334943015,0.23268100914328413,0.15511028431283289
0.33598058666655223,0.25616652526087474,0.2537762450408632,0.1540766430317098
0.39042871324878053,0.24975001182984083,0.21172284598947566,0.148098428931903
0.3198031839189332,0.24952091305237703,0.21005389477976197,0.22062200824892783
0.3922202275343649,0.24973723875695797,0.18520192452797413,0.17284060918070304
0.45788318157688906,0.2571736081577957,0.17539823625219775,0.10954497401311739
0.24631821607643115,0.26247386888926366,0.314558821980459,0.17664909305384618
0.2038996895026089,0.22116114363190986,0.3451058256723164,0.22983334119316487
0.22623251753609558,0.21777872428015405,0.3037793195402497,0.2522094386435006
0.16857766722214138,0.19856272261728702,0.2785120681206582,0.35434754203991337
0.47074598578913285,0.23205776667748218,0.16136473487021247,0.13583151266317242
0.35685621043008686,0.2741944176683509,0.22344375209999381,0.1455056198015686
0.431365817737172,0.2536770166379351,0.20542572223148076,0.1095314433934123
0.40738836298441444,0.26189746316731716,0.20769322765833384,0.12302094618993452
0.3577111441999898,0.2598215652220233,0.21820532491141909,0.16426196566656784
0.35016185389725685,0.2568534728808432,0.22888824528625945,0.16409642793564033
0.4531154496937815,0.24922904378019084,0.18594848617229065,0.11170702035373697
0.36654638800825934,0.26844336456517914,0.22053966241014508,0.14447058501641635
0.22315211523901463,0.24541273209242614,0.3239749121965764,0.20746024047198286
0.28960883473405113,0.23683061973728595,0.29711870527397705,0.17644184025468596
0.34056974955050046,0.24498833818878557,0.2552908399042419,0.15915107235647205
0.22377459561145854,0.23259972754141145,0.2776608692235348,0.26596480762359526
0.4563671835623255,0.23652582849143935,0.17657774434908924,0.13052924359714593
0.4368275837255298,0.2648649651137473,0.18724059633923026,0.11106685482149259
0.45203274524694537,0.25975226983515887,0.1889006686611201,0.09931431625677564
0.3777632147754331,0.26665165051203715,0.22186870204934622,0.13371643266318353
0.35576254544798475,0.2581056597736903,0.23049010810215098,0.15564168667617398
0.3396924440287776,0.25470820835322244,0.23841574657494252,0.16718360104305752
0.42473615196288345,0.24849431089863344,0.1906858926088879,0.13608364452959518
0.3858289277583089,0.2653820664968129,0.20250299540597436,0.14628601033890387
0.20437263845886108,0.24832658502710256,0.36145152777874234,0.18584924873529393
0.3316096914777023,0.23363887327919672,0.28822036656348254,0.14653106867961843
0.33539722590534415,0.24761665861168922,0.2461583823677646,0.17082773311520208
0.11379195783158386,0.1793252670119431,0.29841347237444477,0.40846930278202825
0.4969175083011601,0.22434487242857074,0.15181063425317462,0.12692698501709448
0.512510519734406,0.25728036489339057,0.14904059229454802,0.08116852307765542
0.3079221668992034,0.27253758043773046,0.2447572358612835,0.17478301680178263
0.4553394282941306,0.2447573623571169,0.18693656680269716,0.11296664254605526
0.48926432555373767,0.2511960205380751,0.15688090522362266,0.10265874868456457
0.27111818317933867,0.21562538023468367,0.1537711367166451,0.35948529986933253
0.45974901215741387,0.23570581915606023,0.12348328598757263,0.18106188269895318
0.43282036119737527,0.25344982659730614,0.13822922780138297,0.1755005844039358
0.2609705582923147,0.2366340321318329,0.20882991725496322,0.29356549232088913
0.02986237749550524,0.04189768571247102,0.07190900892444428,0.8563309278675795
5.094133311839026E-05,8.895305347660753E-05,0.0001375338073425833,0.9997225718060624
1.0406167763443667E-13,1.2101973443508335E-13,6.565117875897765E-13,0.9999999999991184
0.07146843356497685,0.09239313105621015,0.05487579555469802,0.7812626398241149
0.24997644954880244,0.21595203383250952,0.11729760912101322,0.4167739074976749
0.06268768549491616,0.09822011257252342,0.12847132175734308,0.7106208801752174
0.10207769418830799,0.13136466062069943,0.11610905817324871,0.6504485870177439
0.1831363930882621,0.1869092267576212,0.1376232838506612,0.49233109630345545
0.03503817723769685,0.05527682330212259,0.06653269935245591,0.8431523001077247
0.33288596844888024,0.2246573292280499,0.10103071958393704,0.3414259827391328
0.19456463902637813,0.2134458379706948,0.17897694706019274,0.4130125759427343
0.187621395830819,0.21317766816203254,0.23608937078325934,0.36311156522388915
0.24731554369984443,0.23013863464978393,0.2429962701066913,0.2795495515436803
0.15131249883693237,0.19433193064498744,0.2740977399335162,0.38025783058456386
0.10556502063783352,0.14947447404696937,0.22750215922469547,0.5174583460905017
0.3726588305348228,0.23445019622778188,0.15965500303711488,0.23323597020028053
0.2913860530644532,0.2595633071250763,0.2242515056062523,0.2247991342042182
0.3213124551540843,0.25041963709016024,0.24152876693180617,0.18673914082394932
0.43551714097036337,0.24865856288911156,0.189416919724511,0.12640737641601402
0.3011485055269077,0.25324260707508955,0.2223377208965636,0.2232711665014391
0.2790694434084484,0.2403755350344636,0.22824174517615387,0.2523132763809341
0.4560924389829635,0.24306383565768436,0.17022358301939525,0.1306201423399569
0.24861834950821746,0.25750805297344825,0.2633736445701326,0.2304999529482017
0.2243677789938157,0.23415660364771723,0.32184109127840005,0.21963452608006698
0.1833750123276416,0.2138082013162443,0.35506512197831314,0.24775166437780105
0.3337876234966469,0.2289676796902789,0.24043275086953048,0.1968119459435438
0.22279383591132204,0.2217110152055391,0.22758681729009803,0.3279083315930409
0.46607901414769826,0.2386431239692458,0.1544262453346555,0.14085161654840048
0.49266238711201094,0.257642205995854,0.15591319281649452,0.09378221407564058
0.39599505994167084,0.27184751109733013,0.2078602540956791,0.12429717486531998
0.2966818611835039,0.2575924275663667,0.2654016719628596,0.1803240392872697
0.2643120718102283,0.23575558477669378,0.2667714610856544,0.23316088232742352
0.28220518893297036,0.22985707292443278,0.22337854721617703,0.26455919092641983
0.38375324936941085,0.2420005907926559,0.17422413652662483,0.20002202331130842
0.36747240533161185,0.26207312694701995,0.1941299911161404,0.17632447660522774
0.26814911010294723,0.26007886742126196,0.30221398658620807,0.1695580358895827
0.22609978731050995,0.2302001712034014,0.34703406008667864,0.1966659813994101
0.2351154532662743,0.2114325054669074,0.26081523091164865,0.2926368103551697
0.09903807275563477,0.13015335166990422,0.16018125533153807,0.6106273202429228
0.43319854262330976,0.2367318832069777,0.1250053298391593,0.2050642443305533
0.5014343169242921,0.2582554189223947,0.14649641084518408,0.09381385330812922
0.28376878829182306,0.26888338164008213,0.26251876490857307,0.18482906515952174
0.31215795374330957,0.24051999686974185,0.23755894150646412,0.20976310788048455
0.28022549197234947,0.2302335050557612,0.21221683588195542,0.27732416708993396
0.2495443524496335,0.2245948460413219,0.2015920761980223,0.32426872531102224
0.4358791146922704,0.24322259859628328,0.16023678824600493,0.1606614984654414
0.26148795725778995,0.2560272656648975,0.23914496568873292,0.24333981138857966
0.2336028366279907,0.23643783497991824,0.2971383005502245,0.23282102784186656
0.15434411332717818,0.19402968818305583,0.3118821369299,0.339744061559866
0.32376882655717654,0.2247254658370801,0.20318453878444392,0.2483211688212994
0.1314575598264242,0.16778043215344865,0.18964971915055073,0.5111122888695763
0.42553693311383595,0.23857494713766939,0.1437138676971686,0.19217425205132607
0.42861758975860315,0.2660913235823003,0.1759338348413243,0.1293572518177722
0.3178415319983503,0.25919340584266215,0.22739663068610483,0.19556843147288278
0.26937091387338613,0.23413024514718211,0.228378085239719,0.2681207557397127
0.3299196695074392,0.23989490897718746,0.19884612834927018,0.2313392931661032
0.2848308398551033,0.24175166769505702,0.21393255232861977,0.25948494012121986
0.3362606600124458,0.24183152424168347,0.19755449303057943,0.22435332271529126
0.2659585685362806,0.24142741215046554,0.2223438990449204,0.2702701202683335
0.20042194120252735,0.2288380659066578,0.2983543396443492,0.2723856532464656
0.188304726021885,0.21130746745508044,0.3127654773382796,0.28762232918475494
0.3019276086394739,0.22710601279057316,0.2272529712510777,0.24371340731887517
0.11628728586013284,0.15732068810993954,0.19993864816609347,0.5264533778638342
0.3980925160264413,0.23678279667669522,0.14898755958999055,0.21613712770687288
0.45522396672688037,0.2610633469130875,0.163458420769985,0.12025426559004704
0.33078573920483645,0.26403577452928634,0.222900377552405,0.18227810871347222
0.3238926576978463,0.24453648176507425,0.21379764996140374,0.21777321057567575
0.373051471543731,0.24679150279973747,0.18593238654426258,0.194224639112269
0.25185490247267844,0.2285240331648647,0.20596535366157354,0.3136557107008832
0.39514544641098853,0.23972699753956803,0.16370349248520982,0.20142406356423367
0.26617011438757615,0.2415932478983132,0.20178633283686367,0.29045030487724693
0.156407916747343,0.2112825808628781,0.30887383928279144,0.32343566310698746
0.1899996439600569,0.20758230383085446,0.30421489766319193,0.29820315454589674
0.18028398557516148,0.1952131577318819,0.25268681507467655,0.3718160416182801
0.05305971647863623,0.09213293324620124,0.15596341994637766,0.6988439303287849
0.3672438009495928,0.23541591842790274,0.1339746229299211,0.2633656576925833
0.45425536864867494,0.2615705841079597,0.15777548157693957,0.12639856566642577
0.27738687314190197,0.25605869675928206,0.23739749974440283,0.2291569303544132
0.43418531066342564,0.24365215708762875,0.1762819380677674,0.1458805941811782
0.42199999523607445,0.25725916319884895,0.17179456298706933,0.14894627857800719
0.22098995866562818,0.2261813645565085,0.2215610756752578,0.3312676011026055
0.42635446455860393,0.23842616634080943,0.16285843566764577,0.17236093343294087
0.20406989151689126,0.2159856459805663,0.20189761145186144,0.378046851050681
0.15879024066230646,0.1986933447870912,0.251244868940452,0.3912715456101503
0.16659760260338935,0.20221797880979406,0.2763206089138778,0.35486380967293873
0.24705843496219376,0.2253234179610608,0.24998072968037574,0.27763741739636966
0.0782798165475103,0.13724244727502233,0.25834638015475386,0.5261313560227135
0.32767991019533615,0.23040787713951674,0.18623703852951348,0.25567517413563356
0.4320638314209852,0.25394545507787153,0.16691578523911887,0.14707492826202442
0.3903773607574731,0.25851261441399714,0.1775403489334076,0.17356967589512237
0.45985823815061594,0.25281002591742735,0.16114782719503618,0.12618390873692048
0.4886687073844906,0.255019838386805,0.15555323860460482,0.10075821562409974
0.23672678968841793,0.2437844502531313,0.24451746880841424,0.2749712912500365
0.25002813042465033,0.2172738881526447,0.2188763226346353,0.3138216587880697
0.17343082594794934,0.19483212806058664,0.2138911216767726,0.4178459243146916
0.13255962183014952,0.18904176740499723,0.273407693695935,0.4049909170689183
0.1965140551827925,0.215847936983165,0.28554811577698513,0.3020898920570572
0.27032408257052837,0.22618282639936912,0.23869774014326284,0.2647953508868397
0.13632853506525555,0.16566530795243142,0.18874664149708711,0.509259515485226
0.3966255281520269,0.23845327886815038,0.1479232660680309,0.21699792691179182
0.42402974104415136,0.266125228041071,0.18128709603522242,0.12855793487955516
0.4263027853024517,0.25946620173187723,0.191085148020912,0.12314586494475893
0.2587518775425668,0.23555818929272695,0.20996414980407402,0.29572578336063227
