0.32174461946778465,0.23328561701998934,0.22759667283787977,0.21737309067434626
0.3211693630612792,0.2313869458047813,0.2292537732161109,0.21818991791782857
0.3213352942022244,0.23129726770189038,0.22319418829657822,0.22417324979930706
0.31799890161638883,0.2385662574050907,0.21957373296752855,0.22386110801099196
0.32581113384550314,0.22855744362108807,0.22288322338228606,0.22274819915112276
0.3228886522562308,0.23169078596389278,0.2268914171052112,0.21852914467466505
0.31566885945603745,0.23615186313154354,0.2305325701481378,0.21764670726428115
0.3253917538777837,0.2274058650887419,0.2259539447921265,0.221248436241348
0.31358105463635083,0.23837231293821623,0.21816058935155333,0.22988604307387964
0.32175071443664605,0.2376439235626095,0.21780922603296582,0.22279613596777859
0.3278390351196177,0.22768378832090877,0.2253826736323925,0.21909450292708108
0.31866374331634395,0.234608945847657,0.22396790145011852,0.22275940938588054
0.3182373083047333,0.23461326163952767,0.22922848454482275,0.21792094551091623
0.32414778400264643,0.23012602072698432,0.226650531258116,0.2190756640122532
0.31794739478219236,0.23336347623630205,0.2230682170861049,0.2256209118954008
0.32203909550007676,0.23507907939081432,0.22353829498282168,0.21934353012628732
0.3242315012972212,0.22647361222847417,0.23316702688823535,0.21612785958606917
0.32156875445533045,0.23043006291133816,0.23105391792360214,0.21694726470972928
0.31464609473703975,0.2344623163754331,0.2312521492134278,0.21963943967409932
0.3254256293707563,0.22859446267607866,0.22142243444099904,0.2245574735121661
0.3181158222312792,0.23750713129850246,0.2181815287522052,0.226195517718013
0.3259001275761714,0.23480242849283492,0.21844874303270673,0.220848700898287
0.32718305492677985,0.22681997305961904,0.22498210799878707,0.22101486401481407
0.3171263623043366,0.23683913805755102,0.2240757161512858,0.22195878348682652
0.3204114286849614,0.2329057988117072,0.2310315032257732,0.21565126927755818
0.32219510051930644,0.2295673518144374,0.22441535652021297,0.22382219114604326
0.3132068662661271,0.23627015162207077,0.2211295555723077,0.22939342653949446
0.32022491738169184,0.23934322483885892,0.22344400530919864,0.21698785247025057
0.32487035860442426,0.22667718111442098,0.22750214357002224,0.22095031671113244
0.31734091410581194,0.23589303804848918,0.21721652728543966,0.22954952056025918
0.3126812294834565,0.24116100053402945,0.2221154685094479,0.2240423014730662
0.32884440378549235,0.22795219596332597,0.22333821634442552,0.21986518390675616
0.31481714772216235,0.23717409248114632,0.22048247061209947,0.22752628918459186
0.3150041371932726,0.24147850372496335,0.214585887950343,0.22893147113142093
0.3264070250545903,0.22928535580541123,0.22308400398375966,0.2212236151562387
0.31515962542887593,0.2390146353613563,0.22081103669165308,0.2250147025181146
0.31837237536566304,0.23343210340850942,0.22601722904184518,0.2221782921839822
0.3185117005643326,0.23491846278340475,0.22436131723639488,0.22220851941586778
0.3164856304768317,0.2366206767855541,0.22181764832205553,0.2250760444155586
0.32272120651647596,0.2347268805939851,0.21921815359562846,0.22333375929391056
0.318842388006634,0.2306041555736008,0.22483287765441273,0.22572057876535256
0.319554633147236,0.23442928501665458,0.2301358992034665,0.2158801826326429
0.3144594984097633,0.2337519601357385,0.23717470922234626,0.21461383223215189
0.3207709954628682,0.23031004740162828,0.22100530202091073,0.22791365511459283
0.3120436536165281,0.24237475166279082,0.21038301330121073,0.2351985814194705
0.32341542328990747,0.2394281000966431,0.21320898462326435,0.22394749199018507
0.3304573038948171,0.22630495214392654,0.2250050308446573,0.21823271311659911
0.3155814665356288,0.23666614704748792,0.2246426732209352,0.22310971319594816
0.316391607869986,0.23422459178138932,0.23192590265013455,0.2174578976984901
0.32044175258348995,0.2320296113433093,0.2264881099334451,0.22104052613975556
0.31521932899630983,0.23442076375213644,0.22140377066132247,0.22895613659023129
0.3188219279558202,0.23890768824776923,0.22018572350577273,0.22208466029063786
0.32403188374821607,0.22869767292874552,0.22940437217074294,0.21786607115229553
0.31949713576532857,0.2318019771245794,0.22554661489343497,0.22315427221665698
0.3118262568462758,0.23921217817601734,0.2253599900562397,0.22360157492146715
0.3228472679726311,0.2331348769198422,0.21952610417558338,0.22449175093194332
0.320507917920505,0.23563066046278425,0.2148219084203813,0.2290395131963295
0.3188001260351658,0.2406272421881757,0.2127149040635487,0.22785772771310991
0.32708551742420966,0.22777050022262282,0.22572567679296623,0.21941830556020125
0.3171515025655696,0.2349169807918706,0.23065483427069164,0.21727668237186815
0.314160835689289,0.23412904152193864,0.23308149520453633,0.21862862758423593
0.3194637122391122,0.23253729842962564,0.2226315575792073,0.22536743175205473
0.3138884383067021,0.23772927095937169,0.21698320037364396,0.23139909036028208
0.3229302908085504,0.23804543559268276,0.21969187477068583,0.219332398828081
0.32297609727821264,0.22766339895700222,0.2288455433889144,0.22051496037587073
0.3184336866063329,0.23416915335927177,0.22410191798775603,0.22329524204663928
0.31182445458658165,0.24061343498479648,0.22694905431254994,0.22061305611607188
0.32744969048737294,0.22863763702796253,0.21823551927908844,0.22567715320557613
0.31716799664198425,0.2370293988775516,0.21483290670332164,0.23096969777714263
0.3206488499761663,0.23992816233931819,0.22005665698669988,0.21936633069781555
0.32903133780924404,0.22147272242823232,0.23661341500550984,0.2128825247570138
0.3140747578788091,0.2351345429440789,0.2319336831539588,0.21885701602315322
0.31349673420969665,0.23586824889716346,0.23161139326721583,0.21902362362592404
0.32710897636300684,0.22634439575632972,0.2216900597474653,0.22485656813319815
0.3149494093461047,0.23800794810042217,0.21928195602914732,0.22776068652432582
0.3268085409218235,0.23464160765677058,0.22492768901306995,0.21362216240833595
0.32624866281833376,0.22341015752691146,0.2318573250384293,0.21848385461632547
0.31486550071234837,0.23710686097293576,0.22180650114499403,0.22622113716972167
0.31600947684523434,0.2369560849552984,0.22689551577008332,0.2201389224293839
0.33001166193954296,0.2265717631464562,0.2209210320026663,0.22249554291133453
0.31379786731009435,0.23837152109955,0.21808044982737854,0.22975016176297708
0.32247462555825496,0.23791557382755926,0.21937486061228256,0.22023494000190316
0.3262769191969155,0.2262312858171848,0.22925247339209653,0.21823932159380324
0.31647751924817497,0.23705452769003765,0.22179972672886586,0.22466822633292144
0.31701286389850586,0.23536030726353707,0.2270944426034911,0.220532386234466
0.3247216739366552,0.2291366033197006,0.2239215973202991,0.2222201254233451
0.3164907679150601,0.23620186517824135,0.2246830505508025,0.22262431635589602
0.3227703851632387,0.2355329411780778,0.2236993879936338,0.21799728566504958
0.32325881598011835,0.2243387990933027,0.22886973905521552,0.22353264587136348
0.31640501306074587,0.2381387953387267,0.22557684246823118,0.21987934913229637
0.31792284093543755,0.23286025333848098,0.23499835788333084,0.2142185478427507
0.32764661656845473,0.22488500387038374,0.22192282155395562,0.22554555800720577
0.309333501817381,0.24393416316566957,0.21421815564015073,0.23251417937679872
0.3272489566196661,0.2342975557154733,0.21804650063554287,0.22040698702931774
0.32895368955328297,0.22616009611105153,0.22700358507892884,0.21788262925673652
0.3114318326173604,0.23883984647224013,0.22252209191954164,0.22720622899085782
0.32076765535218893,0.234589322540281,0.22843986157942409,0.21620316052810593
0.3205567587579404,0.23318998697090615,0.2221191097560718,0.22413414451508168
0.3205104524237698,0.23358823061278636,0.21606208126000867,0.22983923570343512
0.31904521704955985,0.23828556210138485,0.22253137968433395,0.22013784116472143
0.32491406430649317,0.22489339997063754,0.2352493219994876,0.21494321372338165
0.31691403337360696,0.23327674328862943,0.2336561252279939,0.2161530981097697
0.309204271726297,0.23738063061056963,0.2264617708717761,0.22695332679135727
0.3258005387969835,0.23100884427586785,0.21476886949566346,0.2284217474314851
0.3147297577081013,0.24332353539955628,0.21236601571262995,0.2295806911797125
0.32929110109806004,0.2313324472950698,0.21725052843812978,0.22212592316874022
0.3217361641955543,0.23164177541363393,0.22641680495682878,0.22020525543398306
0.31336527392108093,0.24028289696304206,0.22368666363477455,0.22266516548110257
0.32256983055096844,0.23076340228494327,0.2251977775294603,0.22146898963462797
0.3149904941685032,0.2365126002615864,0.21740624145865908,0.2310906641112514
0.3171973522552187,0.23788278764411222,0.22198051248689318,0.22293934761377585
0.3233650158273129,0.23326725026614875,0.22931617509157273,0.21405155881496546
0.31807409947767246,0.22858470979481757,0.227965357120673,0.22537583360683686
0.3117412249888162,0.23986413759307285,0.22142548821915994,0.22696914919895103
0.3155088685369637,0.23762875274133283,0.22562883316907642,0.2212335455526271
0.32676993670060905,0.22960799992256217,0.21944486358901535,0.22417719978781345
0.3129926944909754,0.24175946505746618,0.21178314131503181,0.2334646991365266
0.3221426981355133,0.23684692249886766,0.21500752231881903,0.22600285704680007
0.3242012668360063,0.23129216148316323,0.22723757630818311,0.21726899537264735
0.3155406635104292,0.2362037660527358,0.22638414021658956,0.2218714302202455
0.317720664184507,0.23381276402851453,0.22560060350464334,0.22286596828233518
0.31500816344345106,0.23594821334283145,0.22121476330746476,0.22782885990625268
0.31914374466077494,0.2363984576569937,0.22246047970853777,0.22199731797369354
0.3219268476959361,0.23523462588351632,0.22427264061808663,0.2185658858024609
0.31832583759857735,0.2269913092141188,0.2262533558925828,0.22842949729472103
0.31312524336098296,0.24026739968652597,0.22672714016786263,0.2198802167846284
0.3151435165948793,0.239296100108818,0.23079814951834984,0.2147622337779529
0.3285051815026494,0.2228360939564102,0.215591960373809,0.23306676416713124
0.306050135390773,0.250299971621749,0.2038243414103123,0.23982555157716565
0.3216775833239173,0.24181257391387664,0.22130868216565885,0.21520116059654723
0.3345861604558426,0.2182978574868319,0.22919590205778373,0.21792007999954166
0.30525570383687095,0.2440366866084173,0.2191518823295706,0.23155572722514117
0.3152238940204633,0.23881306589625606,0.22698898690250222,0.2189740531807783
0.33285422654774965,0.2238812170085552,0.2278883863903333,0.2153761700533619
0.31543286964417,0.23768988007908168,0.22043549959962014,0.22644175067712827
0.3302644710993482,0.22779054393062254,0.23049760897864344,0.21144737599138583
0.3284761562949784,0.22002038508462873,0.24801674589588693,0.2034867127245059
0.32098401827111506,0.22261968645701657,0.25101608869351716,0.2053802065783513
0.32016667644465413,0.22718672790387112,0.24756849244232382,0.20507810320915085
0.32533447490920436,0.2228062416207644,0.22728282143174622,0.22457646203828502
0.3278229086323499,0.2281633821088235,0.21502476524679773,0.2289889440120288
0.338141630978293,0.2281843436833321,0.22547992768264624,0.2081940976557288
0.3389507116727844,0.21633272913839613,0.23289194472523542,0.21182461446358405
0.32210718049341114,0.2287981754476805,0.22884330282879098,0.22025134123011736
0.3184387650650669,0.23385996754280483,0.22741441601792914,0.22028685137419915
0.33721275398327466,0.21946528059085224,0.22277968155509104,0.22054228387078204
0.3179419843714618,0.23795869995433697,0.2234849402218053,0.22061437545239584
0.33319896677805716,0.22555400376307919,0.22744703721296355,0.2137999922459002
0.3250692384341814,0.2238787034803717,0.23119774568965212,0.21985431239579473
0.31694644488270557,0.23596170438327166,0.22823317101640264,0.2188586797176202
0.3261276105024875,0.22672407434205227,0.2334467861248021,0.21370152903065817
0.3227352496774995,0.2284442762080886,0.22179949970949045,0.2270209744049215
0.31597473746886134,0.2415076402948382,0.21572185451411216,0.22679576772218815
0.33188313149083626,0.22850899720788587,0.22096407719036887,0.21864379411090895
0.3245754015829077,0.22834284822771525,0.22368906676329384,0.22339268342608318
0.3159820032385682,0.24090027059957148,0.22392549715875965,0.21919222900310067
0.32587651238683946,0.22758640722567947,0.22877866757768078,0.21775841280980038
0.32074973076301777,0.2318654983714148,0.22022646627057493,0.22715830459499248
0.3129957037385024,0.23971072822580708,0.22172845919424802,0.22556510884144243
0.33181494532092903,0.22682291945574146,0.23059006326274673,0.2107720719605827
0.31442029043704006,0.2303003681696784,0.2329116090091051,0.22236773238417654
0.3146408131957904,0.23604411756001234,0.22340440261657576,0.22591066662762158
0.31764280454638566,0.2372543059183321,0.22615094188091744,0.21895194765436476
0.3255352342364869,0.2316270051494647,0.21518731646386954,0.22765044415017885
0.3202320450671679,0.23717986724640963,0.21078779409735746,0.23180029358906495
0.32198038230265946,0.23797468368567684,0.21800965105969258,0.22203528295197106
0.32931378736245437,0.2255693279966545,0.234395841276799,0.21072104336409206
0.3134200397841881,0.23391248992762975,0.23334644621993578,0.21932102406824644
0.31382125816789663,0.23418360411200803,0.22872360669955716,0.22327153102053807
0.3188242892835262,0.23495257831314584,0.22284444296019715,0.22337868944313083
0.3216900683263101,0.2345622861782337,0.21982831500793823,0.22391933048751797
0.32590133755847783,0.23189409654174772,0.22124136716779455,0.2209631987319799
0.3202908856528214,0.2286482004399532,0.22941900873569965,0.22164190517152568
0.31923563548653217,0.2317295513221362,0.23509420197868794,0.21394061121264363
0.3158957269026551,0.23664008870699202,0.23326053633496402,0.21420364805538894
0.3236422262913697,0.22921113480299993,0.21398838236369488,0.23315825654193553
0.3171449292439301,0.24152515855323478,0.2049515781773477,0.23637833402548747
0.3267074194701538,0.23662470478160177,0.2226784204077742,0.2139894553404702
0.3332280759571716,0.22031244616907486,0.2382436214907761,0.2082158563829774
0.3110119653270323,0.23683558561960186,0.23236966338890966,0.2197827856644563
0.3140178534845798,0.23528412121486417,0.22428896570524823,0.22640905959530783
0.3273402521527285,0.2294528519644865,0.22074022637809063,0.22246666950469443
0.3169130978857672,0.23685140710035033,0.2231416254428528,0.22309386957102956
0.33284550529354145,0.22643503026408762,0.23032207419384607,0.21039739024852486
0.3152617931951574,0.22891008670239257,0.23623112682696557,0.2195969932754845
0.3190056927481417,0.23261596404705107,0.2265334541147521,0.22184488909005512
0.3172362251927442,0.23651542725425576,0.22804825284858127,0.2182000947044187
0.3282831679927959,0.22826656067611115,0.2160350830959401,0.22741518823515283
0.3202653156605393,0.23582311111469362,0.21563691903002488,0.22827465419474227
0.32503515498257735,0.23535404177298722,0.2238563842918611,0.21575441895257422
0.3299301278747942,0.22389975581427038,0.23599394529691933,0.21017617101401626
0.3138671132251819,0.23533203157458008,0.2269819089711189,0.22381894622911905
0.3183811833802907,0.23378275267400364,0.22469281582245174,0.2231432481232538
0.325200626867578,0.23049308886622338,0.2257302814042766,0.21857600286192208
0.3223763082588212,0.23079809250690844,0.22834440175070794,0.2184811974835625
0.32466253762560754,0.2311867086462587,0.2283665532147156,0.21578420051341812
0.3195414578034483,0.2278654786900679,0.23062413751836394,0.2219689259881199
0.3214706225909116,0.23147557683148817,0.22709772003800874,0.21995608053959148
0.31810834966094426,0.2366541570080727,0.2293485688800347,0.21588892445094837
0.32876932847908386,0.22655984660106912,0.21894369352386867,0.22572713139597836
0.31786736200156795,0.23742360884693553,0.21314333485970546,0.2315656942917912
0.3240216264565827,0.23736108790937968,0.22113570568333193,0.2174815799507056
0.33148785855602,0.22313204662628283,0.23368433572797465,0.21169575908972263
0.3154135165427996,0.23517309998836242,0.22723574950584194,0.2221776339629961
0.31736575964152003,0.2349248313498373,0.2258162630831075,0.2218931459255351
0.3269561324813656,0.22746586367069002,0.22611992740524026,0.21945807644270415
0.3203228155697595,0.2335753649395792,0.22829010510367673,0.2178117143869846
0.3266910116141565,0.22935103844900614,0.2310574250216216,0.2129005249152159
0.32119327245838786,0.2241914063891773,0.23372640754632631,0.22088891360610846
0.317824800515051,0.23290508474301563,0.23091181250510065,0.21835830223683272
0.3213068551271276,0.23355090310827928,0.23359513581892835,0.21154710594566467
0.32778562043857945,0.2238976262835242,0.21946535171227327,0.22885140156562309
0.31563602023069576,0.241578289164669,0.20915104579119367,0.2336346448134416
0.32717207399324955,0.23707391200960354,0.22162656950834364,0.21412744448880333
0.33411965799229904,0.22037709551345716,0.22882020748580148,0.21668303900844232
0.3130064460723087,0.24008476356410124,0.22197034072418953,0.22493844963940068
0.31963970229797,0.23402685366330966,0.22631648354640208,0.22001696049231814
0.3305381235858952,0.22358870984891735,0.2280895217071043,0.21778364485808308
0.3120674492170785,0.23757664663620437,0.22922292790863605,0.22113297623808104
0.3296614337507378,0.22778488976005193,0.2330911418496962,0.20946253463951417
0.31931219091070323,0.22561810785956168,0.2341533987234346,0.2209163025063004
0.3179586453887595,0.2335632446771151,0.22480796320360658,0.22367014673051888
0.32132637321578383,0.23344570065620282,0.23295481552907957,0.21227311059893383
0.32931530985239227,0.22390102182446983,0.22293859595478988,0.22384507236834805
0.3153194354923264,0.23833764240668773,0.2152097204804287,0.23113320162055725
0.3221673805694902,0.24094269447511113,0.2166823578463492,0.2202075671090495
0.3351444703430886,0.2231921651462352,0.2231860578073169,0.2184773067033594
0.3165641604861421,0.23764061547324872,0.21724924204671345,0.22854598199389572
0.32179681939073507,0.23332969718226837,0.22961822496509768,0.21525525846189905
0.32782570909005804,0.22388704499088943,0.23837797597881824,0.20990926994023418
0.31414299529898637,0.23197883553185555,0.2361488552886054,0.21772931388055283
0.3178481637974275,0.2341356145984362,0.22855486969217048,0.21946135191196575
0.32459839115260425,0.2251481404254878,0.2279856834788859,0.2222677849430219
0.3209739042506063,0.23400873361032554,0.224015003023357,0.22100235911571123
0.3225935838551677,0.23376501611460773,0.22840378597954922,0.21523761405067535
0.3305468174369061,0.22716340374962557,0.21955518682280925,0.22273459199065906
0.3159442972131073,0.23843896681940524,0.21158446332891623,0.2340322726385712
0.3268312237851133,0.2342615007769647,0.2187223880449251,0.22018488739299683
0.32678129420530905,0.22793317924609466,0.2359507442364555,0.20933478231214084
0.3215863015631814,0.23256595554085652,0.230232251278831,0.21561549161713103
0.3158141928843485,0.23263732090824477,0.22376637334434418,0.2277821128630627
