0.3006580395777532,0.24871025636848942,0.23402287907643912,0.21660882497731823
0.2976665733633438,0.24794736354898905,0.2274904552584607,0.22689560782920656
0.3004103127825014,0.24754941625169039,0.22693618581566286,0.22510408515014538
0.3006611943432245,0.24740743652161948,0.2292894876905941,0.22264188144456196
0.29939106541149796,0.24896497492328248,0.22863936687015496,0.22300459279506457
0.29765077316325267,0.24859922478711485,0.22251901812985977,0.23123098391977268
0.30096471334983765,0.24616420204788583,0.2243833472171379,0.2284877373851385
0.3024033323747741,0.24815302621373928,0.23244551714830297,0.21699812426318357
0.2989784515714349,0.24706846341985894,0.23064008583182624,0.22331299917687988
0.30104465258714197,0.24756682800035731,0.231733294264039,0.21965522514846164
0.2974061811379225,0.2506327111347541,0.2260869345693732,0.22587417315795014
0.29784796884789566,0.2455957650159069,0.21936874587582306,0.23718752026037437
0.3053997123809095,0.24689230848034197,0.23288524047498066,0.21482273866376794
0.2999759771573105,0.24706008610108665,0.23550280261799783,0.2174611341236051
0.30032606377912346,0.24728203586255187,0.2340126435654505,0.21837925679287426
0.3004308623738329,0.24681216205935813,0.2332563962387403,0.21950057932806874
0.29885677489240986,0.2499398468224994,0.2303213524563331,0.2208820258287576
0.29750984086224425,0.24667254907381098,0.2227637646270156,0.2330538454369292
0.3029974695758989,0.24745165430725025,0.22961368618337713,0.2199371899334736
0.2992734345936823,0.2483224242390117,0.2302348558398647,0.22216928532744137
0.2977512121921435,0.24957431265158764,0.22411552549627006,0.2285589496599988
0.29798526810938825,0.24772581825576565,0.21840664401602583,0.23588226961882033
0.29939055942574566,0.2503566569159358,0.21791356804522946,0.232339215613089
0.2987337880397533,0.24513750472701687,0.21713357620591123,0.23899513102731856
0.30563662304455136,0.24782052192975867,0.23315646866833847,0.21338638635735152
0.298805279349004,0.246886763548255,0.23314502266814,0.22116293443460103
0.3015170126709112,0.24686262905415593,0.2340945445216401,0.21752581375329275
0.3000480974077746,0.24772689577892598,0.23372952864224916,0.2184954781710502
0.29762052983773857,0.24993626130809793,0.227142758767114,0.22530045008704958
0.29887662176516433,0.2455510033282462,0.22268348910701782,0.2328888857995715
0.304457237689613,0.24740035422336248,0.2340640574934672,0.21407835059355737
0.2982557798603737,0.24846454858144912,0.23210949112957063,0.22117018042860653
0.29902569701272125,0.24753895076775184,0.22739190551051058,0.22604344670901638
0.30351141081628813,0.24386566885077884,0.2335532714800336,0.21906964885289942
0.30147313738845977,0.25056173007743743,0.2400658467985643,0.20789928573553854
0.29638621877800425,0.24475440486088193,0.22860004428200742,0.23025933207910634
0.30598982036866246,0.2462300334690675,0.2388027133062999,0.2089774328559701
0.3003220289809998,0.24592331159810574,0.2397899991452708,0.2139646602756236
0.30195970737289735,0.2458087134343248,0.23977193716666076,0.21245964202611695
0.3012663140338504,0.24629043712720652,0.23965536351466607,0.21278788532427714
0.2996987397131882,0.2478813649648213,0.23645074907296076,0.21596914624902958
0.29972074780564384,0.2462971220291288,0.23257190339862394,0.22141022676660346
0.3016820234535676,0.24737992781944293,0.23493724688047,0.2160008018465195
0.3007491995997463,0.24564759560435084,0.2350977454210333,0.2185054593748696
0.3017694718906764,0.2475666247770326,0.23770443572862907,0.21295946760366197
0.2979893086467163,0.24835615438013062,0.2317610633250338,0.22189347364811937
0.29651815621969324,0.2510007966724749,0.220972259858389,0.23150878724944285
0.2989666380585933,0.24369194656987042,0.21778550310155698,0.23955591226997927
0.30931629593214915,0.2454645106898096,0.24057116529764588,0.20464802808039537
0.30076305721458196,0.24519587349669564,0.24380335663132333,0.21023771265739913
0.3015474132472794,0.246342648163373,0.24193584586919145,0.21017409272015614
0.2999929499341216,0.24663077992074714,0.23808530566472452,0.2152909644804067
0.2982103844039524,0.25004556683937795,0.23180011873656883,0.21994393002010076
0.29752852491244003,0.24631717593398844,0.2232938074255454,0.23286049172802603
0.30393763563586934,0.24678150678360516,0.23189376135390466,0.2173870962266207
0.30030122032999085,0.2474207070252662,0.23461602431758982,0.2176620483271532
0.2985751152178892,0.24906426559238704,0.230198411381685,0.22216220780803875
0.2994737173230823,0.24591113443106846,0.22694391050492038,0.22767123774092887
0.3014601164611988,0.2497315695763267,0.2314796161171708,0.21732869784530362
0.2983946436725487,0.24518109101971564,0.22747528131883685,0.2289489839888988
0.306593238499129,0.24446213235585243,0.23981459288774434,0.20913003625727408
0.30268600349214514,0.24516957612224444,0.2453167330790964,0.20682768730651405
0.30038803291563376,0.2468345006146788,0.2420011759715759,0.21077629049811156
0.2985331414285252,0.24813724073195578,0.23470877833238873,0.21862083950713032
0.29727469259834954,0.2496985094078062,0.22555753912189244,0.22746925887195196
0.2996568798640661,0.24522038364450072,0.22305386692832527,0.23206886956310788
0.30527634922486,0.24666902293292553,0.23639397709743962,0.21166065074477483
0.2999268474408707,0.24670531582632504,0.23739014497455063,0.21597769175825346
0.2994913240844715,0.2485476254260996,0.233830738814455,0.21813031167497388
0.2999457536324782,0.2453681002512667,0.23092726636423896,0.22375887975201614
0.3003945916143151,0.2511320957434076,0.23279262107499454,0.21568069156728278
0.2976312770693186,0.24346289967336296,0.22572707098758213,0.23317875226973644
0.30895591409848583,0.244978571653206,0.24341796099531984,0.20264755325298836
0.2983865507453734,0.2483338323818312,0.24187538792967422,0.21140422894312116
0.29668566970244936,0.24880165452820097,0.2289824413085953,0.2255302344607545
0.2987390842244438,0.24787837484167635,0.22310578536695047,0.23027675556692942
0.2981847383560138,0.25085548451225137,0.21916423905465568,0.2317955380770791
0.29857546154966336,0.244361363073425,0.21683286155295253,0.2402303138239591
0.3064028475479868,0.24840606853075956,0.2350005902566552,0.21019049366459838
0.29601371481109356,0.24894972249615538,0.22895787933402725,0.2260786833587239
0.2988685512945548,0.24786091292772566,0.2229914941409461,0.23027904163677346
0.301613335017353,0.2464304002093508,0.22721463304810582,0.22474163172519043
0.2993362576664057,0.2510584780014529,0.22854755458995002,0.22105770974219138
0.2979201868881299,0.24405522742267935,0.22283423954017123,0.2351903461490195
0.30690497296717506,0.2472358135008573,0.2389828650474153,0.20687634848455244
0.29806546426059555,0.2470628010847353,0.23622562759917037,0.21864610705549878
0.3000339123422125,0.24799885500056995,0.23263604283120412,0.21933118982601335
0.300390495163483,0.24585816103459487,0.23166962719524692,0.2220817166066752
0.3001961419552189,0.25024789068991876,0.23272922976210872,0.2168267375927537
0.2975462531262385,0.24537572294845328,0.22547254722141,0.2316054767038982
0.3036424474485362,0.24864876524201351,0.23370737431579788,0.2140014129936525
0.297044052237197,0.24804046292404086,0.22808995293408033,0.22682553190468177
0.30065904738554095,0.24717445041677125,0.2273933478381281,0.22477315435955966
0.3004405396888374,0.24826244327512215,0.22957134025992998,0.2217256767761105
0.29604812883705384,0.251647452967144,0.2201262276534157,0.23217819054238642
0.29834722256017165,0.24314969261925656,0.2155962159547614,0.24290686886581042
0.3084868112407219,0.24821178780961975,0.23878821460991545,0.20451318633974302
0.2969577998430427,0.2465425384039992,0.2346406047278347,0.22185905702512346
0.3020988816546729,0.2468825402109654,0.23498610270500633,0.2160324754293553
0.2999799594730345,0.24734473528338566,0.23440842135510323,0.21826688388847665
0.2989916094429731,0.24869286472250646,0.23063787515508827,0.22167765067943213
0.29952770529408085,0.24638734222553055,0.22778780653654757,0.22629714594384107
0.30462507829508684,0.24441137197366086,0.23670705034248013,0.21425649938877214
0.30091012368928166,0.24920013869469193,0.24074626288108905,0.20914347473493736
0.29511053574659024,0.2488996770004842,0.2262878499287855,0.2297019373241401
0.29908703477031723,0.24798749559355193,0.22068829955375105,0.23223717008237987
0.29941419168843375,0.24924797878792718,0.2207126986492327,0.23062513087440648
0.3023098555495085,0.242860968576247,0.22695113776140208,0.22787803811284246
0.30696953181649655,0.2470829035607531,0.2450861710156225,0.20086139360712785
0.29891047713362245,0.2445653733168753,0.240663677073368,0.2158604724761342
0.3029660124318164,0.2468071263276279,0.24198378200248255,0.20824307923807323
0.29821370805649633,0.24781667217824202,0.2357576230700128,0.21821199669524888
0.29997392126860434,0.24664265178126465,0.2316979211502128,0.2216855057999183
0.3031862209366233,0.24483412422623263,0.2366116069983987,0.2153680478387453
0.3017754331067085,0.2477785240269334,0.2406456953821084,0.2098003474842496
0.29695759058732135,0.24870157212303515,0.23142773212236148,0.222913105167282
0.29982364163533537,0.2463171738239554,0.22740254533235552,0.2264566392083537
0.30279499099932233,0.2469198473330247,0.2338915794564172,0.21639358221123586
0.29837614660245076,0.24964998846432146,0.23141121233468112,0.2205626525985466
0.30027867549108384,0.24362082232110244,0.22891736885988254,0.22718313332793125
0.30748567645634167,0.24504805415177325,0.24423497873920835,0.2032312906526767
0.30120251305460355,0.24468254461615438,0.24514066219257938,0.2089742801366627
0.30096710870889465,0.2472999175298929,0.2423373847760345,0.20939558898517804
0.2983876082314825,0.24726145405015,0.23464179688413386,0.21970914083423362
0.3004636469209796,0.2471378823600421,0.2323676971742489,0.2200307735447294
0.30112377330531576,0.24643062578172228,0.23366855041591744,0.21877705049704455
0.30134562419204136,0.24701027354066155,0.23581191136442387,0.21583219090287328
0.2993529473782712,0.24809908648206302,0.23330619969070165,0.21924176644896406
0.30036852984041545,0.24583443864806032,0.2315783960967173,0.222218635414807
0.3016674610313763,0.24830618305663935,0.2352339925646759,0.21479236334730836
0.2954074044824299,0.2510314872868301,0.2239367745421763,0.22962433368856372
0.3013358032186889,0.2407253955691724,0.22403630139523684,0.2339024998169018
0.31350995538852766,0.24293281115655557,0.25250101281528625,0.1910562206396305
0.2967241197317841,0.24913665798080914,0.24746844044565391,0.20667078184175286
0.29821757036411717,0.24447997142560188,0.23346303478687905,0.2238394234234019
0.30517485641997094,0.24585675069750124,0.2410669998452492,0.20790139303727867
0.2968650309207198,0.250847542939285,0.2350776325083623,0.2172097936316329
0.29716378563087326,0.24513477042107618,0.2236419546580523,0.23405948928999837
0.30483783024901273,0.2478362910264274,0.2344510379312832,0.21287484079327665
0.2965280132700053,0.2497445760042169,0.22876463379428302,0.2249627769314948
0.2949603939759839,0.25088682122646505,0.21228253174480644,0.2418702530527446
0.2940232265483507,0.24820232258417854,0.19145796617666247,0.2663164846908083
0.29647327382713695,0.24573836032811164,0.17653184485458215,0.28125652099016923
0.3006687370503544,0.243536930366408,0.18239562678782745,0.2733987057954101
0.3083640708813762,0.2473850595948258,0.21368836482274836,0.2305625047010496
0.2978648589774471,0.25178928737508105,0.21933929844831185,0.23100655519915994
0.2943434367229874,0.24748419480422434,0.20432655493152138,0.25384581354126684
0.30220910114176286,0.2478946397700802,0.21023843671973882,0.23965782236841807
0.2985903135523698,0.2505237066062347,0.21205301512157113,0.23883296471982435
0.29865468321595884,0.24495288488328384,0.21187642843220675,0.24451600346855046
0.3043712405637578,0.2506974049848771,0.2273814536359133,0.2175499008154519
0.29449653544763166,0.24826850437955936,0.21741766619783637,0.23981729397497262
0.301127952185363,0.24784933007869486,0.21860926512225726,0.23241345261368493
0.2987844068518992,0.25019020964098787,0.2191972088986742,0.2318281746084386
0.2960624105532505,0.24884698111487555,0.2096313266802413,0.24545928165163258
0.30192071184972774,0.24507662257937105,0.21580635887162408,0.2371963066992772
0.3046038780198668,0.2487163203857388,0.23276515903963302,0.21391464255476147
0.2978165581782651,0.2470228536321234,0.2298898654867723,0.22527072270283932
0.30269256830568025,0.24596627731209333,0.23343454490085122,0.21790660948137522
0.29975067325153343,0.24954710631470048,0.23436528860077702,0.21633693183298908
0.296526554916387,0.24793803303292258,0.22413966505112096,0.23139574699956938
0.3032852193838621,0.24449223938496745,0.2293957399359258,0.22282680129524457
0.30169754572524243,0.2503481599234199,0.2373722234565804,0.21058207089475728
0.294973598463378,0.24749303454400357,0.22400886253739982,0.23352450445521855
0.30098057920597926,0.24883457907073828,0.2239008520421061,0.22628398968117644
0.2992617205533013,0.24693255572414888,0.22407050509436002,0.22973521862818996
0.3005828808040212,0.249642682723253,0.22688983580434685,0.22288460066837906
0.3003621806683212,0.24365677268150882,0.2278444877404523,0.22813655890971765
0.3088240928601913,0.2435927886058035,0.24537502001730307,0.20220809851670216
0.30040285998675076,0.2471481131934733,0.24664641645401356,0.2058026103657624
0.2970525574408976,0.24849479965036012,0.23451578863074388,0.21993685427799842
0.29795049906242715,0.24849965648313255,0.2256102779539407,0.22793956650049974
0.29908188652882656,0.2482614793999851,0.22257042292198123,0.23008621114920705
0.3006077478005313,0.24701641517094583,0.22487375812866375,0.22750207889985913
0.3019318610277297,0.24716418458684952,0.2309648913496722,0.2199390630357486
0.30080386123176606,0.24688125302634853,0.2334133106286443,0.21890157511324104
0.29952764277133476,0.248857347173953,0.23200701237588717,0.21960799767882502
0.2967502405564929,0.24937512102929302,0.2229375394494403,0.23093709896477374
0.2970331822711123,0.24953894567339863,0.21375418663966342,0.23967368541582573
0.3022179855753368,0.2429058543854988,0.22035525974430412,0.2345209002948602
0.3115533785167486,0.24263404808123326,0.24702128671006826,0.19879128669194976
0.29823540017271916,0.250114536064024,0.2469803004455492,0.20466976331770764
0.29412556039890475,0.24793955241563276,0.2259454845639049,0.2319894026215576
0.30021048285338475,0.2486187574619299,0.22251776954837135,0.22865299013631385
0.29861825960915933,0.24848667262759033,0.22091101355561224,0.23198405420763807
0.3019464854733729,0.245160508567613,0.22611339421910603,0.22677961173990802
0.30195575901872534,0.25008036082373597,0.23444810884344133,0.21351577131409732
0.29543983363258675,0.24784080481832851,0.22328928541890183,0.23343007613018296
0.2996099271069211,0.24990005771645993,0.22030382755022487,0.23018618762639415
0.29798266189092326,0.24688161083513688,0.2170179203255094,0.23811780694843043
0.30089600321677934,0.2505327711031636,0.22117457414490135,0.2273966515351556
0.2992326643600794,0.2437349623957699,0.22191166573507926,0.23512070750907155
0.30794491742929864,0.24642406681442602,0.24120851377973587,0.20442250197653947
0.2967967614188509,0.24926122240010623,0.23651516118038174,0.21742685500066106
0.2966953223030178,0.2486319556082886,0.2238323735131777,0.23084034857551589
0.29985522749044746,0.24743618611265647,0.22200524030545007,0.23070334609144602
0.3005585754168323,0.24867817932677602,0.22536537784072053,0.22539786741567114
0.2989668672391745,0.24771195553919856,0.22427473292194688,0.22904644429968007
0.29990364961166793,0.2489662940996628,0.2247838923779389,0.2263461639107303
0.29805737266456467,0.24846197522608046,0.22102013798121392,0.2324605141281409
0.29929895052926897,0.24872297717359895,0.2197743140627561,0.23220375823437597
0.2995334823461856,0.2476981273998336,0.2203767572027578,0.23239163305122298
0.29892058594873455,0.2506300395927537,0.21977069578222047,0.2306786786762912
0.29903504855635904,0.2442086194182214,0.21894497809092933,0.23781135393449013
0.3084787681887521,0.2454384274898449,0.23958367637779396,0.20649912794360908
0.2983177288681129,0.24910413662514702,0.23943592743906908,0.21314220706767104
0.2965693223849669,0.2481705522208319,0.2267917393815004,0.2284683860127008
0.3003739569386412,0.24738090087832149,0.22535651900897632,0.226888623174061
0.2995200505397144,0.24950025635416134,0.2258939388652047,0.22508575424091956
0.2985313092968586,0.2467297264810431,0.2226049357041311,0.23213402851796716
0.3011627656180836,0.24962634146792745,0.22662327179763736,0.22258762111635166
0.2960727916049246,0.2491366896084312,0.21822273156019215,0.23656778722645208
0.29905418867064065,0.24806144247291606,0.21504958438518001,0.2378347844712634
0.2995410650674763,0.24942067092322578,0.21635285409020935,0.2346854099190885
0.2963998979581049,0.2499948959003516,0.20835119599827126,0.24525401014327222
0.3005901402948727,0.24368321203257373,0.2122493093112341,0.2434773383613194
0.3098465533365598,0.24549579389873144,0.23942562625878272,0.2052320265059261
0.29741313278107145,0.24996142240382807,0.23875987669486476,0.2138655681202358
0.29746306152932217,0.24581256996014011,0.22729705663595842,0.22942731187457927
0.3036244259799116,0.24733527938229924,0.23406668175975215,0.21497361287803687
0.2971446984487982,0.25021776485556985,0.2292238413461498,0.2234136953494821
0.29841595063932624,0.2455209145061514,0.22273732372955773,0.23332581112496456
0.3017515947704923,0.25115703600658895,0.22883506961043254,0.2182562996124862
0.29381083091505333,0.2484391834818156,0.2142844191520555,0.24346556645107567
0.30050396652782935,0.24826875065760304,0.21366801736727428,0.23755926544729342
0.3001899182486323,0.2478945786291322,0.21823551249684464,0.2336799906253909
0.2980207410184229,0.25145759175993204,0.21587493680472133,0.23464673041692377
0.29735131056144587,0.24447254739304208,0.2112945634443342,0.24688157860117788
0.30847595381119286,0.2465632748839297,0.23384219536564838,0.211118575939229
0.29888648473268553,0.24803612593040145,0.23645561237084078,0.21662177696607227
0.3004659959861807,0.24548940801651895,0.23342612406957017,0.22061847192773026
0.30422858122441815,0.24495124469388616,0.2402428033467906,0.21057737073490515
0.2981811343235374,0.2511134044155336,0.2372924122769565,0.21341304898397256
0.29387155662185743,0.24817753011097968,0.21815817964305123,0.23979273362411174
0.2999866903575766,0.2492147802290678,0.2154766040639626,0.23532192534939309
0.29773258105343164,0.2487361714851904,0.2123492724068981,0.2411819750544799
0.30020445743411084,0.24742450197620308,0.2148350227487604,0.23753601784092565
0.30141830505195155,0.24840860892844363,0.2223033871881982,0.22786969883140654
0.2976849293383048,0.25017587789561185,0.21953411576381582,0.23260507700226749
0.2999863636303008,0.244285127987038,0.21997262883385912,0.2357558795488021
0.3079744194266969,0.24546468880839564,0.2398692195590611,0.2066916722058464
0.2999317484376085,0.24695662257484047,0.24168868523307796,0.21142294375447315
0.29701411971227587,0.2503810965153993,0.2315066012075913,0.22109818256473351
0.29663563727661924,0.2470557673057052,0.21994906935806913,0.23635952605960645
0.3024418602348666,0.2479047586607351,0.22562265345250104,0.22403072765189735
0.3008084661117632,0.24626725920193873,0.22996842503899964,0.22295584964729856
0.29849308869196123,0.25220645564725136,0.22820874377374675,0.22109171188704058
