0.29764846471942935,0.23228740508183174,0.23106513208747084,0.238998998111268
0.30101543315272844,0.22833466516239756,0.23066762546484726,0.23998227622002663
0.30066471564791625,0.22809787430236547,0.23027302713162703,0.24096438291809125
0.30020796654899135,0.22901227002828692,0.2305582207697366,0.24022154265298523
0.2999641838587377,0.22976896298453683,0.23085371939978266,0.2394131337569428
0.3015641657427452,0.22655919507265979,0.22990106717154737,0.24197557201304765
0.3014897377695434,0.22584485628929707,0.22947738588901748,0.24318802005214205
0.2987529015000241,0.23147896793190853,0.23120225376159168,0.23856587680647576
0.3006345693845118,0.22897171284854212,0.23077784676316224,0.23961587100378381
0.2996484831139709,0.2304466971622728,0.23104420246609012,0.23886061725766608
0.3001873806569925,0.22969328568118724,0.23091180286608387,0.23920753079573642
0.30344404667848796,0.22248172960569362,0.22863942537419635,0.24543479834162202
0.2983300211066512,0.23150195975708726,0.23098107901019346,0.23918694012606806
0.29947847524314575,0.23140545856951916,0.23155935277295536,0.2375567134143798
0.2996212935183136,0.23113552331351384,0.23141657317849137,0.23782660998968114
0.2999610234068713,0.23037410149459675,0.23115296862691198,0.23851190647161993
0.2994878097430232,0.23117875001106633,0.23135718082939827,0.23797625941651218
0.3025410051250358,0.22486633366271025,0.22945577837403364,0.24313688283822033
0.2994339437861899,0.2298179009114216,0.23058875320847647,0.24015940209391215
0.30002302833619404,0.22983912446439844,0.23094486015255605,0.2391929870468513
0.3008439632081118,0.22811968808041755,0.23038436265643897,0.2406519860550317
0.3024596937142904,0.22417872075603407,0.22906328156949193,0.24429830396018373
0.3007444303883364,0.2267775663258736,0.22962973196233127,0.24284827132345874
0.30364689201310896,0.22112925121587923,0.22810319270328536,0.2471206640677263
0.2976974295897531,0.2324149389718139,0.23121566718131747,0.23867196425711554
0.30030284277503255,0.22986867206512296,0.2311515942586512,0.2386768909011934
0.29941629512491963,0.2311623863255257,0.23132536828604816,0.23809595026350663
0.2995710975708383,0.2311926590103775,0.2314214663533493,0.2378147770654349
0.30033257570222216,0.22960063234276273,0.23091568314973948,0.23915110880527568
0.30270256822205927,0.22408711746021623,0.22911405521046666,0.24409625910725768
0.29820100454699394,0.23221464902032254,0.2313023529217315,0.23828199351095192
0.29997658070525396,0.23055821108988533,0.23132707994483795,0.2381381282600227
0.3009875464937628,0.22802368178397872,0.2303846370718471,0.24060413465041142
0.3002415094693722,0.2289457487171999,0.23051638224552465,0.24029635956790324
0.29671465566025795,0.23658382387344712,0.2330128967878286,0.23368862367846638
0.3028940808156654,0.22553631234535515,0.23001776498982732,0.2415518418491522
0.29745459861725804,0.2342221119147037,0.2319891899997984,0.2363340994682398
0.2992006632697647,0.23274487888606396,0.23212801769513997,0.2359264401490313
0.29877837180376327,0.23329036517229923,0.23216306152399818,0.23576820149993927
0.29883791523110254,0.23331596663373022,0.23220858826507834,0.23563752987008882
0.2992135534067638,0.2325410772915908,0.23196009480215168,0.2362852744994937
0.30056792638481733,0.22948877330496886,0.2309482124872301,0.23899508782298376
0.2990311349467171,0.23193251273828897,0.23152694233509574,0.23750940997989808
0.300046254157644,0.23040138306744765,0.23121976225033797,0.23833260052457034
0.2984176442354772,0.23343964872863057,0.2320707324560658,0.23607197457982645
0.3002697830704234,0.23032391914707748,0.23128742967381957,0.2381188681086795
0.3009901401421586,0.22799210887494734,0.2303444178223589,0.2406733331605351
0.3043242343847947,0.22007749126066406,0.22780484805835802,0.24779342629618326
0.296154351393314,0.23543521696319833,0.23209331837510883,0.23631711326837893
0.2985244897235278,0.23438073945417756,0.23277129032048888,0.23432348050180576
0.29829123380225236,0.23469834614964633,0.2327220696156093,0.23428835043249197
0.29941921993894105,0.23246475630217087,0.2320206589742246,0.23609536478466345
0.29948563237868414,0.23176606683963494,0.23165035064781095,0.23709795013386986
0.3026694154278618,0.22478311085824196,0.22944829167797112,0.2430991820359251
0.299074099245039,0.23057946621648184,0.23081407060898013,0.23953236392949898
0.2993998388825837,0.23136476555832336,0.23146901382704785,0.23776638173204503
0.29997080809353416,0.2303907208637668,0.23118233875464758,0.23845613228805165
0.3016991610533906,0.22646737292015118,0.229893192540749,0.24194027348570926
0.2985569941878039,0.2321055734887099,0.23140968177059276,0.2379277505528934
0.30222674321623555,0.2257566759940845,0.22981533532556503,0.24220124546411492
0.29775740659540006,0.233599680413215,0.2318334358178487,0.23680947717353626
0.2976723221188147,0.23575473388897422,0.2330551127958598,0.23351783119635122
0.29845886032174085,0.23470333276615032,0.23281626737400632,0.23402153953810256
0.2998076315871996,0.23166113028763666,0.23175815461595634,0.23677308350920737
0.3008405669635733,0.22869501682053023,0.2306341840757852,0.2398302321401112
0.30259088231752146,0.22410068729190316,0.22905342578826882,0.24425500460230667
0.29782788595392024,0.23300429457032407,0.23155687108526626,0.23761094839048938
0.29935555593743823,0.23207036302116643,0.23185298805422183,0.23672109298717361
0.2993806470682404,0.23183402779860393,0.231667966536629,0.23711735859652672
0.3011785266531903,0.22798403625038524,0.23044579300967968,0.24039164408674493
0.2980798488302939,0.23352711483750033,0.23194450271651043,0.2364485336156953
0.30357871620726706,0.22324284249789367,0.2291242261029032,0.24405421519193604
0.29600890509053823,0.23662060255837303,0.23263741123382642,0.23473308111726227
0.2983985997571552,0.23498539735602067,0.23301669996481336,0.23359930292201064
0.30094512750949476,0.22931307949474652,0.2310408134297928,0.23870097956596598
0.3016202344067408,0.2263941653949199,0.22977349543875877,0.2422121047595804
0.3007327753203901,0.22745725838497827,0.2299575892853385,0.24185237700929305
0.30416824083219635,0.22021285523304426,0.22784707008003913,0.2477718338547204
0.2968650807436343,0.23394854112945965,0.23163669293622063,0.23754968519068545
0.30087273649453466,0.2290606701054844,0.23100183108445138,0.23906476231552945
0.30153547545607046,0.2264377726103787,0.22979531416376978,0.24223143776978112
0.30072338443452573,0.22746803923563585,0.22997119020101672,0.24183738612882166
0.298983211406244,0.23142447823280074,0.23128618096857856,0.23830612939237672
0.30363174014657,0.22251554422556577,0.2287825705565442,0.2450701450713199
0.2965653105557379,0.2352386422912239,0.23216198902265456,0.2360340581303836
0.3000019889543553,0.2312754411136044,0.2317551723763059,0.23696739755573434
0.2996712598226804,0.23102704769302815,0.23135066006745042,0.23795103241684107
0.3006848823010053,0.22882135745246857,0.23065824143463357,0.2398355188118926
0.29854292073413874,0.23276492455460188,0.23176018748580035,0.23693196722545912
0.3027376414826102,0.22486041171169424,0.22956445904101364,0.24283748776468198
0.2980068730701217,0.23285273081483893,0.2315334601545849,0.2376069359604545
0.30119144044323143,0.2281659896466687,0.23061434299239633,0.24002822691770342
0.30066246463768487,0.22808419040219066,0.23024808982709047,0.2410052551330341
0.2998398828860971,0.22979884967981795,0.23080101606706802,0.2395602513670169
0.3008129127526584,0.22817240030693461,0.23040627056255306,0.24060841637785393
0.30507414368001795,0.21843412075995292,0.2273335940997944,0.24915814146023482
0.2955599429422956,0.23623615970609768,0.23225275759814137,0.2359511397534654
0.30079081016643167,0.22981785290299367,0.23139441161203997,0.23799692531853467
0.29911082000533534,0.23181624908693832,0.231507081443271,0.23756584946445528
0.2996672473813779,0.23117135227513458,0.23145333974054122,0.2377080606029463
0.29997633630081655,0.23035807197899824,0.23114628415016336,0.2385193075700217
0.30132566348334455,0.22726794194287786,0.2301364800425986,0.24126991453117902
0.29903474375390593,0.23130970458845315,0.2312083949196618,0.23844715673797906
0.2973841019648783,0.23578824342997526,0.23291007310335082,0.23391758150179556
0.3017088143212105,0.22787578446624893,0.23067377497484395,0.23974162623769657
0.30179289683100324,0.22561864677468343,0.22944444623732732,0.24314401015698592
0.30096235957684486,0.2267327296849119,0.22969784249598782,0.24260706824225542
0.30218099723367603,0.22435163970204122,0.22906230798615076,0.24440505507813198
0.2953275797695993,0.23824707218921468,0.23328187990414267,0.23314346813704354
0.3000733542223398,0.23188606715905832,0.23213658754049846,0.23590399107810336
0.2976491994320969,0.23543801180686366,0.23278042763660006,0.2341323611244393
0.2998465354797121,0.2317511937036285,0.23185335253012776,0.23654891828653168
0.3004935406862292,0.22945179823114242,0.2308741514885564,0.23918050959407203
0.2993783972543955,0.23118998607967,0.23129359468799565,0.23813802197793876
0.29776999850524444,0.23498363796868665,0.23262711925311239,0.23461924427295644
0.30049462131086146,0.2302484204514914,0.2313598140855307,0.23789714415211652
0.3013767746025395,0.22715783020157468,0.23007111857594242,0.2413942766199434
0.29902370988518306,0.23131619096431272,0.23120046712494083,0.2384596320255635
0.2995468446988858,0.23126634920895972,0.23146972289891218,0.23771708319324236
0.30219070803603865,0.22563979100478945,0.229695910485526,0.24247359047364586
0.2963108698542152,0.2366034650613077,0.23279191943026975,0.23429374565420746
0.29843886902288214,0.23491285856295183,0.23297932550570538,0.23366894690846063
0.29804025178543825,0.23538140882903377,0.23296439516216458,0.23361394422336346
0.3002553118816365,0.23089633102860757,0.2315628909949997,0.23728546609475626
0.3000109553063633,0.2302588539950138,0.23107027429783786,0.2386599164007851
0.29984290492384097,0.23041490576015794,0.23110585207373002,0.2386363372422711
0.2991163593384158,0.23196976709136394,0.231613195852699,0.23730067771752128
0.29969764407145333,0.23114550712463006,0.23145273180263035,0.23770411700128632
0.3007102382775217,0.2287954601656011,0.2306555290443006,0.23983877251257646
0.29854143449208276,0.23276270947166952,0.2317570612658667,0.236938794770381
0.30088135778752173,0.22883606164065406,0.23079036784557252,0.23949221272625176
0.30410885050341835,0.2208022477623273,0.22806127266749338,0.24702762906676104
0.2931719860968965,0.2418330410226478,0.23423170105720909,0.23076327182324669
0.29762344446966665,0.23779862284707065,0.23429655128834215,0.2302813813949205
0.30177542548419667,0.22829235752161314,0.23088061424384282,0.2390516027503473
0.29752405753265604,0.23483457860719453,0.23234285859428794,0.2352985052658616
0.29898104236487255,0.2333936881546143,0.23235326262606232,0.23527200685445088
0.30330384853158304,0.22385442836030287,0.22925636734783295,0.24358535576028106
0.29788533303520587,0.23286829425937308,0.23146609434640245,0.23778027835901858
0.3004406696459466,0.22976313166718773,0.2311163653718015,0.23867983331506423
0.3023717289751561,0.22484005316905892,0.2293490763096945,0.2434391415460906
0.30533379125196175,0.21687762310421427,0.2266638104111422,0.25112477523268184
0.30623140979075214,0.21224844986778965,0.22487716647435174,0.2566429738671065
0.30711716095196445,0.20842505743097767,0.22359300081842257,0.26086478079863534
0.2998154857965174,0.22384015435298354,0.22799573082582686,0.24834862902467206
0.29984742836849687,0.22822807367486453,0.23025398461637653,0.24167051334026204
0.30490080344607473,0.21863074172903024,0.22748307709600946,0.2489853777288856
0.30211253083712736,0.22211883666746884,0.22790084559945248,0.24786778689595132
0.30134836319626607,0.2247366184726556,0.2289672047292902,0.2449478136017881
0.30439440473949575,0.21878564883403318,0.22731154279604007,0.24950840363043097
0.2976586562046458,0.23180317013069066,0.2309058908200871,0.2396322828445764
0.30313348830093767,0.22358545667789292,0.22920548126994372,0.2440755737512258
0.30143797226067026,0.22508648030579206,0.22906518326923223,0.24441036416430548
0.30078397877338414,0.22688938775512987,0.2297556209816126,0.24257101248987353
0.3032965159027001,0.22192150100522778,0.22834765636365778,0.24643432672841442
0.3029701382391387,0.2212145257356711,0.22782250810636653,0.24799282791882374
0.29761291824780495,0.2325667625128874,0.2313026566928573,0.23851766254645035
0.30105379741705407,0.22829362017845103,0.23067727256256126,0.23997530984193347
0.29955834126034653,0.2304406904571514,0.23100060103017658,0.23900036725232546
0.2987131214677429,0.2327958444089635,0.23189250786629906,0.23659852625699443
0.3020200483855989,0.22641480880504564,0.2300359132057593,0.24152922960359618
0.30078826543741444,0.22735345576560637,0.22990916917573934,0.24194910962123978
0.29717172221824123,0.23521577960730938,0.23247886314954194,0.2351336350249074
0.3026732709958914,0.22562841520858795,0.22997045284355536,0.24172786095196533
0.3003437880077519,0.22810009448238666,0.23007912668882924,0.24147699082103213
0.3016454080661174,0.22591707571650868,0.22961807478213273,0.24281944143524115
0.29951790010872736,0.22987664787467665,0.2306978962215409,0.23990755579505507
0.302263472921886,0.22504657704739262,0.22946738255448237,0.24322256747623902
0.29618803999747756,0.2366704638087542,0.23279172259889705,0.23434977359487136
0.2973645509684487,0.23713100617857102,0.23370960719003014,0.23179483566295017
0.3001404156892288,0.23155536397835214,0.23188597940643627,0.2364182409259828
0.30123345137118585,0.22784231325543003,0.2303489902719039,0.24057524510148026
0.30135585298294304,0.22654338117926584,0.2297475206006213,0.2423532452371698
0.3010914876782997,0.22670093874582353,0.22974731156458256,0.2424602620112943
0.29960482203392685,0.22989668149296683,0.23076089601751248,0.2397376004555938
0.29969189096863974,0.23056008706391712,0.23116832068759238,0.2385797012798508
0.2994796786899938,0.231212596938606,0.23139383028885444,0.23791389408254585
0.30142903323947356,0.22725956482767753,0.23019517724886623,0.24111622468398253
0.30236448961987655,0.22416480182893073,0.22899416464139502,0.24447654390979767
0.303329080586506,0.22112198510129175,0.22791461925822135,0.24763431505398104
0.2951635206693588,0.2377271330741878,0.23292749473820334,0.23418185151824994
0.29671973655217365,0.2386531246962098,0.23430806718665292,0.23031907156496356
0.3025645119166775,0.22681007605066314,0.2304999166475943,0.24012549538506497
0.3009558500846442,0.22716570789453422,0.22983284672289422,0.2420455952979274
0.3015435943937276,0.22591011141591621,0.22954402124477877,0.24300227294557739
0.3013479947073118,0.22594431578840823,0.2294868467288996,0.24322084277538047
0.29766393224181864,0.2337861123985994,0.23194494168378751,0.2366050136757944
0.30244214287249344,0.2257197667513906,0.22992028290345498,0.24191780747266103
0.3006951838463781,0.22734951972105344,0.22986462875955951,0.2420906676730089
0.3030235221321212,0.22270213656803672,0.22859488411802217,0.24567945718181988
0.2997690479824828,0.2284433614353192,0.23006377315662913,0.24172381742556875
0.30348438119992555,0.22194128301294744,0.22846323381874223,0.24611110196838493
0.296058063318581,0.23609730578186458,0.23242883566451078,0.23541579523504355
0.2993702532315656,0.23279527942955222,0.23229949178812748,0.23553497555075473
0.3017339325147412,0.22704503757495678,0.23020144375738824,0.24101958615291383
0.3016252192638322,0.22573682540685347,0.229446881753501,0.24319107357581343
0.30022093649448356,0.22834259815922336,0.23020983416822846,0.24122663117806456
0.3012985828671897,0.22670641043224107,0.2298816827642957,0.24211332393627347
0.30036754645448094,0.22827290438911157,0.23024843263886802,0.2411111165175395
0.3016759112470656,0.22588092801824558,0.22961794810908337,0.24282521262560547
0.30135759312225974,0.2259148129332298,0.22947158615748697,0.2432560077870235
0.3016901035208495,0.2251824956286414,0.2292664972370501,0.24386090361345897
0.3004683050260165,0.2276091389996751,0.22996857799557105,0.2419539779787375
0.3037800413640504,0.22107315238751596,0.22813271454569148,0.2470140917027422
0.2966296453516368,0.2346668968913043,0.23192000876750687,0.23678344898955211
0.29843258486311697,0.23437937700848333,0.23271768529101924,0.23447035283738035
0.301557498994916,0.2278263663721701,0.23055486551336118,0.24006126911955272
0.3010222799967309,0.2272590042414462,0.22995462504544245,0.24176409071638033
0.30008926849928225,0.2290529661264187,0.23051661548359792,0.24034114989070113
0.302175111768967,0.22503118298457556,0.22939940855324054,0.2433942966932168
0.2994090446717824,0.22987936789207858,0.23063730278802536,0.24007428464811364
0.3022492575341356,0.22507294087806068,0.2294810432409538,0.24319675834684984
0.3023813942312753,0.22346947223832736,0.22866638013934307,0.24548275339105427
0.30131882578426816,0.22529234612825738,0.22915741427651418,0.2442314138109602
0.3026615535519475,0.2228431798799729,0.2285411148138137,0.24595415175426602
0.30455876439513047,0.21791706114226797,0.22690521343789413,0.25061896102470743
0.29606537001605077,0.23494148480021596,0.23185333795446209,0.2371398072292712
0.29839551636738415,0.23447086770106046,0.23279241974846093,0.23434119618309426
0.30230673337989517,0.22623348006715543,0.2300717048494418,0.24138808170350756
0.29859794400851525,0.23199198982579308,0.23133379246706223,0.23807627369862933
0.29999554794108824,0.23049856927182158,0.23127445550579667,0.23823142728129346
0.3028382355376003,0.22403398934989432,0.22915200983101736,0.24397576528148804
0.2982101530906787,0.2321895163737331,0.23128531043489894,0.2383150201006891
0.3036865983271061,0.2225916019653333,0.22887419522352656,0.2448476044840339
0.30205961921724694,0.22348350347899332,0.22850416992791428,0.24595270737584538
0.3016473898375797,0.22455958925144404,0.2289525327402246,0.24484048817075169
0.3006924769841843,0.22691057433959272,0.22973844326328308,0.2426585054129399
0.3051479779291811,0.21780490123245855,0.22712081213037982,0.2499263087079804
0.2972071641877341,0.23253764161997267,0.23105645172141737,0.23919874247087575
0.29915388456196323,0.23228632361605228,0.2319416661552538,0.23661812566673077
0.300482297072886,0.2295288073727665,0.23096950116935078,0.23901939438499673
0.2982975042686669,0.23346328332066682,0.23202285570940762,0.23621635670125873
0.298082817992044,0.23490351743314158,0.23274842939487755,0.23426523517993691
0.3034900193312461,0.22384768489113455,0.22936040616655087,0.2433018896110684
0.301571037885372,0.22497591046840748,0.22900381466255706,0.24444923698366358
0.3026474815943208,0.22283735911507313,0.22850331370838367,0.2460118455822223
0.30233024499951827,0.22287978536013325,0.22839235957229995,0.2463976100680484
0.3004347761303374,0.22699131005985848,0.22966626959629616,0.24290764421350797
0.3010304071410826,0.2268464002920551,0.22987304670826456,0.2422501458585978
0.30332036223357817,0.22186753806043474,0.2283168582748759,0.24649524143111112
0.29673115196955363,0.23466194598269746,0.23197089524704106,0.2366360068007079
0.298446468520704,0.2343550163578284,0.23270497926448347,0.2344935358569841
0.29971919612245534,0.23170925816156535,0.23176923613757652,0.23680230957840273
0.30305920880157194,0.22392593050075382,0.2291740505400058,0.2438408101576683
0.3000494213527952,0.22826277692527142,0.2300401620459676,0.24164763967596578
0.30052257453228265,0.22835081910068733,0.23039129659206883,0.24073530977496113
0.2987705810821979,0.23210652494374343,0.23154910164545342,0.23757379232860523
0.30486804390858807,0.2200068351665066,0.2280601417753662,0.24706497914953904
