0.28996830145767777,0.24336121453916668,0.22036019824339467,0.24631028575976086
0.2879687806086235,0.24570641252210593,0.22214233979249717,0.24418246707677335
0.29679724932106677,0.2404537660020539,0.21709065901702487,0.24565832565985443
0.29094703685176715,0.24560954331037765,0.21891378003186826,0.24452963980598702
0.2775808566026595,0.2495233487362797,0.22727615301768533,0.24561964164337555
0.29412382083926547,0.23694817321650707,0.21954364772766904,0.2493843582165583
0.28853296899566044,0.24960922379678252,0.22170970391578768,0.24014810329176944
0.29201545966951226,0.24466424537859183,0.22107009739137456,0.2422501975605214
0.30532953915368305,0.23735708228799657,0.21191174347380462,0.2454016350845158
0.27175844597942933,0.25875177461614185,0.22944885179199406,0.2400409276124347
0.28806768332925964,0.23612762371352253,0.22399430632555567,0.25181038663166216
0.2928084778265511,0.24607894467640284,0.22020008510204298,0.240912492395003
0.2931174490841515,0.24807072324955468,0.22076458449082234,0.23804724317547143
0.2905112321257914,0.24881353848699347,0.2225452008277215,0.2381300285594937
0.30393697345841936,0.23883590353996273,0.21415809705019093,0.24306902595142696
0.28069464281378664,0.25498018402034545,0.22532944208489988,0.23899573108096805
0.28829570959079853,0.24009729631393786,0.22305939704153802,0.2485475970537255
0.29428023435279976,0.242637801426039,0.21850501196007815,0.24457695226108309
0.29739110902255433,0.2419257363557042,0.21567819808990665,0.24500495653183488
0.28341981274551187,0.24762838067105736,0.22235637646905113,0.2465954301143797
0.29614575715522595,0.23270479382614298,0.21457277526176807,0.25657667375686294
0.2663574116479971,0.25555430456821465,0.23040258663510524,0.247685697148683
0.29146359998312393,0.23161583840621427,0.22107431639188416,0.25584624521877763
0.29001802355108025,0.2490239765906019,0.22060256497836706,0.24035543487995065
0.2907459495146477,0.24761609108338256,0.22224873053760708,0.23938922886436279
0.29579120996853436,0.2448989506610352,0.21941321965614788,0.23989661971428253
0.301997224541094,0.24145667906838078,0.21434612927864494,0.24219996711188027
0.2739761595153204,0.25722754047350493,0.2293605583135764,0.23943574169759832
0.2919921705074727,0.23618543723378382,0.2220626601641547,0.24975973209458874
0.2973803584827527,0.24444903938982485,0.2169489696937578,0.2412216324336646
0.2885074876574054,0.24969075796039963,0.22193177528579525,0.23986997909639965
0.2755091644814938,0.25395238754316135,0.23148314276654966,0.23905530520879514
0.3149583482494508,0.22917814415451446,0.21008019716612797,0.24578331042990675
0.2756316595777062,0.2675626390450549,0.22905283130277998,0.22775287007445896
0.29315815346119545,0.23966066046906165,0.22385768290428792,0.24332350316545487
0.2932698199596417,0.2505120870871595,0.22186165565640273,0.23435643729679595
0.29217541480438636,0.25154120885159614,0.22342413036686162,0.2328592459771559
0.29547308875772244,0.24904894701250518,0.22166507052088427,0.23381289370888805
0.29924764767383427,0.24709551490634327,0.2186488992623311,0.23500793815749146
0.28715940153368014,0.25377245496003553,0.22474839244625885,0.2343197510600255
0.2944508413085351,0.24379901416962563,0.22126131029212662,0.24048883422971262
0.2860110728077328,0.2528046748297064,0.22542516602508025,0.2357590863374805
0.29840939900450847,0.24273486847734108,0.21933931373383722,0.23951641878431323
0.2976369960884643,0.24751902836556353,0.21787333635766526,0.23697063918830688
0.305413514184046,0.23808465923781938,0.21145485795497465,0.2450469686231599
0.2597707051081428,0.2641142741604791,0.236286551951323,0.239828468780055
0.2899746534067762,0.23104930042578187,0.22542592522735533,0.25355012094008667
0.29429139855560993,0.2509927764933857,0.22093511411230238,0.23378071083870197
0.29792459607806177,0.25061840778466465,0.2203170288642787,0.23113996727299477
0.29575387644564216,0.25146977686729716,0.22118081865526207,0.23159552803179867
0.3065859791383435,0.2411708699896654,0.2137072569035975,0.23853589396839353
0.2793266159355025,0.25730888963017295,0.22690850929326525,0.23645598514105926
0.2871498238576489,0.2408429075946678,0.22472537432277745,0.24728189422490593
0.2937662522756845,0.24428153361731245,0.22004336326860655,0.24190885083839653
0.29915625408652313,0.24359216999191372,0.21634057758689001,0.24091099833467314
0.2796173292651961,0.2548880776786356,0.22714466285232182,0.23834993020384646
0.302135150830162,0.2335947315010552,0.21549871827838213,0.24877139939040066
0.2759039787191822,0.25915386874132307,0.22848093104538847,0.2364612214941062
0.285724361721699,0.2441878503115651,0.22759607985373917,0.2424917081129968
0.29692165491878453,0.2472963021490295,0.22115778228238492,0.234624260649801
0.3005222289742131,0.25042957436447855,0.21873483100571284,0.23031336565559554
0.2998582462471597,0.24913689454681073,0.21816623172059063,0.23283862748543888
0.3003839577181765,0.24365000207426687,0.21585522112538208,0.24011081908217452
0.2720802472649489,0.2571063357057908,0.23096281310392197,0.2398506039253384
0.2908895358007316,0.2367226943343969,0.22337689163216712,0.24901087823270432
0.293603703775838,0.24835284671277083,0.2204423610914336,0.23760108841995764
0.2999176358041361,0.24485947550986553,0.21714244651505016,0.23808044217094815
0.280768298343036,0.25672754686352595,0.22773463175801512,0.23476952303542303
0.31135268388797604,0.2305286711684628,0.21090359663786892,0.24721504830569216
0.2654209845416674,0.26935959941446697,0.23445994762830902,0.23075946841555667
0.2932275819346954,0.23541172763892854,0.22504562631507147,0.24631506411130466
0.3081825258705038,0.24413764029694188,0.21317828698251667,0.2345015468500376
0.29797946097909855,0.2517223376235797,0.21750282709428045,0.23279537430304126
0.2881417398853592,0.24755501079190628,0.2223544116431579,0.24194883767957662
0.30104441349434796,0.23338435959089793,0.2129047724229187,0.2526664544918354
0.2621727235503624,0.26026235681912974,0.23347637852209824,0.24408854110840952
0.29604278328950256,0.2272824294029592,0.21943860007268157,0.25723618723485675
0.2981859672171767,0.24576843051444203,0.21478140216857255,0.24126420009980876
0.2867787391211827,0.24891755685278225,0.22185235307741344,0.24245135094862164
0.2817536436057177,0.24605335313861218,0.22579892276168378,0.24639408049398637
0.306598176260266,0.23176358598519203,0.211296228753763,0.250342009000779
0.2659704985497811,0.26515259909520955,0.23295989167406655,0.23591701068094276
0.2968355468017836,0.23139180678392685,0.22097591216000115,0.2507967342542885
0.29496990848098,0.25055686659925036,0.2190340426365412,0.23543918228322844
0.295542787665617,0.2471941298643595,0.21967064578136816,0.23759243668865523
0.2841435535171057,0.25264120367803466,0.2260358749900035,0.23717936781485624
0.30662071698428334,0.23476668177079021,0.21333707429169455,0.24527552695323188
0.2757131752502634,0.260792087503365,0.22856812172643615,0.23492661551993538
0.2983106837589156,0.23419663680540606,0.21869584475357626,0.24879683468210206
0.2924587469537041,0.24856195931506594,0.21898671567136554,0.23999257805986457
0.2857008731656055,0.24792063550601037,0.22379368562064,0.24258480570774413
0.293579443935883,0.24081125943986476,0.21945492613696185,0.24615437048729044
0.30812331843459073,0.234568438127954,0.20862166826155912,0.24868657517589615
0.25533408665331764,0.26755467863591986,0.23777639177209414,0.23933484293866827
0.29935118437665564,0.222502800584815,0.21932062629720583,0.25882538874132355
0.29042182343686335,0.2543510863634938,0.22029724174129625,0.2349298484583466
0.2918274493622404,0.2478577425359157,0.22242597810533712,0.2378888299965069
0.29494078520846173,0.24622441582598653,0.2202594359733299,0.2385753629922219
0.2972959974415281,0.24482196617145963,0.21800326059133673,0.2398787757956755
0.28284862516614623,0.25244817546589043,0.22562494272609804,0.23907825664186544
0.2813686358453529,0.24885709359869454,0.2290233021502083,0.2407509684057443
0.3098230800625896,0.2357460162781732,0.2128834799389752,0.241547423720262
0.2975440095625226,0.25171984779708034,0.21643712137231266,0.23429902126808436
0.2863897585439474,0.24694129722599614,0.22258823028772817,0.24408071394232828
0.29185148379829623,0.23739588364362332,0.2181848716324902,0.25256776092559025
0.2621112377116897,0.2600805586152398,0.2361866923347018,0.24162151133836876
0.3037289203540646,0.22898980956408135,0.21797549448164305,0.24930577560021105
0.2879944435488087,0.26079596259468274,0.2239263004851958,0.22728329337131278
0.30027270535429984,0.24560959463599713,0.21989969739969722,0.23421800261000578
0.2995470457665519,0.24943415669712926,0.21817140576224417,0.2328473917740747
0.2875315087181929,0.25309588498504343,0.22462638737526952,0.23474621892149417
0.28398682852876556,0.2504265053599695,0.22785967374973648,0.23772699236152842
0.30264934934407806,0.24064570206218885,0.21739976198259325,0.23930518661113975
0.2996778214403312,0.24891207039657448,0.21657745422084942,0.2348326539422449
0.2821113616850496,0.25395194319353603,0.22658945703037958,0.23734723809103472
0.2905124287959158,0.24195748914202858,0.22308120966406028,0.24444887239799526
0.3029952359875668,0.24009882556896076,0.2142401991946344,0.24266573924883814
0.26914411860975,0.26414060112451654,0.2335768748206793,0.2331384054450542
0.29483964859538403,0.23734271918318542,0.22387047105274824,0.2439471611686822
0.294260333243283,0.2540172637957185,0.22219754531270997,0.22952485764828856
0.3033029478273083,0.24778386822471254,0.21777612639513472,0.2311370575528444
0.29528570893690465,0.2529921466124692,0.2207274105984339,0.2309947338521922
0.2909132055992954,0.24913079270916302,0.223079614327234,0.2368763873643075
0.2884303513752452,0.24848272296643462,0.22421554827058188,0.23887137738773834
0.2932747520058904,0.24572917482381465,0.2215938148979275,0.23940225827236744
0.29706356863540667,0.24562082752532496,0.21860463396706634,0.23871096987220203
0.28333199530045977,0.2540101621379672,0.2263407647825762,0.2363170777789969
0.299263061923123,0.2392514337329808,0.21827364273379418,0.24321186161010208
0.3077136010890631,0.2395273481190092,0.2100860676257656,0.24267298316616218
0.24948884476067085,0.27521920204723277,0.24434421747505036,0.23094773571704613
0.2996283998878338,0.22598711095972907,0.22463410645781795,0.24975038269461913
0.3197679403073216,0.24454144115981272,0.2069904859488542,0.2287001325840116
0.2779888626512192,0.2716206643255378,0.23042405569283034,0.21996641733041264
0.2958138993363197,0.241362828602159,0.22366919498692828,0.23915407707459313
0.313844226755035,0.2389394490118329,0.20949103310246853,0.23772529113066354
0.27293071178030054,0.26551061433034123,0.23076441635713507,0.23079425753222318
0.2954466950093443,0.234030453400207,0.22116517153120174,0.24935768005924694
0.30205781532001147,0.24230243446139865,0.21365241268265803,0.24198733753593185
0.30310184947019053,0.23839797550130354,0.21030056088287324,0.24819961414563263
0.28951752672704295,0.23599317615212972,0.2122559107432308,0.26223338637759647
0.2761197539767911,0.22846036944547213,0.2127030517219939,0.2827168248557429
0.2447935397596461,0.2385943285962911,0.2268431115659239,0.28976902007813904
0.26439804671591965,0.22410209477568857,0.22421591819554995,0.2872839403128419
0.30058294169694316,0.22623770681923688,0.20679667213172753,0.2663826793520924
0.2791026909857163,0.24856746043328468,0.2181162152241884,0.2542136333568106
0.2764503876058517,0.23598644007198788,0.2221845997494235,0.26537857257273684
0.2927426124852246,0.22916734760025156,0.21232760731602693,0.26576243259849697
0.2615347033913035,0.2547160014318657,0.23019897786096774,0.25355031731586314
0.2991064386388267,0.2226633051016445,0.21409891057132288,0.26413134568820595
0.28717719461611774,0.2485170734921175,0.21742621279783544,0.2468795190939294
0.28186339731150317,0.2425612689057753,0.222726824449437,0.25284850933328445
0.2960409280255874,0.23296109876951582,0.21407537102523214,0.2569226021796647
0.2864123271484452,0.2422925934012232,0.21690558938528035,0.2543894900650512
0.2641551555447472,0.24968900447256168,0.23132492449140188,0.2548309154912892
0.29443510511523424,0.228691864677101,0.21836420268892423,0.25850882751874055
0.28768823236064406,0.25090479367535584,0.22076689630028473,0.24064007766371528
0.2854932216839432,0.24863395213135311,0.22517667768209274,0.24069614850261084
0.30549479908324234,0.237178818113076,0.21382669173572083,0.24349969106796085
0.2892082343809526,0.2522491077540446,0.22058864113916507,0.23795401672583769
0.2739033611982717,0.25291199525706215,0.23164711598099252,0.24153752756367364
0.3104769822520471,0.22895134590354774,0.21182414880751138,0.24874752303689388
0.2874129427766309,0.2565574348299303,0.22092160283111936,0.23510801956231933
0.2920168414858979,0.23975889047924842,0.21983572391855488,0.2483885441162988
0.2817385465871016,0.2477776088753087,0.22434601408607216,0.24613783045151752
0.2971444903164655,0.23558773501946056,0.216291291507354,0.25097648315671994
0.2680094513445111,0.26094535885747877,0.2329323203669779,0.23811286943103227
0.28973387731616607,0.24005533015817046,0.22672476461700616,0.24348602790865742
0.3085141402950664,0.24441260247883398,0.21427274362885113,0.23280051359724857
0.3014365052037986,0.25276348995500403,0.21669496199813307,0.22910504284306427
0.2940084126560243,0.24799840726094624,0.21993571591505098,0.23805746416797846
0.28845482085551516,0.24432724793271543,0.221492557063065,0.24572537414870443
0.2820316430357463,0.2458213050140243,0.22475208685686063,0.24739496509336872
0.28786170460138005,0.24238921084896786,0.22259423733126846,0.24715484721838377
0.28986270996029356,0.24644690059950838,0.22192191356777574,0.2417684758724222
0.2994456694005331,0.24191852199413755,0.216598808172925,0.24203700043240434
0.296772218972066,0.24440703295781357,0.2161314129295342,0.2426893351405862
0.29265448262086885,0.24032464815428975,0.21630798560003914,0.2507128836248023
0.25647907972687384,0.25954327993531695,0.2380067654229896,0.24597087491481961
0.28733488375025085,0.23408764905080648,0.2284143012063208,0.2501631659926219
0.32297588300381874,0.23637226371395173,0.20531626858676513,0.2353355846954644
0.2923840902266629,0.2615975512827661,0.21983413141642244,0.22618422707414845
0.29145265028692474,0.24216877353030353,0.22106245736678024,0.24531611881599152
0.28794660872633776,0.24222243989392322,0.22048741882810005,0.24934353255163905
0.27284430703016377,0.2512782496329319,0.22998373158078,0.2458937117561244
0.3056245453650109,0.22981563832854907,0.21331685079588228,0.2512429655105577
0.28857797970742355,0.25304010859181636,0.21973233283115445,0.2386495788696057
0.2960242911571746,0.23692264384214057,0.2161964875431227,0.2508565774575622
0.2770524643685076,0.24925762102577798,0.22496491975268867,0.24872499485302574
0.2969964873232389,0.2301261559752154,0.21453848173036044,0.25833887497118524
0.2625300463381082,0.2611020644465879,0.23364298334789843,0.2427249058674055
0.29514469740686144,0.23141806930420053,0.22187049604378506,0.25156673724515305
0.30738281294748904,0.24374581097999162,0.2117811493888043,0.23709022668371496
0.2931842967880657,0.25125106633490374,0.21889351974196983,0.23667111713506084
0.28400059532099464,0.24602872047923144,0.2239749751158773,0.24599570908389654
0.29081089436278507,0.23869726659755014,0.21971100821969344,0.25078083081997127
0.285901511800148,0.2457811595037721,0.22159249379196885,0.2467248349041111
0.2928417890299149,0.23941232666125525,0.21812359330128134,0.24962229100754857
0.2885852651734003,0.24396152712229716,0.2193559828361136,0.24809722486818894
0.2882755335091245,0.24073156355617462,0.2193603505396579,0.2516325523950429
0.2825956978098288,0.2437691496238455,0.22233619012322725,0.25129896244309846
0.29855834646487706,0.23262629656875408,0.21302526559983223,0.25579009136653663
0.2628620514639486,0.2600420511923511,0.23300084921204275,0.24409504813165755
0.28862202813330123,0.23384685031545885,0.22518454879070113,0.2523465727605388
0.3085306345810968,0.24072814458595765,0.21178883165360557,0.2389523891793398
0.2929067630622838,0.253679118075446,0.2193935395779588,0.23402057928431144
0.2862740095395809,0.24651288305139307,0.22375407750019644,0.24345902990882973
0.2966626466669958,0.2374870551503759,0.21678232976958317,0.24906796841304507
0.2797065901131654,0.25142039305109054,0.2250563602840294,0.24381665655171472
0.29703510298464836,0.23419906319771824,0.21652154525854103,0.25224428855909237
0.2921227347814536,0.24369098185063365,0.21643434050096838,0.2477519428669444
0.2821862001706824,0.24354295536014453,0.22173885971326537,0.25253198475590777
0.2893811448735363,0.234804685832087,0.21718194100044239,0.2586322282939344
0.2927259511407842,0.23513094271364052,0.21269474459694213,0.2594483615486331
0.25450372450862346,0.25742341958569515,0.2353724262453681,0.2527004296603133
0.2870724030412417,0.22880852776457575,0.22523641776716585,0.2588826514270165
0.31187404983373734,0.2386395473646832,0.20894850036643936,0.24053790243514006
0.27998689690198664,0.26293251841804094,0.22670987803117126,0.2303707066488013
0.2936238375326215,0.23934038124099197,0.22200054456149615,0.24503523666489033
0.3048844455250224,0.2396810674113201,0.21264742388523147,0.242787063178426
0.2737918123981272,0.2593447798986367,0.22937033407200136,0.23749307363123467
0.3068593863542781,0.22656539013786217,0.21220040151577113,0.2543748219920885
0.28792236327832266,0.24974356818790977,0.2178639870436103,0.2444700814901573
0.28192333686584947,0.24015290207110307,0.2218540254198487,0.25606973564319874
0.2810357463442195,0.23950069639060198,0.22201844238305496,0.2574451148821236
0.3013337036225749,0.2295079823016394,0.20973589568907283,0.2594224183867128
0.26003609887194373,0.25979713673693394,0.23207360101068783,0.2480931633804346
0.2856383756045229,0.23025299880989708,0.22474787960929105,0.259360745976289
0.2988151502922859,0.242875286594882,0.21593690598051477,0.2423726571323174
0.28340082249776327,0.25668191758803227,0.22598391031864165,0.23393334959556275
0.2896209247197896,0.24708715709494983,0.2253580650608935,0.23793385312436693
0.3169921967028251,0.23517775117453715,0.20819021616335223,0.23963983595928556
0.2892111675134221,0.2559886921805734,0.21989718357007404,0.23490295673593062
0.2896478599666221,0.23745892788889747,0.21928223673365296,0.2536109754108274
0.2847988543171524,0.23936819338647675,0.21894104641315712,0.25689190588321364
0.2762268716847469,0.24245363479222967,0.22377858145002053,0.2575409120730029
0.28562285475092086,0.23635500017375669,0.22012984082743273,0.2578923042478898
0.29650763374665706,0.2362048188635522,0.21328595606272188,0.25400159132706895
0.26404299058679037,0.2587243509651387,0.23271993191128915,0.24451272653678172
0.2892922899189941,0.2343781153145299,0.2247679841224874,0.25156161064398874
0.3002570742922034,0.24631407242019396,0.21714586583010903,0.2362829874574937
0.30890813177773513,0.24308535737472195,0.2115080050507578,0.23649850579678508
0.2821922028376486,0.25551554304086554,0.22466468256194383,0.237627571559542
0.28708376235763067,0.23915552185963176,0.2229821989439717,0.2507785168387659
0.28249251900005196,0.2476452478817254,0.2251207233821138,0.2447415097361088
0.3135576721378543,0.22934416940974428,0.20738353898343226,0.24971461946896914
0.2781377629852456,0.2569435580517329,0.223351302999036,0.24156737596398536
