0.29417307267056586,0.23023550718171634,0.2428598201271104,0.23273160002060742
0.2941464016341414,0.22778933407835153,0.2453399605063634,0.23272430378114364
0.29449536631001794,0.22817284163135643,0.24510110688587236,0.23223068517275325
0.2941600257803101,0.2285052185769467,0.24489352125408628,0.2324412343886569
0.2938031114274294,0.22887738023163184,0.24484519842712535,0.23247430991381335
0.29481614703499637,0.22727349044439482,0.24573364605339576,0.23217671646721316
0.29547326727262924,0.2269141686850921,0.24543518875227194,0.23217737529000662
0.2936768948664965,0.2296165734680388,0.24390575211918925,0.23280077954627537
0.2938806139032223,0.2283732185942573,0.24526494039696126,0.23248122710555919
0.29350496642840457,0.22931970795787038,0.24475256438923407,0.23242276122449104
0.2935719918489903,0.2288880405491314,0.24516247434388497,0.23237749325799348
0.2962227286705025,0.2249832333678716,0.24682287445951034,0.2319711635021157
0.29405765224908376,0.2297893485553675,0.24346884310291833,0.23268415609263046
0.2930832618867941,0.22939359265327702,0.24464015313257273,0.23288299232735618
0.29299894413719485,0.22962825845411317,0.24492192733467952,0.23245087007401247
0.29317059622258884,0.22931013713306345,0.24519627011604755,0.23232299652830005
0.29295858398623237,0.22969865436557335,0.24494706115901643,0.2323957004891779
0.2951197256593348,0.22643601877523375,0.24651341783985978,0.2319308377255717
0.29420372565344877,0.22906919335727954,0.24435369944195728,0.23237338154731443
0.2937209022979022,0.2287903300710507,0.24489496841542302,0.23259379921562412
0.2942623431543267,0.22812288459181873,0.24536925020443612,0.23224552204941842
0.29584549647554,0.2259637746738867,0.24610395405527832,0.232086774795295
0.2955403977373596,0.22735686882799122,0.24475626815442822,0.23234646528022085
0.2973794774660869,0.22377319766249387,0.24639310071305467,0.2324542241583646
0.294215690193371,0.23001767072609222,0.2427165824259844,0.23305005665455228
0.29366703262387583,0.2285503930622615,0.2449090519140741,0.23287352239978862
0.2932183445619734,0.22964045552069276,0.2446305174858166,0.23251068243151726
0.29294163678690044,0.22961234402291658,0.24494217141337415,0.23250384777680877
0.29344373834525467,0.2289471709412476,0.24538271787278962,0.23222637284070802
0.2955833261912873,0.22600597875333625,0.24648226796222084,0.23192842709315564
0.2935267563864333,0.2301130021060539,0.24363629118540156,0.2327239503221113
0.29322305053447784,0.22909017767484502,0.2450270633728498,0.23265970841782727
0.2941421345071191,0.228169428731847,0.24556897543087292,0.23211946133016093
0.29408712071429355,0.2285929456189882,0.2450312423147279,0.23228869135199043
0.29138424411030417,0.23179203318252725,0.24343859496515774,0.23338512774201092
0.2943768213187526,0.22675616206631113,0.24697863289746272,0.23188838371747367
0.29241661723354534,0.23121309776435336,0.24365795269503357,0.23271233230706773
0.2920686020502092,0.23018229398100068,0.24503028300069224,0.23271882096809782
0.2918949622420192,0.23073395224435034,0.24488540454347807,0.23248568097015224
0.2917584615085559,0.23071519358151554,0.24502987496552003,0.2324964699444085
0.29200264396794295,0.2304241561495723,0.24523742062693488,0.23233577925554996
0.2931466811537275,0.2290361133463393,0.2458182462002871,0.2319989592996461
0.29268600811742584,0.2301344913204409,0.24479721858667172,0.2323822819754615
0.29303622159846276,0.22930502356131202,0.24536675361737517,0.2322920012228501
0.29213364343431125,0.23072894868899815,0.2445030736599083,0.2326343342167824
0.2928869356844215,0.22929213638287516,0.24559420931893214,0.23222671861377114
0.29400361137506853,0.2282648343144524,0.2457591236798829,0.23197243063059608
0.2972417675875852,0.22344318172202784,0.24729990420062326,0.23201514648976374
0.293131943245887,0.23141644532343564,0.24214401924818252,0.23330759218249492
0.2917073933649302,0.23055165524574056,0.24440781095803163,0.23333314043129766
0.2913355684279216,0.23127432784879173,0.24466348597389093,0.2327266177493958
0.2918782094055188,0.23039298718223422,0.24541772834851394,0.23231107506373302
0.2923130408658668,0.2301421116845607,0.24534868322603395,0.2321961642235386
0.29492097944681034,0.22652533763363916,0.24681228570285663,0.23174139721669385
0.2938593247424751,0.22949189960536692,0.2442816433291971,0.23236713232296088
0.293054524995241,0.2295231150815203,0.24471665400522444,0.2327057059180143
0.2932257910277041,0.22928078307499403,0.24513643591191928,0.23235698998538254
0.29464511780644126,0.22734458482202996,0.2459938067643414,0.23201649060718732
0.29318560711824704,0.23008659406031262,0.2440933625707852,0.2326344362506552
0.2948415107214106,0.2267527361207467,0.24624930886502905,0.23215644429281357
0.29278951535198505,0.23077225930832593,0.2436219813996124,0.23281624394007663
0.29116957203174976,0.23137271989906472,0.24420862386131842,0.23324908420786714
0.29111694761041257,0.23126836784705107,0.2449468603661949,0.23266782417634144
0.2921007333601338,0.2301141768372148,0.245666710444186,0.2321183793584654
0.29345855844749497,0.22870976336902119,0.24595431418111788,0.23187736400236594
0.2955784139167539,0.22608570998101551,0.24649339280057156,0.231842483301659
0.29323691558792914,0.23044572739057237,0.24349189738711402,0.23282545963438442
0.2925976145329064,0.22978559450364802,0.24481362431220344,0.23280316665124215
0.2925815372827921,0.23002249516852274,0.24497527685238385,0.23242069069630125
0.29386926796197527,0.22818845781784508,0.24591977448683233,0.23202249973334735
0.29240269376481487,0.23076751419865132,0.2441262299141044,0.23270356212242949
0.2954915007611967,0.22538980346990334,0.247187669051993,0.23193102671690707
0.2920366592659233,0.23205017759899033,0.24266094296005997,0.2332522201750264
0.291166925308504,0.23098330102306197,0.24470887710413378,0.23314089656430018
0.29302048405155773,0.22901229871627785,0.24607905706398475,0.23188816016817979
0.2945926328291668,0.22749024190842598,0.24609385410406143,0.23182327115834578
0.29478871015129987,0.227837853354563,0.24520002780857056,0.2321734086855667
0.29746295469130124,0.22332384197985186,0.2469513664880138,0.23226183684083315
0.2937383643845395,0.23074910299375745,0.24233962973290737,0.23317290288879577
0.29377184945919244,0.2281359339092671,0.24531538618711998,0.23277683044442044
0.294954847638158,0.22735340990681632,0.2456340013835295,0.2320577410714962
0.29489839445085664,0.22775360192059962,0.24503039700873472,0.23231760661980902
0.29347526641243044,0.22958580733153644,0.24417802927466753,0.2327608969813655
0.2961503556562828,0.2248455935483656,0.2468839193202172,0.23212013147513447
0.29275906363361676,0.2314100548894028,0.24265732152762112,0.23317355994935948
0.29268829458289997,0.2293428999116311,0.24520865784960544,0.2327601476558636
0.29292443621070136,0.2297337135519604,0.24507078458090142,0.23227106565643676
0.29367211447527486,0.2285798983364064,0.2456052562862044,0.2321427309021144
0.29259143971870116,0.23041041863625009,0.24438370919327768,0.23261443245177116
0.2949798462489046,0.22637218073519863,0.24669166205282783,0.2319563109630689
0.2931080193265171,0.23050935197000388,0.24371898616396612,0.2326636425395128
0.29391761814064477,0.22797349090840188,0.24575418349619518,0.23235470745475809
0.2943853252522476,0.22824071350491837,0.2452438062914346,0.23213015495139952
0.29384222116570324,0.2289139142282223,0.24477436726777282,0.23246949733830163
0.294250147172906,0.22809570994481249,0.2453531732665931,0.23230096961568847
0.2979606309560595,0.22222260194706037,0.247610550753453,0.2322062163434272
0.2931939904112185,0.23171800285960942,0.24159378518551017,0.2334942215436619
0.29330129203415356,0.22843702290080328,0.24539319777321864,0.2328684872918247
0.29290275524698145,0.23007856324097392,0.2445814076788118,0.23243727383323282
0.29281617882107913,0.2296190105261666,0.24510705637591854,0.23245775427683563
0.2931417009233931,0.22934809372510156,0.24525931055005065,0.23225089480145475
0.2943237829492528,0.2277903391504953,0.2458554354414239,0.23203044245882798
0.2933380882455289,0.2297369446411248,0.24441796640199623,0.2325070007113502
0.2913733970365437,0.2314629797948856,0.24394539484705358,0.23321822832151706
0.2935509732627638,0.22810562535091836,0.24640422329471962,0.2319391780915981
0.29510798189793946,0.22707536355927366,0.24599768403083144,0.2318189705119555
0.29522116381813773,0.22737229444210832,0.2451622352153957,0.23224430652435818
0.2961183154465474,0.22588438241990494,0.24568593994681576,0.23231136218673193
0.2916171643051393,0.23231114929425445,0.24215195338150242,0.23391973301910393
0.2921858315031792,0.22968107328926335,0.2454512935941936,0.2326818016133639
0.2912076575784182,0.23168636463099682,0.24432616873864976,0.2327798090519353
0.2920695294883314,0.2300155140205736,0.24566432182687034,0.23225063466422466
0.29320676328369966,0.22909712588693223,0.24576259138826956,0.2319335194410987
0.29294864716203545,0.22977671477551428,0.2449574404539075,0.23231719760854277
0.29153486801193484,0.2312765185837929,0.24426290724652602,0.2329257061577463
0.2927412181029812,0.22929066198474385,0.24582894110564277,0.23213917880663212
0.2942503971257936,0.2278956891092761,0.2460049127349425,0.2318490010299878
0.2932886788512817,0.22976013314681917,0.24447553027883248,0.23247565772306664
0.2929321287397649,0.22958405560926662,0.24493349333527978,0.2325503223156888
0.29486119259884763,0.22689253664390588,0.24629806503147325,0.23194820572577315
0.29171735276055416,0.23194368969637993,0.2430327669300257,0.23330619061304012
0.29113468641833584,0.231058496361952,0.24480474575906933,0.23300207146064283
0.2908712326547531,0.2316447183862354,0.24480080939003726,0.23268323956897427
0.29227515191918785,0.2297591791874475,0.24595886820633175,0.23200680068703294
0.2929753465338952,0.22949780515328388,0.24551748033792842,0.2320093679748925
0.2931323800857129,0.22939453641752722,0.24524229170771386,0.2322307917890459
0.29265984887599705,0.23005048994847466,0.24481210240069295,0.23247755877483536
0.29278381911475354,0.22966777752515613,0.24518560386906416,0.23236279949102606
0.2936687333281366,0.22860651132857024,0.24563783346486584,0.23208692187842733
0.29258034967991187,0.2304145083617897,0.24439402859665835,0.23261111336164011
0.29355605436098586,0.2284994021935739,0.24575758217893792,0.23218696126650232
0.2968535797217376,0.22401987979544893,0.247238575857924,0.23188796462488934
0.2907531136810508,0.23364078366531463,0.24105152364913415,0.23455457900450055
0.28987436288115526,0.23190469967031202,0.24456969714524315,0.23365124030328963
0.2930047992705665,0.22868154474451777,0.24675163796561683,0.23156201801929896
0.2916107562123507,0.23153822367905733,0.2442183045715483,0.2326327155370436
0.2916125583649532,0.230628486377571,0.24519552431589584,0.23256343094157994
0.2950661273644828,0.2260740924548598,0.24726880674817614,0.23159097343248114
0.2931216601042357,0.23058728405570447,0.2437001928349617,0.23259086300509818
0.2933440259432486,0.22874783775567925,0.24540820309638745,0.2324999332046848
0.29533639765527103,0.22648974532735963,0.2462667095482539,0.23190714746911537
0.2989563813634574,0.2210737883366155,0.2475770186467933,0.2323928116531338
0.30234359578099257,0.21696385317520542,0.24721066270073352,0.23348188834306843
0.3052902839233128,0.2127523359619043,0.2468817128011161,0.23507566731366678
0.3009101120494076,0.22469531449860689,0.24071707284743557,0.23367750060454992
0.296487632009026,0.22672605985573513,0.24246552193979526,0.23432078619544364
0.29878819995203515,0.22171616200426647,0.2464302159777353,0.2330654220659631
0.2985463292675982,0.22441139846751887,0.24436322390762105,0.232679048357262
0.2971687867984317,0.2256032639424532,0.24415224935251806,0.233075699906597
0.2989204145903656,0.22191252167803746,0.24621840503811726,0.2329486586934796
0.2950750330290337,0.22957608053349193,0.24209560749750664,0.23325327893996786
0.2961872460611227,0.2249590400925607,0.2460471136414051,0.23280660020491156
0.2964099505517392,0.22645163036126606,0.24483330053782476,0.2323051185491701
0.295591687347476,0.22713755096473626,0.24458037893144277,0.2326903827563451
0.29716046654110173,0.22428398620584103,0.24609710532482199,0.2324584419282352
0.2981208968980108,0.2238979463269612,0.24548854046045468,0.23249261631457335
0.2943275576705081,0.22983988843809375,0.2424638630361597,0.23336869085523843
0.2943064373729711,0.22773348375672733,0.24517103051601152,0.23278904835428998
0.2937065155668499,0.22928998354873595,0.2445012354768619,0.2325022654075522
0.2925382912865735,0.23024436604119142,0.2444024410758478,0.23281490159638743
0.29444320361242343,0.22727504039917806,0.24628377611114544,0.23199797987725307
0.29481548417686476,0.22787808779224014,0.24521088910133412,0.2320955389295609
0.2920957770861953,0.23121687121035175,0.24343719609966177,0.2332501556037913
0.29456552092525135,0.22671826116223803,0.24668164711349638,0.23203457079901432
0.29463881895711264,0.22834480473654264,0.24492307539453154,0.2320933009118131
0.29527721817790714,0.2267969928144183,0.2456171472564556,0.23230864175121885
0.2942236963388784,0.22893026003783137,0.24429115357296713,0.23255489005032315
0.29546646422286826,0.22627608262898266,0.2459655156976948,0.2322919374504542
0.2919487236430754,0.231867705073756,0.24271826906933686,0.23346530221383177
0.2904459887689667,0.23182796527254904,0.24424027484797178,0.23348577111051239
0.29200444076950155,0.23005466013101672,0.24586745070414825,0.23207344839533334
0.2937245017262053,0.2283476065705409,0.246168454123852,0.2317594375794018
0.29479362403699183,0.22746644465713553,0.24579048146069365,0.23194944984517898
0.2951265469619783,0.227358806672479,0.245298605578434,0.2322160407871086
0.2941057949106686,0.22888676904920655,0.2444122819905842,0.23259515404954054
0.2934827612204361,0.2291786568291807,0.24471198011966747,0.2326266018307157
0.29306693033382486,0.22961409721152903,0.24478815635532672,0.23253081609931936
0.2943061664512086,0.2277271691461182,0.24587671727719185,0.23208994712548128
0.2958919335515781,0.22603611512443558,0.2460660609379775,0.23200589038600875
0.2975924408204886,0.22394782854869916,0.24617271205353994,0.23228701857727224
0.2923879023144903,0.2320552773592792,0.24158883063062087,0.23396798969560959
0.290061198953014,0.23213904517108422,0.24375360672511678,0.2340461491507849
0.29361016552594177,0.22774693515198524,0.24702923120346762,0.23161366811860534
0.2945588924582256,0.22802677323035458,0.24559929702737762,0.23181503728404224
0.2952763746422275,0.2268991756369992,0.24564546888139868,0.23217898083937452
0.2956063742715223,0.22687764463968124,0.2452332136509958,0.23228276743780057
0.2929160124808822,0.2305776793732299,0.24335056969458932,0.23315573845129867
0.29478687830909606,0.22666260679097838,0.24633487211364846,0.23221564278627713
0.29498899111363536,0.22787307990627095,0.24500131996762153,0.2321366090124721
0.29658407968219114,0.22488387767140278,0.24624122223357314,0.23229082041283294
0.2952786565257893,0.22818000103977726,0.2439920207170255,0.232549321717408
0.29693720230318577,0.22420734092285807,0.24633163810468653,0.23252381866926977
0.29277479368102266,0.23157797225294807,0.24211700215442064,0.2335302319116086
0.2921747245394387,0.22994168807828216,0.24484637323728078,0.23303721414499837
0.2941675516681447,0.22779065367085927,0.24616877110137267,0.23187302355962322
0.29525097119369215,0.22700723828255684,0.24575383701791498,0.23198795350583606
0.29470795324485816,0.2281663401595324,0.24471496177808638,0.23241074481752308
0.29506579459695687,0.22720704537084382,0.2453468723076693,0.23238028772453015
0.2946946941002514,0.2281208021813537,0.244755576116422,0.23242892760197292
0.2953596872826172,0.2267752155784216,0.2455354580143011,0.2323296391246601
0.2956567264720322,0.22685958330872258,0.24517350383560862,0.23231018638363646
0.2959827814110541,0.22633480823987245,0.24527292485609598,0.23240948549297766
0.2952632705529328,0.2276532831194595,0.244521486499122,0.23256195982848563
0.2973146124012685,0.22375552030061224,0.246497185248344,0.23243268204977527
0.2934091784115114,0.23099839277582077,0.24225784883411802,0.23333457997854995
0.29181743203474725,0.23055598677436814,0.24426428527114805,0.2333622959197366
0.2937751204556108,0.2281358675718816,0.2461368067098609,0.23195220526264673
0.29457141239368023,0.22788792210180792,0.24554120937205418,0.23199945613245773
0.2941863778250601,0.22856468287998563,0.24486427070234285,0.23238466859261137
0.2954928634392834,0.2263623219078348,0.24596132494860293,0.23218348970427902
0.29430809377535094,0.22897003092298898,0.24418510670269952,0.2325367685989607
0.29547286848444176,0.22625528349997467,0.2459416147143686,0.232330233301215
0.2966295124316606,0.2255076983281771,0.24567466354324524,0.2321881256969171
0.29633075618423405,0.22636019865467336,0.2448038298799007,0.23250521528119186
0.2970787064023144,0.22479418699744047,0.24556543163963093,0.23256167496061422
0.29927268161971465,0.22151682473226383,0.24646232988273925,0.23274816376528235
0.29409915358088157,0.23089725756957152,0.24130868370042968,0.23369490514911725
0.2919913878138648,0.2303806856236109,0.24396885391477854,0.23365907264774574
0.294431706325858,0.2272525399621688,0.2463943821280588,0.23192137158391424
0.2931512628400943,0.23015767115277494,0.24417031058939165,0.23252075541773917
0.29312851482748076,0.22918751222199732,0.24518817521525477,0.2324957977352672
0.29552692233223893,0.22599717433419822,0.24658788995672548,0.23188801337683743
0.2935136195267369,0.23013145577957678,0.2436599356244099,0.23269498906927635
0.2960691636208737,0.22476344028899245,0.24693364333824971,0.2322337527518841
0.2969376460451276,0.225627324216065,0.24532157079443379,0.2321134589443736
0.2966495987475888,0.2258200774122976,0.24491281666382528,0.2326175071762884
0.2957618262909478,0.2271438049107426,0.24439504796896636,0.23269932082934316
0.2987166590472564,0.22140852614651563,0.24715791088316708,0.232716903923061
0.2948145434704003,0.23007219035155638,0.24197700116830267,0.2331362650097406
0.29295548838453844,0.22947733653845498,0.2441816287069243,0.2333855463700823
0.29357148145967055,0.22884686162277107,0.24526214000750118,0.23231951691005714
0.29229334680948854,0.23068624999515047,0.2442642168173933,0.2327561863779676
0.2913463503840148,0.23121039949609434,0.24453642513957852,0.23290682498031226
0.29497725907221123,0.22599316567047578,0.24738348680323202,0.231646088454081
0.29591319840590524,0.22669415268479912,0.24550334695745907,0.2318893019518365
0.296884472625685,0.22490951285659422,0.24582016181750446,0.2323858527002164
0.2973712273843759,0.22491880198699873,0.24523447932232767,0.23247549130629772
0.29599843396457415,0.22715376269681659,0.2440642258055278,0.23278357753308143
0.2954771807579965,0.2270497107728136,0.24474232113830618,0.23273078733088368
0.29715869230645364,0.22431508240916234,0.2461243269260184,0.23240189835836556
0.2932987239052564,0.2309477821810971,0.2423727446916896,0.233380749221957
0.29181157812781333,0.2305804246834899,0.24429287242349654,0.23331512476520022
0.2923952434569553,0.22999144991193027,0.24527566696926098,0.23233763966185342
0.29526549629874593,0.22604345597274925,0.2469503201254688,0.23174072760303602
0.29482030197707887,0.22834510942827516,0.24464024866479264,0.23219433992985328
0.294465729854296,0.22802049087781248,0.24497998236415722,0.23253379690373435
0.2931199534010992,0.22994878908885877,0.24416595597552107,0.23276530153452096
0.29693876540838665,0.22326061484218482,0.24769586007622163,0.23210475967320687
