0.2924765498843172,0.2286992720688212,0.2242896574748277,0.25453452057203385
0.30133061203117684,0.24747552493138197,0.19875333593647515,0.25244052710096615
0.2976029847635843,0.23355771657605387,0.21820181394500762,0.2506374847153541
0.29840632207591195,0.2268050549439796,0.22740246762048447,0.247386155359624
0.3002077180924682,0.23313306225617622,0.21666850285800704,0.24999071679334844
0.2890378178501294,0.21711055722466882,0.2275134162420065,0.2663382086831953
0.30335474631338877,0.25407447258041177,0.19341153832417327,0.2491592427820261
0.30333171597150504,0.24886996185789836,0.2033251771632404,0.24447314500735617
0.29742052700555216,0.22134517224172973,0.2366995890899656,0.2445347116627525
0.30482367105691616,0.23302730651860687,0.22213256184203625,0.24001646058244078
0.29527703680118356,0.22562627551026818,0.21973570276470944,0.2593609849238389
0.30061311775567845,0.2377216188497059,0.21266993718108754,0.248995326213528
0.3051139020213726,0.24534111920534862,0.20677454085253774,0.24277043792074102
0.30800614691335115,0.2515518915155176,0.20099933610691323,0.23944262546421796
0.29972431795466037,0.22630694066601456,0.22944137465048817,0.24452736672883701
0.30260031395890197,0.23119756394483712,0.22184634909621054,0.24435577300005035
0.29434494049025967,0.2304305979709307,0.21111676343798133,0.2641076981008283
0.2934417054031586,0.2354476981298203,0.20775748753318235,0.2633531089338386
0.29726330388972766,0.24320318013698133,0.20375424836902745,0.25577926760426356
0.2976647248699908,0.2372733868297019,0.21381317391674431,0.2512487143835629
0.2827187525640786,0.20367395037399624,0.24651314336097804,0.2670941537009471
0.29770039868222853,0.23519472068454392,0.21243504353316275,0.25466983710006486
0.28415217978586,0.21665274414678443,0.2240333847770175,0.2751616912903382
0.29778069756517006,0.23962572576375898,0.21015317265656056,0.2524404040145103
0.3046670740635295,0.2512317702436529,0.19953223545622614,0.24456892023659152
0.30645089020495325,0.2492058412151349,0.2043205325048524,0.24002273607505956
0.29875358064103,0.2202005685313151,0.23918837503599072,0.24185747579166408
0.30615817806076584,0.23809901755232027,0.21374889149929804,0.24199391288761576
0.3018280677137118,0.24272393843807605,0.20352995834686116,0.25191803550135106
0.2998648562810316,0.22850474625329636,0.22886513383649634,0.2427652636291759
0.3053704483479336,0.23432732567915743,0.22100399388978575,0.23929823208312317
0.3108127805919486,0.25429960147215547,0.1976910307264594,0.23719658720943645
0.3003833982069224,0.22531135096429414,0.23150234519606763,0.24280290563271567
0.31425393554100706,0.2519466927915412,0.20600753297232682,0.22779183869512495
0.30481271705893237,0.23018925448036642,0.22706076612338139,0.23793726233731982
0.31184064052435034,0.24636178334789693,0.2087590298890829,0.2330385462386698
0.3124451093822721,0.24878128569683494,0.20760487541546582,0.23116872950542713
0.3128486825778138,0.24965077326124224,0.20654610646961624,0.23095443769132773
0.3115609946407908,0.2441020396691094,0.2134355193416641,0.23090144634843573
0.3110871073274179,0.24072886134314847,0.21743862357884958,0.23074540775058408
0.3049925432442055,0.22876813230666992,0.22719164778793113,0.23904767666119334
0.30592381640842464,0.2373093982723918,0.2139262409920732,0.24284054432711027
0.30976573660742696,0.26158984393957463,0.18688591546966743,0.24175850398333096
0.3102484809146507,0.25678053333027173,0.19951870557954654,0.23345228017553116
0.296854057297721,0.20800606281213402,0.2609112467056085,0.2342286331845365
0.30858800322392493,0.22986203415613013,0.22705497453496842,0.23449498808497665
0.29466163767474934,0.22159344339917164,0.22226291230533385,0.2614820066207453
0.3070794974196039,0.25131889560527254,0.20148760079329403,0.2401140061818296
0.31149502231220855,0.2559213726764634,0.19955006626628252,0.2330335387450455
0.31439348935109096,0.2603825859673659,0.1953716753898286,0.22985224929171452
0.305400895190205,0.22944746066507654,0.2311311408844958,0.23402050326022245
0.306988951824938,0.23078981797700557,0.22619495647465424,0.23602627372340226
0.3019736255893154,0.23598817161304061,0.2102457709364842,0.2517924318611598
0.3018805167402486,0.24004175603382075,0.21019050407593762,0.24788722314999298
0.30391908497036346,0.2396115069910546,0.21407563966414314,0.24239376837443874
0.31033751339118537,0.25219072268276554,0.20267110459642543,0.23480065932962368
0.2981271710180135,0.21739621630582817,0.2426400964145796,0.24183651626157873
0.30862966718947776,0.2343506447320501,0.22383105617588955,0.23318863190258252
0.3042346380375967,0.2314189300393041,0.2212021041649134,0.24314432775818576
0.30957586971332507,0.2501628403036276,0.20112811146656107,0.23913317851648622
0.3143518538021008,0.26555866165599,0.18889409857968992,0.23119538596221928
0.312519760741255,0.2525286553321309,0.2056028592446471,0.22934872468196704
0.30374693368121247,0.22149127507812938,0.24165140161958226,0.2331103896210759
0.3062299373616513,0.2290925838063698,0.22606155886208232,0.23861591996989656
0.30125321182002857,0.23616694876416733,0.2089025569798112,0.25367728243599275
0.3036826209007843,0.2410615371704887,0.2121809608228526,0.24307488110587444
0.30862829876180764,0.24868716711648786,0.20515899105144034,0.23752554307026413
0.3132000876431288,0.2574107917735346,0.19888140384555086,0.23050771673778575
0.29339797524286354,0.20327431629700354,0.26300479473348415,0.24032291372664874
0.3120002980347405,0.2426176610200309,0.2113608764624841,0.2340211644827445
0.29989909066724535,0.23875883593201516,0.2047718272678014,0.2565702461329383
0.3051334555493649,0.2504458823995681,0.20059767346007537,0.24382298859099152
0.31025773675547463,0.25759920901774475,0.19678083303425395,0.23536222119252678
0.3045025443141137,0.23908968001295883,0.21615887867231937,0.240248897000608
0.2845437923095908,0.19768420778552487,0.2575536672656564,0.26021833263922783
0.30019772794781946,0.23928737505914946,0.20499463945090068,0.2555202575421305
0.28285260174536675,0.22660916515807378,0.2065318229056325,0.28400641019092704
0.29351973830751654,0.23522640615849466,0.21650197945273086,0.25475187608125804
0.30153469305114,0.24190858056221615,0.20980792627268302,0.24674880011396083
0.3021740216548136,0.24231315081368077,0.20838502322476063,0.24712780430674497
0.2904748742439119,0.20986654993802004,0.24607880640195354,0.2535797694161146
0.30737770115251484,0.24402516304909708,0.20921806605472523,0.23937906974366288
0.29650518315944646,0.23167669201351046,0.21381050513390096,0.2580076196931422
0.30544553567878446,0.24597418257740306,0.2082379199636917,0.24034236178012072
0.30671000501389634,0.24194306807544114,0.2132180315961063,0.23812889531455614
0.309252387791748,0.24804617331515524,0.20562297336762558,0.23707846552547115
0.2971863984244728,0.22023388726745252,0.2341792103182364,0.2484005039898382
0.30986721778794357,0.25197989174218954,0.20006355200762468,0.2380893384622421
0.2948152708419972,0.22531848164811963,0.22377032045873638,0.25609592705114664
0.2970829851214986,0.2267154122617024,0.2239643820944353,0.25223722052236364
0.30492884125512404,0.2561183797367371,0.19007279280757955,0.2488799862005593
0.30057484132187934,0.24349351042156686,0.20784343918117026,0.2480882090753835
0.2900163100047819,0.20519273047437234,0.25647575877694895,0.2483152007438968
0.30740916823549175,0.24183517715912425,0.21022386576647645,0.24053178883890763
0.281299676834876,0.2115059920954015,0.22535740397269244,0.28183692709703
0.3031450238713308,0.25359455568450967,0.19931158634473348,0.24394883409942608
0.3050378301871871,0.24439636971812034,0.21074372319231027,0.2398220769023823
0.3111347471044411,0.25488381872010735,0.19922410936654783,0.23475732480890368
0.3018644742571629,0.22190987431004539,0.240668958102228,0.23555669333056367
0.30407459445335394,0.2253660275952882,0.2297630244583239,0.2407963534930341
0.30593505858268333,0.24897583165688658,0.1961674437000517,0.24892166606037855
0.3008294247900487,0.24296648329214574,0.20515315994435204,0.25105093197345346
0.3108567516382039,0.2616960783874675,0.19314535003891659,0.2343018199354119
0.30143283389422265,0.22600196856863758,0.23546370250690615,0.23710149503023364
0.29460681105637354,0.20737730741608792,0.2509761799941406,0.24703970153339785
0.3070523838795426,0.2403901741926633,0.2110758398671276,0.24148160206066652
0.2955476566159805,0.223680946254133,0.22448519667846892,0.25628620045141753
0.3135911659650763,0.26710043084033086,0.18787542048040715,0.2314329827141857
0.3119353637109801,0.2525451953105025,0.20557976908456854,0.22993967189394907
0.3113678321977876,0.2397559155772889,0.22087594574278238,0.2280003064821412
0.30771219745674383,0.22810574491473387,0.2319308418122018,0.2322512158163204
0.31228065081041306,0.25199229220248814,0.19820850575713092,0.2375185512299677
0.3085663641793129,0.2486047761041849,0.20467290450128142,0.23815595521522084
0.3055743063674447,0.2313506301063287,0.22853781812665172,0.23453724539957488
0.312049010643536,0.24993022525350134,0.20325487554783042,0.23476588855513225
0.30719538661651963,0.24277181421589752,0.21134771789089632,0.2386850812766865
0.3029506168953774,0.22272203830037993,0.23936858347231124,0.2349587613319315
0.3111381964782644,0.23674792008058204,0.22222294733323336,0.2298909361079203
0.30525031807557174,0.23346558694072417,0.21790965930279022,0.2433744356809138
0.3150159016686753,0.26391114459159465,0.19028091448128054,0.23079203925844957
0.31293439812106894,0.25141262417463733,0.2071432014477252,0.22850977625656854
0.3134506371109545,0.24576356666751886,0.2132748938211625,0.22751090240036415
0.30812074384419197,0.23231025028651858,0.226132583521902,0.23343642234738762
0.3106665326725399,0.24553748023981825,0.2070266525930717,0.23676933449457002
0.30670779877976195,0.23923254584090273,0.21544244782978358,0.2386172075495517
0.3007073229298824,0.2233865749435124,0.2324210642130175,0.2434850379135877
0.31514368396115955,0.27257116896483885,0.1779049965748266,0.23438015049917493
0.30824726273531905,0.2474689638633673,0.2107232751469102,0.2335604982544036
0.2913244961656578,0.1903984792244482,0.28960355504157254,0.22867346956832152
0.3177392487838052,0.24996146739678435,0.20203839800454912,0.23026088581486137
0.30381643458247987,0.24610836036706615,0.19895885975142313,0.25111634529903093
0.308381625019173,0.24364771606661928,0.21641816218703955,0.23155249672716818
0.3178501251679153,0.2608325078154636,0.19707197125044232,0.22424539576617877
0.31108592685290776,0.2501482910288576,0.20405081223374538,0.23471496988448914
0.30315400298333417,0.22481969170225463,0.2342202877011814,0.23780601761322995
0.3061853092479109,0.23362130930180827,0.22013457571197143,0.2400588057383095
0.27278348764066607,0.21512591517579438,0.20800377630436961,0.30408682087916983
0.2761807910559071,0.2391632773104542,0.18596051811898226,0.29869541351465645
0.25763841098304907,0.24055417290500425,0.1873831990203797,0.31442421709156704
0.25767335045753037,0.22214497855811344,0.20700025849575826,0.31318141248859793
0.19891067312902133,0.1420753294556193,0.24502207023315914,0.4139919271822002
0.14707178069765134,0.1353788344549049,0.1583294090647563,0.5592199757826875
0.03212290218829677,0.07435028521171808,0.0652164833194638,0.8283103292805213
0.15227005003040567,0.2096762467378033,0.14625626474628803,0.491797438485503
0.24083786854208314,0.25627307880841177,0.18503742457627684,0.3178516280732283
0.24750542638107656,0.2072734424612539,0.21739795436260112,0.3278231767950685
0.2442051721574225,0.18940896162606874,0.22322608433047758,0.3431597818860311
0.2733426868264459,0.24184570127674027,0.1913997387150795,0.29341187318173445
0.24415247776198734,0.19383113523407913,0.21520939726869523,0.3468069897352383
0.27483690422191387,0.23697372991992852,0.2014972950315763,0.28669207082658144
0.28245256998740886,0.24260083501922194,0.19570863540289918,0.27923795959047004
0.278825383882502,0.22119241032027212,0.22015883564002717,0.2798233701571987
0.2810226361788788,0.2093367794772463,0.24071736093421173,0.26892322340966307
0.29032245352174346,0.23042980682639427,0.21147431141181416,0.2677734282400481
0.27502618774606036,0.20849799036007105,0.226386064924716,0.29008975696915257
0.29579026314370416,0.24364333172176517,0.20567771057779377,0.25488869455673685
0.30527034201944325,0.25792791483697414,0.19335685417142262,0.24344488897216007
0.29844124048392723,0.22695253220576703,0.2297615468200568,0.2448446804902489
0.3031193025592715,0.2286430237353575,0.22751813281728522,0.2407195408880858
0.30402037659129433,0.24358717362765064,0.2033282784806317,0.2490641713004234
0.2952748022254908,0.23407041002913567,0.20990843717551705,0.2607463505698565
0.303496074255913,0.24348549645025006,0.21145086028255627,0.24156756901128065
0.2996861060846759,0.2339940642322563,0.21651383861790466,0.24980599106516316
0.3053470850003126,0.24484849997378952,0.2083025207802333,0.24150189424566462
0.2902886106845942,0.20205476065677794,0.26222624960424956,0.24543037905437842
0.3064607976405931,0.23318691318539722,0.22031613772081174,0.240036151453198
0.30245207971617705,0.24197024600678746,0.20278748405244357,0.25279019022459187
0.3099391409078073,0.2627049988493572,0.18973932277232472,0.2376165374705107
0.31173232774571263,0.2548440992606193,0.2028598979357039,0.23056367505796424
0.30745216653621776,0.23728459391475212,0.22037469004461532,0.2348885495044147
0.3014223770310092,0.22553864138642107,0.22880826647264788,0.2442307151099218
0.29704611739933234,0.22286235349623618,0.22711521914130695,0.2529763099631245
0.29336403454694265,0.225200094230041,0.21877432910727806,0.26266154211573833
0.29644695563618245,0.24002476332852746,0.2035179521445098,0.26001032889078035
0.30510674281975286,0.26459048806715113,0.18428276232129645,0.24602000679179958
0.30560550431754835,0.24600013213808813,0.2124841136356448,0.23591024990871867
0.28386351436905805,0.18332465739735376,0.29468006441135103,0.23813176382223708
0.3009779962545161,0.22271048596914872,0.22184318235886638,0.25446833541746894
0.29226930239233,0.24404945397496913,0.18722210698073774,0.2764591366519631
0.30219905767249106,0.2593676477882891,0.1929125632124732,0.24552073132674668
0.31202055916888677,0.2607200093410741,0.1980444305122063,0.22921500097783293
0.2967776285477612,0.2168686620247787,0.2432512940530447,0.24310241537441551
0.29382432259261887,0.21592598944337676,0.23110496829391736,0.25914471967008706
0.29446283505072385,0.2351752973989461,0.20546334588552267,0.2648985216648074
0.2871406439356169,0.2321100375583798,0.20492461500263914,0.27582470350336424
0.2970932419835348,0.24330589140985415,0.2075682106776075,0.25203265592900376
0.2937061364617829,0.23213319843718894,0.214730145105467,0.2594305199955612
0.2989700671347893,0.23854141751618207,0.2126680074096,0.24982050793942867
0.2745600360305771,0.1876930292386047,0.26631812867969673,0.2714288060511214
0.2987600748918063,0.2395067493516353,0.2047318399512175,0.25700133580534096
0.2883898594819779,0.23673123827829076,0.19888658317674682,0.27599231906298455
0.30139913303473037,0.25441076904632187,0.19788581558122664,0.24630428233772111
0.30241871623817285,0.2358521577263086,0.22190736564255192,0.2398217603929667
0.2979569518835471,0.22747094807139984,0.22207145715631724,0.252500642888736
0.28938482923578535,0.2222032703676572,0.21877618042203403,0.26963571997452335
0.29225167637451616,0.23477111792261926,0.208219084221693,0.26475812148117156
0.2892317772158016,0.23048790765092286,0.21221155237224132,0.26806876276103414
0.2866153654874045,0.22254626602177915,0.2214534895928094,0.26938487889800694
0.29146949785835125,0.23805840847585047,0.20280831875262215,0.2676637749131763
0.29508470478141124,0.2408703610678472,0.20787201043339723,0.2561729237173443
0.27870796409633214,0.1937889230563307,0.2641689934990843,0.263334119348253
0.2983268270923714,0.23151758379493712,0.21562330914518693,0.25453227996750455
0.2898933337133333,0.23606510372310474,0.19931179516694078,0.2747297673966211
0.2992928345331756,0.24835665685402505,0.20252112474049222,0.24982938387230702
0.30579363750005834,0.24570905582097408,0.21069254144927474,0.23780476522969293
0.3000557392249933,0.23118887020238083,0.22069330104873508,0.24806208952389078
0.28931750416457935,0.2169159926804926,0.2269277850336886,0.26683871812123955
0.296441947862276,0.24244121886430073,0.20055973957675044,0.2605570936966728
0.28118929478784505,0.22101627162483775,0.21585435981517542,0.28194007377214175
0.2812869729806522,0.22040030098412117,0.2184310168393218,0.2798817091959048
0.2882416478587631,0.2457944038090166,0.19145152421432882,0.2745124241178914
0.2842467141632196,0.23068859310753254,0.21304012641610026,0.27202456631314764
0.2694818165725672,0.18367201302072397,0.2747380246823779,0.272108145724331
0.29173838806189806,0.2287581354661561,0.211323784099255,0.2681796923726909
0.2790872285134741,0.22910301180816076,0.1990057992604499,0.2928039604179152
0.29215451266866466,0.23665583736876916,0.2160423098648742,0.255147340097692
0.30892295581649093,0.25700671767454053,0.19863968604515936,0.2354306404638093
0.29751435758316463,0.22979731497043338,0.22113167628962518,0.25155665115677694
0.2959176705704053,0.22546706968491453,0.22283903326174612,0.255776226482934
0.30347573077430645,0.2515854190166436,0.1956426977637976,0.24929615244525227
0.2822688387695401,0.2209619637499455,0.21629423703918396,0.2804749604413304
0.28687681000743986,0.22259624566920602,0.22407822493965435,0.26644871938369974
0.28138681751461014,0.22626764929775398,0.20703966989713726,0.2853058632904986
0.28460037188966464,0.23856206188977777,0.1997143370026723,0.2771232292178854
0.27038951802552436,0.1942951119447911,0.2554217687188257,0.2798936013108589
0.2959297788897238,0.23610685139458518,0.21256650172329306,0.2553968679923979
0.28454945527598674,0.2237062832677239,0.21479868530409252,0.27694557615219684
0.2941349300017969,0.22844747968414217,0.22561040829658907,0.2518071820174718
0.304425819088631,0.24076529013359627,0.21267553709667733,0.2421333536810954
0.306118734867937,0.2550229617144389,0.19185275752593509,0.24700554589168902
0.30038074546336807,0.24089934057714377,0.20835378763550683,0.25036612632398136
0.3056555022269786,0.24830457130480266,0.2045477131963359,0.2414922132718828
0.2855821212257448,0.21586372532895787,0.2292172091034029,0.26933694434189437
0.27454319824843754,0.20452258544682572,0.22995356627118013,0.2909806500335565
0.28163668002354547,0.23398224537960222,0.19833958264545332,0.2860414919513989
0.2836808284398068,0.23343591169451852,0.2086102776834113,0.27427298218226337
0.28248934249445395,0.20624847075246117,0.25076398041046843,0.26049820634261645
0.29463126385462457,0.22085463594788426,0.23080584563941473,0.2537082545580765
0.29017673648283,0.23336060131790845,0.2000653488869595,0.27639731331230205
0.30412138077991197,0.2667629426463912,0.18419456616481664,0.24492111040888023
0.3046939352195298,0.2421336828807895,0.21675249320138404,0.23641988869829658
0.3004625491705997,0.220103415176373,0.23996470138509177,0.23946933426793554
0.29011894110707354,0.21960285186235803,0.2180417989996514,0.27223640803091714
0.29726957444279606,0.25481357518895237,0.18621547644221975,0.26170137392603177
