0.28224084320968496,0.25338060310632415,0.24526195889077096,0.21911659479321985
0.28634579487630485,0.23958716360720222,0.23546231027286474,0.2386047312436281
0.2857620118817318,0.24176338347137208,0.23673551108548402,0.23573909356141223
0.284457823009898,0.24633241688672058,0.24019730012940926,0.22901245997397215
0.2859372330304234,0.24126545204526284,0.23655037281737434,0.23624694210693936
0.28904426025383567,0.2286222748112525,0.2267155965867066,0.25561786834820527
0.28613422953820294,0.23967842721161123,0.23480907010576474,0.2393782731444211
0.2824887765588435,0.2525114554021975,0.24473684024788842,0.22026292779107057
0.28392351545505107,0.24803686745085018,0.24179641422584883,0.22624320286824987
0.2828816507614148,0.25154971982660757,0.2443085842222561,0.22126004518972153
0.28843630551249855,0.23154464813959805,0.2293260767796123,0.2506929695682912
0.2888447725132592,0.22877913671147024,0.2265292326300695,0.25584685814520114
0.28039503611965516,0.2584113376894862,0.2487494323766463,0.2124441938142124
0.28066822388816637,0.25778714981761697,0.2491864670458144,0.21235815924840237
0.2813632619082537,0.2559075897768575,0.24786634943149777,0.21486279888339102
0.2816415527821442,0.2551759081540343,0.2472538541370448,0.2159286849267767
0.28553879798171306,0.24265415189768796,0.23794258404821833,0.23386446607238073
0.2880840409709562,0.23280851417618034,0.2299782024476531,0.24912924240521042
0.28350632679183635,0.24921034669215864,0.2421042700949178,0.22517905642108718
0.2848252305330398,0.24505502183742045,0.239469106299118,0.2306506413304217
0.288744409055612,0.23010660644190659,0.22800350914287246,0.2531454753596089
0.2900734027624129,0.2226923357539476,0.22178007955406287,0.2654541819295767
0.29074615012297716,0.21756773501939014,0.21762057674830212,0.2740655381093305
0.2889186668479442,0.22567558014157416,0.22377331977681222,0.2616324332336694
0.2805196020152436,0.2574199753882292,0.24799779398001312,0.214062628616514
0.28236918362763896,0.2525412821634719,0.24530859284110854,0.21978094136778079
0.2807329523406261,0.2578742541502308,0.24912585871166254,0.2122669347974806
0.2820110293890551,0.25402391768807064,0.2464689803917309,0.21749607253114336
0.2874898561882998,0.2353526350580659,0.2323546715068811,0.2448028372467532
0.28721100333221494,0.23603179296590607,0.23222387488159096,0.24453332882028803
0.28033264761875,0.25898262536616123,0.24936930995025852,0.2113154170648302
0.2840152671065818,0.24756475099655434,0.24167362600194106,0.22674635589492273
0.2858310013378555,0.24160515324202717,0.23687155419144618,0.23569229122867114
0.27886513792206147,0.26325036583566946,0.2525866647331126,0.20529783150915645
0.2788536911868647,0.26293639936099084,0.2531751040954313,0.20503480535671312
0.2841968557265422,0.24667625209271687,0.2411595784410372,0.22796731373970375
0.275575157086417,0.2718892072524618,0.2590249706461941,0.19351066501492709
0.2766489371866493,0.26821123949209486,0.2572439539397065,0.19789586938154918
0.2756786114885335,0.2707834874633423,0.25905191473652456,0.19448598631159966
0.27633690460699784,0.26895761295251697,0.2578523467928781,0.19685313564760698
0.28001846519988427,0.2591138169683705,0.2507106492240069,0.2101570686077385
0.2818210627177439,0.2543669554039326,0.24682853282046002,0.21698344905786363
0.28049254715302874,0.2585892933048073,0.24972855828633891,0.21118960125582512
0.2796969760836698,0.2607213955909526,0.2513673412709373,0.20821428705444034
0.278608042252087,0.263668143230951,0.25362618018925004,0.20409763432771194
0.2839857394097273,0.24748141069150698,0.24185305358200548,0.22667979631676022
0.29073329309355583,0.22048598305580974,0.22064225171370394,0.26813847213693043
0.288126304898504,0.2305575492754261,0.22760085512227768,0.25371529070379223
0.27275981986513137,0.2782960364052609,0.262943776045631,0.18600036768397676
0.27300650032293217,0.27664321261116165,0.26343876113962217,0.18691152592628382
0.27414529051571285,0.2738755069893151,0.2616427907754522,0.1903364117195198
0.27785592521786306,0.2645758199290882,0.2549014399104728,0.20266681494257588
0.284582873020383,0.2452121111211765,0.24031184378519999,0.22989317207324045
0.2875982305762987,0.23469250812243814,0.23155185835684747,0.2461574029444157
0.28147895006630597,0.25561448619676924,0.24688575125086032,0.21602081248606447
0.2813672510120535,0.2559534485662088,0.2477557371475377,0.2149235632742
0.2851940628598745,0.2437840431219135,0.23879913350210355,0.2322227605161085
0.2851597048791665,0.24395904512132818,0.23849063473525897,0.23239061526424634
0.2841636735966246,0.24746644660574732,0.24116277831221575,0.22720710148541232
0.28484382787317786,0.24502995173938563,0.23935041619152672,0.23077580419590973
0.27372535091121236,0.2764914654010366,0.2621109247733849,0.18767225891436615
0.2710875430578872,0.28144224890004865,0.26672870371739965,0.18074150432466457
0.27474515737902105,0.27204980998556266,0.26053948242489305,0.19266555021052334
0.2814055867606582,0.25459564099985144,0.24759826852223712,0.21640050371725333
0.288065477931035,0.23265639414485312,0.23039491948597624,0.2488832084381356
0.28664234160133095,0.23802148944305893,0.23368256955582195,0.24165359939978823
0.27809098621213196,0.2652299941976981,0.2539303487778809,0.202748670812289
0.27906549046466034,0.262120785666591,0.2525885475102904,0.20622517635845825
0.28231412758267893,0.25283716276919804,0.24580767128395828,0.21904103836416483
0.28237941591291715,0.25294395642680995,0.24550138484808673,0.21917524281218614
0.284324198742301,0.24692914733494115,0.24109734005441213,0.22764931386834583
0.28495236572620763,0.24462504844688626,0.2390213697909535,0.2314012160359525
0.27035680770748954,0.2843692375168627,0.26756439941452276,0.1777095553611249
0.2768496418976332,0.2666442160176015,0.25665291719807004,0.19985322488669524
0.2856897766119068,0.24095496298472208,0.23718914822816306,0.2361661121752081
0.28810844824272913,0.23248631580769,0.229786043931023,0.24961919201855795
0.29097595179126523,0.21810484187058948,0.21829730110631504,0.27262190523183016
0.28879505399772143,0.22678475125568415,0.22461982306662978,0.2598003716799647
0.27942288893297673,0.26076403104129947,0.25045460114276175,0.209358478882962
0.28652096673232824,0.2383449807804683,0.2347883574018981,0.24034569508530534
0.2880869977184368,0.23253653377857816,0.22970603891714783,0.24967042958583718
0.28472572775142335,0.2449891555601771,0.2389231674503557,0.23136194923804382
0.2870273042366832,0.23708716207069302,0.23336700638342603,0.24251852730919776
0.2866155583390892,0.23829335060736423,0.23393681705351121,0.24115427400003547
0.2758962005756243,0.2710325785876839,0.25808575205990414,0.1949854687767875
0.28053853995943695,0.2575794288018829,0.24949959750210463,0.2123824337365756
0.2825747739641199,0.2521502734439668,0.24516330327437302,0.22011164931754026
0.282141855959077,0.25372009678516944,0.24604548948886043,0.21809255776689299
0.28397305500960224,0.24805033224792655,0.2419397421328041,0.22603687060966715
0.2861525247721294,0.24040333787401527,0.2359090294907568,0.2375351078630986
0.28146724749481544,0.25588561784153696,0.2472775584548555,0.21536957620879202
0.28635913010784875,0.23953949780772743,0.23551567057664582,0.23858570150777805
0.2852239388564011,0.24368263821521233,0.23818231343990073,0.2329111094884858
0.28482182554305074,0.24515410765572485,0.23938681603094839,0.23063725077027597
0.29138897836193095,0.2167283261381414,0.2175429046674723,0.27433979083245535
0.2887047301106217,0.22717382633566294,0.22487578335286681,0.25924566020084844
0.2759028160742188,0.2702940253939232,0.25728760565336645,0.19651555287849146
0.28160165886391275,0.25422356650733846,0.24699709252412858,0.2171776821046202
0.27977859436385816,0.2604601618143186,0.2511323693448787,0.20862887447694442
0.28135139689484917,0.25586060663461224,0.2479204276602094,0.21486756881032917
0.2846323932109953,0.24569777375274882,0.2402533668472011,0.22941646618905473
0.28495731466365826,0.24469648831000054,0.23911438923555178,0.23123180779078933
0.2767082063237374,0.26903499549855453,0.2568326164427738,0.19742418173493426
0.2776788978822196,0.26575913279503294,0.25541196392627363,0.20115000539647385
0.2877086516747862,0.23362703840551335,0.23144908988722498,0.24721522003247542
0.28905408451863795,0.22800567798900886,0.22610316996542087,0.2568370675269324
0.28953139455095706,0.22507322385381198,0.22362109131221147,0.26177429028301946
0.2824672824168416,0.25164332705923936,0.24361469710831268,0.22227469341560643
0.27115411198053757,0.28226405013476286,0.26636033966297057,0.18022149822172914
0.27521736529001095,0.27093591329552463,0.2596104377831016,0.1942362836313628
0.27397749360140106,0.27466490245815917,0.2620049374291184,0.1893526665113214
0.28077107459988104,0.25642449531703604,0.24897650470735477,0.21382792537572828
0.2824226542573882,0.2525339862124191,0.24542702795982613,0.2196163315703665
0.2774101670642406,0.26706826676747747,0.2557486518774843,0.1997729142907977
0.27660448715608654,0.26866703434762573,0.257432581550575,0.1972958969457128
0.28445202527836977,0.24550766438877092,0.24058987076699856,0.22945043956586078
0.284913228285271,0.24470722752740282,0.23918164765200728,0.23119789653531894
0.28073361078998155,0.25802476303906974,0.24894458596640015,0.21229704020454854
0.28496860853193473,0.2445251129941676,0.23940100283912322,0.2311052756347744
0.2824836013712887,0.2526959451556375,0.24499035496624202,0.21983009850683186
0.2703836939192115,0.2841966661984489,0.26771444090118707,0.17770519898115242
0.27114370075051164,0.2806590581757116,0.26653661165387116,0.1816606294199057
0.2744243702465914,0.27278332970776664,0.2610982813629746,0.19169401868266742
0.2810013568501776,0.2557029554970193,0.24843330616889087,0.21486238148391223
0.28217994238167937,0.25331134459359966,0.24598715363860058,0.21852155938612022
0.28100623271392583,0.2570981016473658,0.24857768065620936,0.21331798498249904
0.27984235081064146,0.2603963193042639,0.2510981818017499,0.20866314808334482
0.28260819971386214,0.2520944354698403,0.24514989598570366,0.22014746883059394
0.28214720426055495,0.2537196782149944,0.24604415871020122,0.21808895881424933
0.2809028980429459,0.25748983299925865,0.24888034058825573,0.2127269283695396
0.28985359217444984,0.22491123686405698,0.22437792104984625,0.2608572499116469
0.28291856626218714,0.2504368389704254,0.2427180201056511,0.22392657466173632
0.2601184596413246,0.30552125343869047,0.28183197500367024,0.1525283119163148
0.2726347445634884,0.2746807809363024,0.26338175948713716,0.18930271501307203
0.2795538423954196,0.2590512797117185,0.2511105715345431,0.210284306358319
0.27370165771456967,0.27589911799117645,0.2624169910177236,0.1879822332765302
0.28336787147050674,0.24850194470633233,0.2431374004107225,0.22499278341243845
0.2867797610958735,0.23771086696120483,0.2339891724533843,0.2415201994895375
0.2801233616774891,0.259688688793341,0.24998207425795468,0.21020587527121526
0.28694175782701775,0.23719264353634556,0.23388377833956717,0.24198182029706955
0.2931173125306152,0.20273205792409785,0.20610352638245327,0.2980471031628336
0.291736150421259,0.17028056798421923,0.17816204000364455,0.35982124159087725
0.28564308047647763,0.15331662455664855,0.16310995543241194,0.3979303395344618
0.28462343345161545,0.168453283498778,0.17651137717272405,0.37041190587688244
0.2840201313795164,0.22164186744809392,0.2208611047790442,0.2734768963933455
0.2895086050467332,0.2149273257512463,0.21609050311264416,0.2794735660893764
0.29238348081051213,0.19399550072434374,0.1985128987203548,0.3151081197447893
0.28995355887648666,0.21009596962269148,0.21123842968040416,0.28871204182041765
0.29134300319127754,0.2045457504687012,0.20709875307604614,0.2970124932639752
0.2896739380073348,0.21615338855064836,0.2161485545534219,0.2780241188885949
0.28532005987216325,0.23979162614014074,0.23482000292175392,0.24006831106594198
0.2910962003727357,0.2160872998553684,0.21685743191288667,0.27595906785900937
0.28894415648225596,0.22574468430239936,0.22389084008158275,0.261420319133762
0.29036871665537595,0.21942916906316096,0.21917785170274579,0.2710242625787174
0.29248312104087265,0.20201386524816317,0.20504491684362455,0.3004580968673395
0.2880018509904281,0.22613124795465062,0.22388128501413201,0.26198561604078935
0.2815558050776281,0.25369370206405717,0.24535668966032978,0.2193938031979849
0.2845591478409678,0.245372153800104,0.23987059573502473,0.2301981026239034
0.28031216482786997,0.25912678251856514,0.24978651764762988,0.21077453500593504
0.28273991591593106,0.25175983887858283,0.24484771815419115,0.22065252705129487
0.2882232768793933,0.2322772726318014,0.22988014656280767,0.24961930392599752
0.2818069764944749,0.2544994222909627,0.2459693901070438,0.2177242111075186
0.28073199638962276,0.25789317793277694,0.24918752891387147,0.21218729676372897
0.28837275695884995,0.2314008217046094,0.22936886832451647,0.25085755301202417
0.2876196993613983,0.23423868669286627,0.23083455575548428,0.2473070581902512
0.28722845116011203,0.23570551266140122,0.23193227129250943,0.24513376488597738
0.2867885473706632,0.237645643788541,0.23351160777558452,0.24205420106521128
0.28319073923355986,0.2501951808022373,0.24288272232880398,0.22373135763539892
0.2681315482400139,0.2891725808197732,0.2709898890416917,0.17170598189852135
0.27153814518596764,0.27927791247547823,0.265820513631826,0.183363428706728
0.2817806313344847,0.2526371896431115,0.24648023654413992,0.21910194247826395
0.28724582831643536,0.23577105023957254,0.23275741937424801,0.244225702069744
0.288505957122952,0.2306615743775893,0.22818650505659688,0.2526459634428619
0.28647429542940295,0.23848959196228336,0.23397297952786644,0.24106313308044727
0.2829568137940967,0.25100012093227697,0.2435693010902653,0.22247376418336104
0.2816232077169145,0.2552774083199019,0.24710703317257612,0.2159923507906074
0.2838372678203544,0.24838816691118518,0.24220980032891268,0.22556476493954783
0.28936658147909455,0.22734439305233706,0.2259706210594857,0.25731840440908255
0.29213371903911156,0.20953356965312436,0.2113137916502416,0.2870189196575224
0.28544353325333965,0.2393848984463255,0.2341058984979986,0.2410656698023362
0.26527453633660786,0.2948759252387308,0.27450036081186596,0.16534917761279536
0.27355145331691655,0.2737314811570255,0.2622111092710818,0.19050595625497618
0.28702673949594787,0.2347177897847389,0.2327502954803349,0.24550517523897836
0.28822192708400984,0.23148159607165167,0.22891590140767906,0.25138057543665937
0.2893715866777402,0.22614056102469793,0.22453330195560797,0.2599545503419539
0.2843838846075248,0.24552151142511314,0.23913163899697093,0.2309629649703911
0.2824064296326533,0.2528020974270028,0.24516420147127357,0.21962727146907032
0.28881893275302195,0.22956423896106679,0.22777134373334895,0.25384548455256234
0.28986624153286766,0.22388490278094303,0.22277344075841635,0.263475414927773
0.29008087068751,0.22130533802321395,0.22051374457722375,0.2681000467120524
0.2892971421749316,0.22488680944541997,0.22335841551039434,0.2624576328692541
0.28633181161475024,0.23783636713880213,0.23327753237101223,0.24255428887543534
0.273343172492577,0.2770783859784378,0.26232669405696407,0.18725174747202095
0.2817568652578385,0.25340534876996973,0.24670835172404773,0.2181294342481441
0.2884084020499825,0.23112284371544456,0.22915387284822722,0.2513148813863457
0.2881381230853572,0.23190836044452534,0.2290066420116037,0.2509468744585137
0.28708599599175405,0.23617184398103805,0.23226878296710632,0.24447337706010158
0.2875443465407377,0.23451943483587392,0.23109331668072863,0.2468429019426598
0.2876365826226147,0.23418272761777037,0.23082304753616117,0.24735764222345363
0.28944090585615045,0.22608068350595026,0.2245341132274886,0.25994429741041064
0.2896093319941826,0.224344616228521,0.22299283204300985,0.26305321973428664
0.2888517049151259,0.22746270587741138,0.2253621317428627,0.25832345746459995
0.2903750302142326,0.2201428400261651,0.21977650899098206,0.26970562076862026
0.2878032116795823,0.23137772774199974,0.2282293108356609,0.2525897497427571
0.2737544630771225,0.27583785609885275,0.26126451661070527,0.1891431642133196
0.2793267868397824,0.2605395222417814,0.2518891241701691,0.2082445667482669
0.2867448487817093,0.23755946322787727,0.2343222012741213,0.24137348671629205
0.28643934458865944,0.239107748287661,0.2347112662099825,0.23974164091369699
0.28755886792044494,0.23485928280400972,0.2314771613057412,0.24610468796980417
0.2879280525359888,0.23297755254206548,0.22985692436009691,0.2492374705618488
0.28674079858613966,0.23770400767092104,0.2334833878279757,0.24207180591496366
0.2910813640878316,0.21760436685276766,0.21797186622011874,0.27334240283928213
0.2907265308506516,0.21651753511257796,0.2166394219850158,0.2761165120517547
0.29059102610831794,0.21621532526555928,0.2164207004973821,0.27677294812874065
0.2926223752739448,0.1974485140301719,0.20128960724172415,0.30863950345415925
0.2885449915508077,0.22126557947945635,0.21999414207326246,0.2701952868964736
0.2730727418165057,0.27621306353018815,0.2613905717126764,0.18932362294062985
0.28047125081396634,0.2568536892102202,0.24926616610174884,0.21340889387406464
0.2850414737808794,0.24374784234897712,0.23886991374235286,0.2323407701277905
0.2804463006094575,0.25880152968526937,0.24954267608839611,0.21120949361687696
0.28676697990096933,0.23798051374658608,0.23448247288767188,0.24077003346477263
0.2872497180070041,0.23597717513984307,0.23226737000719175,0.24450573684596108
0.28622851579850433,0.2399694303932806,0.23531729291931724,0.2384847608888978
0.2922986349911109,0.2096477164473729,0.21165598638746666,0.28639766217404955
0.2906464384789052,0.21483213766760614,0.21516290645780786,0.27935851739568074
0.2891997126597189,0.2231285631455474,0.2218234238004139,0.2658483003943198
0.2916570424966751,0.2100820974893285,0.21173305145689392,0.2865278085571026
0.29036755513519186,0.2151806430813704,0.21537697430408767,0.27907482747935014
0.2780334694143864,0.2633357666878761,0.25206642572437743,0.20656433817336003
0.28082967975747497,0.2566377285391437,0.24857746762095848,0.21395512408242287
0.2805445512539376,0.25816194191608915,0.24949140373723017,0.21180210309274314
0.2744289172199772,0.27447988039668386,0.2612061289046874,0.1898850734786515
0.2817453528455761,0.25382639668165685,0.2470133128714912,0.21741493760127586
0.2909906079292973,0.21845391110146456,0.2192140859190978,0.2713413950501402
0.29088751335635527,0.2161252041627116,0.2164145095319221,0.27657277294901106
0.2916772114129668,0.20833039368022216,0.21008878527994784,0.2899036096268632
0.2898431413456429,0.2179381539091898,0.2176122829470428,0.2746064217981245
0.28758505696532805,0.23116800267932341,0.22817296884192367,0.25307397151342487
0.2904805963860818,0.21931828945471762,0.21923687786618284,0.27096423629301775
0.2871364070951693,0.2341095338715461,0.2303297453600414,0.24842431367324316
0.27381102320085904,0.2757685944977114,0.2612936695900228,0.18912671271140669
0.27592993675124555,0.2696340198552841,0.25841201826553667,0.1960240251279337
0.28504451392273317,0.24323198709288285,0.23899815707683394,0.23272534190755004
0.2894924496744247,0.2262652562677234,0.225013218227879,0.25922907582997284
0.2859689666153634,0.24014899744260607,0.23516375892643318,0.2387182770155973
0.28342877673015654,0.2494299496709019,0.24243223331503289,0.22470904028390865
0.2878528212970639,0.23392717460008958,0.23111588908223424,0.24710411502061233
