0.2993173489644296,0.2328224481473576,0.22001852522339682,0.24784167766481577
0.29883843909512087,0.23498072682308593,0.21867859411852478,0.24750223996326845
0.2981870044191473,0.2340879609567182,0.21855347191196822,0.2491715627121663
0.29728991760426343,0.23432031558534672,0.21841250523580347,0.24997726157458636
0.29851962966561546,0.23410386869214345,0.21996978795103583,0.2474067136912053
0.2969344474562781,0.2376870793133035,0.2188511576933905,0.24652731553702784
0.2955059669328641,0.23760893348430337,0.21725415133506346,0.249630948247769
0.2993144700144191,0.23143966456773435,0.2207809874628509,0.24846487795499567
0.29784795220566773,0.23434190681458628,0.2178004613106972,0.25000967966904875
0.2980827157761908,0.23379295855520382,0.21890861855573795,0.2492157071128675
0.2982972280687573,0.23604495538669978,0.22108185346161904,0.24457596308292387
0.29450152993522327,0.24121064961841446,0.21581601278377344,0.24847180766258875
0.296048793398014,0.23438008304650676,0.2195874067158576,0.2499837168396219
0.2995962410611597,0.2327885506141849,0.21958032709727882,0.24803488122737674
0.29877444092768846,0.23320669803014957,0.21860239282494723,0.24941646821721472
0.29856565485213693,0.23370999737007575,0.21818782494968003,0.24953652282810718
0.29954513134584787,0.2332189127233694,0.22091776578630318,0.2463181901444797
0.29801378062775924,0.23631309147490376,0.217208115713322,0.24846501218401496
0.29788423849325135,0.23229186056401943,0.2188536945298846,0.2509702064128447
0.30033111627573117,0.23073443212521352,0.21938855348251549,0.24954589811653985
0.2979986099055809,0.23390234838683954,0.21955872799100118,0.24854031371657836
0.29658686123268035,0.23734830338675914,0.21819465408769917,0.2478701812928614
0.29600318127633163,0.23813206960814332,0.22083514817547992,0.24502960094004522
0.29298703992630515,0.24198972248499934,0.21551808264130787,0.2495051549473878
0.2966167118980473,0.2332035402328378,0.22091440323385136,0.24926534463526362
0.29949150996560253,0.2333980662114769,0.2189571922574178,0.24815323156550276
0.2979484358526897,0.23340386642946132,0.2182573377560893,0.25039035996175973
0.29882499444364474,0.23369262030755641,0.21906410420459377,0.24841828104420494
0.2990915177978127,0.2349126407614681,0.2207426692223069,0.24525317221841236
0.29585547945679025,0.23859720272531837,0.21604128080236382,0.24950603701552762
0.295771932943856,0.23473087702354598,0.21936389297161815,0.2501332970609798
0.2995949621544275,0.2341972164090099,0.22055440449663452,0.24565341693992807
0.29612745383576944,0.23848049420887482,0.2178615233061917,0.24753052864916417
0.29542000657280537,0.23673891088219323,0.216185863123315,0.2516552194216862
0.29936608618539146,0.23234499283804802,0.22322271505100177,0.24506620592555867
0.2956454775156878,0.24092886342391692,0.21523482719930892,0.24819083186108637
0.29697556779233497,0.23409558900824307,0.21992826467086296,0.24900057852855895
0.29902992801757716,0.2342571293163612,0.21893362070377795,0.2477793219622837
0.2986195717632665,0.23388460968435773,0.21843456187750226,0.2490612566748735
0.29929144041101147,0.23342919239550308,0.21875468816255708,0.24852467903092837
0.29851879582722646,0.2348697949366797,0.21928870162629194,0.24732270760980202
0.29765801004037235,0.23642353094020901,0.21784598920374315,0.24807246981567543
0.29869201929476374,0.2336152229830869,0.21981652508384483,0.24787623263830463
0.3002722435528484,0.2318067469614085,0.21814675694666125,0.24977425253908195
0.2983378191224737,0.23133536581201458,0.21903210400438794,0.25129471106112383
0.2985353802577242,0.23526386067193744,0.2189995572055933,0.247201201864745
0.29612974929404495,0.24068042853639332,0.22091502181447142,0.2422748003550902
0.29094854853995744,0.24512876432235398,0.21403062322538915,0.2498920639122994
0.29591916214314284,0.23284986921355288,0.22089287007837158,0.25033809856493283
0.30084679959437194,0.23158058241923285,0.21949758952543136,0.24807502846096377
0.30012195188838214,0.23130537720665295,0.21874321766811852,0.24982945323684627
0.2996033415900161,0.2331241125472095,0.21818844022308917,0.24908410563968525
0.29954607633011826,0.234108083164942,0.22085156134886977,0.24549427915607
0.29717380724726344,0.23797668143155903,0.2169048142920228,0.24794469702915473
0.2964187920381194,0.23444070100095105,0.21859349881187676,0.2505470081490529
0.29949208944810757,0.23263981551655802,0.21947206696677946,0.2483960280685549
0.29788260483857987,0.2353160545499901,0.21945638799242478,0.2473449526190053
0.2949398915896289,0.2393187250427547,0.21650988742250607,0.24923149594511038
0.2963598683602267,0.23683779075687023,0.2214208356154732,0.24538150526742974
0.29468689544098126,0.24090744141760198,0.21651719391085864,0.2478884692305581
0.2972977873041158,0.23330996209995916,0.21925771307266126,0.2501345375232638
0.30119287642938214,0.22994494104194133,0.21953186931815574,0.24933031321052085
0.30004449695674384,0.23122293120187398,0.21867591122358018,0.25005666061780196
0.29954298242455424,0.2340927291451222,0.21900145638577284,0.24736283204455076
0.2976456362000922,0.23765959922745236,0.2199667366927258,0.2447280278797297
0.29521015602850026,0.23936609825869876,0.2162434046060155,0.24918034110678552
0.2963986979277846,0.2338283306082864,0.2194245866522478,0.25034838481168115
0.3004712739023171,0.23217153593131185,0.2195206507051718,0.24783653946119927
0.29762466181466685,0.23508477217108498,0.2190537202370372,0.2482368457772111
0.2958988464073341,0.23816880390182935,0.2163763302329811,0.2495560194578556
0.29915594783399013,0.23371992540498449,0.22383940430939686,0.24328472245162852
0.2961026190182471,0.23968559754583826,0.2145308292629302,0.2496809541729844
0.29867365161746035,0.22928100940037166,0.21962617171611876,0.2524191672660494
0.30300038996467565,0.22821662842582588,0.2204450600864637,0.24833792152303485
0.29880857499490554,0.23355009913381697,0.21865089795334663,0.24899042791793088
0.29782326858974156,0.235839316998168,0.21841865662793652,0.2479187577841539
0.29817076802992837,0.2358118616184219,0.22162403113809961,0.24439333921355016
0.2944768466865685,0.2400814776087866,0.21465537052021263,0.2507863051844321
0.29719698775795667,0.23100896299467402,0.221013411299295,0.2507806379480744
0.30066019809206074,0.2330266175230717,0.2200873348341601,0.24622584955070742
0.29586175609407334,0.23794998572271253,0.2177053690450374,0.24848288913817682
0.295891808089457,0.23659612816965062,0.21777271759136946,0.249739346149523
0.2980381288087351,0.23520383332773093,0.22241934691774415,0.24433869094578978
0.29490374924614227,0.24051090154757823,0.21471784142883207,0.24986750777744748
0.2972236685113138,0.23196315384816152,0.2206275207506333,0.25018565688989125
0.30040705812584634,0.23309472274564152,0.21920659816268598,0.24729162096582624
0.29809775848819137,0.23455176460473603,0.21883174376606437,0.2485187331410083
0.29801724734024304,0.23505181301907888,0.21736872473975727,0.24956221490092093
0.299651649646186,0.23217457439243283,0.22173646576075023,0.24643731020063098
0.2967158112117912,0.2378442308778605,0.2158213125377061,0.24961864537264203
0.2986152400032859,0.23178121455884798,0.22077339171196908,0.24883015372589706
0.30082493873284055,0.23228542624487442,0.21929871821866415,0.2475909168036208
0.29631441268176606,0.23483588791880725,0.21780819402999219,0.2510415053694344
0.29840321674551024,0.2339338863078739,0.2194975127115864,0.24816538423502948
0.29751763157526373,0.2383227269480763,0.22173160415343326,0.24242803732322657
0.2918435731370361,0.24396610001052169,0.21324964928573018,0.25094067756671207
0.2972669455198724,0.23084467012431306,0.22254963799380903,0.24933874636200565
0.2993759294932752,0.23469489050426456,0.21823324665858226,0.24769593334387804
0.2982118232809145,0.2335918984274926,0.21862891483987126,0.2495673634517216
0.2972608578534777,0.23588659034078516,0.21844127186921464,0.24841127993652257
0.2987403191583578,0.23527813935122371,0.22049184291974025,0.24548969857067837
0.29777715887321143,0.23611936705766978,0.21792010275929433,0.24818337130982446
0.29801071770900706,0.23214176958841268,0.21721999223559513,0.2526275204669851
0.301707879304499,0.22810436332347062,0.2211984522025715,0.2489893051694589
0.2972863342696043,0.23712597001884392,0.21857754665106896,0.24701014906048277
0.29563185338448544,0.23924085890248742,0.21841238263431972,0.2467149050787074
0.2936158076798863,0.24209252710056367,0.21959778336360317,0.24469388185594695
0.2922773376596878,0.24094244261790823,0.2149215761830441,0.2518586435393598
0.29908274558972414,0.2300798570769908,0.22288378620746113,0.24795361112582395
0.2991775356266936,0.23466820417942225,0.21698443497950348,0.24916982521438066
0.2988350708046899,0.2331215595941747,0.21933271922779843,0.248710650373337
0.29933129047832,0.23523542926512178,0.21946625132533126,0.24596702893122707
0.2983733114790059,0.23542874886611878,0.21856141114989608,0.2476365285049792
0.2973668315368402,0.23425050162250916,0.21721426875885333,0.2511683980817974
0.2996509516147724,0.23180851472251104,0.22016875184774592,0.24837178181497066
0.3003582608052577,0.2338265799754271,0.21993551754589186,0.2458796416734234
0.2953083007429635,0.2387036995486991,0.21662512469313586,0.24936287501520152
0.2960886414183541,0.2362161340324427,0.21875770657190485,0.2489375179772982
0.29657730538348887,0.23838984258308185,0.22083007579677064,0.24420277623665862
0.2943014995612764,0.24056812590153956,0.2155489715765973,0.24958140296058665
0.29817513988486616,0.23168291392270132,0.2205600496242648,0.24958189656816757
0.30005970904777746,0.23249188825953893,0.2182210463013332,0.24922735639135044
0.30026131807854123,0.23219592082849297,0.21967480300314055,0.24786795808982529
0.29894479414026837,0.23543208158676407,0.2184156636711643,0.2472074606018033
0.29827054166648703,0.2350663878046606,0.21881264661886138,0.24785042390999099
0.29709578893311417,0.23567259297995172,0.21796349944647006,0.2492681186404642
0.29871240073106,0.23369512171894494,0.21927235739200368,0.24832012015799146
0.3009192016435039,0.23149002349047648,0.2203624400084758,0.24722833485754384
0.29518559381759113,0.23718243952872028,0.2168414765036934,0.25079049014999516
0.2968229682218139,0.2363447377183636,0.21949287224415415,0.24733942181566834
0.29815269186516385,0.23832276708222927,0.22352451595774572,0.2400000250948612
0.29087914191948766,0.24479523233554354,0.21165441878257849,0.2526712069623903
0.29797030494882537,0.22938442168387965,0.22099367028098102,0.2516516030863139
0.304256395023479,0.22897972309421938,0.2234423142881037,0.24332156759419793
0.298070151194387,0.2367347235586338,0.21519210370069156,0.2500030215462876
0.2992034308401674,0.23161370124171812,0.2189165354698919,0.2502663324482226
0.3018729893946528,0.23106458590123444,0.22239517499185538,0.2446672497122573
0.2996399638530243,0.23442303128453332,0.21564896195333155,0.25028804290911083
0.3004663991378898,0.22553396609291498,0.21872243404608907,0.25527720072310617
0.301496555911939,0.22406321202124915,0.21795750966271132,0.25648272240410047
0.29981341672684764,0.22498993652995344,0.22214165534971672,0.25305499139348225
0.2981069353839703,0.234703327374693,0.22322472092552673,0.2439650163158099
0.2953493764568274,0.2428969406233423,0.2202202898270988,0.2415333930927315
0.2905206770771339,0.24562064055584742,0.21522287658810582,0.24863580577891273
0.2932820913659154,0.23175127140190946,0.22011605680077126,0.2548505804314041
0.30035173297675255,0.22926344474100996,0.22270528846951734,0.24767953381271998
0.29557462322711237,0.2396410030952016,0.21791924036378466,0.2468651333139013
0.2957504306817253,0.235601396156905,0.21934356118171364,0.24930461197965603
0.29720691253394976,0.2357249125610222,0.22108135731260845,0.24598681759241947
0.2944302282180642,0.23886507772510368,0.21556569620167632,0.2511389978551558
0.2990469353248818,0.22902690966427983,0.22251188737389607,0.24941426763694233
0.2993056448696935,0.23408424050124277,0.21807410350223608,0.24853601112682772
0.2960006193686579,0.23445553998022148,0.2188453600180211,0.2506984806330995
0.29786400823073983,0.2348270104090276,0.22098025663972307,0.2463287247205095
0.2950042231527175,0.24176693093711343,0.21874495511118128,0.2444838907989877
0.29161355248914034,0.2416574669510571,0.2158700987312464,0.25085888182855604
0.29764343186436093,0.23215765278263736,0.22206816133209742,0.24813075402090426
0.29841798545452775,0.23507765527622815,0.21817112236065195,0.2483332369085922
0.2965072072292107,0.2348840560175159,0.21767529869308117,0.2509334380601923
0.300499148458203,0.23211082047149753,0.2216337924258336,0.24575623864446586
0.298018096783868,0.2370658068014624,0.21809888509043782,0.2468172113242319
0.29688298500082383,0.23443899624306005,0.21636612737555264,0.2523118913805634
0.29986294453779627,0.22973468693298785,0.22196072720595775,0.24844164132325813
0.2992593996302241,0.2356519369809984,0.21771640967584263,0.2473722537129349
0.29540435407335436,0.23737908418274475,0.2190249750934774,0.24819158665042346
0.29366163433515924,0.24075831586658625,0.21729898873592554,0.24828106106232908
0.2958726326000573,0.23795980606907494,0.22187558227428322,0.24429197905658465
0.2949346668807614,0.23953009170275605,0.21587827180576083,0.2496569696107218
0.29881155575893403,0.22984042788333459,0.21932251890468127,0.2520254974530502
0.3021584794474019,0.22857353228940697,0.22007399093803856,0.24919399732515268
0.3005810078859477,0.23243582507042512,0.21897460595584478,0.24800856108778244
0.29815074870451214,0.23594336436438784,0.21867248467553108,0.24723340225556897
0.2962131960414209,0.2379637787756727,0.21866019087328453,0.247162834309622
0.2964308133018825,0.23663336214437813,0.21840750787219973,0.24852831668153966
0.298451763748959,0.23276165651745268,0.2192608933359155,0.2495256863976729
0.3000609135365385,0.23047897174417373,0.21846247808778904,0.2509976366314986
0.29774818000298775,0.232576857895639,0.21981342704195078,0.24986153505942243
0.2958269741421528,0.23974683031963798,0.21913315707104924,0.2452930384671599
0.29555247446179167,0.24111863967637567,0.22143906269305705,0.24188982316877553
0.2926827066475935,0.24153734915255579,0.214396489284675,0.2513834549151757
0.2981462183701053,0.22845623682826122,0.21904995207237213,0.2543475927292612
0.30339855875855437,0.22669177225809392,0.22228353774689694,0.24762613123645486
0.2986292613283817,0.2365662913013476,0.21751304698168578,0.24729140038858505
0.298071259789746,0.23535992086610943,0.21954497587799213,0.24702384346615258
0.29703259240509855,0.23680041269386387,0.2188934336371837,0.2472735612638539
0.2971591689344906,0.2341951607870733,0.2167183645217134,0.25192730575672273
0.299461420050692,0.22933677767175403,0.22135473726301966,0.24984706501453421
0.3000198435082175,0.23365617664494337,0.21811230489006755,0.2482116749567717
0.2960448196301445,0.23647945287603214,0.21982282901876773,0.24765289847505556
0.29426400027042054,0.24048207883815242,0.21723137098789574,0.24802254990353126
0.2968727037565905,0.23616021882233515,0.22263299546144652,0.24433408195962783
0.2950350027732143,0.23930124004626915,0.21470777490969878,0.2509559822708177
0.29839576388341077,0.2289822398687283,0.22025146057935524,0.25237053566850565
0.30138750596796476,0.2308994478963959,0.2203241123561809,0.24738893377945836
0.29881493262439857,0.23530332724430833,0.2185989876951905,0.24728275243610265
0.2974181328510556,0.23546501696328603,0.21807118464423553,0.24904566554142282
0.2980913290470404,0.2333157816422049,0.21957801981666028,0.24901486949409435
0.29824050561476195,0.23384581467186052,0.21838753536198374,0.2495261443513937
0.29821087974564536,0.23314520656981244,0.21959120678613936,0.24905270689840284
0.299166403363499,0.23338126382628835,0.21905381553548822,0.2483985172747246
0.29581711948338546,0.23651670519872692,0.21888887150658606,0.2487773038113014
0.2948455455072597,0.23854759215672203,0.21839046902836826,0.24821639330765002
0.2969594817940245,0.2373233720623969,0.2222356707222314,0.2434814754213472
0.29408989578500067,0.2409801051270841,0.21487727814847743,0.2500527209394378
0.29725530797701794,0.23058586854453467,0.21950695109893967,0.25265187237950776
0.30176701843124554,0.22986466357505722,0.2210099845447487,0.24735833344894864
0.29883024812720177,0.23508210787075726,0.21814298328075346,0.24794466072128749
0.2982335899987842,0.23426290706755326,0.21831936488894757,0.24918413804471495
0.2993382052283372,0.23218536970885875,0.2202809551751604,0.24819546988764368
0.2978689681311319,0.2343255408018918,0.2171524354302046,0.2506530556367717
0.29953831331156816,0.23024122831720928,0.22048688424796406,0.24973357412325847
0.30021256589910994,0.2319489703631481,0.2190675165250639,0.24877094721267815
0.29561958610373174,0.23571126633339226,0.21893041338398042,0.24973873417889556
0.2954551694047662,0.23757254345536907,0.2203346164857358,0.246637670654129
0.29585592301853947,0.24087764574554418,0.22135928236170807,0.24190714887420825
0.29053279922806485,0.24481516110773144,0.21381352139002355,0.2508385182741802
0.2960171544442485,0.23132369547855847,0.2202372431998111,0.25242190687738203
0.30208488421395735,0.2301775455115198,0.22249935081223965,0.24523821946228322
0.2972723945314049,0.2371986385612573,0.21598935573521505,0.24953961117212262
0.2996971893509736,0.23104236698479388,0.2197261130872254,0.24953433057700705
0.3007289422378964,0.23109093542172207,0.22062561068956635,0.24755451165081513
0.29800035019581383,0.23434104414500043,0.2159824897937509,0.25167611586543503
0.2995836305540986,0.22940973937383521,0.22191746931520773,0.24908916075685839
0.30003910283771384,0.23442614079838978,0.21848924666483782,0.24704550969905859
0.2953540931625807,0.23637262220161226,0.21852012252305944,0.24975316211274773
0.29535525498205323,0.23665703569185573,0.21906780947166293,0.24891989985442803
0.29681517469514895,0.2378763366906237,0.2223418084672375,0.24296668014698988
0.2910094490757592,0.24592148893038598,0.21410656904276248,0.2489624929510924
0.2939338559860531,0.2350047917845741,0.2200279668677185,0.25103338536165415
0.30024692955503235,0.23272934569242043,0.2215764236804814,0.2454473010720658
0.2991478512666184,0.2334617561702492,0.2173842466050675,0.250006145958065
0.300136107857381,0.2293236832922203,0.21769680580243939,0.2528434030479594
0.3024330104665614,0.22701734953570984,0.22160320489301275,0.24894643510471606
0.2991370995551023,0.23481527285169448,0.2178500329234868,0.2481975946697164
0.2974160484975955,0.23476142435905367,0.21970699266182614,0.24811553448152465
0.2976440683099546,0.23578052365906724,0.21924924583753164,0.24732616219344647
0.2939628100555709,0.23869665946303326,0.21793352723574674,0.24940700324564907
0.29476922237047715,0.23732720794371004,0.21953740662155963,0.24836616306425321
0.2956406214290586,0.23983118024920033,0.22099827573416228,0.24352992258757883
0.29454563833850317,0.23980265302124235,0.21589671062263502,0.24975499801761958
0.29758602651869087,0.23032414250162087,0.21949487549216537,0.2525949554875228
0.30074684475924307,0.2303723819533933,0.2191983096490182,0.2496824636383454
0.2998397551306721,0.23352052599667988,0.2205741139673676,0.24606560490528048
0.298946458379071,0.23615422173333164,0.21779784796400076,0.24710147192359672
0.2975812540384031,0.23291449365343572,0.21862029547822787,0.2508839568299334
