0.3326115689626009,0.21760767351496224,0.22473523002693185,0.2250455274955049
0.3208375210750469,0.20637876718440534,0.24525454729943102,0.22752916444111668
0.3164520132002769,0.22907804428944897,0.2156416100377722,0.2388283324725019
0.32589395500451657,0.20647278075197975,0.23952691106736057,0.22810635317614308
0.31945724897453814,0.22521763373371245,0.21582210002580474,0.23950301726594453
0.31506659175430013,0.209584638024396,0.23488888522150692,0.24045988499979692
0.32303734635894515,0.20809970694892602,0.24026463926383027,0.22859830742829865
0.3291661505285225,0.2119072715019812,0.23390243687662274,0.22502414109287364
0.31890231123581303,0.22444153474165077,0.2119872210459426,0.2446689329765935
0.33168654874012016,0.20377149033149713,0.23516366572037195,0.2293782952080109
0.3210194459286237,0.223469401179416,0.21094519449296684,0.24456595839899353
0.3140069244052407,0.19586445525433854,0.255208660215761,0.2349199601246597
0.32806923578660163,0.22205922231553962,0.21953685225221425,0.23033468964564452
0.3200939592426202,0.20550362287923835,0.24538905219139276,0.22901336568674882
0.3148375077541115,0.22837965564266646,0.2127651468471679,0.2440176897560541
0.328025363827766,0.19893386697079726,0.24815459253808017,0.22488617666335664
0.3143100445494794,0.22356738755877983,0.21782696807522003,0.24429559981652058
0.3114492554324814,0.19748042239049532,0.2593114621995155,0.23175885997750778
0.32632692450584716,0.21480315036713427,0.23519158689408637,0.22367833823293223
0.32331782882392435,0.21540533807135034,0.2334784071473962,0.2277984259573291
0.31405369815349043,0.23287100962525178,0.20804667655697906,0.24502861566427883
0.3278585450084044,0.1996572897325996,0.25277795227295846,0.21970621298603749
0.32027550495849766,0.2360637267768186,0.20471970679696982,0.23894106146771396
0.30578297084116773,0.20326964935172492,0.25387615224915633,0.237071227557951
0.3237625175735234,0.22974699593093348,0.215926019131352,0.23056446736419103
0.3175808187588794,0.20716026694693965,0.24786455278037364,0.2273943615138072
0.3145498845131661,0.2387224350139799,0.20359374823579496,0.24313393223705904
0.33185867525218277,0.20745225565028247,0.23806030021927416,0.22262876887826064
0.317594138375825,0.22977200545378546,0.21325825111004848,0.23937560506034106
0.3173586305351575,0.2160332402848553,0.22947383577322253,0.2371342934067647
0.32352744538642203,0.22602397087267007,0.21483668331586814,0.2356119004250397
0.324237213005189,0.21724708955249222,0.22717777137568,0.23133792606663886
0.3210702299912416,0.22781292689606097,0.20988788158287716,0.24122896152982035
0.33008361478237563,0.2086625020108158,0.23213144384678325,0.22912243936002538
0.31942373903566157,0.23838248859082808,0.19412766648163593,0.24806610589187436
0.31451595070121613,0.20116200699480186,0.24732893809851036,0.23699310420547162
0.33082384746271765,0.22887057871006472,0.21095807038794567,0.2293475034392719
0.3241846703920133,0.21325345380674612,0.23188337315244462,0.230678502648796
0.31729962505626536,0.23530772050893814,0.2038034849550522,0.24358916947974427
0.33000149044445337,0.20696085483339322,0.23589178420699386,0.22714587051515958
0.31630702245137277,0.22971941754199013,0.2062883577400556,0.24768520226658144
0.3194724335790553,0.20474216615774743,0.24079797329172314,0.23498742697147404
0.3272867946618774,0.21496689108232217,0.23031827372493663,0.2274280405308638
0.32990147828022576,0.21252775323719217,0.23415464075366013,0.22341612772892208
0.32062962431207825,0.23819404410298273,0.19698728500447285,0.24418904658046597
0.3303878897563452,0.21037052906257228,0.22854258415935766,0.2306989970217249
0.320038340322611,0.23014454677083784,0.2047998169398009,0.2450172959667503
0.30855939212680267,0.20205957160809515,0.2525387519660969,0.23684228429900533
0.32412223662320944,0.22956343557337885,0.21473821653431674,0.2315761112690951
0.32575588379273107,0.20896287154305881,0.24045567346495234,0.22482557119925772
0.3176270493196186,0.23412162830869065,0.20577611107343385,0.24247521129825686
0.3284469164098906,0.2102223061528697,0.23011516625605197,0.23121561118118777
0.3177943679108262,0.22449060163087223,0.21474075954430832,0.24297427091399312
0.3158326694060518,0.207139266367005,0.24274083788338283,0.2342872263435603
0.3297811440346986,0.22217464713830162,0.22079169477959487,0.22725251404740504
0.3288631330350474,0.2168305741775225,0.22708286051410137,0.2272234322733288
0.3179746307015006,0.23790106259466587,0.19804191063086693,0.24608239607296664
0.32630163336985585,0.2045414114177388,0.23889504790069455,0.23026190731171078
0.3192715890182138,0.23694286405922854,0.19851887780315067,0.245266669119407
0.3093503525040789,0.19889731466329655,0.2564091702288288,0.2353431626037958
0.33021890689119937,0.22541416473172243,0.2187959533615571,0.22557097501552117
0.330829717546238,0.21001185697479832,0.23495580020847823,0.22420262527048543
0.3165588229489468,0.23689562768346575,0.19753395693906503,0.24901159242852225
0.3400946924719384,0.19953575717415328,0.23752835604641506,0.22284119430749322
0.3201990834961439,0.22443292619760005,0.2107876645321594,0.24458032577409644
0.3193508327646527,0.1994665833768238,0.2495663666788359,0.23161621717968764
0.337852887392763,0.22008328164807822,0.2174746721516718,0.22458915880748698
0.326925986205544,0.2117955033657886,0.2312491144146507,0.23002939601401684
0.313907391887855,0.23530080899646133,0.19694995656338846,0.25384184255229536
0.337039541049575,0.18887160112141094,0.2564862849399323,0.2176025728890818
0.3198433582365153,0.23078748936117588,0.20523688342672672,0.24413226897558205
0.30549695733430116,0.18971622440689145,0.27121913206014925,0.23356768619865817
0.3319538056843382,0.22472141891233297,0.2215142669561597,0.22181050844716912
0.3228192891651493,0.20955768543795625,0.23993747004025645,0.22768555535663806
0.31318868387105975,0.23555087384301085,0.20255104880155494,0.2487093934843745
0.33102332435006615,0.1913702104357996,0.26330523251984467,0.21430123269428958
0.31755246642512835,0.23418429516907818,0.20837453833104402,0.23988870007474933
0.31192198636878704,0.19602950250117968,0.2624755604721178,0.22957295065791553
0.3296469861303497,0.23009934847984254,0.21192485888666646,0.22832880650314125
0.3223389636398161,0.20971949881050528,0.23745597874979937,0.23048555879987923
0.3155404884047969,0.2292898186134005,0.20840882021047955,0.24676087277132316
0.3409803133684418,0.19602715346078406,0.246463495455831,0.2165290377149431
0.31881915183234244,0.2342225455250934,0.20009586050904837,0.24686244213351569
0.3117099730167332,0.193106400362911,0.2619359445052441,0.23324768211511174
0.33518332855640987,0.22729879136431855,0.21224822676703228,0.22526965331223944
0.318475772781182,0.20677021456382366,0.24376280114224033,0.23099121151275395
0.315447509436477,0.2352006673142927,0.20304318540827337,0.24630863784095697
0.3293735496534164,0.19243916965980756,0.26164890641841443,0.2165383742683615
0.31508875142123133,0.23558146539638855,0.20437580232877545,0.24495398085360465
0.3159709699725254,0.20304263239389225,0.24806919000640199,0.23291720762718032
0.32679641194904047,0.21262999704481977,0.2389969120409195,0.2215766789652203
0.3273038880779703,0.22015189424397516,0.22545037710422464,0.22709384057382978
0.3156567754049408,0.2238077883672425,0.21454400109185964,0.24599143513595706
0.328785599658151,0.2129100176159349,0.22654313899649042,0.23176124372942358
0.3180591758082131,0.22359326980061786,0.21421268579175118,0.2441348685994179
0.31149656431751016,0.1980312900295446,0.2607414178501566,0.2297307278027886
0.3344657292604252,0.23496731987059274,0.20661694551326307,0.22395000535571882
0.3129972622541753,0.21044670673260404,0.241602814402698,0.23495321661052265
0.31703523374853754,0.23828710286595264,0.2014047679069257,0.2432728954785841
0.321220582307436,0.2068347476545328,0.23863451398985938,0.23331015604817182
0.31183701701921923,0.22637472613164383,0.2188012554509135,0.24298700139822338
0.32385105875110626,0.20256215966892957,0.2504018191818166,0.22318496239814758
0.3263203438481962,0.22068195498708665,0.22762810855542032,0.2253695926092969
0.3238602927257457,0.23274135757032413,0.20586012809507037,0.23753822160885976
0.3182283851931184,0.22350488722602851,0.21382362766199423,0.2444430999188589
0.33038881957548605,0.2132210792803987,0.22811494477415373,0.22827515636996165
0.3168211617000477,0.23074626894398262,0.20637086019459816,0.2460617091613715
0.31284485154021136,0.20732757204884045,0.24508942340604584,0.23473815300490233
0.3303099701799599,0.23185469199602005,0.20926970515390164,0.22856563267011842
0.3188594503574931,0.21683851626557576,0.22750082777098216,0.236801205605949
0.31964863389652876,0.23475336242792202,0.20213413343783165,0.24346387023771748
0.3219334392726683,0.2083301870344527,0.23733401481241023,0.2324023588804688
0.31440344322102115,0.22576026702141477,0.21795067127679915,0.24188561848076498
0.32561672788233903,0.2146405666241511,0.22841646626924894,0.23132623922426096
0.3290475780095997,0.22279240645596537,0.21723793203879313,0.23092208349564178
0.3232574524262162,0.22596325315428806,0.2134024214059086,0.23737687301358718
0.31909729311106727,0.22201172123547624,0.21713964635762656,0.24175133929582987
0.3331827882630543,0.2181986226959175,0.2171403952843582,0.23147819375666998
0.31542879225365733,0.2317423426723367,0.20278762018993435,0.25004124488407176
0.3074383961000352,0.2045807297660874,0.2506507904439818,0.2373300836898955
0.34494426611529955,0.2224224802645608,0.21763496066199925,0.2149982929581404
0.3205484342182974,0.22456368224333337,0.2166419278942157,0.23824595564415352
0.31199021388687753,0.23399414568505406,0.20411572649528884,0.24989991393277955
0.34116990336107983,0.19893746898006684,0.24481287904655877,0.21507974861229454
0.31920197236587866,0.2297941008644764,0.21020509418283337,0.24079883258681148
0.3188691782862174,0.21640815274435588,0.2235802913411116,0.24114237762831517
0.3440144076523795,0.20543194375423188,0.23641766594309477,0.2141359826502938
0.3319464671863451,0.21926411039339366,0.2181980522783788,0.23059137014188252
0.3207841527758448,0.22223297212115484,0.20106258338503144,0.2559202917179688
0.34371490256654824,0.18830651201921064,0.23597715710951583,0.23200142830472528
0.3149523880870863,0.2043216514085231,0.2140645419879837,0.266661418516407
0.3093607600033846,0.17317808347307523,0.26428723611970795,0.25317392040383224
0.3499576446570895,0.19686009187893294,0.23295070313981708,0.22023156032416036
0.3334592724120253,0.20411074899226264,0.22237718523128502,0.24005279336442706
0.30058239024706,0.19609954340033675,0.22917228670566347,0.27414577964693965
0.3228817265010725,0.17998331110106852,0.251442197038112,0.24569276535974702
0.29860247374492593,0.1840097071537445,0.24821031983922315,0.2691774992621063
0.2839101286032246,0.16557848711715673,0.30438343199690876,0.24612795228270992
0.3200794095177932,0.19715599454625868,0.2636274093849308,0.2191371865510173
0.29421830438061664,0.19274170683778463,0.2809392179828298,0.23210077079876892
0.31004989937225663,0.22133531262800707,0.22243097267481265,0.2461838153249235
0.3239514491546552,0.1798245291356974,0.27867275068873415,0.21755127102091323
0.30201626960195904,0.2097749748092613,0.2503258718930629,0.23788288369571667
0.29838036568583154,0.18496655816119895,0.2937885268885432,0.2228645492644262
0.31938309404623905,0.21291532130243293,0.25303068620623137,0.21467089844509665
0.3105048980167503,0.22134411606633841,0.23473462875751053,0.23341635715940084
0.30828522244713324,0.21022650985197855,0.24225866544908972,0.23922960225179848
0.3160735871917434,0.20117089049093456,0.26230502650942306,0.220450495807899
0.3024053320116274,0.2259662457399873,0.22475419961242868,0.24687422263595657
0.3124661594202101,0.18910892886416678,0.27874470270967766,0.21968020900594543
0.32962671463635473,0.2223107745044163,0.22976487622668373,0.21829763463254515
0.3096398212736697,0.21279717925348157,0.23847513322615838,0.23908786624669037
0.320866043428449,0.22362988257972263,0.21838139457280786,0.23712267941902043
0.32747207647410603,0.20171023104189445,0.24790110560754314,0.22291658687645646
0.31467948270671237,0.23418720866383005,0.20553480052208295,0.24559850810737463
0.3129173143026097,0.19713990331555584,0.264200846932096,0.22574193544973842
0.3261796775444381,0.2306014039482334,0.21812574426498865,0.22509317424233985
0.31944351854028413,0.21456377605973367,0.23255692573220751,0.23343577966777476
0.3128064562208129,0.2262995011607402,0.2143227240228688,0.24657131859557802
0.32592732612933395,0.20695373595267058,0.23679915328551931,0.2303197846324761
0.3129880422250329,0.21131214141283855,0.2335144063296297,0.24218541003249877
0.324486476074106,0.21020282115549538,0.23822579862095586,0.2270849041494428
0.33140462636281726,0.22373992409066176,0.2166447632692644,0.22821068627725666
0.32478697003014295,0.216053367580963,0.2277688206380709,0.23139084175082314
0.3223159434302882,0.22817915741492886,0.20665735173072006,0.24284754742406284
0.32272567149967285,0.20759882701817828,0.22950443488004313,0.24017106660210577
0.31376355993223626,0.22218387498156117,0.21432522985605307,0.2497273352301496
0.3061587635424931,0.19437309585638324,0.2669332856317782,0.2325348549693454
0.3405163855904433,0.2185212610884729,0.22779343779159558,0.21316891552948816
0.33005700299343144,0.22183210164153705,0.21761429211114003,0.2304966032538915
0.3128633707520863,0.2241965931308062,0.2135496030617136,0.24939043305539385
0.32449751696013485,0.20623051990777652,0.23451443334584654,0.23475752978624198
0.3148813992408218,0.20964082002306336,0.23585521616529548,0.2396225645708193
0.32385302207028493,0.20428670416302902,0.24461212955405107,0.22724814421263484
0.3362513066925266,0.21070651317387928,0.2351092493389078,0.21793293079468623
0.321423142228407,0.21767695018395317,0.22651932607260844,0.23438058151503147
0.31961912102766876,0.23244308118965826,0.19833442993256653,0.24960336785010645
0.3294366348872132,0.19165299900211868,0.2506112347545928,0.22829913135607524
0.31657612879829256,0.22436774774480098,0.21415073020545433,0.244905393251452
0.3038805382694466,0.18367424262892745,0.28567261547046896,0.226772603631157
0.33317963765238373,0.23094014267502933,0.21530143807685714,0.22057878159572983
0.32900262765403965,0.21364661415352554,0.22521549960215892,0.23213525859027576
0.30961000710232317,0.22109571824724744,0.21557158129784312,0.2537226933525862
0.32676359365651064,0.19354201769137022,0.25744329809196975,0.2222510905601494
0.31383415524688957,0.21063601692772127,0.23616222162475384,0.23936760620063535
0.32277996047237073,0.2025181577204138,0.24925027723223506,0.22545160457498042
0.32884624569929827,0.2188876930526314,0.22203382232502195,0.2302322389230484
0.3226371772680159,0.20858542096831653,0.23695003364665207,0.2318273681170155
0.3181250873319483,0.22353535790913656,0.21094610232624675,0.24739345243266847
0.32619983283081855,0.19180324851013186,0.2548731243950021,0.22712379426404758
0.3179886144645545,0.2230216076852749,0.21663410250975693,0.24235567534041383
0.30112030786737687,0.19202848668661812,0.2725297324941412,0.23432147295186387
0.33286320945678777,0.22481579966588106,0.22035325593122693,0.2219677349461044
0.3240544232878079,0.20890128839701202,0.23668422700068087,0.23036006131449926
0.3086137720704947,0.2217596584927381,0.22092447042085922,0.248702099015908
0.32132410055276545,0.19448855386502273,0.2593283752517322,0.22485897033047955
0.31576953845806943,0.21610254361638206,0.23157831043380814,0.2365496074917404
0.3199195347069012,0.20478166431114248,0.24416718660224912,0.23113161437970725
0.3309719075955657,0.2107643962578511,0.2327315364870568,0.2255321596595264
0.32154603028211587,0.2106673662142204,0.23565068010646606,0.23213592339719769
0.31794774571371376,0.21990166488809612,0.21385076624136562,0.2482998231568246
0.3345010178440819,0.19224175511755703,0.24636645516802252,0.22689077187033863
0.3164142172933065,0.21916336518440446,0.2168701865901116,0.24755223093217732
0.3047963324203035,0.1914593644068657,0.2670677630287294,0.2366765401441014
0.3394401574099121,0.21258722052111517,0.23276444279504013,0.21520817927393263
0.32115219124108146,0.2177382341582834,0.22569193105995458,0.23541764354068062
0.3048518947041524,0.215668551507786,0.22922280380387666,0.2502567499841848
0.3257288325941378,0.1931309586921015,0.2631313811330757,0.218008827580685
0.31012172946472366,0.21727044538764828,0.2325113842431839,0.24009644090444401
0.31299307721434694,0.1989801085895605,0.25489866850969695,0.2331281456863956
0.33783978037712376,0.20755727347541342,0.23947624091744296,0.21512670523001987
0.31580028610430294,0.21056344539773889,0.23869232964882145,0.23494393884913672
0.318358487529389,0.22576278403531358,0.20923081188903825,0.2466479165462593
0.3414615765514635,0.18708919465812152,0.2565555754610516,0.21489365332936347
0.31894220611094903,0.22821202338936344,0.2072326724399587,0.24561309805972906
0.3054951701789733,0.1892339949917631,0.2673815017263828,0.23788933310288085
0.3328662017717441,0.21934037871797013,0.22507805008250242,0.2227153694277834
0.31998129617769383,0.2120695311910726,0.2335006521776032,0.23444852045363032
0.3034304803113178,0.21849900873511827,0.22877620490384484,0.24929430604971908
0.33265560686872764,0.19284203105060455,0.2656715912295763,0.20883077085109147
0.3147635907184137,0.22131033648293985,0.22349021989695403,0.24043585290169225
0.30979183253225023,0.19894540663945753,0.2517239647065809,0.2395387961217113
0.32985919584131623,0.210082307112543,0.2316659634843701,0.2283925335617707
0.3214202058305617,0.20103631634434208,0.250463711273971,0.22707976655112527
0.320428327979218,0.2226598792423158,0.21612160803130825,0.24079018474715794
0.33947842595622796,0.2001482322944736,0.24088810883806955,0.21948523291122882
0.3199643644902093,0.22894121868130407,0.2076244942826557,0.243469922545831
0.304821186550683,0.20233497390702485,0.2485503246391001,0.24429351490319212
0.3282169453070497,0.214754429927735,0.23045495927528356,0.22657366548993169
0.31817180250560756,0.20100512274166923,0.25167344948207987,0.2291496252706433
0.3074872954821688,0.2192058376344153,0.2241879011079669,0.24911896577544895
0.31437397291363933,0.19399843285332252,0.26291858682340913,0.22870900740962904
0.3194777755801541,0.22545118140013076,0.21894358905548958,0.23612745396422563
0.32781581325562353,0.1932927752695125,0.25880767587606773,0.22008373559879627
0.32698614275203436,0.2246452611774657,0.21794767594147546,0.23042092012902446
0.3148088436563221,0.20558616744283806,0.24483351814227608,0.23477147075856375
