0.317217047661254,0.20863021970607673,0.23252088877657023,0.241631843856099
0.3167115589810512,0.2138178654653929,0.22483662862283663,0.2446339469307193
0.32067923961938566,0.209704281104585,0.22412834126223075,0.24548813801379873
0.3175682028960736,0.21155323573295623,0.22721625304027326,0.24366230833069688
0.31808264741755743,0.21327441305925487,0.2262989908467212,0.2423439486764665
0.3139226729060327,0.2087439812084617,0.23257752219839273,0.24475582368711288
0.3143961461356917,0.2175420758652555,0.22725750510076584,0.240804272898287
0.32292009346205475,0.21130535118198351,0.22296182543464854,0.24281272992131325
0.3200846793251587,0.20868377040332922,0.227062570174264,0.24416898009724816
0.3163441244904732,0.21670016838334588,0.22654579065850655,0.2404099164676743
0.3219916065387988,0.2086526081500648,0.2295656478862124,0.23979013742492403
0.3118887506458033,0.21642244028681154,0.22958896193735484,0.24209984713003038
0.31716181867360704,0.21421932764151705,0.2329771768112188,0.2356416768736571
0.3173543129819456,0.21559525830293988,0.22662757342475423,0.2404228552903603
0.3188724138818957,0.20894951734690226,0.2304005235010763,0.2417775452701258
0.3113497433296132,0.21517891132294528,0.23084271880774074,0.2426286265397007
0.3163832909616084,0.20959389504344275,0.23067241870840077,0.24335039528654812
0.3109968370864373,0.2117325591813967,0.2277220758200838,0.2495485279120821
0.3192682474086464,0.21006855280170242,0.2250131920450076,0.24565000774464352
0.3202737309862086,0.21093079317433974,0.21795558084407865,0.250839894995373
0.3222739966763202,0.2035932680779534,0.22571986643610653,0.24841286880961994
0.31563580852818146,0.2173187848727428,0.22078565047769871,0.24625975612137693
0.3230020865867188,0.2054822800062773,0.22887744706620364,0.2426381863408003
0.30950161157334866,0.21747557708418452,0.22972027479941973,0.24330253654304715
0.319975383678828,0.21344789822666896,0.23084927307140565,0.23572744502309737
0.31886356049401937,0.21429071255368443,0.2242835157296456,0.24256221122265062
0.3183902877103481,0.20906257056962232,0.23129990661342956,0.24124723510659996
0.3139835354088192,0.21713278584319465,0.2287898145644022,0.2400938641835839
0.326296610777475,0.2096690534203783,0.2246108309755983,0.23942350482654845
0.31533786118495116,0.21390675545015259,0.2263201091339346,0.24443527423096162
0.31943630601155937,0.21369226366916189,0.23269290646228952,0.23417852385698912
0.31973157866744006,0.21821399285502857,0.22432470886310493,0.23772971961442643
0.32462791962237736,0.20705123269992162,0.23181392291839797,0.2365069247593031
0.31411921282393207,0.22514670707588189,0.22669976252896445,0.23403431757122162
0.3262627370640403,0.2081343150125766,0.23565293591881986,0.22995001200456325
0.3116914892116835,0.22157883752463362,0.23170119019857346,0.23502848306510948
0.3202903736834693,0.21638756673938928,0.23507221661386346,0.22824984296327797
0.31632650236021836,0.21793162630792853,0.2323928407076077,0.23334903062424545
0.3204391316427648,0.21526925037437458,0.23196614954865502,0.23232546843420562
0.31729460037813195,0.21725194686590096,0.23074927638677506,0.23470417636919194
0.3170695768472787,0.21268911221992962,0.23541148268790188,0.23482982824488993
0.3082784296717075,0.2173706108677587,0.23656590448644024,0.23778505497409366
0.3197742521163151,0.21505990425832536,0.22984949873122465,0.23531634489413492
0.3235295778819872,0.21520187611706978,0.21751461370508657,0.24375393229585646
0.3257410865369958,0.2055002627344,0.2283841453053881,0.24037450542321617
0.3155316684121006,0.2202214957021485,0.22628540392223592,0.237961431963515
0.32468784774798876,0.20762996572384948,0.23288111738187317,0.23480106914628854
0.3084402588366827,0.22239746206638808,0.23285014652250863,0.23631213257442063
0.31800423980901293,0.216448779495306,0.23781917650716505,0.227727804188516
0.3168705642140014,0.21870701988822294,0.22880924996700752,0.2356131659307681
0.32099672109077787,0.2099512590241412,0.2316322787376385,0.2374197411474424
0.3125503740222599,0.21682354319993571,0.23138744555215388,0.23923863722565053
0.32075037009924245,0.21120362996516304,0.22993049030219614,0.23811550963339842
0.3145232676410892,0.21486741835035383,0.22671272440154272,0.24389658960701427
0.3204859260157406,0.2120823413428718,0.22968692862995665,0.23774480401143083
0.32180070139392086,0.21741584334256564,0.2210567294621806,0.23972672580133284
0.3273289963505711,0.2060287566642283,0.2282366763081058,0.23840557067709484
0.314444665879857,0.22094585409869918,0.2280055014476248,0.23660397857381907
0.32003232281168503,0.21243721628457438,0.2366849766709871,0.2308454842327535
0.30893985694050946,0.22026458612900723,0.23675413893528396,0.23404141799519937
0.3180419171660329,0.21868006171418286,0.23355651811337585,0.22972150300640826
0.320426748518849,0.21531691919163437,0.2267241515365629,0.2375321807529537
0.32085590883196935,0.2100693424386879,0.23074958569708043,0.2383251630322623
0.31435008442400925,0.2167947853097433,0.2302100114948204,0.23864511877142708
0.3221718043249503,0.21103903313076733,0.2296640039295893,0.23712515861469297
0.31211376147436787,0.21692494629998893,0.2296666774209718,0.24129461480467135
0.32170757996295835,0.21338632739464736,0.23212218267803572,0.23278390996435863
0.3216114932172765,0.21889187072637925,0.22056647060769333,0.2389301654486508
0.32308660540457795,0.20374351115835282,0.23530993209158052,0.23785995134548876
0.30750336724413024,0.22476382098430703,0.23215679147524898,0.2355760202963138
0.32061888145694056,0.20957866148546914,0.23576466964757517,0.23403778741001513
0.30647787954003536,0.21801642879534214,0.23347835167344272,0.24202733999117979
0.31976884459584476,0.2145202638249713,0.23008308182961254,0.23562780974957148
0.3200864541769033,0.21108318714730528,0.22137363785934683,0.24745672081644457
0.31764074262300723,0.20370358884265682,0.23109251773605344,0.24756315079828256
0.31128548157800234,0.21829311326005105,0.2248021364141226,0.245619268747824
0.32454155818444996,0.20450238983597188,0.22561577987705575,0.24534027210252243
0.3106338852223704,0.21453840742743133,0.22563558280401405,0.24919212454618425
0.32194770535045,0.21118874968661083,0.22838746980850808,0.23847607515443126
0.320601768225549,0.21328302470453187,0.2198053048448481,0.246309902225071
0.32198732897297105,0.20561582215381827,0.2296909684535538,0.242705880419657
0.3123222523934255,0.22154497946004473,0.22666704378894098,0.2394657243575889
0.325543967724029,0.20638038910069784,0.2316825035168711,0.23639313965840208
0.3101968399086309,0.21963892428232243,0.22832005968985236,0.24184417611919434
0.3211575178922186,0.21201794287941927,0.23405857152608814,0.23276596770227406
0.31528993456967497,0.2173172688653923,0.2264667224348924,0.24092607413004033
0.31922970615210505,0.20726108993226802,0.23400703867966127,0.2395021652359657
0.31287055380626616,0.22093918286699843,0.22592166869728791,0.2402685946294474
0.32236707952951293,0.2058456417022126,0.23083871487977803,0.2409485638884963
0.3062692830982058,0.21429292631575705,0.2331707333154108,0.24626705727062637
0.3208294042272866,0.21361698109912206,0.22662909590825012,0.23892451876534126
0.32221474322760885,0.21069158503986693,0.21703413408145686,0.2500595376510673
0.3213221350739033,0.20515309638018908,0.22879070232104504,0.24473406622486266
0.3146775966339564,0.22077655465255983,0.22355772611465832,0.24098812259882552
0.3256698352092821,0.2023648145606996,0.23141556762574605,0.24054978260427223
0.3089933718886456,0.22283840103746985,0.22656343795830328,0.24160478911558134
0.32260081037357446,0.21108163306694874,0.2337083054761029,0.23260925108337382
0.31971326668995137,0.21722247770417763,0.22412165929914518,0.2389425963067258
0.32036781999765046,0.21044008597775193,0.23070219693527294,0.2384898970893246
0.3110457663959002,0.2157512800705275,0.23635333138881828,0.23684962214475405
0.3144889756311168,0.21645411980822152,0.23167108701036607,0.23738581755029567
0.3143905899822351,0.21159092432948143,0.23152064095125457,0.24249784473702896
0.3211269372943571,0.2173669183347732,0.22206992579941578,0.23943621857145403
0.32543815584586944,0.2085390253009059,0.22199851241308452,0.24402430644014
0.3221948411357374,0.20846418872658082,0.22763514280438632,0.24170582733329554
0.3172675385952555,0.22031836077711223,0.22449617075798387,0.2379179298696483
0.32184012243232324,0.20760242739536117,0.23610782956508455,0.234449620607231
0.31080105795271684,0.22673230682675535,0.23000557779757744,0.23246105742295042
0.3263840364409605,0.21181697053487264,0.23376439713757,0.22803459588659677
0.31511460537534175,0.21797737756182026,0.23107175840216473,0.23583625866067331
0.3161194444398937,0.21465410322403564,0.23760855700619837,0.23161789532987234
0.3156606534062708,0.21872379616388712,0.23167364520613934,0.23394190522370276
0.3207842146501561,0.21375980754857218,0.2286354090432632,0.23682056875800847
0.3137910611676066,0.21456940063456736,0.23326543488799456,0.2383741033098315
0.32079060505108575,0.21652248262390794,0.2286002958002151,0.23408661652479118
0.3253622563772121,0.21240060639708283,0.22244964337354878,0.23978749385215634
0.32290370296610077,0.21165082687406375,0.22817610370038646,0.23726936645944907
0.3160780230368383,0.22072151800705492,0.23105932530121537,0.2321411336548914
0.3203963474001203,0.21186235085936497,0.23757592209814418,0.2301653796423705
0.31225132165322683,0.22436310070797968,0.23209860675030594,0.23128697088848765
0.321195463850698,0.21489197892683853,0.23548715796574596,0.22842539925671745
0.3159420888548705,0.21844430103022922,0.2320950658114817,0.23351854430341862
0.31812941023087654,0.21371328323171224,0.23434141442519787,0.23381589211221346
0.3175881423007745,0.21703705547742505,0.22990296719951983,0.23547183502228067
0.31873122756383526,0.21409318678605546,0.22979061146494434,0.2373849741851649
0.3103818221210069,0.21274556211111495,0.23803893364118678,0.23883368212669126
0.32193944902454746,0.22006488990572112,0.22419589719242647,0.23379976387730492
0.3319933405839213,0.20988479573776087,0.21642436009511698,0.24169750358320088
0.3170818781341845,0.20785264945487386,0.2349156457739801,0.2401498266369615
0.3145157309212783,0.2261462728724886,0.23052935878710484,0.22880863741912805
0.32858856817480875,0.20808639142153357,0.2316430060372321,0.2316820343664256
0.30680558053728535,0.2214389145362393,0.23733665427627215,0.23441885065020324
0.31635085472826374,0.22299756342217342,0.23834115489493324,0.2223104269546297
0.3204687995017808,0.21305615180708326,0.2311486826071906,0.23532636608394536
0.31294119508663426,0.21245597746734432,0.23503539642959054,0.23956743101643083
0.3064720761252648,0.21691541891108915,0.23836932178268386,0.23824318318096227
0.3051098293105919,0.20671143246594326,0.23891807779224733,0.24926066043121745
0.30009095396184926,0.20781891452595985,0.23221997571445818,0.2598701557977327
0.31352725812595855,0.2011231637152765,0.21893913330656828,0.2664104448521967
0.3221279892855884,0.1976503838825782,0.20355792241514778,0.2766637044166857
0.31453226276916124,0.19007292022673483,0.21832063377801564,0.2770741832260882
0.30336885579003914,0.20184707336049007,0.21945553123709047,0.27532853961238035
0.3127790527182017,0.2003750902503163,0.21081030332045603,0.2760355537110259
0.31240098521997856,0.1991649057571739,0.2174011917339457,0.27103291728890183
0.31694329602093935,0.2084597385889302,0.21582662598605265,0.25877033940407784
0.3193240808255942,0.20044524960238044,0.21782412347955923,0.26240654609246605
0.3125758443421318,0.20207131071882622,0.22444221337281872,0.26091063156622324
0.313742707935095,0.21324334238561865,0.21794118119691971,0.2550727684823667
0.31742899589438117,0.19841019492055234,0.22661901025076556,0.2575417989343009
0.3070067198099436,0.2122212681329503,0.22487152679840158,0.2559004852587045
0.3222669129679962,0.20645137531132793,0.22023995590233192,0.25104175581834387
0.320427117289739,0.2055443809582378,0.2154397822950638,0.2585887194569594
0.31901986787931536,0.20719098586823065,0.2226710403852976,0.2511181058671564
0.3194726081243635,0.212931570473707,0.22022205065930578,0.24737377074262373
0.319527852410325,0.20538798223824117,0.22711775894441108,0.24796640640702267
0.3112347850754268,0.21765329848645346,0.22867913548206598,0.24243278095605375
0.3236225923402542,0.21352316787944214,0.22584984479797907,0.2370043949823246
0.3174666435536389,0.20971936428336685,0.22817357998763066,0.24464041217536361
0.31333249786931305,0.21465878952651346,0.2335452753840611,0.23846343722011243
0.31496362710003484,0.21498868502247945,0.22940491602161348,0.24064277185587216
0.31918335060937697,0.20818014470949825,0.22873402256739056,0.24390248211373425
0.3128250116173766,0.21676507929135902,0.22549957731703346,0.24491033177423094
0.3258624509967964,0.20697803669169185,0.22698919159857223,0.24017032071293956
0.3233275828969719,0.21622104963685626,0.21458991663461555,0.2458614508315563
0.3251551399067661,0.20519910200725175,0.2296539271808713,0.23999183090511084
0.310348644565014,0.22137293013041226,0.2318471924635964,0.23643123284097736
0.3177665845301435,0.21316590906243346,0.23646893555715431,0.23259857085026883
0.3105489876171285,0.22013022972964055,0.23368647971462767,0.23563430293860327
0.31795021796643075,0.21581547045215874,0.23192121740706376,0.2343130941743467
0.31896499079905316,0.21212270711494768,0.22840579440133024,0.24050650768466894
0.31977629332293955,0.21101612011514512,0.22650862203229116,0.2426989645296242
0.3161833857982765,0.21216966490469036,0.2280878683776577,0.2435590809193754
0.31319187927298797,0.21162374998266253,0.23221859769411476,0.24296577305023467
0.3098562031768474,0.21375753593160696,0.23247137313525534,0.24391488775629028
0.322545601204137,0.21331356325148415,0.2223047197408843,0.2418361158034945
0.3293595133340589,0.21159160577452424,0.21223354091961555,0.24681533997180136
0.3195317391146789,0.20416744526570757,0.2314220659847444,0.24487874963486897
0.3095178567868302,0.21886269964311247,0.23267660491974942,0.23894283865030788
0.3169303034208788,0.21267791855877702,0.23051347415733156,0.23987830386301257
0.3117596933090083,0.21612608440532566,0.232396721276451,0.23971750100921507
0.31897892532965455,0.2181322762545713,0.22714939250599384,0.2357394059097802
0.3197204618815865,0.2059574524885221,0.2298302379141127,0.24449184771577878
0.3127863887345035,0.21126700983487703,0.23008651004930014,0.2458600913813194
0.3126765159068075,0.2135708289967545,0.22782556309096016,0.24592709200547785
0.31728593395307914,0.20721981623107844,0.22847842811031321,0.24701582170552935
0.3118481580950647,0.21390960063854086,0.22433846298100094,0.24990377828539348
0.3247308390983824,0.20525320959997287,0.22498542053430642,0.24503053076733813
0.32080949289266575,0.21438194150660742,0.21331078584930588,0.2514977797514209
0.321343117670685,0.20097589992181575,0.23137430354304817,0.24630667886445093
0.3077341544037808,0.22073134650282294,0.227590328898375,0.24394417019502132
0.32143017607491814,0.20722627778094618,0.2303314325047613,0.24101211363937444
0.31203914070381183,0.21690276600113423,0.22600002964497118,0.2450580636500828
0.31879181482331803,0.21056760692799095,0.23062428169902097,0.24001629654967
0.3144900571300522,0.21084215356154512,0.22832883282912442,0.24633895647927834
0.3154997521199401,0.20876617672935152,0.22780708983054723,0.24792698132016125
0.313582519637441,0.211887415156785,0.22559547740619304,0.24893458779958097
0.31757386936580173,0.20804405726831518,0.22559976461498665,0.24878230875089644
0.3121665947433527,0.20862730539365792,0.22680782015391962,0.25239827970906986
0.32032305173163106,0.20947836204684248,0.22205086248183792,0.24814772373968863
0.3247220885105036,0.21124727552784367,0.21300897050724513,0.2510216654544077
0.32073561452853605,0.2031882381719923,0.22787617326673312,0.2481999740327386
0.31046230318360335,0.21859079086270874,0.2282554382547957,0.2426914676988923
0.3207708379003,0.2089521912511931,0.22927718480086812,0.24099978604763894
0.3119347726095747,0.21550900155352373,0.22853241850439088,0.2440238073325106
0.3175211446379837,0.21395988226663146,0.23078761561003988,0.23773135748534502
0.31567233395449446,0.21061019731965958,0.22879314299824394,0.244924325727602
0.3130223972381794,0.20802317832261166,0.231422127445522,0.2475322969936868
0.31223026093145617,0.2140711154294393,0.2257360036752063,0.24796261996389826
0.31607361263572986,0.20455380711293342,0.22713625614883484,0.2522363241025019
0.30793978821535056,0.20767171240641005,0.22863330743672572,0.25575519194151375
0.32032342086496113,0.20913763747517594,0.21832198995764016,0.25221695170222275
0.3275858206821972,0.20616178690798911,0.20872542039648864,0.25752697201332503
0.318399126203596,0.2027919921959593,0.22486327141518772,0.253945610185257
0.3140804881754571,0.21689947177142563,0.22384010435637638,0.24517993569674087
0.3238437608139229,0.20715869951204494,0.2238535542767095,0.24514398539732257
0.31120995427234477,0.21412404887222133,0.23069000248960891,0.24397599436582496
0.31674099609214373,0.21874354438568677,0.23086495822739647,0.23365050129477308
0.31665440083269575,0.20848558685535792,0.23113613674893085,0.2437238755630155
0.30975498469326324,0.21128747892694352,0.23441954983526186,0.2445379865445314
0.3126675637346968,0.21576912337864798,0.22669866643704545,0.24486464644960979
0.3197095579845267,0.20244885157652143,0.2261405922193835,0.2517009982195683
0.30836734302967495,0.20986682773071724,0.2257377144598305,0.25602811477977727
0.3195588835499993,0.20566862197064226,0.22398049030791958,0.25079200417143876
0.3220483240824644,0.21010906230314047,0.2100000863276125,0.2578425272867827
0.32312468134549316,0.20127059277154752,0.22309818583221308,0.2525065400507463
0.31542227733221484,0.2185758127696064,0.21999243682542743,0.24600947307275137
0.32934812270107805,0.20482752164486423,0.22438650853825615,0.2414378471158016
0.31064840850675124,0.21584904659720722,0.2294989453208425,0.24400359957519904
0.3125004080094203,0.21640516862852605,0.23890407219319862,0.23219035116885506
0.31125153806728784,0.21615658277166291,0.23314875927203105,0.23944311988901829
0.31306685733904355,0.2098578857578068,0.23288318486296578,0.24419207204018384
0.3137900279128777,0.21428285513180922,0.22516349623148704,0.24676362072382596
0.3201146585408651,0.20307215696208955,0.22424171843150492,0.2525714660655403
0.311264328710649,0.20636967613241472,0.22456555269775128,0.25780044245918504
0.3202161090994646,0.2099471893122068,0.2181049534398206,0.251731748148508
0.326195909975753,0.20825606883797138,0.2125860132992019,0.25296200788707385
0.3219385264763107,0.2068841590131332,0.22320769350877115,0.24796962100178488
0.31126484733451915,0.21563785877045688,0.23120410816022388,0.24189318573480015
0.3166522618338004,0.21069834864660045,0.23288817144174176,0.23976121807785736
0.3140942932019343,0.21891796638657413,0.22530159143764042,0.2416861489738512
0.32222386176101153,0.20994367280990145,0.22945928382128422,0.23837318160780283
0.3103731788459017,0.21243845015857143,0.23271957584555458,0.24446879514997233
0.3134723799038788,0.20875487357618747,0.23419700879878647,0.24357573772114724
0.31349860010791014,0.215458001804854,0.2210018853841208,0.2500415127031151
