0.3399498189518381,0.20526122111438044,0.22310190744909508,0.2316870524846864
0.33994984076297907,0.20526114896615963,0.2231018664020617,0.2316871438687996
0.33994995223730146,0.20526109274827567,0.2231017863682032,0.2316871686462197
0.3399500343362386,0.2052610814006355,0.22310173990295284,0.231687144360173
0.3399500479174896,0.20526109958360828,0.22310174055106624,0.2316871119478359
0.33995001885794,0.20526112030939847,0.22310176393475167,0.23168709689790995
0.33994998792831277,0.20526112863053506,0.2231017830931644,0.23168710034798784
0.3399499765628247,0.205261125335891,0.22310178752650064,0.23168711057478367
0.33994998224136225,0.20526111853507503,0.22310178180412044,0.23168711741944234
0.3399499925940844,0.20526111447322973,0.22310177486267993,0.23168711807000586
0.33994999841656,0.20526111444826264,0.22310177189699362,0.23168711523818386
0.33994999810400195,0.2052611164321748,0.22310177285359664,0.23168711261022654
0.3399499950424171,0.2052611180615882,0.22310177508864612,0.2316871118073486
0.339949992643439,0.2052611184499637,0.2231017764651917,0.23168711244140563
0.33994999218745425,0.20526111796490895,0.22310177650825241,0.23168711333938444
0.33994999294902434,0.2052611173876158,0.223101775876018,0.23168711378734191
0.33994999385919805,0.20526111713453954,0.22310177532936187,0.2316871136769005
0.3399499941828743,0.20526111723655843,0.2231017752009034,0.23168711337966394
0.33994999401263787,0.2052611174342032,0.2231017753703376,0.23168711318282129
0.33994999372145884,0.20526111755032295,0.2231017755709614,0.23168711315725687
0.3399499935561005,0.20526111755516524,0.22310177565880585,0.23168711322992835
0.3399499935554295,0.20526111750365242,0.22310177563754766,0.23168711330337044
0.3399499936366156,0.205261117457783,0.2231017755775254,0.231687113328076
0.3399499933542194,0.2052611174602679,0.22310177555574026,0.2316871136297724
0.3399499937831718,0.20526111725591406,0.2231017754062293,0.23168711355468485
0.33994999394353026,0.20526111731320185,0.22310177532549594,0.2316871134177721
0.33994999385058544,0.20526111740603845,0.223101775407151,0.23168711333622513
0.3399499937802981,0.2052611174508161,0.22310177549360594,0.2316871132752799
0.3399499937114809,0.2052611174840074,0.223101775550026,0.2316871132544857
0.3399499935025749,0.20526111750073603,0.2231017755888859,0.23168711340780324
0.3399499936485553,0.20526111739590655,0.22310177552758328,0.2316871134279549
0.3399499938040186,0.20526111738461789,0.22310177545899418,0.2316871133523694
0.33994999379909396,0.20526111743703626,0.22310177548043086,0.23168711328343888
0.3399499852780368,0.20526111784016055,0.22310177596386285,0.23168712091793978
0.3399499956032151,0.205261112606893,0.22310177244503365,0.23168711934485817
0.3399500001017761,0.20526111381790177,0.2231017702355843,0.2316871158447379
0.3399499990792518,0.20526111615231876,0.22310177212874688,0.23168711263968264
0.33994999488318606,0.2052611181107666,0.22310177489885707,0.23168711210719023
0.33994999202819354,0.20526111830162141,0.22310177637635037,0.2316871132938348
0.33994999237067297,0.20526111743857814,0.22310177606534573,0.23168711412540316
0.33994999385139457,0.20526111690965637,0.22310177522560304,0.23168711401334605
0.33994999441126095,0.20526111703262676,0.22310177493764483,0.2316871136184676
0.33994999432660045,0.20526111729787877,0.2231017751403667,0.231687113235154
0.33994999333046455,0.20526111755533794,0.22310177548832896,0.23168711362586855
0.3399499936791641,0.20526111726434004,0.22310177545045742,0.23168711360603853
0.33994999401349824,0.20526111727488788,0.2231017753077247,0.2316871134038893
0.33994999397146364,0.20526111741205763,0.22310177538819867,0.23168711322828
0.33994993074947855,0.20526112020836232,0.22310177871347173,0.23168717032868752
0.3399500068401251,0.20526108114370228,0.22310175232998444,0.23168715968618794
0.3399500480005498,0.20526108918461947,0.22310173498202274,0.23168712783280807
0.33995003532845103,0.20526111047830192,0.22310175126271345,0.23168710293053346
0.33995000247807206,0.2052611254879055,0.22310177434911263,0.23168709768490975
0.3399499807618859,0.20526112753614734,0.22310178630728644,0.23168710539468026
0.33994997859063714,0.20526112192238863,0.22310178506504852,0.23168711442192572
0.33994998744435906,0.20526111621116297,0.22310177817963522,0.2316871181648427
0.33994999594145897,0.20526111420177864,0.2231017730360399,0.23168711682072254
0.3399499986760284,0.2052611153519604,0.22310177213925458,0.23168711383275667
0.33994999661922193,0.20526111732142172,0.22310177394830621,0.23168711211105006
0.33994999379447755,0.20526111831768884,0.2231017758523194,0.23168711203551404
0.3399499916658702,0.20526111828722884,0.2231017765960101,0.23168711345089082
0.3399499878966027,0.20526111751681178,0.22310177623580027,0.23168711835078526
0.339949992481544,0.20526111432727803,0.22310177356148658,0.2316871196296914
0.3399499991399283,0.20526111354496604,0.2231017710305809,0.23168711628452476
0.33994999958924893,0.2052611158102083,0.2231017718595042,0.23168711274103856
0.33994999597803577,0.20526111803163133,0.2231017746247747,0.2316871113655582
0.3399499924232587,0.20526111876774938,0.22310177661121483,0.231687112197777
0.3399499916785794,0.2052611181170005,0.22310177679181195,0.231687113412608
0.33994999266653364,0.20526111732898017,0.22310177595108224,0.231687114053404
0.33994999398316256,0.2052611169605576,0.2231017751905989,0.23168711386568086
0.33994999416009,0.20526111713587872,0.22310177503265888,0.23168711367137246
0.33994999425456535,0.20526111725787144,0.22310177517598417,0.23168711331157896
0.3399499853446446,0.20526111784739795,0.2231017758430011,0.2316871209649563
0.33994999402451986,0.2052611126533321,0.2231017724980646,0.2316871208240835
0.33995000162327843,0.20526111282830917,0.22310176956031394,0.23168711598809838
0.3399500005413552,0.20526111608194736,0.22310177149341853,0.23168711188327887
0.33994999550214566,0.20526111860177254,0.22310177510311147,0.23168711079297016
0.3399499918251723,0.20526111909609346,0.22310177717892907,0.2316871118998051
0.3399499683314055,0.20526111924712787,0.22310177828726502,0.23168713413420153
0.3399499978045048,0.20526110408714857,0.22310176758364153,0.23168713052470513
0.33995001452274365,0.20526110688516055,0.22310176055627481,0.23168711803582095
0.3399500091513031,0.20526111527897167,0.22310176678150942,0.23168710878821586
0.3399499962785985,0.2052611208525398,0.22310177562253394,0.23168710724632774
0.3399499882843446,0.20526112133884927,0.22310177991017147,0.2316871104666347
0.3399499859866745,0.2052611191158242,0.22310177923709276,0.23168711566040864
0.3399499919276284,0.2052611157568778,0.22310177569020662,0.2316871166252871
0.33994999640211004,0.20526111533033345,0.2231017732540347,0.23168711501352185
0.3399499968920041,0.20526111649781859,0.22310177351787197,0.2316871130923053
0.3399499948527095,0.20526111772087674,0.22310177497872688,0.23168711244768694
0.3399499932779691,0.2052611180441699,0.22310177600058959,0.23168711267727138
0.3399499925955545,0.20526111784743695,0.22310177616733667,0.231687113389672
0.3399499931969234,0.20526111737385225,0.22310177576151627,0.23168711366770822
0.3399499938548993,0.20526111721763793,0.22310177536447923,0.23168711356298355
0.33994999405148957,0.20526111730768049,0.22310177529589534,0.23168711334493464
0.33994999391855824,0.20526111745068706,0.22310177542954426,0.2316871132012104
0.33994999370165646,0.2052611175349963,0.22310177557647023,0.2316871131868771
0.3399390507787884,0.2052615843522939,0.2231023264500414,0.23169703841887632
0.3399525032330989,0.20525478713058212,0.22309771822604504,0.23169499141027391
0.339959823644486,0.20525630200808978,0.2230947726960294,0.23168910165139475
0.33995701438257947,0.20526023964700646,0.22309784055355167,0.2316849054168624
0.33995100953687496,0.20526275420836193,0.22310193845278922,0.23168429780197397
0.3399473885464679,0.2052629117941819,0.22310384538124423,0.2316858542781058
0.33994732510317033,0.20526180696518562,0.2231034189115318,0.23168744902011218
0.33994904783695423,0.20526080971231694,0.22310212665127976,0.23168801579944914
0.33995052268549153,0.20526051952564775,0.22310125821202334,0.23168769957683738
0.3399509000706947,0.20526077115424465,0.22310117082592051,0.23168715794914024
0.3399504883759028,0.2052611230458464,0.22310152629488433,0.2316868622833666
0.33994996004420247,0.2052612923488983,0.2231018652721335,0.23168688233476578
0.3399496836892524,0.2052612619996503,0.2231019747424757,0.2316870795686215
0.3399497931509358,0.2052611280276122,0.22310188130346142,0.23168719751799055
0.33994998217964684,0.20526105777913656,0.2231017540108708,0.23168720603034576
0.339950088578461,0.20526105931854305,0.22310170299665366,0.23168714910634222
0.339950079698241,0.20526109863205552,0.22310172397955938,0.23168709769014406
0.33995001864281993,0.20526113038385987,0.22310176817641175,0.23168708279690856
0.33994997005514366,0.20526113751752117,0.22310179482858228,0.23168709759875294
0.33994996410695966,0.20526112644656863,0.22310179427809407,0.23168711516837767
0.3399499811889757,0.20526111521011417,0.22310178097188244,0.23168712262902774
0.339949997761813,0.20526111118585058,0.2231017708383341,0.23168712021400245
0.3399500032389094,0.20526111330538804,0.22310176893919864,0.23168711451650398
0.3399499997144222,0.20526111705968536,0.2231017723200638,0.2316871109058287
0.33994998321791575,0.20526111964198288,0.22310177664210662,0.2316871204979947
0.339949991342117,0.20526111294099772,0.22310177370430176,0.23168712201258362
0.33994999549471944,0.2052611122561291,0.22310176959577188,0.23168712265337957
0.3399500031040586,0.20526111184682078,0.2231017682979581,0.23168711675116246
0.3399500020194677,0.2052611156669807,0.22310177055157093,0.2316871117619806
0.3399499960348423,0.20526111873502437,0.22310177486344202,0.2316871103666912
0.3399499914308968,0.20526111939031028,0.22310177741906334,0.2316871117597296
0.3399499907808882,0.20526111834944036,0.2231017773684151,0.23168711350125626
0.3399499924600785,0.20526111723408258,0.22310177607597687,0.23168711422986216
0.33994999384607655,0.20526111685110268,0.2231017750904996,0.23168711421232116
0.3399499947010315,0.2052611169081251,0.22310177480169482,0.2316871135891486
0.33994999451120816,0.20526111732203514,0.2231017750762098,0.23168711309054688
0.3399480291231407,0.2052612014528311,0.22310187443670426,0.23168889498732398
0.33995042982255785,0.20525998169003293,0.22310104801513356,0.23168854047227574
0.33995176157919693,0.20526024476344465,0.22310051315225315,0.23168748050510532
0.33995126540246545,0.2052609536717112,0.2231010601027838,0.23168672082303962
0.3399501853389155,0.20526140933239673,0.22310179915513695,0.23168660617355075
0.33994952866157285,0.20526144098403837,0.2231021463612812,0.23168688399310772
0.3399495121865349,0.20526124339849205,0.22310207264571263,0.23168717176926043
0.3399498214852966,0.20526106321856932,0.22310184060220953,0.23168727469392453
0.3399500870184558,0.20526101040308314,0.22310168364059269,0.23168721893786834
0.33995015604286005,0.20526105499118155,0.22310166705013426,0.23168712191582408
0.3399500829285146,0.20526111808604072,0.22310173040560627,0.23168706857983845
0.33958578899221215,0.20531124148294894,0.22317386191170885,0.23192910761313004
2.3743001828477795E-05,0.0022755068486978295,0.002549893356530511,0.9951508567929431
0.4800638608983335,0.006775044731288818,0.009543675246743195,0.5036174191236344
0.6545620733267956,0.06747388598016849,0.055312438418963154,0.2226516022740727
0.5207262573543968,0.2026731398326104,0.14277832154474607,0.1338222812682468
0.3188036751188717,0.2761866155056814,0.25229040926648255,0.15271930010896442
0.24200026677315714,0.25192559880402915,0.29893117440118083,0.20714296002163296
0.2723252279957921,0.2143435223764324,0.26510454931662586,0.24822670031114963
0.3267904078751931,0.19226965881440128,0.22385041750937149,0.25708951580103406
0.36100212583357466,0.189142327259258,0.20571827251360278,0.24413727439356459
0.3643586810588319,0.19808847959043668,0.20814187569105855,0.22941096365967287
0.34971548368343797,0.2075048911576602,0.2190795850974772,0.22370004006142455
0.3359058687311082,0.210632372905133,0.2273498302276273,0.22611192813613146
0.3318251463061875,0.20857937229099857,0.22865701586885812,0.23093846553395603
0.33517261247996943,0.2054144045058226,0.22560963725583258,0.2338033457583753
0.3399386213818833,0.20376577044690064,0.22248075741720602,0.2338148507540099
0.3422880734278342,0.20393346820983047,0.2213641317745449,0.23241432658779035
0.3419048606910651,0.20489189850288017,0.22195716802710486,0.2312460727789499
0.34042583030223744,0.20560823095747058,0.22300349896667895,0.2309624397736131
0.3393844232954494,0.2057310410612719,0.22358445145601813,0.23130008418726056
0.3392455573227816,0.2054816060052314,0.22355193176590035,0.23172090490608654
0.33964130942977966,0.20521396785606869,0.22323921489117926,0.2319055078229724
0.3400390706193967,0.2051134729361471,0.22299513999282197,0.23185231645163426
0.34017592572236593,0.20516131282139677,0.22294547307157592,0.23171728838466144
0.3400943337241236,0.20525061248141585,0.22302402326537077,0.23163103052908982
0.3399590892549822,0.20530143918550386,0.22311388188700745,0.23162558967250663
0.3398866094943842,0.20529984464187934,0.22315008376001713,0.23166346210371933
0.33989276419957715,0.20527353596362125,0.22313603803592322,0.23169766180087842
0.33993349979602605,0.2052524235194469,0.22310655383010924,0.2317075228544177
0.3399643909817723,0.20524777368445804,0.22308891357097216,0.2316989217627976
0.33997008958366615,0.2052542801846863,0.22308871727506793,0.23168691295657967
0.3399596492933814,0.20526198386603609,0.22309722489095765,0.23168114194962486
0.33994815494768027,0.2052651998030632,0.223104405511664,0.23168223973759255
0.3399437163423356,0.20526409068354876,0.22310620234129405,0.23168599063282153
0.33994567079391674,0.2052615863828606,0.2231041686820988,0.2316885741411239
0.3399494799099794,0.20526004641618067,0.22310159215798778,0.23168888151585212
0.33995169083730187,0.20525999515820684,0.223100446502194,0.23168786750229714
0.33995162876404106,0.20526071077159666,0.22310076061549636,0.23168689984886592
0.3399505060909738,0.20526131374643317,0.22310157353089438,0.23168660663169874
0.33994967341188825,0.2052614537006197,0.22310207735703538,0.2316867955304566
0.33994948552507387,0.20526130396776432,0.22310211139503242,0.23168709911212923
0.3399497283015782,0.20526110756978605,0.22310190640908154,0.23168725771955428
0.3399500225085501,0.2052610175566546,0.22310171941738705,0.2316872405174083
0.33995014774987686,0.20526103916192973,0.22310166451345265,0.2316871485747408
0.33995010819999,0.2052611011472138,0.2231017105383746,0.2316870801144215
0.3399500133807982,0.20526114239763096,0.22310177589016045,0.23168706833141042
0.33994995379335585,0.20526114625138953,0.22310180779451771,0.23168709216073682
0.3399499507811228,0.20526112918362666,0.22310180223915044,0.2316871177961002
0.33994997756807144,0.2052611130762055,0.22310178193010338,0.23168712742561967
0.33994999790661506,0.20526110820270052,0.2231017679242507,0.23168712596643368
0.33995000860980507,0.2052611098076479,0.2231017646596063,0.23168711692294078
0.3399500049501995,0.20526111576120207,0.22310176911507723,0.23168711017352117
0.33994999578270974,0.20526111983143674,0.22310177547123639,0.23168710891461708
0.33994998988924724,0.20526112027863005,0.22310177865305017,0.23168711117907256
0.3399499894910849,0.20526111864815091,0.22310177817952798,0.23168711368123623
0.33994999205251814,0.20526111707218408,0.2231017762215075,0.23168711465379024
0.3399499943859061,0.20526111655975937,0.22310177482342383,0.2316871142309107
0.3399499950671086,0.20526111690966,0.2231017746222732,0.23168711340095827
0.3399499944870208,0.2052611174526661,0.22310177514283666,0.2316871129174765
0.3399499936680644,0.20526111773298186,0.22310177567530412,0.23168711292364957
0.33994999327318715,0.20526111769889016,0.22310177586244678,0.23168711316547586
0.33994999133614984,0.20526111761915442,0.22310177585788604,0.23168711518680957
0.3399499935021839,0.20526111627345994,0.22310177485992472,0.23168711536443148
0.33994999570712475,0.20526111618492393,0.22310177398586162,0.23168711412208975
0.3399499955890438,0.20526111702688868,0.22310177440449397,0.23168711297957348
0.33994999427355904,0.20526111773511854,0.22310177536636994,0.23168711262495245
0.33994999324006414,0.205261117907722,0.2231017759658234,0.23168711288639046
0.33994999300942563,0.2052611177068663,0.22310177599394773,0.23168711328976027
0.339949993349808,0.20526111744642564,0.22310177571842985,0.23168711348533652
0.3399499937361886,0.20526111733664976,0.22310177547657262,0.23168711345058907
0.33994999388779595,0.2052611173725808,0.22310177541435033,0.23168711332527303
0.33994999382424934,0.2052611174563665,0.22310177548151972,0.23168711323786442
0.33994999369669493,0.2052611175085601,0.2231017755680666,0.23168711322667843
0.33988734345021787,0.2052637880468157,0.22310492686009356,0.23174394164287287
0.3399643631595221,0.2052248730898168,0.2230785422123803,0.2317322215382807
0.3400062782997573,0.20523354514315875,0.22306168047760896,0.23169849607947496
0.33999019289254256,0.20525609185899238,0.2230792458514426,0.2316744693970225
0.3399558086554308,0.20527049035913594,0.22310270943465352,0.2316709915507798
0.3399350754047761,0.20527139190693056,0.22311362811487762,0.23167990457341583
0.3399347136895627,0.20526506514236245,0.2231111854017115,0.2316890357663633
0.33994460401716736,0.20525935407142706,0.2231037843713602,0.23169225754004544
0.33995301694165125,0.2052577086592485,0.22309882278464874,0.2316904516144515
0.3399551603451901,0.20525914592634525,0.22309832949958197,0.23168736422888275
0.3399528095836695,0.20526115151042698,0.2231003576547037,0.2316856812511997
0.3399497986105455,0.20526211494615498,0.2231022888932732,0.23168579755002644
0.3399409794967401,0.20526224986213226,0.22310327587605572,0.23169349476507192
0.3399505143363389,0.2052569848251478,0.2230996906523678,0.23169281018614557
0.3399564697557431,0.2052575872087553,0.22309701337961166,0.23168892965589005
0.3399551767274746,0.20526022318651657,0.22309876803232778,0.23168583205368104
0.33995112652673776,0.20526210826618377,0.22310161007966697,0.23168515512741153
0.33994839092671764,0.20526238118218304,0.22310311529533844,0.23168611259576094
0.3399481026175357,0.20526168276003037,0.22310297196932807,0.2316872426531059
0.3399492069431217,0.2052609669764597,0.22310211317817139,0.2316877129022473
0.3399502681696796,0.20526071429082582,0.2231014685754195,0.23168754896407515
0.33995060895867385,0.20526085574146452,0.2231013539928885,0.23168718130697316
0.3399503710621776,0.2052610977299068,0.22310157544493012,0.23168695576298545
0.33995000546074,0.20526122969002092,0.22310181616076896,0.2316869486884701
