0.3413574047730766,0.23680186878448495,0.21883320934661743,0.20300751709582102
0.34950416355861647,0.2312743898315885,0.21759857971903626,0.2016228668907587
0.3483691920639745,0.2340151328072575,0.21694243785484044,0.2006732372739276
0.3419926307064993,0.2305583402696848,0.22224004409489714,0.2052089849289187
0.319619194562849,0.22289061552264228,0.23393338021898247,0.22355680969552616
0.3378724340423781,0.23208512111252133,0.2222618528225667,0.20778059202253382
0.34886594502245566,0.23332792241055827,0.21649671739569099,0.20130941517129494
0.366502731382564,0.23705238446512292,0.20730503137143338,0.18913985278087977
0.3545685323570606,0.23150366808786038,0.21498140679741778,0.1989463927576612
0.34422812219437054,0.22832298610715032,0.22155996768005398,0.20588892401842526
0.32587047984551826,0.22391114708106122,0.22931681155251477,0.22090156152090565
0.3512815320427074,0.23283660731964562,0.21531043015445112,0.2005714304831959
0.34909924311578144,0.2342196205306577,0.21545490679167953,0.2012262295618814
0.35984952415269145,0.23460282490212686,0.21148311783737422,0.19406453310780758
0.33219467628602106,0.22930516246067525,0.22595753212752268,0.212542629125781
0.32932959500651127,0.22999475277515483,0.22850017412118914,0.21217547809714474
0.30990301632870476,0.22304461059435582,0.23801162740998563,0.22904074566695382
0.34564016980472767,0.23800683651659835,0.2172047937951779,0.199148199883496
0.34635258970196653,0.23454504907706286,0.21787660193543942,0.20122575928553105
0.35657656281977423,0.2348267301657725,0.21381010289044655,0.1947866041240067
0.3316670040153708,0.22637338618935735,0.2283231105950123,0.2136364992002594
0.3278033034637581,0.22574111181303755,0.23031931584867094,0.21613626887453355
0.3167478654706129,0.22461808080299953,0.2333713040766702,0.2252627496497175
0.35019541747889854,0.23284251498891703,0.21678147739437395,0.20018059013781037
0.34542332376564594,0.2340677124201829,0.21758284730747746,0.20292611650669376
0.3639029831110044,0.23601239662975632,0.2091433590680698,0.1909412611911695
0.34617764214889823,0.23104193148348218,0.21880024517986338,0.20398018118775632
0.3532288449568169,0.23385374750060894,0.21553618271504313,0.19738122482753095
0.3398348953174125,0.22662366642773119,0.22251470774227614,0.21102673051258009
0.3640678457251521,0.23737003941664858,0.20827196595921343,0.1902901488989858
0.3545655914974432,0.2302122283289807,0.21512348871449843,0.20009869145907766
0.3645778257646895,0.23398399187419547,0.2087558270425085,0.19268235531860647
0.3671725780659182,0.2349689978390663,0.20684203125501852,0.1910163928399969
0.36974774114505965,0.23294625143851516,0.20724189193836595,0.19006411547805938
0.3522877370634149,0.22919856510231335,0.2155443800350949,0.20296931779917693
0.36752008061146824,0.23360131520554442,0.20727333045079446,0.19160527373219285
0.3632957067527629,0.2346603708605509,0.2081564825079954,0.1938874398786907
0.3801396728475347,0.23764792845812,0.20022570337081455,0.1819866953235307
0.3614320764506315,0.232965534444503,0.2105922654771777,0.19501012362768777
0.3530482216775047,0.23194890377608815,0.21575476222420367,0.19924811232220355
0.32589315603788693,0.22369561786300568,0.22978485339578467,0.22062637270332267
0.35652065001808186,0.23682076912776373,0.21183833433719632,0.19482024651695812
0.3689543735635214,0.23705040547691214,0.20549259692902797,0.18850262403053844
0.38889424294018393,0.23998917375630685,0.1956604335887649,0.17545614971474435
0.3641129298029615,0.2312910306381478,0.21052645225873712,0.19406958730015358
0.3391960594305402,0.22392779735832657,0.22523275036895013,0.2116433928421829
0.3214391381989267,0.22220459430279935,0.23085828729921312,0.22549798019906095
0.36189048151786035,0.2355950240750385,0.20911440765448622,0.1934000867526149
0.36459423571088057,0.2365507762257971,0.20743528009807863,0.19141970796524374
0.3759819327344768,0.23812230951707977,0.2022721548319769,0.18362360291646668
0.3541964128426344,0.23216468326662823,0.21455578042204804,0.19908312346868914
0.3459139584899525,0.2312401486897138,0.21995424983270995,0.2028916429876239
0.3314297955221372,0.22550295918112262,0.22701536532236938,0.2160518799743708
0.3621718045586146,0.2371601537672027,0.20891144349524246,0.19175659817894034
0.3696038792962918,0.23641790134307217,0.20569893952387183,0.18827927983676426
0.3761021419481132,0.2352336722427829,0.2034162362564264,0.18524794955267737
0.35578294302702995,0.23031188700253746,0.2142216222404877,0.19968354772994495
0.3448372541098725,0.2265248785684192,0.22113359159824092,0.20750427572346744
0.32713628764337477,0.2246862569731334,0.22791759141831652,0.22025986396517527
0.3667558965162658,0.2370996938739647,0.20650299416871384,0.18964141544105564
0.3710777461573717,0.2385974090667199,0.2035482600553856,0.18677658472052278
0.3844815376157493,0.23875666457347056,0.1983391757422546,0.17842262206852552
0.3509904054343798,0.2288850421421355,0.21749445717147503,0.20263009525200962
0.3433473071181255,0.22953176309143034,0.22142662961697746,0.20569430017346663
0.33104775543862763,0.2232885737685366,0.22673311720243797,0.21893055359039776
0.37353366047711295,0.23978215615636136,0.2024933342285959,0.18419084913792985
0.3703785070053774,0.23591193990797332,0.20515217782800593,0.18855737525864336
0.37482375592882294,0.23432130283169117,0.20432113506607466,0.18653380617341125
0.3376064745657103,0.22632414587350624,0.224016171788157,0.2120532077726265
0.33187856825952294,0.22635512307286654,0.22738279907681835,0.21438350959079208
0.32075663989615877,0.22535069473246047,0.2300701121325727,0.22382255323880818
0.370142446820159,0.24182279657547887,0.20383206463171236,0.18420269197264985
0.35808981179484245,0.2366516994126484,0.2111750522944823,0.19408343649802684
0.3571696952581301,0.23397017236454815,0.21368455597231337,0.1951755764050084
0.31661956341639386,0.2247694490498144,0.23577001041706253,0.22284097711672918
0.3265773494169768,0.22818141638882522,0.23089758264775442,0.21434365154644355
0.3160884128948046,0.22471154672210486,0.23345952394387487,0.22574051643921555
0.36346825374402864,0.23956051528177982,0.20858107158834352,0.18839015938584805
0.34624397031060844,0.2308980447582588,0.21902434532852458,0.20383363960260817
0.35938771913115664,0.23382050382681388,0.21210522548576233,0.19468655155626716
0.33829896929643105,0.22704114027477446,0.22353681216712998,0.21112307826166443
0.3474720527170036,0.23145076824043997,0.21857977188988167,0.2024974071526748
0.33469264552260164,0.2251262399272825,0.2247163205703245,0.21546479397979124
0.3656115515723609,0.23676068820672264,0.20761345224143346,0.19001430797948307
0.34927382479792934,0.23307216142753406,0.21563608095066136,0.2020179328238753
0.36220911128499167,0.23363975420424893,0.2106181460127907,0.19353298849796868
0.33647968614983553,0.23096686041177433,0.2230175688256938,0.2095358846126963
0.34508336095636416,0.23215099279493573,0.22026082159106494,0.2025048246576351
0.31727149301343827,0.22329339630680747,0.2338873352375637,0.22554777544219065
0.3524724644191496,0.2387470083891312,0.2138439816066987,0.19493654558502044
0.34669552550352034,0.23100411178195984,0.21857764571573313,0.20372271699878672
0.36476931834912835,0.23891999876952008,0.20745957784087915,0.18885110504047237
0.3488670541027325,0.22838868342040622,0.21976739776604304,0.20297686471081824
0.32976511676780923,0.22420016295884757,0.23002753689280667,0.21600718338053665
0.33078503807044746,0.22687592049724095,0.22585998740253965,0.21647905402977188
0.3613995456748752,0.23404341062575248,0.21013960076082588,0.19441744293854635
0.366105609813345,0.23800986377164826,0.20637489971954684,0.1895096266954599
0.3664600571563846,0.23202845188756063,0.20916195102930138,0.1923495399267534
0.33661129507104165,0.23005093514619665,0.2236125770047822,0.2097251927779794
0.32955881492817785,0.22638637810522738,0.22894224508212635,0.21511256188446842
0.3258589482982501,0.2263698491344767,0.22856939579205865,0.21920180677521467
0.37376444084312194,0.24402860154216813,0.20112050206732518,0.18108645554738476
0.37698605175630406,0.23610162644161076,0.20297661582733045,0.18393570597475475
0.3707929883251323,0.23499785938758508,0.2065476000372545,0.187661552250028
0.3408649175356343,0.22436596947829995,0.2237696138305448,0.2109994991555208
0.33575090786512174,0.2256335280765885,0.22468121138678443,0.21393435267150523
0.35089966354485563,0.23141495601905407,0.21501004040455443,0.2026753400315358
0.37772212804345134,0.23681899804231163,0.20171127729047383,0.18374759662376322
0.3708957625527971,0.2361211093779209,0.2045315782356428,0.18845154983363913
0.3689916773178305,0.2338327084076928,0.20683264251458522,0.19034297175989146
0.3477652530879295,0.23073156685746604,0.21791352964858132,0.2035896504060231
0.3531791312916946,0.23242913552687514,0.2150670602262724,0.199324672955158
0.35569795198445314,0.2330253721285253,0.21283937891382626,0.19843729697319515
0.3743803477242131,0.23835070129614083,0.2030645081708257,0.18420444280882053
0.36844545394053757,0.23310851639145352,0.20742507057589532,0.1910209590921136
0.3739586234452794,0.23588522798721076,0.20373671794287895,0.18641943062463084
0.36285306639393605,0.2303895748505362,0.21088930578182247,0.19586805297370527
0.34778005716052246,0.228007243275344,0.21845938380617122,0.2057533157579623
0.35180314475139723,0.22996108821625347,0.21521745452208604,0.2030183125102634
0.37348147015601557,0.2355409093421259,0.20367464087466938,0.18730297962718906
0.37218321187026154,0.23809700580926763,0.2029386196985029,0.18678116262196795
0.3756152691167292,0.23501589625189623,0.20354733827088106,0.18582149636049342
0.3522163032585185,0.2309993021664157,0.21652284340446284,0.20026155117060285
0.3450689377415894,0.23166161331015583,0.2190350904116157,0.204234358536639
0.34356222753327315,0.22835383071062304,0.22014741530956308,0.20793652644654076
0.3714229450673913,0.23906952501258197,0.20426507480962955,0.1852424551103971
0.3765707012157972,0.23641837098469495,0.20251583852653693,0.18449508927297092
0.38162978376683443,0.23564974028729002,0.20011076634695368,0.18260970959892195
0.36099813625340893,0.23021643761903285,0.21220767018501077,0.19657775594254748
0.34302052217045365,0.22264811750431984,0.22300065369220212,0.21133070663302442
0.34770252555570597,0.22645208218365237,0.2166098532098763,0.20923553905076528
0.3873978551616999,0.24040456116328093,0.19527599672946566,0.17692158694555354
0.3734249071413033,0.23425318709326698,0.20401139836318116,0.18831050740224844
0.36029600859405686,0.23363348880393592,0.21022910877564535,0.19584139382636193
0.31489218386886714,0.21959253588175967,0.23839708244637287,0.2271181978030005
0.28095300615438257,0.22181129666880064,0.25406845449726984,0.24316724267954687
0.2624589324833157,0.21956950581942292,0.26018461663729625,0.25778694505996513
0.298770843099557,0.23865910812742688,0.23920995046801727,0.2233600983049987
0.3112350403039381,0.24696686743225152,0.2322188283340012,0.20957926392980905
0.2982487834619244,0.22618619061901285,0.25218006561013656,0.22338496030892624
0.23550377793724073,0.2118480677260951,0.29182140527586625,0.26082674906079795
0.23262782057651205,0.2027935039785994,0.2922857097485753,0.2722929656963131
0.23469058927715747,0.19478312394273278,0.28094929788613077,0.2895769888939789
0.3005126438149506,0.2366500151956737,0.23923567021124628,0.22360167077812945
0.3022581466175013,0.22589276749294523,0.24448881866706199,0.22736026722249147
0.30197176269536946,0.22508805526824477,0.24527509887567836,0.2276650831607074
0.275149179076645,0.2169922587390033,0.26085882003225813,0.24699974215209344
0.2901610596435737,0.22284335141895514,0.2507976931413058,0.23619789579616549
0.2888636720189957,0.2209923634300667,0.24976786347806668,0.24037610107287094
0.3253771556689569,0.23608967291668073,0.22866145466755486,0.2098717167468075
0.3304385099968795,0.23266114786105482,0.2267894175577538,0.2101109245843118
0.3430537276929978,0.23156825496019467,0.22191192160921588,0.20346609573759158
0.326668339652028,0.22812385666716814,0.23104861502393353,0.2141591886568702
0.3198983801300477,0.22112782098755146,0.2353586197901161,0.2236151790922848
0.31933582907310876,0.22564073947387672,0.23159742656471224,0.2234260048883024
0.3557633944536984,0.23490422735098787,0.21354654827394287,0.19578582992137072
0.34166953789962573,0.231262920630249,0.2199302316380987,0.20713730983202647
0.35457794805235704,0.23581604501840783,0.21366854389745019,0.195937463031785
0.32665192883744987,0.2244913580196593,0.23129627122687343,0.2175604419160173
0.33259318274393307,0.23119471453475157,0.2258506776909248,0.21036142503039051
0.34167914275037714,0.23102998780006762,0.22028097781302364,0.20700989163653152
0.37197492754220207,0.23952195899770232,0.204148960372627,0.18435415308746853
0.36736890818056406,0.23436219155133317,0.20782846924153142,0.19044043102657146
0.36244427868177537,0.2317124613318101,0.21107541797810697,0.19476784200830746
0.3369953401528506,0.2256321356101233,0.22490743169412292,0.21246509254290308
0.3234944544894705,0.22066796575045605,0.23260323686276305,0.22323434289731042
0.333499537523842,0.2285327296419148,0.22359156992375392,0.21437616291048936
0.3714401926241458,0.23914126174066636,0.20346521639167697,0.1859533292435109
0.37378549901503844,0.2392762617720024,0.20237447544492546,0.18456376376803366
0.36708861807575854,0.23556425461789632,0.20793979336321752,0.18940733394312767
0.3299557499649045,0.22418517585493708,0.23078933566027837,0.2150697385198801
0.3130087367331752,0.22468746940333767,0.23731200634293936,0.2249917875205477
0.3169062955986086,0.22330835148312936,0.2342781034226242,0.2255072494956379
0.358505701571926,0.23995411237545275,0.2094760905774516,0.1920640954751696
0.37988882256135126,0.24038234711646675,0.19996549028785676,0.1797633400343252
0.3714444725798289,0.23264986858584982,0.20718605644911547,0.18871960238520594
0.3224919480742461,0.2228346978869016,0.23386938187335488,0.22080397216549744
0.3021633388218215,0.21290514594486373,0.2450153510266566,0.23991616420665823
0.3216479180255886,0.22853474013181097,0.2273216464278542,0.2224956954147462
0.3817158266076335,0.243348024931747,0.19785365901270946,0.17708248944791008
0.362318738880833,0.23584960954784132,0.20951665204808326,0.19231499952324255
0.346335384490397,0.23155877394646468,0.2198042318283227,0.20230160973481556
0.29771469655832994,0.2157136910895015,0.2475523668851044,0.23901924546706418
0.3201661524961129,0.23159299758581725,0.2314757070207052,0.21676514289736457
0.32289164314367746,0.22735716858140836,0.2300928118054096,0.21965837646950456
0.3642807701689069,0.2413776666852619,0.2075833991541926,0.18675816399163866
0.349932971417796,0.23180850653139928,0.21764897940499003,0.20060954264581476
0.3430376913854023,0.2289916412143633,0.2221864671309525,0.20578420026928185
0.3127532043311133,0.22118654848490682,0.23819585729653314,0.22786438988744673
0.317363967201756,0.22246240942531112,0.23527063374182838,0.22490298963110444
0.32920048748087755,0.23043993108673216,0.22505521364691708,0.21530436778547332
0.3608270876603473,0.23650318162991782,0.2103531518629267,0.19231657884680828
0.3407036141890023,0.23379599012466684,0.22036944608783499,0.2051309495984959
0.33163684544908884,0.22915465692581033,0.2275172826074767,0.21169121501762406
0.30776437725006567,0.22297271744581118,0.2405812434998221,0.228681661804301
0.3236671674040669,0.23275771462225817,0.23021037796968533,0.2133647400039896
0.31869203832019505,0.22639995708866717,0.23353154521722855,0.22137645937390912
0.34582842154344395,0.2365758854234594,0.21805519587149977,0.19954049716159694
0.3450577805324529,0.23268346104418164,0.21952254769947546,0.20273621072388998
0.34902506767473057,0.23031602882473892,0.21873328421370572,0.2019256192868247
0.32302743878271933,0.2236810635083903,0.23280258598341336,0.220488911725477
0.31974493983252056,0.22282470529948137,0.2342666908644023,0.22316366400359583
0.324775941091304,0.22447304646102073,0.22893920117669,0.2218118112709851
0.358875113938534,0.2373048750721005,0.2102440695326695,0.19357594145669602
0.3451691704188249,0.23433707548449392,0.21783174912330025,0.20266200497338085
0.3328716453354924,0.22934120207742278,0.22655235197009832,0.21123480061698643
0.30430597569882,0.22325736074957653,0.24296852937466162,0.22946813417694187
0.3069348135142733,0.23051068776256076,0.2389419656746531,0.22361253304851278
0.3066866110080643,0.22598586366563492,0.2396901792141304,0.2276373461121704
0.3348957395557523,0.23693106891413002,0.22389928861367178,0.2042739029164459
0.34143903600528025,0.23552813927596536,0.22099539504699298,0.20203742967176136
0.3456967133372068,0.22880173257571879,0.2213478609202706,0.20415369316680387
0.32148718901696044,0.22551017049460373,0.2340115542843088,0.218991086204127
0.3152600851385215,0.21890916308335834,0.23815869459257624,0.2276720571855439
0.31627121604250014,0.2213521089370836,0.23294099733380458,0.22943567768661163
0.3596944014679553,0.2369229973582447,0.21043875833059303,0.19294384284320687
0.3352989500214101,0.2296082611479655,0.22388221545161177,0.21121057337901264
0.33733588884236676,0.23222078342642385,0.22258627056520647,0.20785705716600308
0.3130603188970501,0.22575647095219287,0.23672742298395222,0.22445578716680473
0.3251885116399042,0.2352045493460701,0.22912491747610134,0.21048202153792445
0.3069521224207005,0.22665039168774298,0.23917374582360984,0.2272237400679466
0.33528512675002864,0.23543260569275837,0.22538255276314006,0.203899714794073
0.32515526139703543,0.22923735800977935,0.23094841775353228,0.21465896283965308
0.34704350275275025,0.23240053707997985,0.21867987931288324,0.20187608085438669
0.3420510022197873,0.22935385280639417,0.22197739859613874,0.20661774637767982
0.3392919694408712,0.22677167710177595,0.22462450783922086,0.20931184561813188
0.31980715099328133,0.2188765810962449,0.23357137846902867,0.22774488944144505
0.33163018696622876,0.22721601661807955,0.22632150713395466,0.21483228928173706
0.3198546574643483,0.2284891684144671,0.23092132525666637,0.22073484886451825
0.33498504665965334,0.2333002180809621,0.22280583240443944,0.20890890285494512
0.3391838875989467,0.23772383768513491,0.22013840971197526,0.20295386500394313
0.34452727705142744,0.23469583576318254,0.22123375335782156,0.19954313382756847
0.313750450692911,0.22676551615615773,0.23614025040438666,0.2233437827465446
0.33423758880794563,0.23350675497198825,0.22507386437125093,0.20718179184881505
0.33138765647510326,0.22828781368083537,0.22755819678632194,0.2127663330577394
0.3485685615506532,0.23044589670823848,0.21937850325167138,0.20160703848943703
0.3179564196716012,0.22201605588031637,0.23520076071465687,0.22482676373342567
0.3226954003756318,0.22405284532037456,0.23234952824047764,0.2209022260635159
0.32191583830227377,0.22360235080412125,0.2302836722845545,0.22419813860905038
