0.29907658148747407,0.23911084469021976,0.2396639485400477,0.22214862528225848
0.2905638094862711,0.23705254198489484,0.23771339819399975,0.2346702503348343
0.2912790608718576,0.23640315342719775,0.23848343542380002,0.23383435027714466
0.29250001931512043,0.23720033670507937,0.23844852270861214,0.2318511212711881
0.29398564223130436,0.23804179641384615,0.23825890423337512,0.2297136571214744
0.2881674938161969,0.23517229331652847,0.2381543924559322,0.2385058204113424
0.2869022955733004,0.23396605089120795,0.23874037233895423,0.24039128119653747
0.2970372718827744,0.23907513805618014,0.23873868748862237,0.22514890257242312
0.2923147712456153,0.2376573016142766,0.23784552222846425,0.23218240491164377
0.2956368094108559,0.23878621663220748,0.23818018807557714,0.22739678588135948
0.29394933330064843,0.23830954461114787,0.23792751077055868,0.22981361131764486
0.28135950466670784,0.2314395146821421,0.23774594915310435,0.2494550314980457
0.29730666844182513,0.23866800727780124,0.23932699505214172,0.22469832922823194
0.29667001774272816,0.23990929084192905,0.23766064898393588,0.22576004243140696
0.2970923435248326,0.23989213197117426,0.23762953483870453,0.2253859896652886
0.2955340314136035,0.2391912945052988,0.23768713760284096,0.22758753647825664
0.29709362440288956,0.23980331858460674,0.23776216350526802,0.22534089350723577
0.28538066169186777,0.2339400759656256,0.23772140147956772,0.24295786086293897
0.29426721342175877,0.23749529197545724,0.23900815944031237,0.22922933516247154
0.29380075756012386,0.23817448521214457,0.2381079124068618,0.2299168448208697
0.2910938546785502,0.23665785441394202,0.23816987020823657,0.23407842069927118
0.28406923784926746,0.23270068735777297,0.2382881727791635,0.24494190201379595
0.28832911425314167,0.23439439791103764,0.2392472129285488,0.23802927490727183
0.2785370660947685,0.2294777198442175,0.2380908363069027,0.2538943777541112
0.2987918853361897,0.23917603486261368,0.23956400857666438,0.2224680712245322
0.29355603049103285,0.23853017715175936,0.2376622941224858,0.230251498234722
0.29718626211033167,0.23963186542542714,0.23794658518538392,0.22523528727885733
0.296973337022531,0.23993768093852139,0.2376132846559646,0.22547569738298304
0.2940516642137584,0.2384319404179187,0.23775600659736032,0.22976038877096255
0.2840921014268208,0.23294729782256401,0.237956618296592,0.24500398245402327
0.2987826259747982,0.23961308643561316,0.23891656099899394,0.2226877265905946
0.2951927229962302,0.23929803675989034,0.23757595735692755,0.22793328288695183
0.2911831497812699,0.23678451217843569,0.237996796386303,0.23403554165399137
0.29261735285062185,0.2372046575509306,0.23843303543841185,0.23174495416003557
0.30819002176207344,0.24465359802054285,0.23700811699880345,0.2101482632185803
0.28651886413710936,0.23563630979007108,0.2366642519639271,0.24118057410889246
0.30382239801474503,0.2420228456818422,0.23813442816029,0.21602032814312266
0.29977165691615176,0.24198894947376634,0.23675870289429674,0.22148069071578524
0.30187825452471007,0.24239335032039683,0.2369080766616142,0.218820318493279
0.30172229790370864,0.24258288340700232,0.2367355483072207,0.2189592703820682
0.3002045155574498,0.2418325478103648,0.2368720029390455,0.2210909336931399
0.29410339686495146,0.23872425466292874,0.23740222107957687,0.22977012739254293
0.2987326801964053,0.24043448158229455,0.23779610511150756,0.22303673310979258
0.29543976667800953,0.2393252264430109,0.23753205511857112,0.22770295176040842
0.3018171143848189,0.24201340745164748,0.23739669434739147,0.21877278381614212
0.29542169301731036,0.2395962571210268,0.2372075919801831,0.22777445788147982
0.29124572546950034,0.23681703170449367,0.2379645051089507,0.23397273771705535
0.2774506864065341,0.2290103472108751,0.23754119560600473,0.2559977707765862
0.3052445709498279,0.24202473980761063,0.23908118396292546,0.21364950527963592
0.3027075598796424,0.2435566218980645,0.2363591887339058,0.2173766294883873
0.30508822872703156,0.24411393227722658,0.23626271262132642,0.21453512637441546
0.30016121021733144,0.24213989160102825,0.23653470044426864,0.22116419773737162
0.29875063289787207,0.2409629966905742,0.2371345512546627,0.22315181915689097
0.28546153372076943,0.23409586932273796,0.23753105224298365,0.24291154471350895
0.2958050420527938,0.23825138840903864,0.23892795354177326,0.22701561599639428
0.29679566049984524,0.23979656660337034,0.23780004396636606,0.2256077289304183
0.29552849695282796,0.23915614424510553,0.23771157036011598,0.22760378844195062
0.2882434405531566,0.23531442799059427,0.23797285797964043,0.23846927347660865
0.2987301995965747,0.2399415738193542,0.23844997755771533,0.22287824902635583
0.2865656498862176,0.23480334135702652,0.23764377896932545,0.24098722978743045
0.3019897746664514,0.24127877239919523,0.23834456822519215,0.21838688470916115
0.30624413828777064,0.24474704451410878,0.23627809489115745,0.21273072230696308
0.3049351671777809,0.24443369868550768,0.2359375918095069,0.21469354232720447
0.2986984536579034,0.2413893290397655,0.2366448398093655,0.22326737749296563
0.2927232333635612,0.23785556937417104,0.23758714629122057,0.2318340509710472
0.28415277782827136,0.23284971076662195,0.23809571720592046,0.24490179419918626
0.3003070068664505,0.2403509345795168,0.23879625911920455,0.22054579943482816
0.2982285527480662,0.2409204579744617,0.23723423355826193,0.22361675571921016
0.29867862047160293,0.2407764603067294,0.23734934859734355,0.22319557062432407
0.29109539008000856,0.23708583367732836,0.2376500674234652,0.23416870881919793
0.30189106277088823,0.24165131339990326,0.2378616372520609,0.2185959865771476
0.2824513187472776,0.23283062497768142,0.23706931483734742,0.24764874143769358
0.30867246457089215,0.24384493663130596,0.23804126642056075,0.20944133237724105
0.30437978682870165,0.24462283068327595,0.23583020506607633,0.21516717742194602
0.2942269478518943,0.23909495400455488,0.2369195127070175,0.2297585854365332
0.28844418774779507,0.23523563860005442,0.2380807859190921,0.2382393877330584
0.28973301306106447,0.2354905645782817,0.23876954033017633,0.2360068820304776
0.27731411083663554,0.22886405946900168,0.2377284615882169,0.25609336810614586
0.30199802927247826,0.2405589423624768,0.23943622214246144,0.2180068062225835
0.29198671079214017,0.23805270722475957,0.2373835991936978,0.23257698278940245
0.2884508364443207,0.23502873806102903,0.23830501863210296,0.23821540686254739
0.28967817333672125,0.23548566262275925,0.23878136019908716,0.2360548038414325
0.29698978969072837,0.23929455850273063,0.23843118591967852,0.22528446588686246
0.28116195653386244,0.23166420645965835,0.23745062291981114,0.249723214086668
0.30528674313958665,0.24230838038525676,0.2386220974798143,0.21378277899534234
0.29652318341649003,0.24061050647058205,0.23685186775805211,0.22601444235487578
0.297296268117728,0.2398963073996966,0.2375956444019955,0.2252117800805798
0.2925357531124751,0.23771737423238465,0.23778311510797565,0.23196375754716475
0.30025229314424734,0.24103185010404246,0.23785362540771327,0.22086223134399685
0.28525243090666086,0.23419575521772923,0.2374093201594221,0.24314249371618768
0.30047304003377534,0.2404489129948695,0.23862443489516555,0.22045361207618966
0.2907402680384499,0.23720069215960068,0.237532702909513,0.23452633689243652
0.29130418850872647,0.23642525066948275,0.23846314103759675,0.23380741978419395
0.2939857685561229,0.23795036832063526,0.23840064327874094,0.2296632198445009
0.29101247961892496,0.23666721195178442,0.23817002260678266,0.23415028582250796
0.274866405242897,0.2275139294681966,0.23710934551272606,0.26051031977618033
0.3069592075923047,0.24255518249091396,0.23918345532738927,0.21130215458939205
0.2933194770116641,0.23923636549005167,0.23685570995784044,0.2305884475404437
0.2989393029070628,0.24036732575548217,0.23781459788709478,0.2228787734503602
0.2969295988487723,0.2400927090465183,0.23744035428615545,0.225537337818554
0.29559856776089793,0.23917849750479847,0.23768490014318364,0.22753803459111993
0.2896712468009184,0.2360720746765249,0.2379823349071679,0.2362743436153888
0.2971636259954612,0.23931608905037477,0.23839714526966865,0.22512313968449546
0.30641129746072415,0.24432491300269873,0.2367502309403667,0.21251355859621032
0.2909479253738145,0.23775100302337338,0.23686219724045468,0.23443887436235758
0.28715272159872773,0.2342201344445208,0.2383739449488418,0.24025319900790967
0.28824881076195696,0.23463559329581796,0.23891652323157733,0.23819907271064772
0.2839638984373412,0.23245381302673676,0.2386248632407205,0.24495742529520154
0.3116752468041818,0.24534336397316153,0.23748569573753175,0.20549569348512486
0.2980251177470235,0.24194672513877322,0.23610466084719126,0.22392349626701216
0.30696500602741766,0.24443181335279912,0.23650802043922142,0.21209516018056174
0.2984451577114972,0.24156144964231988,0.23650284138384156,0.2234905512623413
0.2942693925864517,0.23858094109910913,0.23754708271556674,0.22960258359887253
0.2971407847216762,0.2397069112115402,0.23789732507988845,0.22525497898689514
0.30488789409927086,0.2436111442362553,0.23691781019186894,0.2145831514726049
0.29541635160781093,0.2398697144940329,0.23688412591976502,0.2278298079783912
0.28987494827301524,0.23607586837234765,0.23795464645757813,0.236094536897059
0.29714856659364913,0.2393375980241857,0.23838384977385935,0.22512998560830594
0.2968857775028507,0.23992080523625817,0.2376324099000851,0.22556100736080592
0.28682380851733036,0.23467368702658842,0.2377861602688878,0.24071634418719348
0.3084450693684753,0.24418762155088075,0.237598227733831,0.2097690813468129
0.3044999085182138,0.24460998340572604,0.23582297686155046,0.2150671312145097
0.3067684272674242,0.24500811047165705,0.23587558836543013,0.21234787389548856
0.2970769215946438,0.2408104556085665,0.23658152654755704,0.22553109624923276
0.29578324125903704,0.2392144529849893,0.2376317259503203,0.22737057980565337
0.2955596564499254,0.23908562105030662,0.2378284342507523,0.2275262882490157
0.29860023512792416,0.24054404130484258,0.23766428827066807,0.22319143529656518
0.29700271718662347,0.24006096967691182,0.23745086418511344,0.2254854489513513
0.292601978638989,0.23769103256925223,0.2377920149223012,0.2319149738694575
0.3002414366750442,0.24103894194321515,0.23785129601822094,0.2208683253635196
0.2923953285029068,0.23795201558668036,0.23749083233324994,0.23216182357716297
0.2788561803190416,0.2298473806144867,0.23757666897067353,0.2537197700957982
0.32066675861610056,0.24833865186923912,0.2365818653535098,0.19441272416115052
0.31071454647885394,0.2486370513805133,0.23385309326332415,0.2067953088773085
0.29294599250687287,0.2389362725035835,0.23625907260921475,0.23185866238032896
0.30535622173197596,0.24329769639127058,0.23727487133268135,0.21407121054407205
0.3014844385805898,0.2428810301535898,0.23642976659131454,0.21920476467450578
0.2841804854499586,0.233584138454826,0.23713164124070027,0.24510373485451523
0.3005176017641674,0.24037810840929127,0.2387490028305709,0.22035528699597046
0.2936579452370226,0.2387026769820985,0.23746548042451657,0.23017389735636243
0.28557477810198245,0.23366558118061195,0.23804649759845634,0.2427131431189493
0.27245167964645645,0.2256647304955311,0.2371669359752376,0.2647166538827748
0.2653746978614385,0.22053645520677906,0.23644177146504888,0.27764707546673356
0.25956328668447576,0.21671109123100354,0.23469702512412724,0.28902859696039346
0.2818804515629343,0.22908599492853984,0.24187754500337466,0.24715600850515124
0.28904583619054874,0.2348511642663183,0.23962986767512479,0.23647313186800809
0.2746289006727319,0.22730195295902034,0.23734768702288042,0.26072145934536733
0.2803367660134514,0.22927384587411564,0.2397989895284068,0.25059039858402615
0.28384344111395676,0.2318273861110609,0.23956805705848985,0.24476111571649253
0.27469383681282245,0.22692230712885217,0.23794173424395315,0.2604421218143722
0.2972638093909943,0.2381558680716005,0.24013349420139704,0.22444682833600818
0.2821311679923929,0.23237473797525235,0.23760718662649855,0.2478869074058562
0.2857337991544052,0.23276644796992754,0.23932525705813673,0.2421744958175305
0.28806833835913187,0.23449413205351882,0.23910929951018936,0.23832823007716
0.2799042685461529,0.23019844951594107,0.23827310769397161,0.2516241742439344
0.2788359058818545,0.22888405112291144,0.23901961953512366,0.2532604234601104
0.298575230827128,0.2391775449988631,0.2395781341293637,0.22266909004464513
0.29062852594716526,0.23700634980365015,0.23774311743370885,0.23462200681547582
0.29571259516706627,0.23864814584352678,0.23834621619280974,0.22729304279659712
0.30002489630597273,0.24128669856528043,0.2375610085744119,0.2211273965543349
0.28814507731359584,0.23568482681457434,0.23750455272500376,0.238665543146826
0.28988820237332164,0.23547865320073627,0.2387646451178288,0.23586849930811332
0.30486635822339797,0.24298602524672155,0.23772362554703066,0.21442399098284987
0.28650982048402357,0.23533203758646296,0.23700478086043292,0.24115336106908059
0.2914917889047543,0.23610662079731676,0.23890583667935836,0.23349575361857058
0.2866433178493522,0.23421092632461935,0.23842660717115582,0.24071914865487254
0.29410869708691606,0.23757150518133874,0.23888991366534065,0.2294298840664047
0.285215716938955,0.23366433434153833,0.23807592979885053,0.24304401892065616
0.3084187806216492,0.2440462079462731,0.23778179751511935,0.20975321391695834
0.30943020430818446,0.2467642187192491,0.23521330385580327,0.2085922731167632
0.29869124079968357,0.24179360812833642,0.23617301788874576,0.2233421331832343
0.2913696470031721,0.23711768246451514,0.2375896980417109,0.23392297249060182
0.2883547566259648,0.2349888679855403,0.23841713205713563,0.23823924333135912
0.28824051783788673,0.23472325054303425,0.2387733393332651,0.23826289228581388
0.29399413541088176,0.23769162485064596,0.23873622680300022,0.229578012935472
0.29538557579625935,0.23890244884981704,0.2380511169140272,0.22766085843989645
0.2970253761642938,0.23977923276515803,0.23778938466766517,0.22540600640288297
0.28961217177365195,0.2361840913001867,0.23783682826907418,0.2363669086570873
0.2841764919384136,0.2325946891841112,0.23843315828816017,0.24479566058931496
0.27875933570226996,0.22919632896743686,0.2385353036024453,0.2535090317278479
0.3100098777543281,0.24423510508285726,0.2383349983405194,0.2074200188222953
0.31265340949042747,0.2483029669824651,0.23459525644659648,0.20444836708051106
0.28972792993441815,0.23758955636767215,0.2361754124146568,0.2365071012832529
0.2901594975042243,0.23564162198951516,0.23853145060849054,0.23566742989777
0.2867431900284083,0.23411989584913898,0.23856109591863578,0.24057581820381682
0.2868400901915016,0.23384147363475039,0.23891197728286287,0.24040645889088516
0.30168431942984963,0.24127484393714022,0.2383868349275618,0.21865400170544835
0.2864877842283723,0.23504592142277522,0.23734063235318734,0.2411256619956651
0.2899694902480673,0.2353490084842587,0.23893008926307918,0.2357514120045948
0.28119986733791535,0.2311020660965819,0.23822670266604554,0.2494713638994572
0.2912500171457247,0.23566663663355142,0.23957893281655665,0.2335044134041672
0.27972387853670333,0.23043086020370798,0.2379531976640856,0.2518920635955031
0.30682665942821835,0.2428994462754983,0.23861644114112693,0.21165745315515638
0.29956121828806004,0.24223292412029043,0.23648354361894894,0.22172231397270062
0.2898691354790549,0.23641986918585195,0.2374963683488668,0.23621462698622636
0.2869950561145616,0.23412492953565298,0.23853977771816026,0.24034023663162515
0.29110477904019394,0.23610987258610935,0.23894186340116574,0.23384348497253096
0.28808495434344294,0.23492104734436128,0.23848847403974777,0.238505524272448
0.29112143626550535,0.23619165419733523,0.2388058993113215,0.23388101022583782
0.28669988841193755,0.23417835700874068,0.23844678665928304,0.24067496792003873
0.28686515915742605,0.23384185527439308,0.23891257479122427,0.24038041077695657
0.2853573286962644,0.2330950875034284,0.23886096008302132,0.2426866237172859
0.2896288016927334,0.2352206373686149,0.23913315422072867,0.23601740671792298
0.2785454859856756,0.22957926271603957,0.23794005621989525,0.25393519507838963
0.3035598933711943,0.2413724747411959,0.239134537516625,0.21593309437098476
0.3027664435959736,0.24340731781371125,0.2365212003809176,0.21730503820939762
0.29118045849601937,0.23744012659280092,0.23718251295672144,0.2341969019544583
0.2898912186954034,0.23573112744309505,0.23842686216578785,0.2359507916957136
0.29254010609582687,0.23709090614486203,0.2385961503694948,0.2317728373898162
0.2853254856312974,0.23354737928155078,0.2382261123167396,0.24290102277041226
0.29415991359775906,0.23747599778486486,0.23903474607186834,0.22932934254550785
0.28518138989428393,0.23366407304763145,0.2380769954190155,0.24307754163906903
0.2828437593790722,0.231498623195123,0.23882738038366572,0.24683023704213913
0.2854095344230251,0.23279357415322743,0.23932131322011493,0.24247557820363255
0.28121708181394317,0.23073302907057933,0.23872948976255998,0.24932039935291747
0.2736168108191063,0.22603969211019745,0.23796486291547905,0.2623786341552171
0.3035123936188135,0.24100237464350435,0.23974792663811034,0.21573730509957184
0.3026489380137373,0.2433840414957506,0.23654577776314925,0.2174212427273628
0.28831123393188846,0.23592480507904584,0.23718195170357267,0.2385820092854931
0.298899761052894,0.23996864874821597,0.23840827144052942,0.22272331875836063
0.2952895588393227,0.23932476225902485,0.23754818862046984,0.22783749028118272
0.2841260199946741,0.23304765319165266,0.2378067649637774,0.2450195618498959
0.2988106628562998,0.23962084341661685,0.23890850543558595,0.22265998829149738
0.2809877056929861,0.231796912239809,0.23729054387286924,0.24992483819433564
0.283057110496472,0.23120844019925765,0.23927763538088484,0.24645681392338561
0.2839225696545915,0.2320522331455525,0.2392410115711779,0.24478418562867815
0.2881438093007451,0.23434850667416374,0.23928999510067395,0.23821768892441708
0.2734201410973868,0.22652654809231446,0.23719305433182705,0.26286025647847167
0.2989503673678531,0.23881869226064095,0.24015743705202103,0.222073503319485
0.29798412561659815,0.24076696798845187,0.23742596503369642,0.22382294136125344
0.2940956285787583,0.23851279189568952,0.23762544554827816,0.22976613397727397
0.30181669083151524,0.24190269632920255,0.23754942109568317,0.21873119174359898
0.30480177997350194,0.24402307806395107,0.2364396674855865,0.21473547447696048
0.2840354582561203,0.2338614023941605,0.23681765512526637,0.24528548422445282
0.28585631740804246,0.23294393870269406,0.23909466909800448,0.24210507479125895
0.2812237317191648,0.2307832492720463,0.23869246847178008,0.2493005505370088
0.28139211591889435,0.23044093559292397,0.2391877676116238,0.24897918087655796
0.28815756439778123,0.23416171239907468,0.2395905794235322,0.23809014377961188
0.28800993460726654,0.23466597259685537,0.23882928866558437,0.23849480413029375
0.27996505100076136,0.2302039443754828,0.23827013155273594,0.25156087307101993
0.3034792039338255,0.241475990880191,0.23898582200291654,0.21605898318306693
0.3028054884468119,0.24340313748061637,0.23652011704760548,0.2172712570249663
0.2986847420952032,0.2411825281938887,0.23685884274774513,0.22327388696316308
0.28415241344513587,0.23334896260909116,0.2374455080171888,0.24505311592858425
0.2913816812927578,0.23592039814534257,0.2392149187385884,0.23348300182331125
0.2908760358639503,0.2364378439830084,0.23849162185158396,0.2341944983014574
0.2985857732510899,0.2401362938430794,0.2381770627181237,0.22310087018770686
0.2772173193154099,0.22957321520986124,0.23677596150363053,0.2564335039710984
