0.3252282558483104,0.22817149155344266,0.22841836326379206,0.21818188933445484
0.32183360239497516,0.23551883626510625,0.2340656285099712,0.20858193282994725
0.3195836663140502,0.2376339992487747,0.23797722751633107,0.204805106920844
0.31425126753825594,0.23977328018555322,0.2412556208290399,0.20471983144715086
0.3214269990609657,0.23600683408362044,0.23324815066793275,0.2093180161874812
0.3273504247185175,0.22734702730865744,0.22210393957298422,0.22319860839984093
0.3188877505196042,0.23390837093035033,0.23358422216201097,0.21361965638803443
0.3194944300756429,0.24098611291929917,0.24133537611340752,0.1981840808916505
0.30580997733867576,0.24588988478078574,0.2520147706032314,0.19628536727730725
0.3177206310631112,0.23922528834898807,0.23616071380382472,0.2068933667840761
0.3130740875868143,0.24041720242252465,0.24201343756299679,0.20449527242766424
0.3206014471400009,0.23260490944055004,0.22797474201826093,0.21881890140118812
0.3139958050898681,0.2394293712674092,0.2406726022325637,0.20590222141015901
0.3178673732545408,0.2402709735472774,0.239684101215003,0.2021775519831789
0.3124222006840843,0.24186535359271644,0.24441022673056953,0.2013022189926299
0.3270948439279953,0.23032673834220002,0.22436447015048103,0.21821394757932355
0.32809253120902115,0.2286908501748736,0.22538330953960187,0.2178333090765033
0.3376670463253043,0.22064451647913577,0.2128113369404563,0.22887710025510355
0.32131418390978095,0.23467689863116076,0.2370639718100765,0.20694494564898178
0.33023831877614185,0.23388289884726174,0.23068214910579407,0.20519663327080231
0.31367495757053115,0.23876684985562832,0.24326813541311101,0.2042900571607294
0.3246425005568253,0.23191934701473063,0.22636026308835386,0.21707788934009015
0.31736906862475345,0.23630366750637932,0.23664276772271284,0.20968449614615428
0.3236346189398714,0.22838290726703142,0.22263221031108246,0.22535026348201465
0.31391033810550234,0.24061638444735167,0.24282525676485656,0.20264802068228935
0.31516383857679686,0.2426429862441935,0.24350003208837173,0.19869314309063796
0.31001699642861286,0.24328104296530048,0.2461595354563881,0.2005424251496985
0.3209854820592423,0.23565872278251826,0.2320332412901121,0.21132255386812732
0.3067414785427214,0.2466286286924239,0.2527459534214472,0.1938839393434074
0.3160643379996714,0.2395700875132302,0.2368924504979489,0.20747312398914966
0.3014666584825768,0.24759406118783409,0.25413418637185314,0.19680509395773607
0.3146195008894778,0.2443172347130817,0.24223893602183455,0.19882432837560593
0.2923319659571024,0.254358081326872,0.2656981826596588,0.1876117700563668
0.3035736145788643,0.24993874028323906,0.24971619360372765,0.19677145153416886
0.2973056852515842,0.2542394022325828,0.26127672791986095,0.18717818459597196
0.3036753661898665,0.24695739971102068,0.24727163830661505,0.20209559579249775
0.3001407461821656,0.2516896651237685,0.25654428812209634,0.19162530057196966
0.3035286910882044,0.25032320985032774,0.2529960922964033,0.19315200676506447
0.29599942115568945,0.25494387784505457,0.26245978128585773,0.1865969197133983
0.30565336097481155,0.2498916098814681,0.2509472311547558,0.19350779798896459
0.3078495392689261,0.24460244386649985,0.24612765208977716,0.20142036477479688
0.3285379685318545,0.22725926791653636,0.21870997084488786,0.2254927927067213
0.30880129234274034,0.24345592960210335,0.24964528000257658,0.19809749805257965
0.31108644591180357,0.24961539618433398,0.2524461335316051,0.1868520243722573
0.29083594294071363,0.2577032410397054,0.2706246550965812,0.18083616092299987
0.3121744783216514,0.2438728245171865,0.23963028004821296,0.20432241711294902
0.30531679481815854,0.24456622636453706,0.24793427386932754,0.20218270494797683
0.3146365267193046,0.23561421957551285,0.2309631760626381,0.21878607764254454
0.30517506281546586,0.24696089898815163,0.2512350846677435,0.19662895352863907
0.30772823211816275,0.2490424363340839,0.2516843730068643,0.19154495854088904
0.30145925808465707,0.25168862663970043,0.25810697128123555,0.18874514399440695
0.3182845490788331,0.23871641959414183,0.23486529338334128,0.20813373794368384
0.31329567077821746,0.2405838136340303,0.24259384467405157,0.20352667091370072
0.3224396902558119,0.2342394661984208,0.23011792382089016,0.21320291972487715
0.30509416174491943,0.24587043220661522,0.2524487082522119,0.19658669779625354
0.30994104747593315,0.2484194268898083,0.2500405083319506,0.19159901730230805
0.29365315054097074,0.2556290386965677,0.2661050075751615,0.18461280318730014
0.3048486733822081,0.2469183371474992,0.24585136590509682,0.20238162356519573
0.30835397024798233,0.2437972975436554,0.2440933390533779,0.20375539315498442
0.3162391597540025,0.23531048181257846,0.23137600656657692,0.21707435186684215
0.3036368723674298,0.24863453634306945,0.2545286241584517,0.19319996713104895
0.3051208186420005,0.25271299434321576,0.2570592620535377,0.1851069249612459
0.2987544526792633,0.2533448731407589,0.26067399111660877,0.18722668306336904
0.31771824409339217,0.23920355658520895,0.2348118592569895,0.20826634006440947
0.3076125448254882,0.2435549175824329,0.24754751232557387,0.201285025266505
0.322090246639252,0.23382661010668382,0.22794541804501123,0.216137725209053
0.29700775773183796,0.251359784827975,0.26200981741578594,0.18962264002440096
0.3093724740102614,0.2511340408670215,0.2514865464850844,0.18800693863763257
0.2954665880735956,0.252674342516898,0.2616685935341638,0.19019047587534252
0.3188122810401208,0.23454859515452567,0.22687949324559073,0.2197596305597628
0.3195054193506712,0.2356487812477161,0.23409162177204845,0.21075417762956428
0.3270471124114787,0.22704349695578363,0.2210131335636636,0.22489625706907418
0.3105968948598691,0.2446414133966615,0.25058850468255184,0.19417318706091757
0.3251019637212557,0.24005419296846495,0.23794563528132998,0.1968982080289494
0.31607666815994917,0.23593639405080116,0.23801637005490794,0.2099705677343416
0.3333190340203109,0.22437791772339924,0.21554949801620188,0.22675355024008798
0.3214616666510208,0.23446991092439148,0.23539313886263968,0.20867528356194814
0.32773799240598467,0.22712161147339976,0.22134399502555258,0.22379640109506307
0.311317814603885,0.24261112971400764,0.24761953322517608,0.19845152245693118
0.3222507615300037,0.23933389105777117,0.2368515863097671,0.2015637611024581
0.3031974509898446,0.2453163460964478,0.25238494612724266,0.19910125678646504
0.32144220321477457,0.23467243661316411,0.22820521238067346,0.21568014779138792
0.3076614122396145,0.2444198018750301,0.24942958713844576,0.1984891987469097
0.31840136480727876,0.23563627807403872,0.23115356833919928,0.21480878877948326
0.3043634965202846,0.24745977462406407,0.25369322412134465,0.19448350473430656
0.31982522539833147,0.23998083355515296,0.23651582562489448,0.20367811542162112
0.30950032866431215,0.24190114081448622,0.24572924493481887,0.20286928558638284
0.32096934159498824,0.23611409793605337,0.23216153025153866,0.2107550302174197
0.3175333247508117,0.2387455500046592,0.23976539313801545,0.2039557321065136
0.33291797769269166,0.22198364864664022,0.21314566330624724,0.23195271035442083
0.31629820079235604,0.23880935966605255,0.24246973763275118,0.20242270190884037
0.3254659301498554,0.2384146993242748,0.23628279861944498,0.19983657190642473
0.30148807215957885,0.2464370823329098,0.2555611392316849,0.19651370627582634
0.32470146135350475,0.23473571761907644,0.22732870684020887,0.21323411418721003
0.3116842598167479,0.23985887632112282,0.24318444835110783,0.2052724155110214
0.3167985940114399,0.2337944971327995,0.22973670007971422,0.21967020877604634
0.3097034823318967,0.24540819774813144,0.24877296567981488,0.1961153542401571
0.30210687915381057,0.25106541389717507,0.2571158090375152,0.18971189791149926
0.30701616915553304,0.2482470033477364,0.24992077575161806,0.19481605174511235
0.31593725927934174,0.23631735673257878,0.23340749307371964,0.21433789091435976
0.3258578610415279,0.2307627114001908,0.22551793567883605,0.21786149187944523
0.3238785023801452,0.23160766313149586,0.2294158484295311,0.2150979860588278
0.3041274573912056,0.24933822158518038,0.25788601917420345,0.18864830184941053
0.31390923213826966,0.2486755782810437,0.24999954010213676,0.18741564947854986
0.2960099309508221,0.2506540990055473,0.2600236860411316,0.19331228400249886
0.31603463907786095,0.23968357626895334,0.233902830099397,0.21037895455378883
0.30429871604716185,0.24415154044519172,0.24819966874788485,0.20335007475976172
0.3060100260234056,0.2442281600834142,0.24433049630348255,0.20543131758969757
0.2929836661250815,0.25905574214509425,0.26909342577291206,0.17886716595691227
0.29839808066934204,0.2547251346133565,0.258380620846417,0.18849616387088455
0.3071430740894514,0.24617958761282155,0.24662321500202292,0.200054123295704
0.31082396668467444,0.24292529957535913,0.24330117591410133,0.2029495578258651
0.30661211554465,0.2474904987432883,0.2511286813032968,0.19476870440876504
0.31176499635501037,0.24272123942936946,0.24257579097964208,0.20293797323597818
0.3033213608903328,0.24958425713604085,0.25561456979594627,0.1914798121776802
0.30513400813163444,0.25175559662734354,0.25546852076628046,0.18764187447474148
0.2887010841018245,0.2577474474038955,0.2688335706339921,0.1847178978602879
0.30612347717333704,0.24817967205316155,0.24595253533132405,0.1997443154421774
0.3018892182948107,0.24752775507393787,0.2512195881349104,0.19936343849634103
0.3042189350244476,0.24660116892648995,0.24753323493861318,0.20164666111044927
0.296046367740636,0.25601401539276375,0.26363309702566434,0.18430651984093602
0.29988839956133106,0.2539843653133703,0.25804837064079,0.1880788644845086
0.306503393166907,0.2480415877036461,0.24978957003152855,0.1956654490979184
0.3056701908764779,0.24700231963981092,0.2500108219948151,0.19731666748889595
0.31134564988170177,0.24430430222880556,0.24442942877204032,0.19992061911745243
0.32219271088123425,0.23180301960705327,0.2269648471274858,0.21903942238422683
0.30102278855337306,0.25013476557486625,0.2592315071861903,0.1896109386855703
0.2998089102582964,0.259183250362495,0.26609846810682947,0.17490937127237907
0.2909822098388155,0.25519684584675806,0.2634180614828643,0.19040288283156218
0.3083021708294353,0.2437422738409671,0.24039369511164285,0.20756186021795472
0.30126582037788135,0.250656325965694,0.25569887720387213,0.19237897645255256
0.30180482885467547,0.2459866586715273,0.2469389086745095,0.20526960379928774
0.3002017435750973,0.25292685275909405,0.2577753683456234,0.1890960353201853
0.30957680120618314,0.24912955636399012,0.25055554202533165,0.19073810040449504
0.3084943764772664,0.24273297074343334,0.24446164937741385,0.20431100340188627
0.33903634299739543,0.2202869802789566,0.20863277609452854,0.2320439006291195
0.3569837169338873,0.20014440750724813,0.18641665966630977,0.2564552158925548
0.3697288224017832,0.18921712347895406,0.17320152704493877,0.26785252707432405
0.36448744664558913,0.2060205860730094,0.1983915873422747,0.23110037993912658
0.36476693854858117,0.21219481738921064,0.20717498415366287,0.21586325990854544
0.3599707218460857,0.2042245945780336,0.1967877663928508,0.2390169171830299
0.35997457055127785,0.19675393553477935,0.18122173354511933,0.2620497603688233
0.36281230819816507,0.20038245535821536,0.18488656012175533,0.2519186763218644
0.35296290708537154,0.20224137016269442,0.19150137495293354,0.2532943477990006
0.3419296676782543,0.21902893693070605,0.21402519108724383,0.22501620430379585
0.3519020305705133,0.21579919511010207,0.2077371375295582,0.22456163678982627
0.3348818534884908,0.2165080943547931,0.21233563455898774,0.23627441759772827
0.3470832501230603,0.21438006219673597,0.20322728543196575,0.23530940224823801
0.3423433050482516,0.21595752192941312,0.20962826284624894,0.23207091017608641
0.34284649559335234,0.21147634228212067,0.2021725080573099,0.2435046540672172
0.33675816056500096,0.22709802060588133,0.2244346337233908,0.2117091851057269
0.33232645179193193,0.22828227113659522,0.22655013243757816,0.2128411446338947
0.3215438716534645,0.23260761925006115,0.232782192755865,0.21306631634060932
0.3274862831803196,0.23113738709639908,0.2267833098391646,0.2145930198841168
0.3231031067583202,0.23028389736394647,0.22779042756142587,0.21882256831630742
0.32113761433248045,0.22957498974502236,0.22587694265105251,0.22341045327144476
0.31274793630717107,0.24393596387936384,0.24695961987656767,0.1963564799368973
0.31531979961776013,0.2407166596854384,0.2406108872410059,0.2033526534557955
0.31341296304715405,0.23837512922075094,0.23850263928639784,0.20970926844569704
0.3312351634971746,0.2294999009873372,0.2226000184061978,0.21666491710929042
0.3150081593899803,0.23723809051343192,0.2404873089335301,0.20726644116305779
0.3275318461248273,0.2317148256307526,0.22621268603677114,0.21454064220764907
0.3069846190986262,0.24646016786951291,0.2547627447299762,0.19179246830188482
0.3107995388103665,0.2472908259865416,0.24870612456477198,0.19320351063831986
0.29882342713343935,0.2505313585735691,0.25768009550422344,0.19296511878876807
0.31487377650163423,0.23619109745140984,0.23046406204877878,0.21847106399817717
0.31871454398942917,0.2346989838026772,0.23148281591172304,0.2151036562961707
0.3140833025975506,0.23770387625161635,0.23753815036938317,0.21067467078144989
0.3095175192344809,0.24698873942741276,0.25058530820488284,0.1929084331332235
0.3116378226466656,0.2464324871544923,0.24931154986741666,0.1926181403314255
0.31260684185814447,0.24321244258846297,0.24502368961667853,0.19915702593671392
0.3215160916526684,0.23450547196058683,0.23101768689772545,0.21296074948901916
0.32696529276306385,0.22717193912755235,0.221843050223368,0.22401971788601577
0.33625999464485357,0.22005688407920024,0.21173525862263357,0.23194786265331246
0.3124528004445644,0.2424241402201483,0.24910036497981602,0.19602269435547134
0.30644356301081893,0.2534944168010892,0.26012254324675693,0.17993947694133494
0.30594153931285206,0.24642052778747198,0.24964635418011807,0.1979915787195578
0.32333973930600207,0.22730727255935695,0.21904020483104578,0.2303127833035952
0.3300267807154194,0.22542326059869522,0.21830106184673756,0.22624889683914787
0.315691832713969,0.23508602832186165,0.2361671617521444,0.21305497721202496
0.3086253627921016,0.24901505733336404,0.25396447693003094,0.18839510294450354
0.32122471766586924,0.24046357125028275,0.23940536892072603,0.19890634216312195
0.3201520795956498,0.23181715670835068,0.23010703354622222,0.21792373014977728
0.3398584805860161,0.22019259401837865,0.2099151949755925,0.23003373042001285
0.3247074329234605,0.22917669890914483,0.22912136731815957,0.21699450084923516
0.33836566749645003,0.22281288112817363,0.21472987299868987,0.22409157837668645
0.3135535174018438,0.24107028294276714,0.24832602462391562,0.1970501750314734
0.32613526540296084,0.23704532387836716,0.23335277277198269,0.20346663794668932
0.31394887802652743,0.23688790924624567,0.23945045331224324,0.20971275941498363
0.33038080277168747,0.22225241993599884,0.21235731381306355,0.23500946347925006
0.3256895258920256,0.23073763895070748,0.22811902883273355,0.21545380632453334
0.32011454961829705,0.23345084600103946,0.23246082087622605,0.21397378350443755
0.3188174482811771,0.23956062078825832,0.24012846974314692,0.2014934611874176
0.3285475590188666,0.2308938583526369,0.2269918889018752,0.21356669372662138
0.3291780048749349,0.2270764405374369,0.22325114823996417,0.22049440634766412
0.3344038935057033,0.22378196801725142,0.21770617339256032,0.22410796508448483
0.3300463935571154,0.22802493420262193,0.22553687058862304,0.21639180165163957
0.33990638836890436,0.2197227826876868,0.21191830207324464,0.22845252687016412
0.3223806242693673,0.23332013828056136,0.23541726976544303,0.2088819676846283
0.3247515130023792,0.23769861946680773,0.2366377678684857,0.20091209966232731
0.31283567579889965,0.2386526839974439,0.24160239062666541,0.2069092495769911
0.32651120505358633,0.2265957277566631,0.2186951530830573,0.2281979141066933
0.324377563408742,0.2314658332684414,0.22860513858382706,0.2155514647389896
0.3206552339007521,0.23211650720307514,0.23001317664181273,0.21721508225436006
0.31558522876659006,0.24082286428176963,0.24240241421816464,0.2011894927334756
0.32859748368400954,0.23254963847364474,0.22836477913531358,0.21048809870703225
0.32902985307234917,0.22576703592675734,0.2217971645780563,0.2234059464228373
0.33764986137299585,0.22172831658909076,0.2143944654247367,0.22622735661317675
0.33945078755972097,0.2208232557776999,0.21520979366390858,0.2245161629986705
0.3467443743615215,0.2113042854418332,0.2017065034601075,0.24024483673653796
0.3338101537023483,0.2275021083947135,0.22661206257702482,0.21207567532591345
0.329875646778495,0.2346737055592656,0.23480554661445674,0.20064510104778258
0.31995937567251026,0.23249543714620574,0.23283387137651582,0.21471131580476815
0.32689785724176185,0.22659046149959836,0.22002656647546928,0.2264851147831705
0.3240650678511122,0.23219429651171702,0.22941301572663103,0.21432761991053967
0.31701250801868264,0.23228596377089047,0.23068116151580903,0.2200203666946178
0.3139537184779956,0.2417106545356428,0.2426678860979069,0.2016677408884547
0.32890729462781265,0.23218075322547546,0.22720951164990386,0.21170244049680814
0.3239557377913504,0.2275473583494792,0.22498500645440714,0.22351189740476327
0.3409539634738447,0.22230814609394126,0.21375682136815824,0.22298106906405588
0.3302480477654179,0.2279907645198141,0.22765222691021408,0.2141089608045538
0.3454199225291047,0.21452852317759447,0.2042137378351419,0.235837816458159
0.3325848514782288,0.22656461908022144,0.22570530919255619,0.2151452202489936
0.33641113411794504,0.22810904749798608,0.2238830706118376,0.21159674777223134
0.3164980680815789,0.23571746509332964,0.2394559488539673,0.20832851797112412
0.3230932815897285,0.23172356043317802,0.22694755334826416,0.2182356046288292
0.3117485555798104,0.2425132323695332,0.24571585316168576,0.20002235888897058
0.31609301818115715,0.2337423065241721,0.22989092681934997,0.2202737484753208
0.3208781504787955,0.2323924626195147,0.22823930312581206,0.21849008377587778
0.33281537068887207,0.22590489824181947,0.21910872465740805,0.22217100641190052
0.32756841293982314,0.22855599080042563,0.2264223639443948,0.2174532323153566
0.3323143772078919,0.2297979747837483,0.22661724496554747,0.2112704030428122
0.33492687760112844,0.2283352447067793,0.22610982287900136,0.21062805481309083
0.34084354520301835,0.21705613816828623,0.20944485134522203,0.2326554652834734
0.3301242973463017,0.22763575144985507,0.22578448767847792,0.2164554635253654
0.32512285952157266,0.23535589872866408,0.2350991119548416,0.2044221297949217
0.30843023820913934,0.24172537328664753,0.24642142062284975,0.2034229678813634
0.328430334730717,0.22656588993380755,0.21730296403941504,0.2277008112960604
0.323259666119118,0.22901351056015481,0.22601973746723647,0.22170708585349075
0.32096569458246144,0.23391747204333216,0.23182601981230957,0.21329081356189689
0.3047529637587765,0.24928729638299502,0.2567615686196929,0.1891981712385355
0.3307184987578107,0.23047850894847857,0.22261885449195004,0.2161841378017607
0.32845785646401193,0.2252117900624003,0.22183961139696481,0.224490742076623
0.3394203526698331,0.22197949362497757,0.2139348862313868,0.22466526747380255
