0.30759510571003795,0.22384498603665354,0.23275451939903985,0.23580538885426872
0.3071261191955575,0.22661980344337967,0.2586409225035739,0.2076131548574889
0.20026481015475184,0.224082871551165,0.24012216885497906,0.3355301494391042
0.2632254039225944,0.2095981641829092,0.2159635899033706,0.31121284199112564
0.2945911744598235,0.2224946367524556,0.21609143377449405,0.26682275501322683
0.34599966933456533,0.21835257975398814,0.24527220711479994,0.19037554379664662
0.35358573284129746,0.21393490469066623,0.23693451200899163,0.19554485045904468
0.27484726873193094,0.22578162777921276,0.2553406676989792,0.24403043578987724
0.17063484087523026,0.2082953785918314,0.20830666490978028,0.4127631156231581
0.3242838856908714,0.20091927983397911,0.18718148164402315,0.28761535283112627
0.3248910884975667,0.22334502669252557,0.21814914116010553,0.23361474364980223
0.41445288811662917,0.20282070030223517,0.23361929826917507,0.14910711331196075
0.31734277856004056,0.2237618025821158,0.22379039356431282,0.23510502529353075
0.2992517025344512,0.2238665439420755,0.2459809215615516,0.23090083196192165
0.17270905227471842,0.21540179217687508,0.2119635866822563,0.3999255688661502
0.31163658649447706,0.20813081190449204,0.21100760376250982,0.26922499783852105
0.25910235369128953,0.2332760783401748,0.23378539356458633,0.27383617440394925
0.3372978372954872,0.20923046836837528,0.269452588116227,0.1840191062199105
0.2341888196266943,0.2260757444254969,0.2514000674694614,0.28833536847834734
0.219345436190982,0.2187813667078734,0.25205080296277077,0.30982239413837387
0.16940666021864476,0.21253509984395705,0.21417127440466027,0.40388696553273784
0.480892144848265,0.1807840687954478,0.1726630324415261,0.16566075391476118
0.3455277615611063,0.24363208008083906,0.22215966164553427,0.1886804967125204
0.401161605333222,0.20922968630353325,0.23230654531868644,0.15730216304455835
0.30245487241142593,0.22696818219657044,0.22693220632950642,0.2436447390624974
0.32615718309633823,0.22331553001373478,0.26749896544120516,0.18302832144872191
0.19094995137615908,0.23573900338822606,0.23441290706317025,0.3388981381724445
0.3507247772663382,0.20420411271097952,0.21605828830806212,0.22901282171462017
0.2762871445670481,0.24252263712720804,0.24771838655626466,0.23347183174947925
0.324467531371082,0.2158078058892017,0.24695128032705982,0.21277338241265653
0.30136932101932185,0.22556777441233333,0.22642402592581728,0.24663887864252754
0.3891222928797677,0.20890938750459145,0.24004465375668238,0.16192366585895848
0.2609225169181435,0.2383511375767959,0.23771291559120125,0.26301342991385934
0.3507854311158356,0.20794618991591898,0.20649547016157602,0.23477290880666943
0.26010162235057804,0.22385869784360327,0.20563713283038662,0.31040254697543207
0.42006065961375516,0.20106964422534856,0.2325744289892063,0.14629526717168986
0.36201193134100984,0.22316668396312192,0.22638488037548904,0.18843650432037912
0.319503878223093,0.23202475335337755,0.24951620710990982,0.19895516131361957
0.1897078007773747,0.22127561080795255,0.21374864014772302,0.3752679482669496
0.2976541374772888,0.21164569047714898,0.2148847600867474,0.2758154119588147
0.2634848039257837,0.2348679438396583,0.22299063371722863,0.2786566185173294
0.3892880935794971,0.2053429848978481,0.24409974107056306,0.1612691804520917
0.3032528242077779,0.23193905069675627,0.2555861318295939,0.209221993265872
0.22682265525576192,0.2266862489291916,0.27119346055318344,0.27529763526186296
0.12589357939136828,0.1877849531664168,0.17818788879377717,0.5081335786484377
0.40107723363286435,0.19976646158659062,0.16545144426703642,0.23370486051350875
0.4013952123752149,0.22286263734420414,0.2155042797591685,0.16023787052141233
0.46807245237738987,0.19491701997801542,0.22148661056562333,0.11552391707897149
0.33190924942235783,0.23410830974541275,0.22794649600048486,0.2060359448317445
0.287710547705913,0.22990183493958824,0.2527482026565585,0.2296394146979403
0.1532225273212119,0.22242122901705824,0.21657657030293917,0.4077796733587907
0.2679180145577831,0.20895847065464762,0.20460829312196588,0.31851522166560337
0.2963340737109072,0.2281557793507543,0.23425449617756072,0.24125565076077782
0.3830416064705038,0.2063704417253098,0.26194868662179355,0.14863926518239284
0.288301838550556,0.23083333375326603,0.24380099425897028,0.23706383343720758
0.2836781854805829,0.22407743958371026,0.24391837396482852,0.24832600097087848
0.18839349649876727,0.21553841467583187,0.20658014294328805,0.3894879458821128
0.40234158534320746,0.2030821811426149,0.1938782087853125,0.20069802472886517
0.37232958635788,0.2247782668421693,0.21364644226698962,0.18924570453296122
0.44319722554642305,0.20051177075589202,0.23411841248055207,0.12217259121713286
0.2969596103801126,0.23605845100012612,0.2369850099793353,0.22999692864042598
0.21734483477404737,0.22905121828025998,0.24974906135177585,0.3038548855939168
0.11773697091934479,0.1905215166612377,0.1766126794146282,0.5151288330047893
0.37258021239505656,0.200107019514519,0.18367335955210726,0.24363940853831711
0.35628182865824004,0.22937417389825018,0.2287298087022715,0.18561418874123836
0.40833839079140616,0.20389410549242262,0.24375578913482834,0.14401171458134276
0.27609199076772845,0.2242707678826799,0.22158129063395682,0.2780559507156348
0.2832950961611838,0.2182804935685138,0.23011948411337496,0.26830492615692736
0.15958182982836205,0.20218409692825173,0.183259158501589,0.45497491474179724
0.4585992959221084,0.1917698334863521,0.18505982906311674,0.1645710415284228
0.3533083494465647,0.2350930231239604,0.2259768830418151,0.18562174438765983
0.35490163955743675,0.2161411529818646,0.2616461616532178,0.16731104580748093
0.18679578635228664,0.21195000805667535,0.2110868596430425,0.39016734594799557
0.18867693317033246,0.2258574104593696,0.25439315640159016,0.33107249996870775
0.13900482580805,0.202348884251887,0.1993166974540674,0.45932959248599564
0.5227534754177456,0.17064115110438863,0.1592427626188228,0.14736261085904298
0.3094347356847546,0.25798101338317253,0.2399112465886443,0.1926730043434286
0.3606888474090751,0.2072638376414441,0.25377418703294025,0.17827312791654054
0.22905650333723165,0.22044258563740904,0.21290791305461232,0.3375929979707469
0.33083867933952726,0.2132129933343761,0.2452222868626308,0.2107260404634658
0.2214361737222922,0.22998669726353643,0.22422196168166392,0.3243551673325075
0.4493158528257274,0.18600859639318681,0.18043714413371806,0.18423840664736768
0.29472282003776973,0.24213297394626104,0.2173364007761619,0.2458078052398073
0.4049230005345161,0.2002826471499036,0.23549392419340268,0.15930042812217762
0.28349339650662264,0.22417631614586456,0.21471308311860307,0.27761720422890984
0.30765080684891566,0.22799116349022747,0.25461103175078176,0.209746997910075
0.16841866868794414,0.21265083466300827,0.20934963754055277,0.4095808591084948
0.4088975825971395,0.19428812493809614,0.20258116092111159,0.19423313154365288
0.23196476421606432,0.251875987872957,0.23298859089552998,0.28317065701544863
0.3505921150475315,0.2070565901652794,0.24633784685833138,0.19601344792885778
0.2868510655830121,0.2329262533874469,0.25591702583908893,0.2243056551904521
0.22447134084542655,0.22059908383269067,0.26845942711904575,0.2864701482028371
0.16358225570574184,0.20895087698805814,0.2082960163998695,0.41917085090633044
0.43071035468746016,0.18188573598750787,0.1408665671448921,0.24653734218013976
0.405778118562529,0.22633116832894615,0.22824863398757175,0.13964207912095308
0.43945624693036184,0.20183087999372504,0.2316218444730508,0.1270910286028623
0.29674706286639374,0.22939651182423312,0.22497893853292597,0.24887748677644722
0.2643223063575158,0.23586508235891718,0.25329837070808,0.24651424057548707
0.17627124022122356,0.20564788726565633,0.19500938968371362,0.42307148282940643
0.35449366935800364,0.21639810882647478,0.21975416944450096,0.2093540523710207
0.3621699044333358,0.22402472881442223,0.24737266448672174,0.16643270226552018
0.3343168930313522,0.2207630886261413,0.27903580487328894,0.16588421346921756
0.19886667996088506,0.23428412683718272,0.25067735856684753,0.3161718346350847
0.14835770554783662,0.20072031020047282,0.208251548612502,0.44267043563918856
0.2403979942781338,0.22250943614448487,0.21376198189156612,0.3233305876858153
0.5044739298842823,0.17975216497558347,0.1929704672474405,0.12280343789269389
0.39405623967547365,0.23141387977759859,0.22199667928307004,0.1525332012638578
0.43148385519486737,0.20365732529742406,0.22120326468625204,0.14365555482145645
0.29247680982773133,0.2330914672120983,0.22490484477843095,0.24952687818173946
0.2697100400578453,0.23695910640045537,0.24544618043292638,0.2478846731087729
0.2223127696229906,0.21885062433792768,0.21357374263437248,0.34526286340470913
0.36892329274000485,0.20915558809245308,0.23348537721058948,0.1884357419569525
0.2909080164714429,0.2378338791598554,0.2530878384491278,0.21817026591957386
0.2909239507004178,0.2234268573086052,0.2488936136193784,0.23675557837159858
0.2627433783035219,0.22777515878631602,0.2389622962622695,0.27051916664789255
0.2657698023146911,0.22224061168360643,0.24390671372329098,0.2680828722784116
0.26807674136682375,0.22581707862916772,0.22863562763030956,0.27747055237369905
0.37459491790737215,0.20840337059472439,0.20521781097530156,0.2117839005226019
0.3780946443387815,0.2190815810569082,0.22039502960748544,0.182428744996825
0.4374887052249591,0.20211528266186024,0.2293217421550434,0.13107426995813717
0.31692712086377667,0.2321128638577459,0.23088117248250703,0.2200788427959704
0.22799101006513872,0.24146392485628182,0.24049705788863424,0.29004800718994506
0.17759348816283235,0.21460044588214136,0.21434512076150417,0.39346094519352215
0.3836689013173431,0.20168218337545585,0.23018076366291434,0.1844681516442867
0.309564701686109,0.24186150988779098,0.2472721515604536,0.20130163686564648
0.2907962428216009,0.22648707428901482,0.2539687456092197,0.22874793728016465
0.33273530175580246,0.20803525065586725,0.23364513560111197,0.2255843119872184
0.2171555614097953,0.22964437010125938,0.25326961747079096,0.2999304510181543
0.1581245799200197,0.1854917032924515,0.17383728346093005,0.4825464333265988
0.4748329538690388,0.17978013425656,0.13629123256058182,0.20909567931381928
0.4464684940650553,0.2093988604484582,0.20679340235426052,0.13733924313222606
0.4521275093975401,0.198377513023281,0.21173238654222665,0.13776259103695218
0.35766545419950563,0.21003888639073715,0.20423404879039297,0.22806161061936428
0.221907902982654,0.20116661926978968,0.20450603585200874,0.3724194418955476
0.13266239757967593,0.17038008344498476,0.16074188696284375,0.5362156320124956
0.265024765935285,0.19538061957701222,0.1737631973433106,0.36583141714439216
0.3052252092664933,0.2203302796311529,0.24208016498222867,0.2323643461201249
0.23243518337919986,0.21383041228573896,0.3222492389737173,0.231485165361344
0.08128122958272761,0.14392393591950445,0.21848564915506222,0.5563091853427057
0.0726986170903076,0.15963721183287025,0.24232893703006683,0.5253352340467552
0.08265224621431783,0.1275897140820527,0.13501516539194244,0.654742874311687
0.8255459846592629,0.06762930803200759,0.012540574161012568,0.09428413314771679
0.6481689690387165,0.16741750253584026,0.1460807154326111,0.03833281299283229
0.49039904177689414,0.1848280034517661,0.2303683016466103,0.0944046531247295
0.3168897483468446,0.22188828791773746,0.2120944859593133,0.24912747777610467
0.22259147665220075,0.2281522193261844,0.2492258355918744,0.3000304684297405
0.23569448924246658,0.20833760716489527,0.215759651351834,0.34020825224080414
0.5789016100407774,0.15555544111269273,0.13475513127822852,0.13078781756830132
0.29118233550727796,0.2706180627693876,0.24907471298712458,0.1891248887362098
0.40334126933614173,0.19001651268284625,0.23630729841951256,0.17033491956149938
0.2576627183345684,0.23234421986584922,0.2491233481667162,0.2608697136328663
0.18753215342347815,0.2236443460254681,0.27337700089993394,0.31544649965111987
0.2026531013495004,0.18780200906999428,0.18196061772244693,0.42758427185805825
0.5103446540953095,0.18048556210369004,0.17817421404133016,0.1309955697596702
0.35306069450098326,0.24154883191159385,0.22489189914069715,0.18049857444672565
0.44358705646013613,0.1963332034029712,0.21971037046628192,0.14036936967061084
0.3131659990654014,0.2367917140800687,0.2354208943401606,0.2146213925143692
0.25352973669666534,0.23142690733730972,0.25044018091106407,0.2646031750549607
0.20350903031852766,0.2167158034519215,0.20424669162872322,0.37552847460082756
0.3981164970454663,0.1966449218748586,0.21476928224691622,0.19046929883275884
0.31241817239609393,0.23720484583897597,0.26337809478119667,0.18699888698373346
0.31038948857134546,0.21605670767791452,0.2545585557544471,0.2189952479962929
0.2118389022863064,0.22610745603613622,0.24049214551142475,0.32156149616613267
0.27443342594196357,0.21208665968527912,0.22806576662390018,0.2854141477488571
0.23690604469113327,0.21936547609463972,0.20435680503659007,0.33937167417763686
0.42848708747968556,0.19986353889472555,0.17981616394226885,0.19183320968332002
0.44063167974659556,0.2082011774198467,0.21214708774535787,0.13902005508819984
0.4383000361750137,0.20491577837357505,0.23629117287319276,0.12049301257821861
0.25335658008733775,0.24187677427205545,0.24516042126975862,0.25960622437084824
0.14216628186123706,0.20923801163902572,0.2150954521112913,0.4335002543884459
0.1296090315149211,0.18822038122405935,0.17622600710001948,0.5059445801610001
0.3654125427487869,0.2021461917571662,0.18943768441982792,0.24300358107421902
0.43917292984153394,0.20651190474841372,0.24251229373419403,0.11180287167585817
0.36625348774897754,0.22141992775163616,0.2567766660581622,0.15554991844122418
0.23370519852650648,0.222283585699982,0.25098058370319676,0.2930306320703149
0.1402444972005862,0.1978493979133629,0.21594324472850526,0.44596286015754566
0.13334782835425324,0.17407017909332612,0.15014463683824175,0.5424373557141791
0.5141707795691056,0.18825474906572587,0.1608934772159092,0.1366809941492592
0.4805764247640314,0.2035530194973725,0.2116997048092327,0.1041708509293635
0.3892633831229951,0.21953252848811258,0.2511831196614999,0.14002096872739236
0.16502954419397559,0.2071478393438865,0.19344600350753374,0.4343766129546042
0.1447549118007997,0.20213223679831963,0.20405765200755296,0.4490551993933278
0.1795879561226307,0.21171411590484213,0.1961592728888972,0.4125386550836299
0.5031324286620021,0.1721540976806695,0.20331445701967346,0.12139901663765484
0.320927448543656,0.24622161462760345,0.25500146936695994,0.17784946746178074
0.285984901916731,0.2134654060157705,0.2594585682473694,0.24109112382012915
0.1540345058887175,0.20068701778039008,0.21055210808639163,0.43472636824450084
0.2764466085078997,0.19798674796561835,0.19859904404044562,0.3269675994860364
0.23371656757318135,0.2239121803982346,0.20569241753879752,0.3366788344897866
0.498075224066959,0.1804390044505156,0.17281486717803138,0.1486709043044941
0.37734155971521344,0.22874407510757763,0.22293553726698914,0.1709788279102197
0.3508429972924706,0.21705485105491476,0.25363537624730154,0.17846677540531294
0.20470525858496433,0.2143648751373084,0.2125630292186776,0.3683668370590497
0.2254214103395078,0.22294733092892877,0.23373632018689053,0.317894938544673
0.18938880677363953,0.2166195176330779,0.22265335069172087,0.3713383249015617
0.37784824810362333,0.19318153860929851,0.21944209280499366,0.20952812048208444
0.29126550193387307,0.23530499331455304,0.24961534626104748,0.2238141584905264
0.2737469638935128,0.21930753904605213,0.2630377855306452,0.24390771152978977
0.22287978518619428,0.20680010794931883,0.22762705418047538,0.3426930526840115
0.2633998445737997,0.2043147792232264,0.22072903704865104,0.31155633915432285
0.21394048882270317,0.21224100401922036,0.20116371281399234,0.37265479434408405
0.4657789954352629,0.18643169487678402,0.16475949543149299,0.18302981425646014
0.40166458513051073,0.2215617015612388,0.21658810896141933,0.16018560434683105
0.3912641282108137,0.20917644681499672,0.2403903468683654,0.15916907810582406
0.2653807730726767,0.2207641384066684,0.21988427348073353,0.29397081503992145
0.2001300649835501,0.22392285526030437,0.2291405543043619,0.3468065254517837
0.17839737788014468,0.2136647432869525,0.22330301456110643,0.3846348642717965
0.3913557530722381,0.19059012914189177,0.21142635270848623,0.20662776507738403
0.267695950393615,0.24524955851895167,0.26566369113427685,0.22139079995315641
0.2387842047369331,0.2180376289699954,0.27484542587168914,0.26833274042138233
0.21615934161133804,0.193529348204727,0.2240411506051242,0.3662701595788107
0.19962170159814138,0.21356312062406507,0.25679555949457106,0.3300196182832227
0.186799855842674,0.1919024306877184,0.18528540047098585,0.4360123129986217
0.5620575612538405,0.1660871472181882,0.12813363745855352,0.14372165406941756
0.41459426465629634,0.23128245871178374,0.20982580695230765,0.1442974696796123
0.41047487385694564,0.20607817960342822,0.2258168103691157,0.15763013617051042
0.31423738781153526,0.21844491937792868,0.2069907529374668,0.26032693987306926
0.27442074842373587,0.23079419572131563,0.24906087610709982,0.2457241797478487
0.2026489091227776,0.2277067200397416,0.2372279743334686,0.3324163965040122
0.35701535151116265,0.19573886472741092,0.22361508951324488,0.22363069424818172
0.17990608156801846,0.24197869459323848,0.24988402434645304,0.32823119949229
0.23748742988871255,0.20246938423979846,0.23489478107232883,0.32514840479916024
0.2162520249959318,0.20037788101411425,0.2106690350534345,0.3727010589365194
0.3854677057613566,0.19138702471953464,0.2656569573295767,0.15748831218953196
0.224629533952341,0.2260236945604614,0.23193667563219222,0.31741009585500535
0.4402629298918312,0.18052814816109683,0.1539610508210972,0.22524787112597475
0.35657612503642544,0.23134920337663523,0.20679901859801403,0.20527565298892528
0.42266778618448775,0.20436963477763456,0.21349934151117791,0.15946323752669986
0.3978632764293414,0.21513867941254097,0.21132036387391656,0.17567768028420122
0.3394819688168536,0.22851483094231745,0.25289828004203113,0.17910492019879784
0.1465478542130395,0.21317448956084434,0.22386110247771723,0.4164165537483989
0.1955880599741219,0.19573564268217794,0.21529983366026004,0.39337646368344015
0.16857293965731462,0.22073896564116427,0.23725076629569256,0.3734373284058285
0.28925458468352816,0.2143422391006329,0.27011670193455023,0.22628647428128856
0.22682322644165354,0.20892487590342615,0.21736920734366905,0.3468826903112512
0.31751760904705245,0.19775981127764172,0.21227806926553394,0.272444510409772
