0.32577473722253136,0.2039985870536087,0.19226819887458874,0.2779584768492712
0.3180792635642201,0.20909259690528204,0.19339803341717177,0.279430106113326
0.3342607083140431,0.2033768162782862,0.18487268756076916,0.27748978784690165
0.337869198033951,0.2037060523330306,0.1792662320119536,0.2791585176210647
0.3205846194769254,0.2035554828912369,0.19303218825376597,0.2828277093780718
0.3431605752365512,0.19955883801865854,0.17891777657162763,0.27836281017316256
0.3175933096812514,0.20205105221734937,0.1947586187347678,0.28559701936663145
0.32580130859500855,0.20832086736236316,0.19089780296029893,0.27498002108232944
0.34411468743236867,0.20122813267809844,0.17812915165811707,0.27652802823141576
0.33403223156676093,0.19663217482243603,0.18453469228054958,0.28480090133025354
0.33516850101715073,0.19745726392083032,0.18645296822263144,0.2809212668393877
0.33890236969667087,0.19635883114406935,0.18180748937505709,0.2829313097842027
0.31812698102812403,0.2001771887095874,0.19823604710053003,0.28345978316175846
0.32835859070429957,0.20941501193350331,0.186946501234859,0.27527989612733816
0.34176285422758346,0.20221080881837236,0.1779874140402699,0.2780389229137743
0.3254852393293146,0.20352735916635464,0.1882448295452497,0.2827425719590811
0.3305756590525203,0.2047330926350994,0.18547717379922998,0.2792140745131505
0.3378567311526945,0.19960096684794532,0.18062608938059266,0.2819162126187675
0.3229574445798952,0.20460081724626894,0.1914504490513617,0.28099128912247406
0.3234136629036058,0.20695206847336345,0.1921343160660986,0.2774999525569322
0.3519128180614838,0.1977796155957684,0.17292038668025636,0.2773871796624914
0.32219945988553944,0.19776959413916465,0.19033130755286257,0.28969963842243346
0.31992502740304285,0.20513749996541913,0.19679465678357683,0.2781428158479611
0.3350184249787027,0.20390953285836905,0.18077199532844337,0.2803000468344847
0.3191033500324008,0.2042384143724873,0.19431991377176044,0.28233832182335133
0.31887265764678796,0.21420011071260267,0.1924411862537743,0.2744860453868351
0.33112205301048364,0.20645943283113838,0.18560121476946334,0.2768172993889146
0.315529900800757,0.2067280757124233,0.1956519618784708,0.28209006160834893
0.3260287008127499,0.2107434246468335,0.18786175876532257,0.275366115775094
0.3287966451769812,0.20451763348686317,0.18768876841506146,0.2789969529210943
0.3233396144163763,0.20633025397117877,0.19097323970195054,0.27935689191049434
0.31355892477266756,0.20801682964587556,0.19854635522226463,0.27987789035919225
0.3347548310656432,0.20734966124560575,0.1840802620739277,0.2738152456148234
0.3138294454419675,0.20772712546268474,0.19675833552366342,0.2816850935716843
0.3389341176597289,0.2041826605264106,0.18275863921133745,0.274124582602523
0.3404770207629757,0.19943534581827677,0.17796496814161566,0.28212266527713176
0.30612998193542496,0.2041311022021114,0.2070394854781259,0.28269943038433776
0.3159052347324971,0.2152333651161359,0.19607405653201015,0.2727873436193569
0.3287749560123303,0.20899841058604518,0.18583747399930986,0.2763891594023146
0.3288187997264906,0.20964628212194478,0.1845311499996336,0.277003768151931
0.3245775345459729,0.20821876661639604,0.18904006209549098,0.27816363674214006
0.3271579029449128,0.20296642863433445,0.18900038373302455,0.2808752846877282
0.31893191155767353,0.20777712397262305,0.19409491460326728,0.27919604986643626
0.3178183790990604,0.21170825598967166,0.19543694088987196,0.275036424021396
0.34849187231116885,0.20299372778996108,0.1753738465156764,0.2731405533831936
0.3246102590728214,0.1968727323651706,0.19015752246844075,0.28835948609356715
0.32714565889079317,0.20134766059079962,0.19209518675305431,0.27941149376535296
0.32576397229015097,0.20446117107642142,0.18852476314898547,0.2812500934844422
0.3189008266435237,0.2068180682206827,0.19524714350090466,0.2790339616348888
0.31094083109738674,0.21608294554939175,0.19792778780669695,0.27504843554652453
0.33251763258446626,0.21188876893234188,0.18295430591787765,0.27263929256531433
0.3235786600413062,0.20626310624283095,0.18910723690257575,0.28105099681328705
0.33060612001904954,0.20670281503178073,0.18495193463679988,0.27773913031236996
0.3314456171095869,0.20147887513704552,0.18600923648411252,0.28106627126925504
0.3181958993418257,0.2050466952468288,0.19678363572055757,0.27997376969078797
0.3152450349807775,0.2103188053346665,0.19736894083173875,0.2770672188528174
0.3433871022315638,0.20334857904442333,0.17869891270606378,0.27456540601794915
0.3294132299596961,0.20167487159471276,0.1849071373058635,0.28400476113972767
0.316498143624361,0.20430666991052562,0.19878916915819095,0.2804060173069224
0.33579307213029985,0.20585748990186098,0.18105024334772662,0.2772991946201125
0.30617523000911745,0.2085022679612489,0.20375262925221996,0.28156987277741363
0.3157941695705623,0.21870704143876957,0.1949481670045941,0.27055062198607405
0.3465712893001179,0.20524339984903056,0.17425945536208257,0.2739258554887689
0.32990719771635524,0.19883136390512868,0.1861286102316901,0.2851328281468259
0.3284037356897728,0.2033070752542674,0.1892960053471148,0.278993183708845
0.33479878651120093,0.1969358783289578,0.18633148569546376,0.2819338494643776
0.3173001986683554,0.20323380410102562,0.19829944468467187,0.28116655254594713
0.3227997295623036,0.21067916813418042,0.1915648164644537,0.27495628583906223
0.3630390621627052,0.19606784249141476,0.16656785116077846,0.27432524418510157
0.3169328551927781,0.19768359757714504,0.19405337943565004,0.2913301677944269
0.32374661374965064,0.2060647046516031,0.19397038878157202,0.27621829281717425
0.34056273567803486,0.2024257419977558,0.17782842283825845,0.2791830994859509
0.3168420597177096,0.20683751371166617,0.19544187096094598,0.2808785556096782
0.32637969358881225,0.2122323518693472,0.187842645153323,0.27354530938851745
0.3472513403712805,0.19867731497100846,0.17544400253911982,0.27862734211859114
0.3194408159558254,0.20035442262840455,0.19131787644539072,0.2888868849703794
0.3278343093922881,0.2054154275527149,0.18959944858371675,0.2771508144712801
0.33618960074127396,0.20163522602179426,0.1818370095213793,0.28033816371555254
0.3216193573671291,0.20331917147055745,0.19329411063281426,0.2817673605294992
0.32704376955851183,0.20703784276429282,0.18891876251266165,0.2769996251645338
0.3491470047017973,0.19784490869055443,0.1751451682578332,0.2778629183498151
0.3117073085578663,0.2002778067622781,0.2002642686408525,0.2877506160390031
0.3389734741124408,0.2043512710294232,0.1829044889406203,0.27377076591751576
0.3452870629991043,0.1957628098147731,0.17513498352583134,0.2838151436602913
0.31297112468443106,0.20293958240060822,0.20150557846047507,0.2825837144544855
0.3217189376194269,0.21200818065820717,0.19166569404762013,0.2746071876747457
0.3428044061367999,0.20023783234378736,0.1785838311672646,0.27837393035214814
0.31904187521968563,0.20710822622598804,0.19125801404024967,0.28259188451407674
0.33577941710994647,0.20627016809524598,0.18265588316712716,0.27529453162768047
0.32769794770741034,0.19964255842480186,0.18872878015263858,0.2839307137151491
0.32242928087762224,0.20774039245460924,0.1904752719046194,0.2793550547631491
0.3115796277824964,0.21007725524097826,0.20086502389307231,0.27747809308345306
0.3592157561435756,0.20407144103373404,0.16625246844447958,0.2704603343782107
0.31827862446348865,0.1945788463452809,0.1937819562233021,0.29336057296792845
0.3450489842588628,0.19997572683143816,0.18029390389146804,0.27468138501823086
0.3214232300496608,0.19874623483215037,0.1916769347660052,0.2881536003521837
0.31027446449435075,0.2060938658556176,0.20545182014039542,0.27817984950963626
0.3295010701010187,0.21492543432786465,0.18282661977834486,0.27274687579277196
0.33096041201449283,0.2042088797318607,0.1855783121963529,0.27925239605729363
0.3267554414098147,0.20825213936742262,0.18619715020086008,0.2787952690219027
0.3174627873120197,0.2063148568567208,0.19390642322298676,0.2823159326082727
0.3249871592295012,0.20840563357737638,0.19033295398760136,0.27627425320552107
0.30898303781758013,0.2145827849229123,0.19930488216486653,0.277129295094641
0.3347767159952366,0.20778949518740775,0.1845514904356275,0.2728822983817282
0.34883136127102166,0.19853075524848657,0.17290181960543755,0.2797360638750541
0.3061097785286705,0.20002569329494413,0.20535910360671883,0.2885054245696666
0.3305547394789476,0.20613027412340917,0.18952110682083811,0.2737938795768051
0.3236679137345976,0.20441164547702173,0.18864681260698912,0.2832736281813916
0.3182823014605288,0.2101904217882333,0.1955838100231856,0.2759434667280523
0.31744050474738833,0.21497110427691174,0.19289676417022494,0.274691626805475
0.32151452507676576,0.20807106819032867,0.1924605260291079,0.27795388070379773
0.3235963845062437,0.21102326145998335,0.18790347039705185,0.2774768836367213
0.32462741685419305,0.20973838441696407,0.18884592553251656,0.2767882731963265
0.32321739796229076,0.20740367594297218,0.1919658562933374,0.2774130698013996
0.315559369273231,0.20916172673952532,0.1965095231161139,0.2787693808711298
0.3254872711148646,0.2077276867957891,0.190812325730577,0.2759727163587693
0.3442484776771262,0.20376399781868523,0.17603422843462058,0.275953296069568
0.3081025461739884,0.20251211783316878,0.2038764837086072,0.28550885228423567
0.3320871990679515,0.20687928880780967,0.18716342561320076,0.2738700865110381
0.33838082101096967,0.20147898527294145,0.17805937629200444,0.2820808174240846
0.2994609502558123,0.21004543940455073,0.2103645658562775,0.28012904448335946
0.3080646137050396,0.22179352277993966,0.2000254768593519,0.2701163866556689
0.34864412819600016,0.20475824453042932,0.17164062025223625,0.2749570070213342
0.3171048427231779,0.20761736101806255,0.1923314023749068,0.2829463938838526
0.3094174546933116,0.21438268271054936,0.20130859383116054,0.2748912687649785
0.3389774464233679,0.2011578939815244,0.1823585770445167,0.2775060825505911
0.3089399873421887,0.20800748882202327,0.200359490120445,0.28269303371534293
0.3279742617028556,0.21237110001977708,0.18887483627560822,0.27077980200175916
0.3543874249068551,0.19275127449264243,0.17626947417903954,0.27659182642146296
0.323274162375083,0.19112163242560842,0.19402649814960657,0.291577707049702
0.3550443625799253,0.18957083024339194,0.178936984352987,0.27644782282369595
0.3492095450192442,0.1840315271281688,0.18143488544228317,0.28532404241030385
0.31313639055355813,0.19155116015234253,0.20762657397164624,0.28768587532245316
0.3330160871231842,0.20236980268285337,0.19052447881247184,0.2740896313814906
0.3783980277225708,0.19167695384801198,0.15488195440071165,0.27504306402870565
0.3416135938523449,0.18763254433396206,0.1779429877789473,0.29281087403474565
0.3405131494930071,0.1966990385140202,0.1812256323822018,0.28156217961077096
0.3440163644618396,0.1915707810292547,0.175433447385137,0.28897940712376874
0.3313513275954967,0.1989092162056995,0.18779251394792457,0.2819469422508793
0.35855020858055753,0.20115904997986922,0.16557102582273733,0.27471971561683584
0.36608608309084134,0.1780638726867644,0.16610934900453594,0.2897406952178583
0.3306200839284258,0.18129272134394536,0.18237024031514942,0.3057169544124795
0.34912246735081653,0.18027765792047365,0.17392882234012436,0.2966710523885853
0.3563461349997565,0.18118626410868366,0.17184214730306735,0.2906254535884925
0.32143806633873534,0.19795108753021093,0.19310075398004725,0.28751009215100665
0.3428678281224534,0.19760085604377187,0.18007764614355865,0.27945366969021607
0.34790976171997295,0.1913518225708892,0.17292876743183927,0.2878096482772985
0.31439350042715025,0.20052758023910072,0.19544766037386296,0.2896312589598861
0.35584770874671123,0.19882634241509278,0.16954799991413164,0.2757779489240643
0.3261157795159406,0.19452163964506478,0.18645583190558931,0.2929067489334053
0.31523089775912205,0.20760993306293674,0.1988319080996999,0.2783272610782413
0.34815236503952623,0.20257572495883414,0.1740067452904968,0.27526516471114276
0.3411141069209631,0.19228419813047887,0.18059027196756214,0.28601142298099586
0.32918566852339765,0.199073660335063,0.18725018890530853,0.2844904822362308
0.3312804617896562,0.19467383413004746,0.19132645566601908,0.2827192484142773
0.3342264309068673,0.19924252394357508,0.18280059586101763,0.28373044928853997
0.31189070273394637,0.20661587239758006,0.1999632361799395,0.2815301886885341
0.322506745508611,0.2135646193415495,0.19095259565210232,0.27297603949773697
0.33352464261782283,0.20660689132203344,0.18111259207814298,0.27875587398200086
0.3262451102433377,0.2034755249605839,0.18737691313070218,0.28290245166537614
0.338215764712158,0.20547687289924602,0.18023695258872943,0.2760704097998666
0.31823916683285003,0.20098169326462614,0.197413370345749,0.2833657695567747
0.33291298279595793,0.20409971035819274,0.1867049492684163,0.276282357577433
0.3237396210092631,0.203630669235044,0.19126098214239123,0.28136872761330156
0.34560968522027774,0.19992198371760722,0.17846427316790664,0.2760040578942084
0.32150078060803483,0.19821296071078928,0.19221181657649022,0.28807444210468575
0.33586439619725494,0.19960434295754045,0.18539790574553136,0.2791333550996732
0.3384853193579993,0.2017563862011037,0.17920562848817306,0.28055266595272393
0.3051603207842492,0.20838921109019576,0.20585790784861485,0.2805925602769402
0.31447163569448694,0.21682753382253164,0.19700678451955272,0.2716940459634286
0.3567254633996152,0.2030731465439456,0.16551449227432388,0.2746868977821154
0.3378749072033079,0.1967814165783015,0.17884614693723108,0.28649752928115957
0.3272607442982358,0.20178462961852103,0.18952726194088712,0.281427364142356
0.31976479027419735,0.19786304228379342,0.19757843560597224,0.2847937318360371
0.3177052350315623,0.20933288326081534,0.1962332008539464,0.276728680853676
0.34869890368518436,0.20713243290169212,0.17245093888648133,0.27171772452664217
0.3521937700993702,0.18982999533681505,0.1761427340908894,0.2818335004729252
0.32471291205235425,0.19298349137863927,0.19032889874521447,0.29197469782379204
0.31836388964632484,0.19667628002621243,0.20075285355638064,0.2842069767710822
0.3503019273658206,0.20402009635119492,0.17143514489502912,0.2742428313879553
0.3093434687366616,0.2060675898136939,0.20094731567774982,0.2836416257718947
0.33753643298255015,0.21014169053146073,0.18174290472010415,0.2705789717658849
0.34543486413134766,0.19687712335385682,0.1734341228100989,0.28425388970469656
0.32995590082133747,0.1967051131619487,0.1862042410390086,0.2871347449777052
0.33302962459610613,0.20378003012492907,0.18493007075696516,0.2782602745219997
0.32297893875352995,0.19985926698583453,0.19436291422318036,0.2827988800374551
0.3447718557964818,0.2022163655671162,0.17720402438257662,0.2758077542538254
0.33283806626656404,0.1983399359874222,0.18510621439008998,0.2837157833559237
0.35596225865448633,0.19215112524443065,0.17359897616256062,0.27828763993852246
0.3159926037595391,0.19259874896249668,0.19654262662530703,0.29486602065265727
0.33573019190206843,0.1996120916823534,0.18747498593925355,0.2771827304763247
0.3473753491176005,0.19999700706638626,0.17245220429062835,0.2801754395253849
0.32087689239960066,0.2012283573803477,0.19480649887423926,0.2830882513458125
0.32148189816233536,0.20961656062381437,0.19227686331128832,0.27662467790256196
0.34594517996732643,0.20000784504014865,0.17390409985857253,0.28014287513395236
0.335989391753914,0.19884159194771922,0.18040173796673387,0.2847672783316329
0.32782309251945735,0.20378937935614058,0.18830194858254592,0.2800855795418562
0.3340082457607361,0.1974640693135875,0.18650796256305102,0.2820197223626253
0.3290489553016692,0.20036070758639377,0.18840308933211425,0.2821872477798228
0.33918722450845035,0.20127362827092127,0.18138916187460635,0.278149985346022
0.35811930713927265,0.18975969158766615,0.17199383579685906,0.28012716547620214
0.3178368098350819,0.19133425530818074,0.1977847176191871,0.29304421723755025
0.3402534612845229,0.19655645248561715,0.18475752461378475,0.2784325616160752
0.3516893085647569,0.1932138493841353,0.17202933969466325,0.2830675023564445
0.31573266917716325,0.20146436923810102,0.1987349312519021,0.2840680303328335
0.3220103821337865,0.21017871190992873,0.19281399984218028,0.2749969061141045
0.3578084231891725,0.19789191321987518,0.16519828184289106,0.2791013817480613
0.3213700778801767,0.20063452770129803,0.18938014620061208,0.2886152482179132
0.3289627398308264,0.20766215430707552,0.18739467032224735,0.27598043553985074
0.33910260911700824,0.19626556797789455,0.18024140032918634,0.28439042257591085
0.32000882750077364,0.2025990893510876,0.1942153503199012,0.2831767328282376
0.35157012344038974,0.20192666402935,0.17279724191630716,0.2737059706139532
0.35200047786007493,0.18352639183477903,0.17852749359523915,0.2859456367099068
0.3198460227881814,0.192027613353058,0.19582935069704596,0.2922970131617145
0.3321193392484204,0.19461998163399385,0.19235359323101484,0.2809070858865709
0.3593372375658434,0.19316685311412757,0.16739073305073243,0.2801051762692966
0.3137624097223926,0.19930944097179745,0.199045457327332,0.287882691978478
0.32896002757624737,0.20890581241228198,0.18868733032957474,0.2734468296818959
0.34378551249891415,0.2005264589181147,0.17443103656847375,0.2812569920144975
0.31669314096798484,0.20487124800609993,0.19354525624973118,0.28489035477618396
0.32747544488729013,0.21146544527376698,0.18694054857905776,0.27411856125988515
0.3399072752313203,0.19887844003221966,0.17908847829652563,0.28212580643993435
0.3408235511354006,0.1966454977649725,0.17909652128259718,0.28343442981702976
0.33277195600284254,0.19745202026716818,0.18720781954119078,0.2825682041887986
0.35406043782815155,0.18840567514811757,0.17782381665954744,0.2797100703641833
0.31457069937696924,0.19085939818516273,0.20135900029108336,0.29321090214678475
0.34412779625816137,0.19767295669405835,0.18190187982499623,0.27629736722278403
0.3475049620581586,0.192270139604668,0.17428744992696096,0.28593744841021235
0.3145142446234654,0.2003828712378663,0.19947019137152608,0.2856326927671422
0.313357630293984,0.21359860639942066,0.1970436730085196,0.27600009029807576
0.3378070977702718,0.20818360282119758,0.17945245331229018,0.2745568460962403
0.3439318728083264,0.204529202538361,0.17294149590842536,0.2785974287448873
0.3349099169739889,0.19998549244780806,0.1833381720142339,0.28176641856396906
0.3279986753069634,0.19764806371417903,0.19059693943095865,0.2837563215478989
0.32009609991347443,0.19995172075464487,0.19604960242668484,0.283902576905196
0.3605309116204831,0.1974827049442836,0.16647148180939905,0.2755149016258341
0.3464979500206931,0.18911885398862896,0.17809404450240304,0.28628915148827483
0.3188618565237077,0.19446097561955641,0.19908054981109563,0.28759661804564024
