0.3042126875183527,0.2232970729821646,0.23023955351783512,0.24225068598164762
0.30376581060189983,0.22674774588720062,0.23028542813224126,0.23920101537865832
0.3043485665980133,0.22734731409710549,0.22540249952575228,0.24290161977912889
0.30542167424561234,0.22537674654895,0.22333612318412518,0.2458654560213125
0.30431238609916883,0.2229200478010573,0.23336423570262105,0.23940333039715286
0.3058899687307725,0.2253468208422454,0.22928224960217267,0.23948096082480932
0.3012311248370172,0.22836595864286818,0.232808128268343,0.23759478825177163
0.30520419343371646,0.2252889349064805,0.22951759476404834,0.2399892768957547
0.3065857954423897,0.2271250842727316,0.21817904969715216,0.24811007058772652
0.30314577486891464,0.2230686643488515,0.23304867779385574,0.2407368829883782
0.30828944612123227,0.22104820858971977,0.23220094705959538,0.2384613982294526
0.29950290796737256,0.23114104764361867,0.235084539104132,0.2342715052848768
0.3068686863607693,0.22321885593130536,0.22960776398253935,0.2403046937253858
0.302913011939463,0.22745718333119166,0.232773829597754,0.2368559751315914
0.3079443128026149,0.225176276213481,0.22094910793890077,0.2459303030450033
0.30284921656041824,0.22571961152460646,0.23029600144262385,0.24113517047235147
0.3077655200220807,0.22187357569388122,0.2292960935625557,0.2410648107214824
0.3003009318199009,0.23144907800280834,0.22940703110865587,0.23884295906863492
0.30616584024887367,0.225545872975206,0.22051406297518653,0.24777422380073372
0.30211344929582384,0.22809177309355524,0.22573753356559198,0.2440572440450289
0.309384520719111,0.22264452366457366,0.21580275841127555,0.2521681972050399
0.2989011828341452,0.22636406985041688,0.23750218774318685,0.2372325595722512
0.3093286143587615,0.2207633863024757,0.22986420859087725,0.2400437907478855
0.2978798052104855,0.23228133628659495,0.23551734477588573,0.23432151372703372
0.3075204823208396,0.22179165801016207,0.2307695779630386,0.2399182817059598
0.3023251504007628,0.22951671183081318,0.23056593227119143,0.23759220549723264
0.3083147868564168,0.22413062627176583,0.21944708790881906,0.24810749896299825
0.3031046945903264,0.22365145258369795,0.23428385391137194,0.23895999891460368
0.30735541852081066,0.22295371593951224,0.23115014265239173,0.2385407228872853
0.30044783036764106,0.231678915414606,0.22910141402225118,0.2387718401955017
0.3089913978101228,0.22018394855616027,0.2260238594582694,0.24480079417544762
0.3007302705232537,0.22471461770578213,0.24414321316567886,0.23041189860528524
0.3097665166432854,0.22608798848361855,0.22186220473721144,0.24228329013588462
0.29860507392260405,0.22752483304787427,0.23929063794782396,0.23457945508169772
0.31201770759770725,0.21836327193789473,0.23020587003308757,0.23941315043131037
0.29887703466370696,0.2313781829077659,0.23875936500709974,0.23098541742142756
0.307561821848245,0.22222894875110544,0.23325865765171175,0.23695057174893783
0.3037168344511468,0.22746069488502077,0.23429441452140412,0.23452805614242836
0.3071250918865178,0.22476404874723446,0.22761077114479386,0.24050008822145374
0.3046586525527906,0.22472116117115723,0.23265280076730518,0.2379673855087469
0.3079409035481297,0.22300116617680443,0.22919446012730327,0.2398634701477625
0.3019285334328455,0.2266834039275151,0.23735889020013656,0.23402917243950275
0.30665709331507335,0.22511884418165104,0.2297944796898857,0.2384295828133899
0.30115163069526796,0.23126542531979735,0.2279042261279848,0.23967871785695005
0.31230032795243756,0.22029617442073948,0.2118228733917193,0.2555806242351035
0.3011966665713327,0.22197994971147153,0.24098241465740897,0.23584096905978685
0.30899536399676464,0.21999094808974284,0.23747498693701896,0.2335387009764736
0.2963576548276849,0.2337816892269068,0.24231527075310536,0.22754538519230288
0.3083278182117381,0.2227659151281723,0.23112241679697434,0.23778384986311532
0.3028345035989309,0.22875349714454157,0.2330053144785532,0.23540668477797444
0.30993279322589423,0.22346474601980099,0.21924958994721772,0.24735287080708707
0.30377572545885234,0.22458339805660413,0.23071935641688407,0.2409215200676594
0.30806364230461414,0.22102801861873042,0.2315819081607405,0.2393264309159149
0.30028789296823843,0.23081447142645264,0.23337221465908745,0.23552542094622153
0.3077274508776558,0.2239938168641212,0.22322218293177898,0.24505654932644397
0.3021388192114334,0.22584573685164855,0.23458783849780163,0.23742760543911648
0.3104878495586942,0.222396252046104,0.22172732144974358,0.24538857694545832
0.30015412658199575,0.2262946095633346,0.23851782071247296,0.2350334431421966
0.3078571998032436,0.21985428504875137,0.23863438506796297,0.23365413008004216
0.2998205209686089,0.2310241072571775,0.2408209857867469,0.2283343859874668
0.3056088383055293,0.22633465376453824,0.23145058784461273,0.23660592008531967
0.30549526364827767,0.22715855417633724,0.22658446817050207,0.240761714004883
0.3099918736090631,0.2223097585394742,0.21807908000814846,0.24961928784331433
0.3035969532907207,0.22262459920311875,0.2355014841249031,0.2382769633812576
0.3073041123642356,0.22248506492490022,0.2338027797457434,0.23640804296512077
0.2991116257624268,0.23148406063882812,0.2360532418142522,0.23335107178449288
0.30935315622090503,0.22237473772382405,0.2243325568684003,0.24393954918687066
0.300662264405303,0.2273967246358658,0.23756369053471024,0.23437732042412096
0.3133123691492961,0.22116975063643676,0.216491357619374,0.24902652259489322
0.2977331466657241,0.22576387753569246,0.24467083643152074,0.23183213936706254
0.30948942371736277,0.22026087992906165,0.23659524238456633,0.2336544539690092
0.29705287969178423,0.2372136929085022,0.2320761359758862,0.23365729142382738
0.3092981825053924,0.22181002839875225,0.22099575080004832,0.247896038295807
0.3046228615051726,0.22680891268404416,0.22533021041296808,0.24323801539781523
0.3097798120182617,0.22295487859867422,0.21421900261522853,0.2530463067678355
0.29892500479397793,0.22506955603578624,0.23993352975472831,0.2360719094155076
0.3094966107166073,0.2218287467251491,0.22851319368950276,0.24016144886874083
0.29603414954469665,0.23683600993669793,0.22752338195244162,0.23960645856616397
0.31000020004527695,0.21852383693874303,0.22325349675562264,0.2482224662603574
0.30140661094348703,0.22756819706208525,0.23453795524204823,0.2364872367523796
0.30931920782528977,0.22446604850676696,0.21796444943821727,0.24825029422972603
0.29858079094119766,0.22530611449376697,0.2420100631471655,0.23410303141786995
0.3108515560655395,0.22042188434553694,0.23035276251741382,0.23837379707150977
0.2964262047257448,0.23473241077477108,0.23542718718270836,0.2334141973167758
0.3109756843718628,0.21952470396404386,0.22445916848348477,0.2450404431806086
0.3009295337548379,0.228094532119712,0.23637577307791316,0.23460016104753695
0.31045687025787516,0.22306950026935457,0.22012986803059006,0.24634376144218031
0.2991048709810208,0.22793420392276562,0.23710101875617065,0.23585990634004303
0.31082692059358935,0.2209699192808358,0.22503184087294936,0.2431713192526256
0.29919962502890474,0.23215103710609042,0.22947596613041146,0.23917337173459338
0.3078844674715568,0.22076113601239328,0.22833345472481487,0.24302094179123518
0.30127596505971727,0.23071952551883004,0.22886093141808772,0.23914357800336486
0.3093089385371492,0.22402408890962203,0.21171234560830163,0.2549546269449271
0.29949120247835676,0.22228895320807085,0.24331203583766098,0.2349078084759115
0.3119278461524096,0.22035532585786505,0.22869731665916057,0.23901951133056473
0.2937446465345187,0.2363424341755153,0.23759947718465832,0.23231344210530763
0.3109476918457858,0.21840989694094792,0.22821923049972911,0.24242318071353725
0.30163972710574066,0.2300351334028964,0.23214193785225995,0.23618320163910295
0.30790472469402935,0.22345602846649185,0.22429294117970913,0.2443463056597697
0.3054484574925539,0.22311507364516905,0.2316180014335011,0.23981846742877605
0.303220162037493,0.22338644774955976,0.24169754668819038,0.23169584352475694
0.3040883334475056,0.23069185815293144,0.2274389385085948,0.2377808698909681
0.30311170785800956,0.22860272687174527,0.22301088117200804,0.2452746840982372
0.30845793208045413,0.22174694090919664,0.22253794861712134,0.24725717839322797
0.30849894061622,0.2230309943172738,0.22068550943809304,0.24778455562841326
0.29904207350488726,0.2219483911540413,0.2491943437153004,0.22981519162577108
0.3094309746103883,0.22407755077559044,0.23228530855728988,0.23420616605673142
0.29573686157623585,0.23236825770381936,0.24337938479067492,0.2285154959292698
0.310994494808737,0.22116401298076765,0.22824136369792494,0.2396001285125703
0.30289606095835253,0.2293999396594863,0.2295356505112598,0.2381683488709014
0.3090864908929346,0.22008524383059164,0.2287033611556961,0.2421249041207777
0.3031271280156266,0.22485629526361509,0.23951306207257989,0.23250351464817842
0.3047550871971906,0.22799395272286063,0.23088254267673908,0.23636841740320977
0.3049777306641453,0.22710632822693033,0.22492007557078741,0.24299586553813704
0.30719402552821373,0.221137385197726,0.23022906261997209,0.24143952665408816
0.3043217575787146,0.22585516648137696,0.23319898291523045,0.23662409302467793
0.30682627742218305,0.22619562537654228,0.22287641347737203,0.24410168372390256
0.3024118085543151,0.22141904063773676,0.24231995968938883,0.23384919111855934
0.30785454413094443,0.22276549632873544,0.23715630638463492,0.2322236531556852
0.29781239090487716,0.23197210263685228,0.24255417118179315,0.2276613352764774
0.3090860940366279,0.22373054076352358,0.2279281188107883,0.23925524638906032
0.3047757484521763,0.22663262151687646,0.22935906994594135,0.23923256008500587
0.3084999814910776,0.2217170410068383,0.22813697649913303,0.24164600100295103
0.3041492884042315,0.225450632402637,0.23380153232129539,0.23659854687183607
0.30482800451193537,0.22569224659097292,0.2322438656953582,0.23723588320173347
0.3059094732292883,0.22570783583997997,0.22759983991842217,0.24078285101230962
0.30374815802470956,0.22445272238142733,0.23498134418058303,0.23681777541328017
0.30497284007161896,0.2274948958291622,0.22842815442854886,0.23910410967066986
0.30956801396543715,0.22380112656370668,0.2143320907682919,0.25229876870256424
0.3004423354174074,0.21674379274099845,0.25338685126640004,0.22942702057519415
0.30607026123382086,0.22486910949446837,0.24432484662199971,0.22473578264971103
0.29738780983413465,0.23899095663291206,0.22984372800262642,0.23377750553032675
0.30956636006401567,0.21704624591671945,0.23183724723711907,0.2415501467821459
0.3061461241396147,0.2255541072937543,0.23426229205414142,0.23403747651248963
0.3051370972603639,0.22972229260873148,0.22077956728045903,0.24436104285044552
0.3043599561318381,0.22197206854175594,0.23349552175857494,0.240172453567831
0.3087364695473271,0.22275959721335173,0.2286199741674251,0.23988395907189614
0.2962558922172707,0.23784224423131134,0.22448902187366673,0.241412841677751
0.30415158651050134,0.22897247797923284,0.20974690504932023,0.2571290304609456
0.2969773708027013,0.23664116884525385,0.20545904296917292,0.2609224173828719
0.30151467483419564,0.2281666584059647,0.20131278928185156,0.269005877477988
0.29901098541842436,0.22702548107372975,0.2228573324404829,0.251106201067363
0.3033479448884628,0.22194098647200208,0.23027026449109575,0.24444080414843933
0.29503854299405313,0.24082514574843214,0.21491078109694123,0.24922553016057333
0.2985739543953867,0.2292317462853082,0.2195851567382358,0.2526091425810693
0.30536372176863863,0.22363934148974035,0.22189356865980414,0.24910336808181685
0.3029496846451207,0.2301494733275067,0.21539969825652547,0.2515011437708472
0.29759808070204474,0.2263694610991037,0.2366506868532661,0.23938177134558541
0.3095473870438086,0.22336025965536443,0.22010224360381478,0.24699010969701218
0.29401219954140817,0.23732106803793976,0.22563217978654132,0.24303455263411056
0.30813465779075133,0.21979138982592772,0.2240608718358952,0.24801308054742582
0.30062368720971755,0.23312628796092166,0.21955314330885725,0.24669688152050356
0.3044681204749801,0.2254979296879127,0.21723888434061478,0.2527950654964923
0.3028776795567868,0.22145641281762557,0.2364977551656672,0.23916815245992046
0.30667587062844937,0.22503886143902888,0.22893811594471156,0.2393471519878102
0.2987556825139889,0.23063374672863296,0.23387188652705063,0.23673868423032757
0.3062774933376486,0.22177128859825068,0.23424193020162465,0.2377092878624761
0.3043398072673514,0.22970095423527695,0.22507001528163392,0.24088922321573777
0.30585875035029453,0.2238739203430149,0.22495982120468663,0.2453075081020039
0.3038200562145148,0.2217396501008429,0.2398117128947869,0.2346285807898554
0.30663290753263334,0.22852492288198392,0.22368264461926723,0.24115952496611562
0.29870174376896663,0.23122858589920411,0.2287401745616094,0.24132949577021978
0.31228643576520115,0.21822781155152865,0.22007689221058632,0.249408860472684
0.2990266267659981,0.23035155527828147,0.23295056419147178,0.2376712537642486
0.3108345084251305,0.22069773106370644,0.22075617391900593,0.24771158659215722
0.29955669927868633,0.22409130173802513,0.24493263997371098,0.23141935900957764
0.3059898924190139,0.22224363373375774,0.2427813779686276,0.22898509587860089
0.2990757131592987,0.2349607114933799,0.23503365368161958,0.2309299216657018
0.3075887083082627,0.22450711395406023,0.22385370846976962,0.24405046926790755
0.3081761072600728,0.22368617615634326,0.22192545813002484,0.24621225845355907
0.3065241774505821,0.22397636480342267,0.22433392789897993,0.2451655298470154
0.3044012140938676,0.22422094914979732,0.23097131696086667,0.24040651979546845
0.3047844836018801,0.22469561841911867,0.23221880632274108,0.23830109165626015
0.3021185373987585,0.22765420682153445,0.23394004830084875,0.23628720747885837
0.3047587572613787,0.22756377321795992,0.22583367045453787,0.24184379906612358
0.3029540238986737,0.22953298382322457,0.221246366262415,0.24626662601568683
0.31099970172392605,0.21990811982425007,0.2140222144533413,0.2550699639984826
0.30151311562057437,0.21917267920571984,0.24654967026723607,0.23276453490646976
0.3032651246911679,0.22315627927401502,0.248924847275261,0.224653748759556
0.2989586546369452,0.23892159946426744,0.22685174998590646,0.2352679959128808
0.30650443754335915,0.2234011110275797,0.22271461738701032,0.2473798340420507
0.3111923783316805,0.22049439686161726,0.21967891552604116,0.24863430928066113
0.30434437922642255,0.22636876425740154,0.2248695574860445,0.24441729903013132
0.3019269308705963,0.22338229755433137,0.2389882419935682,0.23570252958150428
0.3068307036704363,0.22736062752955377,0.22370359162833867,0.24210507717167123
0.29748218871985616,0.2330684802952464,0.22803592891172145,0.24141340207317596
0.3118043281889445,0.2194840258638102,0.2159289535054214,0.25278269244182394
0.2979934953841061,0.23136900865766455,0.23036754878810958,0.24026994717011996
0.3122143843464877,0.2194901698022089,0.21618936310330078,0.2521060827480026
0.29653854246330913,0.22640357406690403,0.24556035402819076,0.2314975294415961
0.30868566424455635,0.2215442660065704,0.23469948064949417,0.2350705890993791
0.296543452045036,0.23793261275753777,0.2281833030054098,0.23734063219201637
0.30968312517909236,0.2202999041550486,0.2200762395673442,0.24994073109851478
0.3053180216655343,0.2248415775477691,0.227030745837447,0.2428096549492495
0.3052797436629604,0.22548596167397741,0.22584012297310666,0.24339417168995559
0.3016746021776647,0.22816851987048475,0.22906649060942652,0.24109038734242405
0.30569814038267246,0.2254244957684567,0.2238190618666642,0.24505830198220666
0.3020407833758446,0.2288306146944311,0.22496183684511295,0.2441667650846113
0.3059087102916856,0.22442588280556927,0.22264813955463503,0.24701726734811016
0.30087382366615156,0.22887597171603474,0.22822944620005592,0.24202075841775775
0.30883729433932994,0.22358504952089542,0.2160779918943235,0.251499664245451
0.2996866231145693,0.22365307765391532,0.2412673502394455,0.23539294899206975
0.3070289024415979,0.22132090992467085,0.23858085689393527,0.23306933073979585
0.29818810598908463,0.23647922488215015,0.22926842976044656,0.23606423936831872
0.30753389903686945,0.22238527812823006,0.22342168612035393,0.2466591367145465
0.3061591237876416,0.22413927767700206,0.22754612047581357,0.2421554780595427
0.30597475534399243,0.22612948634793278,0.22277397369629384,0.24512178461178094
0.3009928770609362,0.2273551472472177,0.2317057621993815,0.23994621349246464
0.30705128518977814,0.2250908395098392,0.22221228566542323,0.24564558963495955
0.2999648914206764,0.23203039072211834,0.22168359080096148,0.24632112705624384
0.30543654708833456,0.22377931093855064,0.22254214456516286,0.24824199740795203
0.3013931854617676,0.2307350050742361,0.22054973986415113,0.24732206959984532
0.305609547197961,0.2260357517807659,0.21268130342582217,0.25567339759545094
0.30139297966854695,0.21994215151596297,0.24149744194744452,0.23716742686804568
0.30583548694867657,0.2221283568618588,0.2404152325013037,0.2316209236881609
0.29870268377729964,0.23689225325263746,0.22658161991812031,0.2378234430519425
0.30578578113631005,0.2208271204896436,0.23164530659416868,0.24174179177987762
0.3072289661734316,0.22418904214533947,0.2298216900862545,0.23876030159497444
0.30386357391371654,0.22968001581181,0.2217966462032771,0.2446597640711963
0.3021631630798798,0.22447357744309163,0.23434574764700633,0.2390175118300223
0.30943371698381805,0.2249851279818992,0.21777451889869698,0.2478066361355857
0.29640102845469557,0.23516970689161168,0.22230537639786183,0.2461238882558309
0.31016156042482323,0.2184375791910848,0.21960019594699617,0.25180066443709576
0.29807494511879684,0.23251564444978387,0.22811508403999348,0.2412943263914258
0.30758993083941105,0.22509855171123402,0.2122452359060742,0.25506628154328076
0.2989326063161098,0.2251004468716342,0.23721571704286976,0.23875122976938631
0.30913250528623165,0.2189339792905711,0.23453430142995593,0.23739921399324124
0.2982053412367521,0.23450049465818343,0.23267851583191715,0.23461564827314735
0.30663142861708675,0.22031636398985088,0.2345045977702392,0.23854760962282318
0.30261324823719604,0.2268531487604758,0.23953695960232202,0.23099664340000622
0.3052373058744921,0.23061731795843454,0.2205452551210641,0.2436001210460093
0.30275662508270046,0.22822373927434242,0.22149874679900455,0.24752088884395254
0.31004781164167433,0.22117965406777879,0.21674425968138894,0.25202827460915805
0.3009881875860141,0.23043622389253826,0.2212176036171395,0.2473579849043081
0.3040245413850261,0.22376721431674962,0.2266727885791856,0.2455354557190387
0.30198641867553633,0.22839807420340133,0.22718186512678043,0.2424336419942819
0.305314950794121,0.22688142225320762,0.21845366732330623,0.2493499596293651
0.3018485500321816,0.221277037829014,0.2402675654165167,0.23660684672228768
0.30678906952684887,0.22210124170608553,0.23854161659883152,0.23256807216823414
0.2967533694128154,0.23536730784035892,0.2363297838467269,0.23154953890009883
0.3095467972035518,0.22366291353303833,0.21791815817452573,0.2488721310888842
0.3045962425892852,0.2250707369796238,0.2261983707758823,0.24413464965520867
0.30947691676349504,0.22014410637505344,0.2261057812453306,0.24427319561612099
0.2976244968702273,0.2310128880909317,0.23735434541351655,0.2340082696253244
0.3083320546207445,0.22651948798328217,0.214262646209111,0.25088581118686243
