0.28344545228737866,0.19360348680516273,0.24229668656858563,0.2806543743388731
0.2952795225723819,0.18968049148064445,0.23659245818129326,0.2784475277656803
0.28841199409977675,0.19296488966267383,0.24196348658290556,0.2766596296546439
0.2796868258649181,0.19351213791859595,0.24536286057285062,0.2814381756436354
0.300952234734308,0.18256939205738373,0.22916023682978964,0.28731813637851855
0.29124079372534223,0.19010827517698495,0.24203280698218868,0.27661812411548425
0.2896932769656511,0.19236702588594282,0.23690959038292578,0.28103010676548024
0.28689873156919105,0.1906025693409977,0.24144415491556348,0.2810545441742478
0.2860912268807415,0.1914466645297038,0.2403891196286841,0.2820729889608707
0.28577214649943117,0.18844734921621414,0.24026337257416833,0.2855171317101863
0.3136197645200789,0.18048534639172784,0.22453902817305657,0.2813558609151367
0.2916160268545785,0.19325887701718958,0.24578277416877112,0.26934232195946095
0.299237702048521,0.19559715320494514,0.23412673826231062,0.2710384064842231
0.29319407517851837,0.1973783707765688,0.24285448270196375,0.266573071342949
0.29364797119533764,0.19329689431237054,0.23943159333593358,0.2736235411563582
0.2868102174719852,0.1933160441004348,0.24405118768692663,0.2758225507406533
0.3106457332570089,0.1825908491940057,0.22646183002137465,0.2803015875276108
0.2787242054885838,0.1980997392830445,0.2509972385063315,0.2721788167220403
0.2801828390556748,0.19453408025626795,0.24013476554732194,0.2851483151407354
0.27908036071382797,0.19167811508594412,0.24426848581447344,0.2849730383857544
0.2828908587105887,0.19232495027168883,0.2400234936222615,0.28476069739546084
0.28160353762971013,0.1862652295973998,0.24240371301930358,0.2897275197535865
0.3154148762567845,0.17857482774076702,0.22374370243464956,0.28226659356779893
0.2875190910392771,0.19692132047969327,0.2474092803861038,0.26815030809492585
0.2889786835591243,0.19704441746121532,0.2354920641525372,0.2784848348271232
0.2779491497551034,0.19901125189116053,0.24609710056604886,0.27694249778768726
0.28018881369958193,0.1975828472403977,0.2406501303020523,0.2815782087579682
0.27501911896769315,0.20014989399460056,0.24397138500137014,0.28085960203633614
0.2981241347828245,0.18351795087469452,0.22847687331517763,0.28988104102730344
0.26916479334572735,0.19864896900909482,0.25079794150290735,0.2813882961422705
0.28227676142599856,0.19609354944048146,0.23437447698707517,0.2872552121464447
0.28626006467330734,0.19124868476122875,0.2376019091258934,0.28488934143957056
0.28710535094355377,0.19270163534036114,0.23903152940997563,0.28116148430610943
0.2823752768756483,0.19330877704139837,0.24016311713562882,0.28415282894732447
0.30537233286347815,0.1878640547220071,0.2260621604368613,0.28070145197765334
0.27639428286520445,0.2017103039046098,0.24864073104186984,0.27325468218831594
0.2902532927378527,0.19951707510632857,0.23362446234671985,0.27660516980909894
0.2874620212456986,0.2045575687891971,0.2434353359091352,0.26454507405596905
0.2913391601129121,0.2002758821918617,0.23688901702388185,0.2714959406713443
0.28096571740223364,0.19706236980654618,0.2446382512669702,0.27733366152425
0.30135398148948406,0.18622093979256513,0.2280501748228882,0.2843749038950626
0.2794715907503192,0.20132423116677522,0.2464268843692448,0.2727772937136607
0.28489722133562106,0.19771984639390697,0.2352990154351729,0.2820839168352991
0.26843294723562705,0.1999388723059638,0.24919161701092804,0.2824365634474812
0.27478312399153904,0.19779433732736956,0.24103167092704697,0.28639086775404454
0.284590009415283,0.18857480272738764,0.23772278058056315,0.2891124072767662
0.3226382696820707,0.17772478405966266,0.21975454586362378,0.27988240039464307
0.2928859347232326,0.1989030378844385,0.2450165282696218,0.26319449912270704
0.28744354620396484,0.2061227124373505,0.2391204414787115,0.26731329987997304
0.2783264141412512,0.2074575685824703,0.24608876292589263,0.2681272543503859
0.2845138955670758,0.19804056528759845,0.2396419378953714,0.27780360124995435
0.2779159617797124,0.19704457866921166,0.243440483526762,0.2815989760243139
0.29815035201404405,0.1859072661246409,0.2279485193198608,0.28799386254145415
0.2725283711105794,0.19753969871138197,0.24811846043965627,0.2818134697383825
0.2759104058800296,0.19953883388527893,0.23987222389742202,0.2846785363372694
0.28207496286798145,0.19418515512576273,0.2403054211495584,0.28343446085669743
0.29033445536048996,0.19170424244873238,0.23616857851692255,0.2817927236738551
0.2847975731987319,0.18945861888438517,0.24175012738345075,0.2839936805334321
0.3186876928738792,0.18344141896128913,0.22015060858930552,0.27772027957552614
0.2860849704348357,0.20350835937279418,0.24856152106362447,0.2618451491287456
0.28404683904372113,0.20423490288639257,0.23817431415723658,0.27354394391264986
0.2757191238157397,0.20470294940766898,0.24735641848355874,0.2722215082930325
0.28491299903904094,0.19395756225626792,0.23672487525324892,0.2844045634514423
0.2783238994580633,0.19125083128968007,0.24272700362186525,0.28769826563039147
0.31167985757254024,0.18065718368020572,0.221626893469476,0.28603606527777814
0.2767644632418675,0.2006474666070653,0.2519684288146423,0.27061964133642497
0.2914963854983246,0.1969905344729898,0.23323682589777225,0.27827625413091334
0.29379236286711735,0.19173196160424624,0.23944252207599348,0.275033153452643
0.2954228040224686,0.1918467284989914,0.23765172413189117,0.27507874334664884
0.2916357117921106,0.19080717589572052,0.2406417270851344,0.2769153852270344
0.33176729340265554,0.17985196308873175,0.21651050938252234,0.27187023412609046
0.2763161827003108,0.21029666860621263,0.258914372010405,0.25447277668307156
0.27901188634768187,0.2065346027283235,0.23933282946869014,0.27512068145530455
0.280075233927525,0.19618432869012098,0.2459750014207656,0.2777654359615884
0.2877949855935972,0.19190210378321834,0.23833964035223193,0.28196327027095264
0.2835807981026249,0.18942993817625509,0.24213053856686426,0.2848587251542558
0.31254967909486525,0.1773852157977703,0.22434348496533937,0.28572162014202507
0.26981537027557334,0.20118235566043696,0.2564133738668268,0.272588900197163
0.28723895591001125,0.19254413558992586,0.232183405573236,0.28803350292682683
0.2854030369517738,0.1894399961351261,0.24167122249481135,0.2834857444182888
0.2891293209495501,0.18784898846264148,0.23818145588343712,0.2848402347043713
0.2884521631652697,0.1879795311591999,0.23958163564818802,0.28398667002734224
0.3232852793384536,0.1803754164054649,0.21960889960563632,0.2767304046504451
0.2749573916449784,0.20264480066162477,0.25617344924486635,0.2662243584485306
0.2933196142744975,0.19715972073104773,0.2316454726874122,0.27787519230704255
0.2940760566038901,0.19533640806516941,0.24164914207125915,0.26893839325968133
0.29446996985853563,0.19515612759744386,0.23790537118846938,0.2724685313555511
0.282196136309325,0.1963853845260888,0.24478667388302985,0.27663180528155645
0.3065968875162686,0.18137174584024163,0.22766004756411004,0.2843713190793797
0.27015948761773645,0.2076289285084011,0.25444480359165456,0.2677667802822079
0.2872078358861482,0.19310904789536437,0.23386174803413512,0.28582136818435244
0.28257558130354804,0.18945055715490614,0.24352643068566043,0.2844474308558856
0.2791360863745557,0.19215417824005682,0.2435431675094482,0.28516656787593925
0.28434850184833077,0.18588969587025542,0.23515603101563964,0.2946057712657742
0.30736857648814203,0.18215747531218765,0.22787145281815713,0.28260249538151305
0.2812737861802539,0.19778750719999436,0.24789448302368625,0.2730442235960654
0.2904772797492426,0.20281216753110837,0.23634967526134062,0.27036087745830845
0.289739688256787,0.19736275099951067,0.2418065502550248,0.2710910104886775
0.2875520876651636,0.19398797973004,0.2400434341511787,0.2784164984536178
0.2877590829618377,0.19529545603567458,0.239594340347028,0.2773511206554599
0.30420999182426056,0.18675392419009335,0.22759253137973914,0.28144355260590687
0.26896443148955973,0.2071327688280173,0.2538892147694898,0.2700135849129332
0.27191163053293244,0.19904449194066856,0.23986255390723224,0.2891813236191667
0.26816781109895765,0.19748487798724434,0.2455119008362521,0.28883541007754593
0.27557215566448,0.1906495066378522,0.23897190641552127,0.2948064312821464
0.2927462316570161,0.18238550685991198,0.2319546158939307,0.29291364558914124
0.31511913049834633,0.18481973824526873,0.22601546870721229,0.2740456625491727
0.2798877896134512,0.20621203867263033,0.24826794676170252,0.26563222495221606
0.281916312818237,0.20520354307760108,0.23894484676457414,0.2739352973395878
0.2802192772878604,0.2027327755686193,0.24447427553256498,0.27257367161095525
0.2907283621702042,0.19827822128661732,0.23545198640835158,0.275541430134827
0.289561595696548,0.19513167565221745,0.2373930676646115,0.27791366098662296
0.28469991741559175,0.19255871827352566,0.2376439659691886,0.285097398341694
0.2621781662094068,0.2081686916390323,0.25138304030748293,0.2782701018440779
0.2826126249206223,0.19585655722150783,0.23326171193692388,0.28826910592094596
0.28172813762971444,0.19386434270537548,0.24000225551021476,0.28440526415469536
0.2766694187298906,0.19427050399426884,0.24282246775568214,0.2862376095201585
0.293783929692039,0.18642908174423456,0.23225931654787846,0.28752767201584795
0.3179183550372893,0.18788383105710052,0.2234166682877622,0.2707811456178481
0.2758078699430665,0.2080370914705637,0.25169312864755505,0.2644619099388148
0.2773625342360322,0.2071912241564809,0.24174008101031685,0.27370616059717007
0.292431020375246,0.2020883972811407,0.23679592117913964,0.2686846611644737
0.2836486953025028,0.2014378089339576,0.2421751582502368,0.27273833751330284
0.27591830965460795,0.194761913472309,0.24229446584656797,0.287025311026515
0.29728089747002223,0.18542195083789834,0.22926625504820125,0.2880308966438781
0.26933695235971594,0.20660618232677083,0.25188367207910056,0.27217319323441264
0.27786492376067967,0.19679454399435545,0.23438694423582648,0.29095358800913845
0.28308708628879803,0.18103283282321522,0.24057516686892103,0.2953049140190658
0.28402018608532614,0.18544857077432386,0.24067717803405214,0.28985406510629785
0.3106823608413102,0.17760299305518834,0.22330802703585445,0.2884066190676469
0.33841448356398257,0.17182390281668475,0.21626392743345035,0.2734976861858823
0.2846622232194812,0.2050647599392173,0.2547736714525377,0.2554993453887638
0.303397816289739,0.1985111567203137,0.2333640483619607,0.2647269786279865
0.32668770367848077,0.18551744162974004,0.22862791182205233,0.25916694286972686
0.31102948267301095,0.18826443227844813,0.24310309814285666,0.25760298690568445
0.30847198139400145,0.18012144346839892,0.24066483232624705,0.27074174281135266
0.3297427399465875,0.1766878742216441,0.2265843235266393,0.2669850623051292
0.29305785252648886,0.19272460517514461,0.2544563097834721,0.2597612325148944
0.27862455066901815,0.1974582698700183,0.25284416838601004,0.2710730110749536
0.27591484809182326,0.17901462387289413,0.25691927120239466,0.28815125683288784
0.2774792748975478,0.17028032685678746,0.25093155199490086,0.3013088462507639
0.2998650047764585,0.1638447048066244,0.23804228655062915,0.298248003866288
0.327284979294669,0.15973965738951415,0.2257771863163881,0.28719817699942873
0.2829069223664138,0.1834319202896171,0.25759260724917993,0.27606855009478926
0.2900370760824034,0.18246734394738504,0.24068563854042968,0.2868099414297817
0.29783345427875585,0.17925951584006478,0.24133161967647837,0.28157541020470095
0.2944696114350029,0.17996428209114051,0.2433490949828433,0.2822170114910132
0.3008437588081799,0.1774290050291317,0.2357455342977058,0.2859817018649825
0.3066394132957622,0.17750304039139433,0.23443563009482007,0.2814219162180234
0.2720470443123929,0.19507106289210632,0.25388668987473534,0.27899520292076535
0.29267518691911865,0.18449052308699446,0.23287721175670575,0.2899570782371812
0.2820533946326096,0.183758146928681,0.2467390820839791,0.28744937635473033
0.27359175303089556,0.1903245657205985,0.24354259667246897,0.292541084576037
0.291195059906698,0.17827931302105057,0.23502616199642498,0.2954994650758265
0.31161191116145776,0.17954849199107964,0.2280378107295584,0.28080178611790424
0.2796784931856197,0.20354813022804527,0.25112307355400065,0.2656503030323342
0.2982051526440342,0.19076878978986891,0.23145770692772022,0.2795683506383768
0.2876540172771389,0.19545300697133564,0.24663570610506544,0.27025726964646
0.29475411369886306,0.191116119663683,0.23481100792246876,0.2793187587149851
0.2901482404029599,0.18874999209566026,0.23750988625776057,0.2835918812436193
0.28849563699182634,0.1871745516129334,0.2373281597563986,0.2870016516388417
0.26445358070279434,0.2033484824245474,0.25038026425372406,0.2818176726189343
0.28080171949188676,0.19647220934175993,0.23730501682661026,0.28542105433974313
0.28313945973446797,0.1878946588685627,0.24086719305585153,0.28809868834111774
0.2953945912388005,0.18291774558594426,0.23629027725896037,0.2853973859162948
0.3107752858278812,0.1800396254154789,0.22862266080096802,0.2805624279556719
0.32311956338606707,0.18424213751465057,0.22384591198399667,0.2687923871152856
0.27676146058617507,0.2099719989237757,0.2536326897669671,0.2596338507230821
0.2720535392362702,0.21136800689699337,0.24696609231493752,0.2696123615517988
0.2899541161927916,0.200165461259244,0.23877270502627448,0.27110771752168994
0.2957460400965304,0.18678249329281382,0.23655435465664912,0.2809171119540067
0.2851341748690727,0.1853225731599714,0.240449628901215,0.2890936230697408
0.2988704433898671,0.18428943113451246,0.23151051486375496,0.2853296106118654
0.28665236253386767,0.19591514837608334,0.24382475295570905,0.27360773613434003
0.2865370668844799,0.19784561068637166,0.23890822291247324,0.27670909951667527
0.2778686158147803,0.18794009830170635,0.24628476748540604,0.2879065183981073
0.2810631911740221,0.1887349871923861,0.24097751259768224,0.28922430903590957
0.31164325180761476,0.1769750749750853,0.22685785702383568,0.28452381619346423
0.3397077161116531,0.17657093627074877,0.21646240469090755,0.26725894292669056
0.2740126575550026,0.21398605038739532,0.2618622098683102,0.250139082189292
0.27845883165906077,0.20598270210401237,0.24084516284227855,0.2747133033946483
0.28836072405823737,0.1952753086355601,0.24309807269886177,0.27326589460734074
0.3050527444558751,0.18294017642351568,0.23084063030815719,0.28116644881245206
0.2911822087482568,0.18700078155097677,0.24190486068502454,0.2799121490157418
0.3029467373009781,0.18179595754280087,0.2322935987363324,0.28296370641988855
0.2744353342841428,0.20019542577578972,0.25189291057725793,0.2734763293628096
0.2873238625380975,0.19117436863534962,0.23676716024049252,0.2847346085860605
0.2838334203722212,0.18359901220010888,0.24277010570054613,0.28979746172712373
0.29737605287594004,0.18106154274652203,0.23592003413186716,0.2856423702456708
0.3075922609760164,0.17997829625192122,0.23258880400138576,0.2798406387706767
0.32637942795266484,0.1809117114736109,0.2234433422307818,0.2692655183429426
0.27866319352409735,0.2048101758930818,0.25615131830402044,0.26037531227880045
0.2809311143281185,0.20134834155226944,0.24291806516825706,0.27480247895135496
0.29940617049244905,0.1896678289442746,0.23668042380138857,0.2742455767618877
0.305584959964003,0.18323983669076813,0.2340626918655983,0.2771125114796305
0.2836557014514513,0.1892137820283041,0.2463704094336198,0.2807601070866248
0.2940193487679767,0.18372331396142946,0.2345722120586665,0.28768512521192735
0.2793004302033584,0.19321660348046976,0.24780148739108837,0.27968147892508327
0.2895861400917873,0.18712693076834377,0.2361403263609478,0.287146602778921
0.28742371778648085,0.181576765435833,0.24117507806740662,0.28982443871027963
0.28958364866104497,0.18103611639973397,0.2405317944612785,0.2888484404779426
0.30652335385009444,0.1785318634427443,0.23111045535931315,0.2838343273478481
0.33352330624761284,0.17714877842244772,0.21967842246383373,0.2696494928661058
0.2818906806727678,0.20392453455675524,0.25634416589147324,0.2578406188790038
0.2860927429059092,0.2001153756618115,0.2419670923339621,0.2718247890983171
0.3063246172886698,0.19067638349821175,0.2347015186395649,0.26829748057355357
0.29924053988600685,0.18974376138168522,0.24103122833530563,0.2699844703970023
0.28904855200005397,0.1869911926374033,0.2427644240718938,0.28119583129064896
0.3009722635306801,0.18197638026848328,0.23422942068038904,0.28282193552044754
0.27519569715848563,0.19539389250436973,0.2517246363692809,0.2776857739678637
0.28308454010452094,0.18789779719038807,0.23708189895347448,0.2919357637516166
0.28027486435005955,0.17745005175890027,0.24450936146454344,0.2977657224264968
0.2745022238141213,0.18513459716220967,0.24506007472030428,0.2953031043033647
0.30279570206092243,0.17503571475110877,0.2305785042256358,0.291590078962333
0.3392961735349482,0.170671895157733,0.21656229047215295,0.27346964083516584
0.2827999285377716,0.20336209545846795,0.25773531700398894,0.2561026589997715
0.29697598403221165,0.19543043441713465,0.2333961305548983,0.2741974509957556
0.30318329922651366,0.192572210361164,0.23919094653389913,0.26505354387842317
0.29429931639817175,0.1983496513445744,0.2422212884906009,0.2651297437666529
0.28424254287910883,0.1947050524516878,0.24567233677983166,0.27538006788937175
0.30398006370117747,0.1775782108356075,0.23234339511555283,0.2860983303476622
0.27314013924452274,0.19364384070905571,0.25203374004339213,0.2811822800030293
0.28102034446883745,0.18559581172375325,0.2362599920741697,0.2971238517332396
0.2763459794855563,0.18123265565865446,0.24324001640763923,0.2991813484481501
0.27909222124876226,0.1844843320229271,0.24363718733901576,0.2927862593892949
0.29495256220434135,0.18193052487045588,0.23550043325180428,0.2876164796733985
0.33012071247094477,0.17402923191775502,0.22038235278386212,0.2754677028274382
0.2954908325387313,0.19302205097136127,0.24876468245191907,0.26272243403798834
0.3039320139234641,0.19464979516830533,0.23388984520051528,0.2675283457077152
0.31342181257633733,0.18641627563029367,0.23317154160545814,0.2669903701879109
0.2951511614436948,0.1962780390768663,0.2429233066663006,0.26564749281313843
0.2661603841275657,0.20431349573837929,0.2527367399428695,0.2767893801911855
0.2776467594354671,0.18928487058920374,0.23848576823830908,0.29458260173702006
0.2758912421140174,0.18740299667899402,0.24808482872301374,0.2886209324839748
0.3026962554930168,0.17931698984153355,0.22825855049626811,0.2897282041691816
0.285183727006051,0.18163336981305592,0.24507499309892586,0.2881079100819673
