7.643701922688358E-44,0.4942017874894998,0.011596425021000395,0.4942017874894998
0.9987163725664954,2.1344017852668087E-23,0.0012836274335047107,2.731770144400099E-229
7.644169591463235E-44,0.49420287350581515,0.011594252988369781,0.49420287350581515
0.9987162145421168,2.1342493644047916E-23,0.001283785457883324,2.7297582695715436E-229
7.64437836967405E-44,0.4942029522742768,0.011594095451446377,0.4942029522742768
0.9987160477893714,2.1343622352762588E-23,0.0012839522106286264,2.72861664255203E-229
7.644422944748455E-44,0.4942030594232647,0.011593881153470584,0.4942030594232647
0.998716017642881,2.1343582321366882E-23,0.0012839823571190786,2.72832522556516E-229
7.600341938559633E-44,0.49420541516654554,0.011589169666908834,0.49420541516654554
0.9987153604255187,2.13427936208265E-23,0.0012846395744813036,2.7219581761717867E-229
7.644690399603529E-44,0.4942034930884154,0.011593013823169155,0.4942034930884154
0.9987158967616716,2.13434422324546E-23,0.0012841032383282907,2.727152322686942E-229
7.644494584814163E-44,0.49420315352370375,0.011593692952592499,0.49420315352370375
0.9987159913120467,2.134355156557098E-23,0.001284008687953325,2.728070062650478E-229
7.64421909989052E-44,0.4942031272887788,0.011593745422442321,0.4942031272887788
0.998715998821586,2.1343560418934E-23,0.0012840011784139625,2.7281422236635565E-229
7.644456778538026E-44,0.49420308889957393,0.011593822200852234,0.49420308889957393
0.9987160138539778,2.1343651347271488E-23,0.0012839861460221427,2.728269977467022E-229
7.528670438253118E-44,0.4942089011778977,0.011582197644204515,0.4942089011778977
0.998714396060197,2.1341646522415522E-23,0.0012856039398029759,2.7126164470148192E-229
7.485914808270892E-44,0.49421814571458694,0.011563708570826111,0.49421814571458694
0.9987118037654519,2.1338537632503675E-23,0.001288196234548042,2.6878111336675623E-229
7.645978920246886E-44,0.4942057454637198,0.011588509072560321,0.4942057454637198
0.9987152695653402,2.1342722334504672E-23,0.0012847304346597214,2.7210733502695432E-229
7.644722932765948E-44,0.4942035507179339,0.01159289856413225,0.4942035507179339
0.9987158855320258,2.1343404922481715E-23,0.0012841144679742644,2.727026789837175E-229
7.641576007067405E-44,0.4942035235834396,0.011592952833120692,0.4942035235834396
0.9987158881193825,2.1343427628125078E-23,0.001284111880617454,2.7270691576194605E-229
7.644489037172735E-44,0.4942031595454308,0.011593680909138378,0.4942031595454308
0.9987160269679648,2.1343684937391124E-23,0.0012839730320352084,2.7282782841053128E-229
7.64430946529809E-44,0.4942030788563411,0.011593842287317637,0.4942030788563411
0.9987160121446389,2.13435768542224E-23,0.001283987855361069,2.7282721267692068E-229
7.639676433659189E-44,0.49420335970897616,0.011593280582047505,0.49420335970897616
0.9987159337964326,2.1343482068473035E-23,0.001284066203567344,2.7275122316210528E-229
7.644481565347867E-44,0.49420313000064664,0.01159373999870665,0.49420313000064664
0.9987159978902259,2.1343559904404822E-23,0.0012840021097741258,2.728133798795112E-229
7.644457746579245E-44,0.4942030894790861,0.011593821041827795,0.4942030894790861
0.9987160091646304,2.1343572783719738E-23,0.001283990835369488,2.7282432952270083E-229
7.644452316189327E-44,0.4942030825317952,0.011593834936409593,0.4942030825317952
0.9987160111205007,2.1343574807891576E-23,0.0012839888794993336,2.7282622154230623E-229
7.644445686104287E-44,0.49420308141612224,0.011593837167755524,0.49420308141612224
0.9987160114143255,2.1343575388253414E-23,0.0012839885856745102,2.728265120732083E-229
7.644446516769648E-44,0.4942030812916523,0.011593837416695394,0.4942030812916523
0.9987160180685537,2.134354712912938E-23,0.0012839819314462136,2.728307050297486E-229
7.122347878123324E-44,0.49423104018792846,0.011537919624143156,0.49423104018792846
0.9987081907419783,2.133421227430226E-23,0.001291809258021782,2.6536583268767894E-229
7.647304642277858E-44,0.49420803125730384,0.011583937485392342,0.49420803125730384
0.9987146303159823,2.1341918409415334E-23,0.0012853696840177382,2.714905675590395E-229
7.644956594388951E-44,0.4942039553978276,0.011592089204344899,0.4942039553978276
0.998715767672818,2.1343283105025676E-23,0.0012842323271819863,2.7259015446279304E-229
7.644250730907372E-44,0.4942032657919835,0.01159346841603297,0.4942032657919835
0.9987159600707116,2.1343512989386082E-23,0.001284039929288262,2.7277667980549424E-229
7.644464962990414E-44,0.49420311370197006,0.011593772596059898,0.49420311370197006
0.9987160035113134,2.1343572008952725E-23,0.0012839964886865673,2.7281842704568945E-229
7.641159784300235E-44,0.494203276766021,0.011593446467957956,0.494203276766021
0.9987159569385389,2.1343510169345918E-23,0.0012840430614611265,2.7277366431057712E-229
7.64429195930493E-44,0.4942031364167678,0.011593727166464543,0.4942031364167678
0.9987159960828174,2.1343557192551227E-23,0.0012840039171826418,2.7281163482404016E-229
7.644458819781522E-44,0.4942030905637246,0.011593818872550907,0.4942030905637246
0.9987160088867901,2.1343573161530855E-23,0.001283991113209878,2.7282404865543113E-229
7.644453856065249E-44,0.4942030824993788,0.011593835001242362,0.4942030824993788
0.9987160119438286,2.1343566930668697E-23,0.001283988056171393,2.7282675699092938E-229
7.644233671901036E-44,0.4942030977761356,0.011593804447728897,0.4942030977761356
0.998716006867818,2.1343569441349788E-23,0.0012839931321820361,2.728220970558243E-229
7.644450964477595E-44,0.49420308391824996,0.011593832163500068,0.49420308391824996
0.9987160107537209,2.1343575754472502E-23,0.0012839892462791155,2.7282585379945137E-229
7.644440039265473E-44,0.49420308245555544,0.011593835088889014,0.49420308245555544
0.9987160111160884,2.1343574917766482E-23,0.0012839888839114866,2.728262261252681E-229
7.644172743965419E-44,0.49420311510500725,0.011593769789985556,0.49420311510500725
0.9987160020139625,2.1343564056341165E-23,0.001283997986037532,2.728173941640557E-229
7.644456719190128E-44,0.49420308680126473,0.011593826397470624,0.49420308680126473
0.998716012229566,2.1343643407782896E-23,0.0012839877704340576,2.728262388572366E-229
7.644366964566936E-44,0.49420308821749903,0.011593823565001962,0.49420308821749903
0.998716010550287,2.1343575331503947E-23,0.001283989449713008,2.72825298105373E-229
7.5332028889163725E-44,0.494213575184568,0.011572849630863897,0.494213575184568
0.9987130816461535,2.1340060879262442E-23,0.0012869183538464998,2.7000202230874246E-229
7.645491266002451E-44,0.4942049375877562,0.011590124824487699,0.4942049375877562
0.998715955896183,2.1349345549966487E-23,0.0012840441038169854,2.725862232799954E-229
7.644402340070514E-44,0.49420312032675523,0.011593759346489431,0.49420312032675523
0.9987160005974114,2.1343562461224724E-23,0.0012839994025886537,2.728160052301211E-229
7.600861802180404E-44,0.49420628712595877,0.011587425748082386,0.49420628712595877
0.9987151171065436,2.13425015609655E-23,0.0012848828934564883,2.719605420993232E-229
7.644779259620638E-44,0.4942036471499571,0.011592705700085757,0.4942036471499571
0.9987158542334983,2.1343403903365767E-23,0.001284145766501821,2.7267379395543758E-229
7.644504681641014E-44,0.49420318084867276,0.011593638302654502,0.49420318084867276
0.9987159836790861,2.1343542039626447E-23,0.001284016320913865,2.7279960734519488E-229
7.644329855497012E-44,0.4942031174865446,0.011593765026910799,0.4942031174865446
0.9987160014150924,2.1343563182384748E-23,0.0012839985849075579,2.7281679015903114E-229
7.644450166211359E-44,0.4942030876269928,0.011593824746014385,0.4942030876269928
0.9987160206988284,2.1343797841285292E-23,0.0012839793011716698,2.7283082681791184E-229
7.644441578320078E-44,0.49420307581433753,0.011593848371324841,0.49420307581433753
0.9987160151992566,2.134358415553468E-23,0.0012839848007433687,2.7282936839241404E-229
1.4539842594923136E-52,0.49836626914246024,0.0032674617150794264,0.49836626914246024
0.9968308549590187,1.9979194613143677E-23,0.003169145040981303,4.3906579066237544E-231
8.361451639707556E-44,0.4952830696135226,0.009433860772954987,0.4952830696135226
0.9983766431171835,2.0984212059531757E-23,0.0016233568828164955,9.348324739300005E-230
7.769108368928125E-44,0.4944140978748498,0.011171804250300402,0.4944140978748498
0.9986557973796517,2.1272998827311193E-23,0.0013442026203483546,2.213113957186698E-229
7.666402830146979E-44,0.4942410922420663,0.01151781551586739,0.4942410922420663
0.9987053678026743,2.1330841562821958E-23,0.0012946321973257003,2.6273391782959843E-229
7.64833381500275E-44,0.4942098171665062,0.011580365666987568,0.4942098171665062
0.9987141585224701,2.1341223662863092E-23,0.001285841477529741,2.710268529519613E-229
7.597109583752595E-44,0.4942066823842111,0.011586635231577873,0.4942066823842111
0.9987150079508477,2.134236455668958E-23,0.0012849920491523482,2.7185468086331505E-229
7.492088000915157E-44,0.49421152914552047,0.011576941708959048,0.49421152914552047
0.9987136534102956,2.134074633714442E-23,0.0012863465897043893,2.705504293190259E-229
7.645312632636769E-44,0.49420457391039424,0.011590852179211542,0.49420457391039424
0.9987155951338365,2.134307576837415E-23,0.0012844048661635806,2.724230007076445E-229
7.644604337149873E-44,0.49420334454528225,0.011593310909435526,0.49420334454528225
0.9987159387956859,2.134350771655307E-23,0.0012840612043140541,2.727557271860979E-229
7.644479715256079E-44,0.49420312684165824,0.011593746316683515,0.49420312684165824
0.998715998775578,2.1343560292576244E-23,0.001284001224422001,2.7281423951742407E-229
7.644416364021791E-44,0.4942030911523235,0.011593817695353052,0.4942030911523235
0.998716065725457,2.1342916226682518E-23,0.001283934274542906,2.728611182518641E-229
7.644433087987218E-44,0.49420304649068986,0.011593907018620226,0.49420304649068986
0.9987160211670896,2.1343587412511092E-23,0.001283978832910431,2.728359685956335E-229
7.62586698023513E-44,0.49420420135699356,0.011591597286012903,0.49420420135699356
0.9987156990469024,2.1343200182036818E-23,0.0012843009530976502,2.7252366296906833E-229
7.644567125775573E-44,0.49420327865750996,0.01159344268498001,0.49420327865750996
0.9987159564916035,2.1343511997404723E-23,0.0012840435083965487,2.7277319368685688E-229
7.644471737984122E-44,0.49420311580949133,0.011593768381017416,0.49420311580949133
0.9987160018499097,2.134356472459777E-23,0.0012839981500902434,2.7281722036967274E-229
7.644456602029169E-44,0.4942030869308895,0.011593826138220999,0.4942030869308895
0.9987160150241954,2.1343498723562076E-23,0.0012839849758046553,2.7282843470994044E-229
7.644389927853871E-44,0.4942030815303935,0.011593836939212959,0.4942030815303935
0.9987160114863994,2.1343578179978744E-23,0.0012839885136005816,2.7282653529207198E-229
7.644449786416978E-44,0.494203080981652,0.011593838036696046,0.494203080981652
0.9987160163706402,2.1343504987486696E-23,0.0012839836293597811,2.728298379069365E-229
6.934732701627369E-44,0.4942381674259337,0.011523665148132509,0.4942381674259337
0.9987061895018867,2.133182589773169E-23,0.001293810498113191,2.634968152738657E-229
7.64803449097157E-44,0.494209297345292,0.011581405309415958,0.494209297345292
0.9987142774799989,2.134150322104936E-23,0.001285722520001083,2.7115028264013534E-229
7.645085405130263E-44,0.49420417877002953,0.011591642459940966,0.49420417877002953
0.9987157053456519,2.1343207706559387E-23,0.0012842946543481528,2.7252976653242195E-229
7.644533951949559E-44,0.4942032788062917,0.01159344238741653,0.4942032788062917
0.9987159563573962,2.1343509140499254E-23,0.0012840436426037746,2.7277310612829894E-229
7.644473353603568E-44,0.49420311571326825,0.011593768573463477,0.49420311571326825
0.9987160099259282,2.1343808781191725E-23,0.0012839900740718752,2.728213562493393E-229
2.9474948237467034E-44,0.4945532026498082,0.010893594700383761,0.4945532026498082
0,9.065137680158739E-49,1.6368614586602872E-36,1
0,2.5868948710265073E-14,0.9999999999999741,5.3855820182442105E-170
3.0353333853006784E-08,0.00019270900890748792,1.190425797069799E-34,0.9998072606377587
0.9795271946985652,1.0952403922275685E-26,0.020472805301434888,0
5.104922830329686E-87,0.49999999460691746,1.0786165125381979E-08,0.49999999460691746
0.9956420291179412,1.962263123631E-23,0.00435797088205882,9.596813235648097E-232
8.84529880821943E-44,0.4958590956533724,0.008281808693255172,0.4958590956533724
0.9988997529498671,4.737445281537475E-23,0.0011002470501328898,1.871467492990446E-229
7.577728811389181E-44,0.4940855654068895,0.011828869186221015,0.4940855654068895
0.9987485984239425,2.138413415982575E-23,0.00125140157605754,3.0670617216593303E-229
7.367079589716007E-44,0.4942069477469181,0.011586104506163849,0.4942069477469181
0.9987149623413735,2.134188920433529E-23,0.0012850376586266176,2.7180184516955595E-229
7.070655579733104E-44,0.4942377672405041,0.011524465518991767,0.4942377672405041
0.9987735676678199,2.0559174495596417E-23,0.0012264323321801043,3.106017910470326E-229
7.623494008310572E-44,0.49416651976550435,0.011666960468991327,0.49416651976550435
0.998726168400125,2.1355858187750716E-23,0.0012738315998750821,2.829008719701656E-229
7.640413425864338E-44,0.4941966939214943,0.011606612157011389,0.4941966939214943
0.9987177914857411,2.1345715004074572E-23,0.001282208514258849,2.7456020819656947E-229
7.642728205373559E-44,0.49420205129658373,0.011595897406832447,0.49420205129658373
0.9987162995315522,2.134394303798035E-23,0.0012837004684479207,2.731058264334211E-229
7.644346974044684E-44,0.4942028984608486,0.011594203078302766,0.4942028984608486
0.9987243185175271,2.1221567028833303E-23,0.0012756814824728922,2.784342272926536E-229
7.640967347171091E-44,0.4941978482376669,0.01160430352466612,0.4941978482376669
0.9987174724322134,2.13453403182895E-23,0.001282527567786647,2.742475616178152E-229
7.643890863094342E-44,0.4942021595536583,0.011595680892683298,0.4942021595536583
0.998716295657851,2.134385990972699E-23,0.0012837043421490416,2.730928343030611E-229
7.644349686022163E-44,0.4942029008453336,0.011594198309332853,0.4942029008453336
0.9987160617616052,2.134363574998987E-23,0.0012839382383946765,2.7287536736684058E-229
7.644418535881619E-44,0.4942030512855263,0.011593897428947494,0.4942030512855263
0.9987160203838099,2.134360220427508E-23,0.0012839796161900575,2.728349552394366E-229
7.644442492602157E-44,0.4942030760317816,0.011593847936436728,0.4942030760317816
0.9987160132240879,2.134358608361041E-23,0.001283986775912182,2.7282812770540104E-229
7.64322724675304E-44,0.49420313775827235,0.011593724483455444,0.49420313775827235
0.9987159997003375,2.134349972795166E-23,0.0012840002996624166,2.7281391610649256E-229
7.644457030127678E-44,0.49420308834154847,0.011593823316903088,0.49420308834154847
0.9987160126543428,2.134358593826546E-23,0.0012839873456571718,2.72826540796545E-229
7.633093968660955E-44,0.4942037024463208,0.011592595107358309,0.4942037024463208
0.9987183738708734,2.1309808887802333E-23,0.001281626129126584,2.7433481525908153E-229
7.643592105222588E-44,0.4942015846193151,0.01159683076136965,0.4942015846193151
0.9987164287557888,2.134407660796506E-23,0.0012835712442111702,2.7323178408660883E-229
7.637407770338552E-44,0.49420377043675057,0.011592459126498957,0.49420377043675057
0.9987158196753767,2.1343357287653958E-23,0.0012841803246232734,2.7264037064878092E-229
7.644500436655256E-44,0.4942032035404823,0.01159359291903536,0.4942032035404823
0.9987159803092784,2.1343615494930236E-23,0.0012840196907215802,2.72795007577419E-229
7.644464168388405E-44,0.4942031005714748,0.011593798857050376,0.4942031005714748
0.9987163239122745,2.1339282085682052E-23,0.001283676087725473,2.7303113057279226E-229
7.644181296968565E-44,0.4942028987632639,0.011594202473472145,0.4942028987632639
0.9987162412567856,2.1341654008275095E-23,0.0012837587432144647,2.7299256202324192E-229
7.644227528846836E-44,0.494202944790703,0.01159411041859397,0.494202944790703
0.998717554885964,2.1326037781543324E-23,0.0012824451140360203,2.738499081324672E-229
7.643890675334095E-44,0.4942021033517855,0.011595793296428968,0.4942021033517855
0.9987162841334942,2.134390285594841E-23,0.0012837158665057146,2.7309126248674865E-229
7.640492678589356E-44,0.49420345265581345,0.011593094688373115,0.49420345265581345
0.9987159099633922,2.134350855942182E-23,0.001284090036607774,2.727271685202722E-229
7.644485883299188E-44,0.4942031455509491,0.011593708898101802,0.4942031455509491
0.9987159946266395,2.134358657254695E-23,0.0012840053733604421,2.728097225995478E-229
7.641557436893679E-44,0.49420323441698416,0.011593531166031712,0.49420323441698416
0.9987165129939966,2.1335702742867016E-23,0.0012834870060034176,2.731460839024191E-229
7.643689258746169E-44,0.4942028076802,0.011594384639599968,0.4942028076802
0.9987161547013352,2.1343023153686236E-23,0.0012838452986647837,2.7294389167472256E-229
7.643613541112288E-44,0.4942030309124319,0.01159393817513634,0.4942030309124319
0.998721518626366,2.127810093588795E-23,0.0012784813736339768,2.7646681382162705E-229
7.642445984350998E-44,0.49419959233020505,0.011600815339589822,0.49419959233020505
0.9987169840528046,2.1344743921642276E-23,0.0012830159471953443,2.7377215565231675E-229
7.643373194572365E-44,0.4942025689110176,0.011594862177964746,0.4942025689110176
0.998716155081888,2.1343768692338378E-23,0.0012838449181120251,2.7296559905300958E-229
7.64440054474733E-44,0.4942029899226144,0.011594020154771041,0.4942029899226144
0.9987160471110842,2.1343914183920317E-23,0.0012839528889157042,2.728564665765161E-229
7.644261543978058E-44,0.4942030678494858,0.011593864301028265,0.4942030678494858
0.9987166287352461,2.1334781623818547E-23,0.0012833712647538384,2.7323716415461496E-229
7.630137076481703E-44,0.494203903234248,0.011592193531503986,0.494203903234248
0.9987169456373278,2.1326258148876394E-23,0.001283054362672081,2.7337712925780444E-229
4.592444829300443E-44,0.4943841220060615,0.011231755987877009,0.4943841220060615
0.9993781437403128,1.1774760777687265E-23,0.0006218562596872269,2.4260007000838886E-228
7.406622760231224E-44,0.49376844013955173,0.012463119720896492,0.49376844013955173
0.998831682708365,2.1489533314866002E-23,0.0011683172916350292,4.198359178748517E-229
7.594003487014367E-44,0.4941305795073538,0.011738840985292463,0.4941305795073538
0.9987360721454073,2.136786972697909E-23,0.0012639278545926967,2.9316512686016597E-229
7.637143720377064E-44,0.49419036349440676,0.011619273011186544,0.49419036349440676
0.9987197693112836,2.1354399062056112E-23,0.0012802306887164452,2.7640132992441705E-229
7.643083122750083E-44,0.49420070070044586,0.01159859859910831,0.49420070070044586
0.9987245906153748,2.1228246410378137E-23,0.0012754093846252706,2.7880816868368364E-229
7.357615036479261E-44,0.49421180374224394,0.011576392515512119,0.49421180374224394
0.998715888133505,2.1306426349556625E-23,0.001284111866495029,2.7200195996535006E-229
7.418570323321791E-44,0.4942139928376618,0.011572014324676342,0.4942139928376618
0.9993192275813235,1.363268078321053E-23,0.0006807724186765639,1.9129768130033974E-228
7.427500444928937E-44,0.4938083843966737,0.012383231206652568,0.4938083843966737
0.9988215015888495,2.1476087671991433E-23,0.001178498411150475,4.0353056534351785E-229
7.605707326251202E-44,0.49413595255384984,0.011728094892300376,0.49413595255384984
0.9987345962630059,2.1366068558908015E-23,0.0012654037369942191,2.916071729683405E-229
7.637681319661807E-44,0.4941913000510016,0.011617399897996806,0.4941913000510016
0.9987193034393483,2.1347769667723157E-23,0.0012806965606517546,2.760386021953056E-229
7.521205112975206E-44,0.49420683666128884,0.01158632667742225,0.49420683666128884
0.9987194205227118,2.1276981416659435E-23,0.0012805794772882777,2.747785589128765E-229
6.173028087990629E-44,0.4942799206691774,0.011440158661645244,0.4942799206691774
0.9986944060042305,2.1317872570686655E-23,0.001305593995769358,2.5281046160656076E-229
7.649806815968257E-44,0.4942168896369306,0.011566220726138894,0.4942168896369306
