0.25493257541787784,0.08314185307909608,0.2360792511743484,0.4258463203286776
0.3387151383893025,0.2172456504974065,0.2518750522192347,0.19216415889405633
0.3587229427655144,0.2701463315683223,0.25881102080630675,0.11231970485985647
0.2972574769265005,0.2669147288369553,0.27780855987499736,0.15801923436154683
0.3538359354224438,0.24518564631814113,0.2353410975442425,0.16563732071517254
0.36715937491649037,0.26850499542559036,0.2589259447138218,0.10540968494409753
0.3627123734253368,0.2849037207625445,0.2555001868409167,0.09688371897120196
0.3543643686521036,0.2847940164937554,0.2647611655749799,0.0960804492791611
0.3405979010646303,0.2946851363400673,0.2755214607914473,0.0891955018038551
0.12491564446091691,0.09713656635829303,0.11538121579266314,0.6625665733881269
0.33217391650883654,0.11767103195185748,0.21272309628361155,0.33743195525569436
0.38412688208855184,0.21016910460654145,0.2110308239858278,0.1946731893190789
0.38507053761221177,0.25439614015357553,0.24288234430542438,0.1176509779287884
0.3489001779869456,0.26862593129626616,0.2553395041318414,0.12713438658494672
0.3461209562496695,0.28766740484634046,0.2754823798712942,0.09072925903269578
0.2466463014238879,0.21696875030500984,0.23825305295674507,0.29813189531435724
0.35568889102249507,0.236691330171614,0.2717899512561177,0.13582982754977319
0.3555843096494459,0.28598379848960714,0.2544517696692184,0.10398012219172856
0.33614026657034346,0.2945177422310371,0.285799173929634,0.08354281726898544
0.3203351142607904,0.2757897813748761,0.2657508897025178,0.1381242146618157
0.32659806225227994,0.28119510225607985,0.2849307530689052,0.10727608242273495
0.11894049713999696,0.09628521016750437,0.11916796446994471,0.6656063282225541
0.33145211770640587,0.13926677765785558,0.26347429629401614,0.26580680834172243
0.35807775018969307,0.2558143197924804,0.23837918087589022,0.14772874914193623
0.3560847606967146,0.27924447994371754,0.27104291508318085,0.09362784427638718
0.3314607404760606,0.2999337889361636,0.28113232371026226,0.08747314687751356
0.328547697443695,0.3087700833854393,0.29045486637680396,0.07222735279406177
0.28261428788283854,0.26468734629775387,0.2747262291868751,0.17797213663253242
0.3378063316073908,0.28243786257933173,0.28762675304465063,0.09212905276862682
0.33913877146998017,0.3004338313755696,0.2709954586149417,0.08943193853950855
0.3295527598395038,0.29918074392940674,0.2878098496821325,0.08345664654895689
0.3674334788086792,0.280960857563783,0.2457755099400132,0.10583015368752464
0.34067348557353777,0.2990950018311304,0.2863857420199443,0.07384577057538742
0.29913760662969074,0.24800332199209177,0.24370997417423543,0.20914909720398192
0.3644866140045741,0.25803115317907604,0.2655524410872037,0.111929791729146
0.35922806363596027,0.2843013941239906,0.25280791964041743,0.1036626225996316
0.36054885194061925,0.2906338628986053,0.26784337748326226,0.08097390767751324
0.3388926431490975,0.3032691288598636,0.2795867526400201,0.07825147535101859
0.33370712673049413,0.3068204126303885,0.28461897899781935,0.07485348164129804
0.29119732134397625,0.2760794054214434,0.2830250072624611,0.1496982659721193
0.33915568650665345,0.2889496070754157,0.2829391974767644,0.0889555089411665
0.3533899766526832,0.29591759402268153,0.2627987292269398,0.08789370009769555
0.33902793789351465,0.3043318938484511,0.28518473116078386,0.07145543709725023
0.3308075927239374,0.3039128342676696,0.2820344277883601,0.08324514522003301
0.31648064411155324,0.3045035358406819,0.29500095967204853,0.08401486037571643
0.017735026226921156,0.01423751567253016,0.020567842351944154,0.9474596157486046
0.2869383934433465,0.07851383395790615,0.2179522097462791,0.41659556285246824
0.37398325301465585,0.21177306084395386,0.22822105300376402,0.18602263313762618
0.35895112085412306,0.27931246066244736,0.26894712505616236,0.09278929342726724
0.331005294093354,0.3018928012300787,0.28354355377517426,0.08355835090139295
0.32232870801771185,0.31178004447312724,0.29504417155628615,0.0708470759528747
0.28295945278791435,0.2693822574429306,0.2746303841275697,0.17302790564158552
0.34262486420965477,0.27659911818012284,0.27975564821164367,0.10102036939857884
0.3572303136178027,0.29585659858478885,0.2610454212100444,0.08586766658736397
0.336500735790589,0.30266396661828576,0.28588597651106934,0.07494932108005589
0.33342784118735785,0.28358250717636185,0.2663018924138067,0.11668775922247349
0.3398295371677443,0.29080374771524264,0.2797540076688747,0.08961270744813851
0.2269738310642969,0.1863966170177569,0.2025220882186405,0.38410746369930565
0.3803532859318299,0.20187820387461147,0.2485948770045308,0.1691736331890279
0.36671674958847417,0.2851088773170227,0.25311144023658644,0.09506293285791684
0.3450903162340555,0.30114540451496297,0.28076780406041824,0.07299647519056321
0.31863374014019863,0.308072218113935,0.29326644483958164,0.08002759690628473
0.3236310623319176,0.30899936277573464,0.290017676176453,0.07735189871589478
0.14582307041688125,0.12782812522926607,0.15000283526122898,0.5763459690926238
0.3491554406463009,0.1598719057148436,0.26414334882981655,0.226829304809039
0.3891398175304389,0.26124325874101445,0.22317891753007435,0.1264380061984723
0.3568008178129751,0.28252294172377185,0.2725915642210559,0.08808467624219704
0.3135783713607336,0.2310693752903913,0.22521872945141608,0.230133523897459
0.3500119727715244,0.25753034781238443,0.279749072504355,0.1127086069117361
0.023933750883729513,0.01681928221986156,0.023754621163134104,0.9354923457332749
0.29846104620624503,0.08665754842082408,0.23755999160066607,0.37732141377226486
0.3557993613007281,0.24056223246751135,0.25240622024971077,0.15123218598204985
0.33564037756100845,0.28838443246049644,0.28194240478327937,0.09403278519521566
0.3088141648843388,0.2830018216735163,0.28311760464084496,0.12506640880129982
0.3262853519333835,0.2954358225749463,0.28910548336489383,0.08917334212677645
0.06518527026977132,0.05639919664175621,0.07669931368154248,0.8017162194069299
0.30893656436443623,0.11688908432395022,0.2727229594746599,0.30145139183695363
0.3390471026510058,0.2545802837802293,0.2476729147910314,0.15869969877773346
0.34215091194763625,0.2750086173315228,0.27640994753229653,0.10643052318854446
0.33395337715038514,0.254300724749217,0.24032338308785123,0.17142251501254663
0.34766919359467535,0.27700167297648215,0.28118072074759787,0.09414841268124464
0.09959227126847749,0.06975442859254585,0.08295574275362558,0.7476975573853512
0.3263042395075401,0.1214864020138471,0.25717212830616804,0.29503723017244476
0.3596443274602916,0.23598662952450017,0.22291333195509339,0.1814557110601148
0.35642167654196827,0.26728612623403963,0.2709585335338846,0.10533366369010748
0.3490818282467492,0.27597278857241075,0.25331278725528933,0.12163259592555074
0.3464601018217149,0.2921174527404015,0.2797275314677051,0.08169491397017843
0.1580103664558059,0.14538344536365666,0.18135529488965715,0.5152508932908803
0.3339274033003345,0.189036382676201,0.2961090760208716,0.1809271380025929
0.3379742906596383,0.2818979960590965,0.2504067228152387,0.1297209904660264
0.33715754504371526,0.28747759940861684,0.2892054455279061,0.08615941001976177
0.3492012277361854,0.2953463848991799,0.2622913340596107,0.09316105330502397
0.31902924097425145,0.2997639612267434,0.2961345333382288,0.08507226446077625
0.015643230031309033,0.010396437482660762,0.013290373535633625,0.9606699589503965
0.2723806318594277,0.08274501342185471,0.24719606694177995,0.39767828777693764
0.37195359903937786,0.21986839858696103,0.22508970234833928,0.18308830002532184
0.3625777725184019,0.270188701748837,0.2636010422348872,0.10363248349787388
0.3326811750138561,0.2941377993284266,0.2791106545188412,0.09407037113887609
0.3362475799065356,0.29596929686979556,0.27731190311619924,0.09047122010746964
0.29933825890956267,0.27186689490461696,0.2777446271733893,0.15105021901243088
0.368930466310421,0.28093854317449374,0.26032130020727506,0.08980969030781022
0.3366888140383046,0.30773856063417143,0.28436373604357407,0.07120888928394982
0.31979636662757766,0.3128768722498554,0.2955132133545437,0.07181354776802336
0.3116105803166172,0.2927091336675612,0.2829409554656343,0.11273933055018723
0.30985775049000075,0.28666334034767216,0.28989377894895507,0.113585130213372
0.2975420853332624,0.1615700026301206,0.14830356609343434,0.3925843459431826
0.37359786261035555,0.20965160979697098,0.2727289972592173,0.1440215303334563
0.3682019381516878,0.2843483471431869,0.23955361241750817,0.10789610228761717
0.3427764681994603,0.2932208144151512,0.285760329561951,0.07824238782343741
0.3248575019842083,0.31092890837003895,0.2875529374807416,0.07666065216501111
0.33263246038540645,0.3045583016467179,0.28362047598162127,0.0791887619862544
0.32825706593509585,0.2955491754009483,0.28005771128380547,0.09613604738015043
0.3369471692649531,0.3056564334327856,0.2847488094727357,0.07264758782952548
0.3243151438076006,0.31083483416334745,0.29052166884623787,0.07432835318281393
0.32935167912456476,0.3055136188149698,0.2851983620027238,0.07993634005774171
0.347002729594282,0.29399563198299244,0.2678863978853049,0.09111524053742051
0.3290505584272447,0.2993494320628976,0.2868606471963932,0.08473936231346453
0.3265503016132788,0.22320018741638456,0.20716884365813365,0.24308066731220293
0.3798392017717864,0.24416467610027895,0.258593222799975,0.11740289932795964
0.36626011364754185,0.293132307509466,0.254120161770472,0.08648741707252008
0.33663150594943875,0.30344322012222996,0.28767845760708516,0.07224681632124609
0.3226275936395437,0.31146265732221873,0.2906750834699819,0.07523466556825559
0.3289975020247862,0.30731740165588967,0.28601942666970986,0.07766566964961416
0.3054358864800894,0.29194981176462964,0.2908915615773096,0.11172274017797142
0.34040694911638913,0.3008166078603718,0.28056815587936124,0.0782082871438779
0.33724933438099486,0.3085626756433183,0.28184120709066074,0.07234678288502619
0.3278568771799356,0.29871660981437104,0.28326012451427995,0.0901663884914135
0.3457807330607223,0.2962697871718405,0.27185096698199734,0.08609851278543997
0.3332099280311473,0.28880113154458936,0.2704107633229315,0.10757817710133194
2.0914560461922037E-05,8.270940844537356E-06,1.9559579951718848E-05,0.9999512549187418
0.3682612375248027,0.04755841291789302,0.10334209762633093,0.4808382519309732
0.42311850601705236,0.1554235819506958,0.1775755207939342,0.24388239123831768
0.3549709606216066,0.15569674120506224,0.15323859534181203,0.3360937028315192
0.3696409199064906,0.13343289734293093,0.1464321637410068,0.35049401900957167
0.30763794173907766,0.15393496875977664,0.18957914185442684,0.3488479476467189
3.24057889014885E-05,1.543819632899627E-05,4.3925510340970855E-05,0.9999082305044287
0.25590580225047815,0.05968454591720151,0.17796176267165695,0.5064478891606633
0.3708186075688034,0.18423765709235604,0.23085394471529638,0.2140897906235442
0.3129008072549707,0.25592346053822873,0.2794374401025839,0.1517382921042167
0.11417142053537982,0.14177956904373507,0.2367843009824304,0.5072647094384548
0.003522598870401812,0.004393213337133459,0.01617559945582495,0.9759085883366398
6.506218986681037E-09,4.4340513466436675E-09,8.253148553516333E-08,0.9999999065282441
0.24637792486237814,0.025723411879715448,0.05537535331966701,0.6725233099382394
0.28711688719623474,0.10534268096270313,0.19648624163052109,0.41105419021054107
0.1732077189584828,0.11082592949731855,0.17539666324970596,0.5405696882944927
0.22229723592778594,0.10350462836240827,0.17460819892831494,0.49958993678149083
0.27605803370294846,0.16211736800035628,0.2539763644144708,0.30784823388222443
0.01572299953386005,0.009517783908220988,0.016057157289628494,0.9587020592682904
0.2710277557257682,0.08549301244303371,0.256324432673441,0.387154799157757
0.2999797522076434,0.2090084574570826,0.23821696949110782,0.25279482084416627
0.33908631002689665,0.24578650648041755,0.27104908708293024,0.1440780964097557
0.342286670470147,0.2820602143753932,0.26517189058578455,0.1104812245686753
0.25576033337874154,0.23292828527609058,0.2557243811521585,0.25558700019300945
0.10184198827246385,0.061081035139223985,0.08586634656982785,0.7512106300184844
0.35132202987912314,0.11364104181958615,0.22218304279901163,0.3128538855022791
0.3340251199020967,0.21773355756236895,0.22903629617894025,0.21920502635659408
0.36716532275732794,0.25605002046551245,0.25995540472366185,0.11682925205349773
0.33754666211948753,0.29577619937630917,0.276921348774032,0.08975578973017118
0.3285029177576963,0.2961996866706645,0.281585893403124,0.09371150216851527
0.3238547867689258,0.2477621062431463,0.2369960209703169,0.19138708601761095
0.34406647622652436,0.2769414100418607,0.28931654726656675,0.08967556646504819
0.3481319352211821,0.2929391100890576,0.25800829097289535,0.10092066371686494
0.33333099666169935,0.2936246004642797,0.2876229133809553,0.08542148949306558
0.3166077978770896,0.2486558289388889,0.23935357633709967,0.19538279684692192
0.3336705647480587,0.2506231955040359,0.2698659694797031,0.1458402702682023
0.1814521459491891,0.09520432514784359,0.09627406854675909,0.6270694603562084
0.3825106831210753,0.13116352918186477,0.21533776752429937,0.2709880201727607
0.37533655796269016,0.2603720253091972,0.24746750007297239,0.11682391665514025
0.34194602799273704,0.297040211439914,0.2809152799271648,0.08009848064018417
0.3176572023090403,0.30106568508565323,0.29077660911999936,0.09050050348530708
0.30949785459319595,0.28184543190220995,0.2757323496165498,0.1329243638880442
0.22342209190430767,0.17950561510718555,0.1996626468089499,0.3974096461795568
0.35944597674535295,0.2046066707070579,0.2657011762025428,0.17024617634504646
0.3840741183830923,0.28141393897721795,0.2380408020598411,0.09647114057984865
0.34660911209560524,0.29015712503427793,0.27735830195335953,0.08587546091675735
0.3062294037766118,0.27797406772991273,0.2761891103433579,0.13960741815011748
0.21332006835630454,0.1874066167236334,0.212226261704136,0.387047053215926
0.009187722716557718,0.003481766077223834,0.006712678431536833,0.9806178327746816
0.3615814779087577,0.0611225784205836,0.14239831789890756,0.4348976257717512
0.36788264264451326,0.2133911539540773,0.25651206926045883,0.1622141341409505
0.3383529343248155,0.2797885026738403,0.26677944673951637,0.11507911626182787
0.29697574601789084,0.266556240131693,0.2831084118094244,0.15335960204099178
0.33848211980345644,0.26649432523376465,0.25932172215534677,0.13570183280743214
0.22967148956899125,0.14914412904397645,0.15908998793237047,0.46209439345466197
0.3484811751926927,0.19877555965623625,0.2904014859884577,0.1623417791626134
0.3543852462320887,0.2713873113418979,0.23331709637274145,0.1409103460532719
0.33327872968341454,0.27502880070775526,0.28701945840113635,0.10467301120769389
0.14512610711650314,0.10770186690899088,0.12027711184383193,0.626894914130674
0.29050008581747605,0.13128372472371194,0.2516493532140799,0.3265668362447323
0.06857354541062669,0.02569141989198997,0.02987619979820105,0.8758588348991824
0.3216955881690347,0.08780127598432534,0.2104729342231812,0.38003020162345885
0.3560111172936964,0.22269911834630038,0.24269462182721785,0.17859514253278547
0.3375416187406147,0.2679535371083977,0.2707594767734961,0.1237453673774915
0.3146462121189184,0.2603915025045635,0.2645443787465287,0.1604179066299894
0.35489984414603526,0.2694351568290167,0.2609455726665433,0.11471942635840478
0.29187038198778803,0.23877569904546103,0.24615093462815643,0.2232029843385946
0.3508017983469001,0.25838885114518295,0.27469214796558306,0.11611720254233386
0.35654159558876924,0.28296919642009294,0.25232461300425413,0.10816459498688363
0.33801102122108634,0.27465537276949237,0.2700022372383142,0.11733136877110702
0.2824311315240655,0.20040831316405935,0.20335567446520827,0.31380488084666674
0.33053435445839147,0.2055407979618635,0.2519877779150929,0.211937069664652
0.014703921786580358,0.006420436319833075,0.008747296779644425,0.9701283451139422
0.30580094937426694,0.05918686882288405,0.1493786149425808,0.48563356686026826
0.3715102930113812,0.1798124271583213,0.22469459247978887,0.22398268735050864
0.33966015309643394,0.24722930315302763,0.25610947721246585,0.15700106653807255
0.3381612604226393,0.25018478664660937,0.2508654053664237,0.16078854756432764
0.34389170125474905,0.271309852021139,0.26912783460030343,0.1156706121238085
0.24163467108074077,0.20158903704491077,0.22428815763437046,0.3324881342399782
0.34258742020007465,0.23481263452782092,0.2890041704449831,0.13359577482712132
0.34143502873682213,0.2951471274057155,0.26249276916844444,0.10092507468901789
0.31116293627798786,0.2672318196646731,0.27776311075117505,0.14384213330616394
0.32317568547488285,0.2544538616391899,0.2543705138267474,0.1679999390591798
0.27604077340769645,0.21616751160641492,0.2360195334882923,0.2717721814975963
0.0007120566756866878,0.00034353723456689026,0.0007903175810365016,0.9981540885087099
0.3451214772803813,0.049126035064061754,0.11235459541985847,0.4933978922356984
0.35945444383278324,0.167854415927593,0.22074558190916968,0.25194555833045396
0.33469604635991074,0.20423067158182687,0.21405652830279487,0.24701675375546758
0.36131106561817394,0.23645396872638097,0.2533196606585443,0.14891530499690092
0.3490636402181515,0.2885125004413141,0.27025333168910964,0.09217052765142474
0.24107983193959742,0.21422923356886459,0.24581622076499354,0.29887471372654445
0.32803471137912277,0.25407292413045846,0.30368312451802115,0.11420923997239771
0.3086297629376423,0.27962484316067204,0.2593772032638429,0.1523681906378427
0.3190615412093837,0.2623755017681631,0.28035413139387527,0.13820882562857795
0.3444951212758109,0.22465692674753154,0.20763052112967997,0.22321743084697754
0.35743919664352475,0.24542935299365845,0.26450584303970137,0.13262560732311543
0.002847770123805419,0.0018147611704181727,0.003183593907943629,0.9921538747978329
0.22892778285156057,0.04424725316885002,0.12359035968357344,0.603234604296016
0.3086942595577424,0.11645855843873121,0.17746033600357247,0.39738684599995383
0.3502144109526589,0.18641639609872146,0.22681605467832935,0.23655313827029018
0.37560398370657516,0.2550160524788048,0.2490494538859414,0.12033050992867869
0.3469571870029974,0.2981080654749975,0.27606742824639113,0.07886731927561394
0.260035662620799,0.26398485884476985,0.2878725532029962,0.18810692533143483
0.32506765437440654,0.27557695022398637,0.288970956740617,0.11038443866099007
0.32137187209378,0.2844624170630367,0.27441001154708766,0.11975569929609564
0.355956332399809,0.25235558141822534,0.23687949506090375,0.15480859112106202
0.27122446790135457,0.1869100738665038,0.20092797207792418,0.34093748615421754
0.31184464409384755,0.18427909514640245,0.2334546731956171,0.2704215875641328
0.04812485185443617,0.02031133322868259,0.026816959066588725,0.9047468558502926
