0.2910169553875879,0.2509372208094672,0.2318453732882066,0.22620045051473828
0.28841894626199727,0.24918022183901478,0.2326261601192194,0.22977467177976868
0.2882445412354335,0.24971013751946106,0.23379191633188706,0.22825340491321844
0.2895023186849153,0.24713086989129274,0.23297874574630345,0.23038806567748848
0.29128334401487643,0.24634421642108137,0.23007222730610974,0.23230021225793257
0.28802580915690673,0.250502677743287,0.2327516957805022,0.22871981731930413
0.2869083390719672,0.24813260659693406,0.23640651042984778,0.2285525439012509
0.28921632523536805,0.25180223543813274,0.2321414341721881,0.2268400051543112
0.28769606542356413,0.25052299823813656,0.23448576766621293,0.22729516867208627
0.2917574700801414,0.24384117413712583,0.23083500092656056,0.23356635485617225
0.2902164588180416,0.2516701922647802,0.22889598084051,0.22921736807666834
0.28477122143857697,0.24909634756947596,0.23872276867184666,0.22740966232010043
0.28815641512966644,0.2526980385965879,0.23380081010346232,0.22534473617028325
0.28793869973834124,0.2523852439553178,0.2339462200283013,0.22572983627803953
0.2879636854891239,0.25289930007453343,0.23352640208219935,0.22561061235414334
0.28993585109271525,0.24656316211355178,0.2328310760711354,0.2306699107225977
0.2907191280188606,0.25079505302294947,0.22931785214424777,0.22916796681394228
0.2866464793752236,0.24859084554153132,0.2360694419094915,0.22869323317375356
0.28931798192410696,0.2488575590561151,0.23286250370345282,0.2289619553163252
0.29133601156086286,0.2450073610858196,0.230772329950589,0.2328842974027286
0.2911202592085513,0.24627500600282215,0.2294264784185076,0.23317825637011905
0.2915323635041859,0.23869699431930536,0.23154426108318457,0.23822638109332417
0.2894818800017381,0.2509537747436783,0.22931147285699427,0.2302528723975892
0.28482240341170734,0.24665467464017796,0.23980471476174836,0.2287182071863664
0.2891831186907353,0.2528063145971533,0.2322839570748013,0.22572660963731023
0.2869919179624146,0.25258781856064955,0.235013144791627,0.225407118685309
0.28834653653092246,0.25140602935365897,0.23359752270093395,0.22664991141448454
0.29122284319800024,0.245900843870551,0.23104568450900703,0.23183062842244173
0.2893497516675656,0.25251863017809456,0.23023112587091732,0.22790049228342243
0.28527909906817,0.24918095921165417,0.2382489345266571,0.22729100719351866
0.28993356248422053,0.24992178445645893,0.2320808790192074,0.22806377404011308
0.28947287210351424,0.2501772916650574,0.23185080040724368,0.22849903582418446
0.2853971036476277,0.2567467023047088,0.2352067261529688,0.2226494678946946
0.28682973673193407,0.24748738584528196,0.23758581091767364,0.2280970665051103
0.29108862493022475,0.2570212086908605,0.22825449617575236,0.2236356702031624
0.2835230117339738,0.25310576035368515,0.2396401174147429,0.22373111049759836
0.2876596214230735,0.25619706066263537,0.2336560597084693,0.2224872582058218
0.28622222737037917,0.25638928309612435,0.235460835444114,0.22192765408938245
0.2868883037740139,0.25570868625484644,0.2346723080048631,0.2227307019662766
0.2883854684329547,0.25272355693106335,0.23353269329074014,0.22535828134524188
0.2884774643857625,0.25420707501615886,0.23245320989370422,0.2248622507043746
0.2869673644194285,0.25181308985632905,0.23531037874916708,0.22590916697507532
0.287488841890652,0.25532261011961355,0.23359812301146365,0.22359042497827067
0.28663394331948694,0.2523865144780748,0.23591472420370246,0.22506481799873568
0.29018426969478184,0.25071146883194784,0.23139919647646862,0.22770506499680168
0.29321778184535535,0.24146214566859373,0.22902313220297865,0.23629694028307227
0.28868363137485886,0.2549036559148289,0.22888635454349324,0.227526358166819
0.2815068991150082,0.2514327727270988,0.24310845487371804,0.22395187328417507
0.28705827542787044,0.25808988515224124,0.23445908116164152,0.2203927582582468
0.2863514084068355,0.2565744907217906,0.2354560743217821,0.22161802654959167
0.28806082823733,0.2554228046691775,0.2332116275868227,0.22330473950666985
0.29027651552990613,0.24784212827373803,0.23216655333795852,0.2297148028583974
0.29059019804377473,0.2519084667392658,0.22918943912349551,0.22831189609346392
0.2856848379334329,0.25027879015706966,0.2369734500475038,0.22706292186199364
0.2880284140043314,0.25167665866756583,0.23409598915220714,0.22619893817589556
0.2899147726658952,0.24838465903327223,0.23232765383740916,0.22937291446342348
0.28884959916397146,0.2529692868845766,0.23147672054576257,0.22670439340568943
0.287946432489648,0.24561943141939593,0.23583248369103246,0.23060165239992347
0.289456930988123,0.2547887665013381,0.2303517786760838,0.2254025238344552
0.2829662099757373,0.2557435786840386,0.23947590287875806,0.22181430846146605
0.28541473964308056,0.2579542597283881,0.2363669813125497,0.22026401931598177
0.2873709747585438,0.25618192027176456,0.23436065181710783,0.22208645315258388
0.28952515160096937,0.25250771664075666,0.23200008350861354,0.2259670482496606
0.29162560947681987,0.24623820015968478,0.23013603432094085,0.2320001560425544
0.2886886656190729,0.2529823969842054,0.2308377000926909,0.2274912373040308
0.2844104783836899,0.25080905535506426,0.2390566715539664,0.2257237947072795
0.288040264328776,0.25418647651677745,0.23369308673096303,0.22408017242348338
0.2887634917308013,0.2505951856086996,0.2334845584670074,0.22715676419349165
0.2882635694093771,0.25516759679575785,0.23210700819381314,0.2244618256010519
0.28875695985783034,0.2443392749805356,0.23539668011608328,0.23150708504555073
0.2897075128746114,0.25813442507313983,0.22872523598050826,0.2234328260717405
0.2811566495533288,0.2544728766130687,0.24264983718927038,0.22172063664433211
0.2891239839768909,0.25374760766013643,0.23287375926918027,0.22425464909379228
0.2914560311683599,0.2500895051422031,0.22989274026074824,0.22856172342868872
0.29023660596470696,0.2481266654806952,0.23068986190055787,0.2309468666540399
0.2923339876917172,0.23919405423881093,0.23053313699751046,0.23793882107196132
0.28922595883594854,0.25293560227508505,0.22880546898346676,0.2290329699054995
0.28428629565732333,0.24560464735067117,0.24120046074895832,0.22890859624304735
0.29208408619123244,0.24873767383210618,0.22953809138453848,0.22964014859212295
0.29000601152344296,0.24793715547951367,0.2312103789406121,0.23084645405643134
0.28753392140412415,0.2504959083701744,0.23377877763750962,0.22819139258819174
0.29015279026885166,0.24252844486703581,0.233797372860316,0.23352139200379665
0.2895258335062143,0.25597743875052054,0.2289848958293805,0.22551183191388469
0.2831483128023837,0.24976949841230284,0.24143716061276055,0.22564502817255297
0.2897050501181952,0.25405403391125875,0.23163625992198306,0.224604656048563
0.2883456450696773,0.2510886882053758,0.23372269544029114,0.22684297128465575
0.2879844663012343,0.2541566219954593,0.2327954863043635,0.2250634253989429
0.288719903678243,0.24612144779400263,0.23484657419804994,0.2303120743297045
0.2902217905102901,0.254325693062549,0.2292880035321563,0.2261645128950045
0.2859865484651859,0.2475241661922486,0.23796393969869575,0.22852534564386978
0.2911487632297665,0.2499008471463672,0.23000765480485624,0.2289427348190101
0.2882256595191121,0.2500195503582402,0.23337075752649272,0.22838403259615495
0.28855465090612553,0.24826748373018034,0.23379725676617696,0.2293806085975173
0.2939917289263762,0.23924272378854325,0.22867748454681486,0.23808806273826572
0.28880934023029714,0.2557701013424725,0.22792818524757644,0.2274923731796539
0.282595659522596,0.245829087678456,0.24384619262591375,0.2277290601730343
0.2906432051280102,0.25481144242173054,0.23030471831582372,0.22424063413443546
0.286442005982362,0.2529676406391343,0.23569852292929264,0.22489183044921104
0.2883357152394433,0.25239377442920335,0.23331074083692319,0.22595976949443025
0.28951464667933163,0.2491677678546828,0.2326100636188679,0.2287075218471177
0.28887652708588757,0.252257830732685,0.2318183072919293,0.22704733488949816
0.2845221482559834,0.2559440501773581,0.2370596071377418,0.22247419442891675
0.28706688263082025,0.2506246872003521,0.23625669042373978,0.226051739745088
0.2930763681912169,0.249038755014669,0.22782475326764431,0.2300601235264698
0.2902199090449145,0.24671553982633815,0.23084243861550416,0.2322221125132433
0.29061059701172165,0.24274852791987125,0.23165832260442334,0.23498255246398375
0.28608594548738725,0.25729147210377923,0.232996194025455,0.2236263883833785
0.28225872943610597,0.25166532755355026,0.2425547270741855,0.2235212159361583
0.28894373545034807,0.2593525816895176,0.23165986682393463,0.22004381603619969
0.28522854023380156,0.2553679351929392,0.23716909963962413,0.22223442493363513
0.28974558156467234,0.25319966898570456,0.2315504198050257,0.22550432964459743
0.28834610433969626,0.25335067229909575,0.23283983695075683,0.2254633864104511
0.285567344305237,0.25613005786177023,0.2356855155401671,0.22261708229282573
0.2863732486900566,0.25281144534955946,0.2363945742379371,0.22442073172244686
0.29110075911563116,0.25058253635409056,0.23035830770399449,0.2279583968262839
0.28865364293199186,0.25248044109848167,0.23199686671812378,0.22686904925140272
0.2862710196041263,0.2513191403436003,0.2361330782552934,0.22627676179697997
0.290115729455506,0.2475120969896622,0.2324941111108053,0.22987806244402642
0.28770040350950443,0.257731953361217,0.23163045791886747,0.2229371852104112
0.2820110987009251,0.2553621327677185,0.24125241577136539,0.22137435275999093
0.2867770622412579,0.2594397491575476,0.2344125022056589,0.21937068639553572
0.28681361243083764,0.2555778678516721,0.2352192400692901,0.22238927964820018
0.2896188940720501,0.2539982537541253,0.23141416787414917,0.22496868429967548
0.28802722715458834,0.2523716394358647,0.23354450846623023,0.22605662494331671
0.2873766810462639,0.2533024185533067,0.2341096363893574,0.22521126401107205
0.287086595315446,0.25278925242957434,0.23500634714298704,0.2251178051119927
0.28892253437570753,0.25102575905485985,0.23303111203928317,0.22702059453014947
0.2879474818976493,0.2542730213495296,0.23290753137016015,0.22487196538266094
0.28706916800282095,0.25000313843157507,0.2358458344580286,0.22708185910757553
0.2937069571958539,0.24316267504823588,0.22833574997351963,0.23479461778239047
0.28614479056744196,0.2621377772695173,0.23058262124350887,0.2211348109195318
0.2774179084691707,0.25696662223399064,0.24726080626559716,0.21835466303124143
0.29032850763534673,0.25526653232261287,0.2315221127652658,0.22288284727677463
0.28954908806483126,0.2592059408658577,0.23036754581459518,0.2208774252547157
0.2838769039235542,0.255254664768815,0.23844816293490065,0.22242026837273007
0.2911776057993249,0.24788275530989498,0.23133692404215694,0.2296027148486231
0.2904805932485408,0.2548582557301595,0.22866333460202726,0.22599781641927236
0.28505450311178493,0.2486825892588032,0.23868753881563257,0.22757536881377918
0.29189707180437463,0.2469925644954893,0.23012272266140027,0.23098764103873579
0.2956660048034735,0.23746481483826615,0.2257398093029055,0.24112937105535487
0.2989040865989032,0.2289446059468456,0.21891468430653002,0.2532366231477211
0.2996198732324142,0.21933417463341603,0.21562112988012297,0.26542482225404684
0.29156713089390274,0.23337258066947483,0.22148153167913662,0.2535787567574858
0.2865150691285821,0.23517772651459096,0.23877704597655683,0.23953015838027003
0.2931004587322078,0.235211250916174,0.23188602511501405,0.23980226523660414
0.29500769100042334,0.24074716970413665,0.2235353914309574,0.24070974786448246
0.2897855134665458,0.23873376407219368,0.23177937816729643,0.23970134429396425
0.2933099568366792,0.234311548615512,0.22986975635960485,0.24250873818820404
0.2896189357818626,0.2492123548936854,0.22842567663201133,0.23274303269244062
0.2873123730534527,0.23843224153915568,0.23908471816492705,0.23517066724246466
0.2939974964112681,0.24573563813513497,0.22629431105071376,0.2339725544028833
0.2890422206411316,0.24430623068262355,0.2326769336259991,0.2339746150502457
0.2917083451694504,0.23973053131483651,0.2311996364824438,0.23736148703326934
0.2941144040368498,0.23952259177318405,0.22636690702741535,0.23999609716255088
0.28756222525598546,0.24892526992592912,0.23173130678758852,0.23178119803049704
0.2857739392421699,0.2447748647997671,0.2393745734754116,0.23007662248265132
0.29010366628231105,0.2519632463358909,0.23104784613835969,0.2268852412434383
0.28612030171031355,0.25336976683799955,0.23565082931764653,0.22485910213404034
0.28876744364000745,0.24819542669756886,0.2342142771554092,0.22882285250701442
0.29176872797919673,0.24923737240734867,0.22893297583769667,0.23006092377575804
0.2857900136516738,0.25465484583677545,0.2347809595497179,0.22477418096183288
0.2871054852000979,0.24631358546858031,0.2373907251324519,0.22919020419886985
0.2929133338872536,0.25065423660606684,0.22724056066080017,0.22919186884587947
0.2889122738769212,0.24505344251280564,0.23363547691057443,0.23239880669969862
0.28949388025285877,0.24933812042602835,0.23133115291354248,0.22983684640757043
0.28909737871471997,0.24406289899892747,0.23436306561794867,0.2324766566684039
0.2876381654638786,0.25693757340692003,0.23165502078765143,0.22376924034154996
0.2810448437930598,0.25723454455873257,0.24195549688932863,0.21976511475887903
0.28704372683255824,0.25644564215249044,0.23497966928051378,0.2215309617344375
0.2907795336539636,0.2526725923415025,0.2306201491261421,0.22592772487839183
0.29077224893053727,0.24860495773077684,0.2304032246357716,0.23021956870291432
0.2901825467778346,0.24647374091962562,0.23123099293057103,0.2321127193719687
0.28851218075973567,0.24885834703794063,0.23287930275094842,0.2297501694513754
0.28713888540863747,0.2499234289478395,0.23525922839593627,0.2276784572475868
0.28764324535135793,0.2521555079217366,0.2342648785756421,0.22593636815126333
0.28900913859574184,0.24888273169315625,0.2334771619604588,0.22863096775064315
0.29219520479429617,0.24555054525004857,0.2292923240326856,0.23296192592296971
0.2932551126555854,0.24023180917189352,0.22798525102757933,0.2385278271449417
0.2862032257109248,0.255616167069704,0.23175394248641426,0.22642666473295686
0.2793959777043901,0.25666475651201515,0.24451515075436853,0.21942411502922615
0.2885674338094058,0.2527897909281424,0.2342400166998258,0.224402758562626
0.2937692383014163,0.25176294105722635,0.22642518446390825,0.22804263617744916
0.28953404332929245,0.24583236436919126,0.2322362590393118,0.2323973332622044
0.2907969158808942,0.2449924515046752,0.23065580488206924,0.23355482773236144
0.2869603268715077,0.2524562431817744,0.23366366167253388,0.2269197682741841
0.28730846438017077,0.24529844543121554,0.2372478989915132,0.23014519119710058
0.292657662677448,0.24930809895932515,0.22776562908370676,0.23026860927951998
0.29070186085477306,0.24161201550998354,0.23200829778686632,0.23567782584837718
0.29088727293687383,0.24724841322367586,0.22897820601453822,0.23288610782491206
0.29014669239512036,0.23885294633973586,0.2339840959272719,0.23701626533787185
0.2884362702290714,0.2554810901777129,0.22998290030863872,0.22609973928457694
0.28218186885884017,0.2509304269545812,0.242572488547627,0.22431521563895176
0.2909105629246393,0.25092634352915855,0.2311370902047889,0.22702600334141326
0.29180559625606156,0.2481365090827348,0.22924775774078815,0.23081013692041552
0.28942761538878903,0.24771423610164647,0.23152858446048025,0.23132956404908422
0.2890594822798114,0.24536261633014955,0.23358804297943223,0.2319898584106069
0.2898732722245522,0.24794354226701978,0.23155355795955454,0.2306296275488735
0.28959858627514556,0.2450720558496149,0.232960343544792,0.23236901433044752
0.2911173956024231,0.2454807076265952,0.23027156979167884,0.23313032697930294
0.29052061713746236,0.24363795735528154,0.23139300990780656,0.23444841559944948
0.2898901273876155,0.2459169344711091,0.23142386314355864,0.23276907499771685
0.29164681978539575,0.23916157286455483,0.23166330021192125,0.23752830713812817
0.28878630484249673,0.25371505732328287,0.229530097486659,0.22796854034756128
0.28205131088740276,0.25177754526772383,0.24216291826108707,0.2240082255837863
0.28930290469165115,0.25138553744991493,0.23326761486437428,0.22604394299405964
0.2915566021861283,0.25025761040611605,0.2293705327277232,0.22881525468003236
0.28874372909983864,0.24910187504844025,0.23254389532808717,0.22961050052363396
0.28994383371055293,0.2446093373940153,0.23281500000361866,0.2326318288918131
0.28997034179287173,0.24979133718584062,0.23048295047209794,0.22975537054918954
0.2887815334240003,0.2436719958789047,0.2347898232944738,0.23275664740262128
0.2931472778404845,0.24363282281360524,0.22795424119887778,0.2352656581470325
0.29091774266978626,0.24318025719559463,0.23005262775018295,0.23584937238443618
0.2912613095898521,0.23967694470911496,0.2311858236481758,0.23787592205285712
0.29493462488991234,0.23528759799040477,0.22651801292497453,0.2432597641947085
0.28766698971868465,0.25186124854213027,0.22942897804345996,0.23104278369572498
0.28150631910027824,0.24977066132629144,0.24380279453123133,0.22492022504219902
0.29012106999301035,0.24992623441326253,0.23277061830206247,0.22718207729166467
0.29026398422809413,0.2546211067688249,0.22964673408524802,0.225468174917833
0.2857647735599586,0.250528397791373,0.23704080904240651,0.2266660196062618
0.2914707317284435,0.2460742898219912,0.23093805442301082,0.2315169240265544
0.28962299093369215,0.2529183578264946,0.22992033188623326,0.22753831935358007
0.2885765674507989,0.24114459905188443,0.23628157581989573,0.23399725767742105
0.2949697777529057,0.244408977255463,0.2248286847157504,0.23579256027588075
0.29031740176038695,0.2412586852059455,0.2311428994296681,0.2372810136039994
0.2898734996926304,0.24369887583766664,0.23174910777582064,0.23467851669388226
0.2933312859159469,0.235252670738408,0.23027042909502385,0.24114561425062125
0.2902533490625055,0.25107178208852593,0.2269044199059129,0.23177044894305587
0.2830139942194762,0.24728952610654475,0.24195894154457281,0.22773753812940625
0.2890108008107475,0.25156064299595726,0.23338867963769677,0.22603987655559854
0.2876215851652309,0.2555475526310646,0.23325190732188802,0.22357895488181656
0.2846047550842602,0.25648657328582064,0.2372021369964089,0.22170653463351037
0.28979714248915933,0.24771890739765162,0.2333656192629377,0.22911833085025138
0.2944846069444002,0.2476475757737553,0.22526775793703802,0.23260005934480657
0.29090619931396594,0.24056438328051372,0.23104331455937221,0.23748610284614807
0.2926173412301523,0.24025387243217292,0.2283638692310408,0.238764917106634
0.28992866469141315,0.24343950434406922,0.23107661580533437,0.2355552151591833
0.28883606800789874,0.24353551455523695,0.23404889283704353,0.23357952459982081
0.2922865236691372,0.24066813821988023,0.23034685779001543,0.23669848032096716
0.28814567051762807,0.253496329228286,0.2305510347554324,0.2278069654986535
0.2823256436801767,0.2521188561689861,0.24169918542259058,0.22385631472824674
0.28775430037219196,0.2550617721936854,0.23427556362276591,0.2229083638113565
0.29123985022491417,0.24779816144513805,0.2310432038497335,0.22991878448021436
0.29173355346275903,0.24961105948896786,0.2279721632747224,0.2306832237735507
0.2875720566393978,0.24642429898827078,0.23499861174750492,0.23100503262482644
0.2878139274352245,0.2518691738945607,0.23358619470128325,0.22673070396893152
0.2910685112526837,0.24076644451096718,0.2331678291808087,0.23499721505554041
