0.28563255674545507,0.21290097099194838,0.23083510719967948,0.2706313650629171
0.28674221284005647,0.20803152649533,0.23184670348881167,0.2733795571758018
0.2881441767002736,0.20719377014627333,0.23205848003015894,0.2726035731232941
0.2880329639043351,0.2101316926667801,0.23172322086380132,0.27011212256508366
0.2840104682154535,0.2114250288915503,0.2294035827417938,0.27516092015120247
0.28483382136097646,0.2047285097586292,0.230780934221276,0.2796567346591183
0.29128409150060663,0.20494337416534852,0.23397312213126736,0.2697994122027775
0.28774214429242195,0.2100159660514386,0.23104801735867875,0.2711938722974608
0.2893102049342796,0.2084441959533167,0.23324456350401018,0.2690010356083936
0.2869387364449986,0.21463936007741446,0.2307359263469749,0.2676859771306122
0.28041621508556497,0.20811683146792537,0.22796009246777835,0.2835068609787313
0.29235666843865465,0.20048987128802065,0.2357845967427691,0.27136886353055556
0.29106706640045965,0.20930243609640664,0.23244296005591705,0.2671875374472165
0.28978338245381635,0.21072617399316337,0.23325232937891713,0.2662381141741031
0.28942411156211484,0.21002966471423143,0.23300809969536546,0.26753812402828836
0.28900245908940625,0.2134240849221009,0.23245691481108707,0.2651165411774056
0.28270341083726286,0.21080636522586757,0.2289284303079345,0.27756179362893496
0.2894003405849846,0.20411134301377706,0.23382283669091344,0.2726654797103249
0.2886551501888914,0.20966728329491874,0.23148945102291568,0.27018811549327415
0.2852915958695367,0.21269730719354646,0.2302015038758226,0.27180959306109426
0.28166945912398195,0.20911987677492502,0.2284664281978272,0.2807442359032657
0.28407936870324185,0.20810898341212367,0.2297736588592166,0.2780379890254178
0.27972539386121303,0.20375297477491028,0.2269725836561806,0.2895490477076961
0.29328437375508415,0.19947757649272235,0.23604025281663718,0.2711977969355564
0.2891443477488685,0.2099769367839647,0.23097709748481532,0.2699016179823513
0.29018193608430976,0.20848111089811924,0.23392802130409665,0.2674089317134743
0.29014298345639494,0.21091025873194913,0.23302862224823281,0.265918135563423
0.28683649346591594,0.21482325545625025,0.23107488079807678,0.26726537027975694
0.2824821936212575,0.20774332590905173,0.22930713140014633,0.28046734906954435
0.2927489366466684,0.20257713211681672,0.23570178501343364,0.26897214622308124
0.2891263698665226,0.21242206083454046,0.23127080898903218,0.26718076030990484
0.28592643604977375,0.2107971199120385,0.23117613543716561,0.27210030860102213
0.289692690519825,0.20314834416624472,0.2338543202637297,0.27330464505020063
0.29596505106311644,0.21098442156080568,0.23626776810442712,0.25678275927165084
0.2837282353953521,0.21391387758976144,0.22877059662586444,0.2735872903890222
0.2950357322800071,0.2034878128400122,0.23825451598889394,0.26322193889108675
0.29277071226680984,0.21167295265893588,0.2335340002143176,0.26202233485993676
0.2926894838080768,0.21088207593205935,0.2354408429383392,0.26098759732152477
0.2928530677153694,0.21199680815700486,0.23498931859952046,0.2601608055281052
0.2910461742336127,0.2143204597855813,0.2338742863230749,0.26075907965773115
0.2882132576299576,0.21161541304949627,0.23253284344307557,0.26763848587747063
0.2913025305014166,0.20899358631971357,0.23452040318617218,0.26518347999269765
0.29000755107933446,0.2092985268437423,0.23306130633461392,0.26763261574230934
0.2928439699499466,0.20989407720367978,0.2352056528448687,0.26205630000150487
0.2883187457527148,0.2148980851074546,0.23166666314119702,0.2651165059986335
0.2841761828288008,0.21671267167622116,0.2298796681501795,0.26923147734479846
0.2788556195081116,0.20432908202389,0.22749645568724952,0.2893188427807489
0.29866383429370386,0.19593864182483034,0.2399574472177718,0.26544007666369396
0.29497103526782253,0.21127231418482312,0.23391652396535365,0.25984012658200073
0.29361106340696913,0.21347909396265552,0.2359254821699993,0.25698436046037604
0.2913273137570154,0.2145322996390132,0.23411086759048505,0.2600295190134865
0.2891473574971239,0.21682244179101876,0.2328728858148602,0.26115731489699706
0.28265959258421675,0.21145878449371017,0.22924094365246864,0.27664067926960445
0.2907476096887846,0.20325247226089757,0.23482854540105438,0.27117137264926344
0.29089711731466716,0.20911689562350372,0.23280333026621092,0.2671826567956182
0.2881351297108346,0.21323515433667398,0.2318840320243475,0.26674568392814396
0.28512495283594963,0.20859077022347855,0.23071585825516508,0.2755684186854067
0.2909700401095622,0.20820700016312851,0.23410053534215255,0.26672242438515664
0.28468438469723034,0.20885503312969192,0.22947769414699323,0.27698288802608456
0.2953012833726186,0.2011753492861806,0.2378256162912044,0.26569775104999654
0.2967217245770537,0.2098098470488188,0.2361332040194281,0.25733522435469947
0.29342929789917066,0.21578134204173746,0.2351366944097506,0.25565266564934125
0.28946199149216584,0.21697062228885544,0.23316390173579643,0.2604034844831824
0.28567601560233624,0.21611099391136543,0.23096832771598585,0.26724466277031245
0.28287145861945395,0.2065700119352659,0.22977764567901093,0.28078088376626914
0.2941805764483303,0.20156453304731334,0.2365268685077579,0.26772802199659834
0.29165747753383825,0.2108089569404935,0.23285971088602936,0.26467385463963883
0.2898612736037656,0.2134456119106338,0.2333022584796815,0.263390856005919
0.28705741415005087,0.20943479059022252,0.23181291913298027,0.2716948761267464
0.29173524747728663,0.21188472141285972,0.2344165275502895,0.26196350355956416
0.28220545467931346,0.20876521173947998,0.228318140427407,0.28071119315379955
0.29933158814617544,0.19909054380899513,0.24084697397176624,0.26073089407306305
0.2940508888205691,0.21745643020029876,0.2332486481021364,0.25524403287699576
0.28579368754600337,0.21876580255530306,0.2312132713494049,0.2642272385492887
0.2841249868973874,0.21104361130831475,0.23062276049212077,0.2742086413021771
0.28448990278832414,0.2115005584888129,0.22983074234599588,0.2741787963768671
0.2788157304961007,0.2039933070462627,0.22682698300278575,0.290363979454851
0.2951600309513334,0.1991069076090327,0.23735667920650594,0.268376382233128
0.2870180803064613,0.21488132163622053,0.2290884277104622,0.26901217034685593
0.28374205177535017,0.2101790723528828,0.23037414325836272,0.2757047326134042
0.2869948296135633,0.20453071903819167,0.23186778105200467,0.2766066702962403
0.2894216564688472,0.21083030761407923,0.23222955322924038,0.2675184826878333
0.2811917127016537,0.2071402141983276,0.22789683284000878,0.2837712402600098
0.29677850301534325,0.20044697242995335,0.23874873864811588,0.26402578590658754
0.2903691633577021,0.21391261682152612,0.23138244098726646,0.2643357788335052
0.28901125905901004,0.21223387569022997,0.23342711242821923,0.2653277528225407
0.2881247863339955,0.2089432176480167,0.23232495157295371,0.27060704444503403
0.2910939528474431,0.2116516410753314,0.23388908084695395,0.2633653252302716
0.28325131512718416,0.2104211428131369,0.22893023001510035,0.2773973120445787
0.29250850073805246,0.2051993213496695,0.2358408833722069,0.26645129454007127
0.286338033099804,0.2131913651027149,0.22967032369906995,0.2708002780984112
0.2865157454432189,0.2077659773738638,0.2320179290219495,0.27370034816096767
0.2887504861122637,0.20813047505991725,0.23231960952163916,0.27079942930617995
0.2844216067986447,0.21624442285038406,0.22907761837086013,0.27025635198011116
0.27695559177002044,0.2038985964585096,0.22638554156795376,0.29276027020351614
0.2986506281434008,0.19691697357046395,0.23989599207483758,0.26453640621129776
0.28888018381742897,0.21390053672869255,0.22980566121380736,0.26741361824007126
0.29059739130079093,0.20898136090551875,0.23493134603694954,0.26548990175674075
0.29033481545459416,0.21124639028159825,0.23303398832563074,0.26538480593817687
0.2883439649851668,0.21284210015138372,0.23225707038083143,0.2665568644826181
0.28591671320884526,0.20911079547041506,0.23110031714343401,0.2738721741773057
0.2924451374826275,0.20275431001167374,0.23553552157693036,0.2692650309287684
0.295216682244285,0.2121031957825884,0.23546639529724478,0.2572137266758817
0.28448895161447785,0.21939112522272675,0.2292430574721141,0.2668768656906813
0.28300761754822534,0.20994205415223932,0.23032960600853045,0.27672072229100486
0.2847254559132004,0.20788128027850764,0.2300547114229753,0.27733855238531674
0.28490042521297226,0.2005594826409682,0.2306064624376485,0.283933629708411
0.30059285382214335,0.20114731309428288,0.2401083358019569,0.2581514972816169
0.291423640871537,0.21467325803039136,0.23210225965433118,0.26180084144374055
0.29468725139944746,0.21145462419306246,0.23740321405472223,0.25645491035276774
0.2900955349018382,0.2168667904617446,0.2326490129259434,0.26038866171047387
0.287886825623244,0.2115572145156988,0.23284306545208863,0.26771289440896867
0.2917343680755797,0.20588202480622977,0.2349356601025641,0.2674479470156265
0.2947626030592619,0.21063984239661335,0.2357428672021737,0.25885468734195105
0.28766669255671956,0.21752736747505094,0.2311942689131438,0.2636116710550856
0.2855202145498663,0.20958026376367198,0.231598198086544,0.2733013235999177
0.2913947141019494,0.20556391873224578,0.23455317563827388,0.268488191527531
0.2893544452776974,0.21347466139260168,0.23190909558369943,0.26526179774600156
0.2849800323236726,0.20668845363662572,0.230853585667832,0.2774779283718699
0.2990475422663273,0.2013265394029712,0.23983966449173671,0.25978625383896464
0.2952781947470975,0.21307953900666546,0.23480060685977605,0.2568416593864611
0.2939357282737586,0.21575342392727426,0.2361135955070689,0.2541972522918983
0.28900401593702346,0.2166224393016037,0.23270539427141057,0.26166815048996245
0.28891169414769763,0.21113573365361427,0.23345508489090758,0.2664974873077805
0.2899281905820464,0.2086751420204389,0.2334035583895037,0.2679931090080111
0.29144387062081323,0.20918225570927831,0.23413674577311294,0.26523712789679565
0.28962849266552976,0.21254690765070647,0.2327145278970318,0.26511007178673207
0.28783892200549377,0.20913776630714517,0.23233824082989976,0.27068507085746146
0.2920852462331906,0.20896159849740029,0.2347326849285378,0.26422047034087137
0.28531102871375724,0.2186345017168293,0.22938652134472443,0.266667948224689
0.2808972657526426,0.20174699914086405,0.22948230035699918,0.28787343474949406
0.3079782763911828,0.1938065120202675,0.24603082618810654,0.2521843854004432
0.29605127432305406,0.22594174403741502,0.23301979521513463,0.24498718642439624
0.28548048306486984,0.21722677933508272,0.23236808637198447,0.26492465122806286
0.29582572865520296,0.20643104208714205,0.2384352340115565,0.25930799524609854
0.29099035297008946,0.21995819992999746,0.23230492058375202,0.256746526516161
0.28145896251874414,0.21211205376035136,0.22902851662420845,0.27740046709669597
0.2932962282840721,0.20337377761682757,0.23661339109624033,0.26671660300286
0.287540733469031,0.21546365012724134,0.23000741749728668,0.26698819890644115
0.27996750456160524,0.21755529362153844,0.22738734216863332,0.2750898596482231
0.27137051014846,0.2136306420400219,0.2223638426110767,0.2926350052004414
0.2661617335397796,0.20669812002918775,0.21939819524059703,0.3077419511904357
0.2646655628402258,0.19527497937787294,0.21871235900105424,0.32134709878084694
0.2845366367865554,0.1887117333499804,0.23067994815157378,0.29607168171189047
0.285829508209958,0.20627361784545836,0.22808355466793667,0.2798133192766469
0.274290824716478,0.21004450624146934,0.22315968839004335,0.2925049806520092
0.27990190035786056,0.2004591833900318,0.22825281645820372,0.29138609979390395
0.2818708439146371,0.205887168855761,0.2272476299853026,0.2849943572442993
0.27691761931706993,0.20170889266818906,0.22534217009467136,0.2960313179200696
0.2913702369694228,0.2004252333059551,0.23451740934478066,0.27368712037984133
0.2807739501172902,0.2124008305166836,0.22560797243850228,0.2812172469275239
0.28288882680857674,0.20441196313015977,0.23016368058620953,0.28253552947505395
0.28458991304233083,0.2079296021897499,0.22924412895163607,0.2782363558162832
0.2782058578469905,0.21014126130842223,0.22563992807883285,0.2860129527657544
0.2802582157447202,0.19948594696234476,0.2283678029321856,0.2918880343607494
0.2933538602719178,0.19994555973678227,0.2352124210995714,0.27148815889172856
0.28697239043294726,0.2104539730920708,0.2297227578352803,0.2728508786397016
0.2900032965946236,0.2057144233757901,0.2341731620050809,0.2701091180245055
0.29150033105958495,0.21203732394720654,0.23345148133918087,0.2630108636540275
0.2836580296796728,0.21424294862975105,0.22912706257913246,0.2729719591114437
0.28745525756711177,0.20280122958439636,0.2331054183147455,0.2766380945337464
0.29480345674632324,0.20884275387229945,0.2355571193550444,0.26079667002633294
0.28278714608151195,0.21610259959248232,0.22781562565740343,0.2732946286686022
0.28596648072091285,0.20779909355141699,0.2321849432801093,0.2740494824475609
0.2847713404394058,0.20682644415196508,0.22968932002506887,0.2787128953835603
0.28819120786819225,0.20760266933317928,0.23219870273145835,0.27200742006717
0.28488666227890425,0.2044224294927126,0.23004267388970004,0.28064823433868324
0.29985910147718353,0.19897664953033004,0.2404301863885641,0.2607340626039222
0.29689431329091365,0.21605320354069596,0.2353664976063108,0.2516859855620795
0.28835354628035653,0.22080655193882404,0.23240922333937203,0.25843067844144746
0.28510895475359865,0.2146632789139915,0.23125689853446668,0.26897086779794305
0.2845313891095117,0.20949344676357654,0.2304000172218176,0.2755751469050942
0.28564073679379254,0.20551593963212125,0.2308440663816979,0.2779992571923883
0.2895776686887911,0.20487871245130976,0.23296981115862753,0.2725738077012717
0.2899974890550214,0.2078513579058659,0.2327873979576695,0.26936375508144333
0.28951893558799624,0.21166797604899462,0.2326889906350433,0.26612409772796597
0.28424266028568135,0.21449422996252152,0.2294863982402166,0.27177671151158056
0.28056130207797497,0.21184646071644614,0.227880020722429,0.2797122164831498
0.2812697237032672,0.1990502608077455,0.22904022355714726,0.29063979193184014
0.3028740701840283,0.1935805831485188,0.2421864275390496,0.26135891912840314
0.2973718920289407,0.22077838989825013,0.23457926545814928,0.2472704526146598
0.28250594246866806,0.222974109727458,0.22916461263776702,0.26535533516610704
0.2848334050555188,0.2098845834974716,0.23193856964736828,0.2733434417996414
0.2840446869701899,0.2085624379673831,0.22935487440036426,0.2780380006620628
0.2856595129116295,0.20244859164549628,0.23113478986525232,0.2807571055776219
0.29322150942380704,0.20691392281061474,0.2348270222247533,0.265037545540825
0.28301292122728794,0.21456493722308415,0.22784446793889257,0.2745776736107353
0.2844270845360917,0.2095554229829263,0.23083603538726877,0.2751814570937133
0.28074635966839656,0.20683905639602723,0.22743017329948334,0.2849844106360928
0.2863010223845524,0.2059292371175962,0.2312370645826897,0.2765326759151616
0.28140417021797615,0.20301081125884757,0.22769906762902586,0.2878859508941505
0.2984458045926638,0.19839940760588207,0.23953829590239645,0.2636164918990579
0.2910483572863379,0.21782649634122794,0.23130891990582916,0.259816226466605
0.28343913765117873,0.21609287924144638,0.23002201601155087,0.2704459670958241
0.28399228728400133,0.2076550172251508,0.23048786077646216,0.2778648347143857
0.2870501241361045,0.2064602880253373,0.23142197440608714,0.27506761343247105
0.2850340361808385,0.2079051045207489,0.22981878742332496,0.27724207187508776
0.2863944703716547,0.20788628120908767,0.2311073960235653,0.27461185239569225
0.28357972030161677,0.20933719016146835,0.2289707725393796,0.27811231699753536
0.2836107489887201,0.20742791409062641,0.22954978914708454,0.279411547773569
0.2834557012752391,0.20574218172869227,0.2292005229647873,0.28160159403128127
0.28492128185535714,0.20880053047460717,0.22980201268220465,0.276476174987831
0.27996946458689626,0.2033458679472236,0.22729965092058438,0.2893850165452957
0.2973851443345908,0.19670764699634644,0.23898063792357088,0.26692657074549186
0.29331014112847026,0.21538180462605236,0.23278319987301635,0.25852485437246103
0.284515457379053,0.21678650653090334,0.230227518369731,0.2684705177203127
0.2856754941179932,0.20824596745544344,0.2316901297019309,0.2743884087246325
0.28731016444845436,0.2092708586247112,0.23136039170864559,0.2720585852181889
0.2832643064741288,0.20793080800822095,0.22904495609577988,0.2797599294218704
0.2883504218419656,0.20674010558542577,0.23254531891059305,0.27236415366201555
0.2820959323849108,0.21238146290987459,0.22749849842515885,0.2780241062800558
0.2807393475381736,0.20672895267406968,0.2282929569338123,0.2842387428539444
0.282957136848153,0.2058952591598869,0.2288354940215622,0.28231210997039796
0.2789349971055249,0.2101876331687983,0.22583443919466087,0.285042930531016
0.2768049799091954,0.19907880652356552,0.2261660315234015,0.2979501820438376
0.29860471187898474,0.19322439971749805,0.23954389718145108,0.26862699122206607
0.2930800746061834,0.2163641508116926,0.23207511149064952,0.2584806630914743
0.283607568801011,0.21352934786757774,0.2300528090390916,0.27281027429231974
0.2919491045542722,0.2055007435915566,0.23566277853470163,0.2668873733194696
0.28820924881956134,0.2153387047668062,0.23084848024070317,0.26560356617292924
0.28206955762474517,0.20875951966778655,0.22915368474465286,0.2800172379628155
0.2907490068653891,0.20750845275629348,0.23413819494762947,0.26760434543068784
0.2791673018283311,0.21479419552589393,0.22538631243239488,0.28065219021338006
0.2807368777820999,0.20502764008639163,0.22896130861729927,0.28527417351420925
0.28315254027320763,0.2033836464853656,0.22879310570416078,0.2846707075372661
0.2835564609724677,0.20966056947669573,0.228591036144456,0.2781919334063804
0.2757245822383574,0.20375855300773482,0.22475667597502313,0.2957601887788846
0.2947147504575832,0.19500898659156707,0.23758620411022077,0.27269005884062897
0.2917781977715972,0.21093050524568302,0.23187668310652637,0.26541461387619353
0.28830394667279613,0.209665366746208,0.23268887305994937,0.2693418135210466
0.29437676856685663,0.2057746057191405,0.23654286087648763,0.2633057648375152
0.2927128026694163,0.21813978329343273,0.2337614249566103,0.2553859890805406
0.2798846108120218,0.21877510980440354,0.2271958123487873,0.27414446703478734
0.2821113455411867,0.20790902688500604,0.22990838709876035,0.28007124047504695
0.28014662603978974,0.20742842893690225,0.22682330146316018,0.28560164356014783
0.2808824134159729,0.20295611674537825,0.22801704403596104,0.28814442580268784
0.28589110553677166,0.2026300051125798,0.23056953896432386,0.2809093503863247
0.2840814576733177,0.20972502980848493,0.22865437499438387,0.2775391375238135
0.2808292636752784,0.20274268268353496,0.2281984572689124,0.2882295963722742
0.2973146949856863,0.19740103412504695,0.23866074157058503,0.26662352931868166
0.294159712965873,0.2126261592984764,0.2336595062172266,0.25955462151842396
0.28824402845650615,0.21942358421163843,0.2321231375154955,0.26020924981635996
0.28111630221563216,0.21300965609005545,0.2285544168702154,0.277319624824097
0.28740106426393713,0.2043091679770319,0.23273778967805037,0.2755519780809806
0.2881165836289855,0.20538628924499067,0.2315304251339649,0.27496670199205886
0.2892954563957928,0.2136539040831451,0.23223173182291623,0.2648189076981458
