0.3640136496480999,0.21657165398409062,0.2793754584106196,0.1400392379571899
0.37471244873944826,0.1960075783187669,0.31075808203531685,0.11852189090646793
0.34648722819799477,0.2033068254839198,0.23467600389110663,0.21552994242697882
0.38855561381389575,0.19787522829174045,0.12553667076634678,0.2880324871280171
0.40337762885247386,0.2193090160033655,0.12046260861145622,0.2568507465327045
0.3648159764972439,0.24367379004899004,0.22868361698909628,0.16282661646466992
0.40515931377653625,0.2065586478192592,0.24004676828692237,0.1482352701172823
0.3464192499745174,0.19736795742140031,0.3698760058920012,0.08633678671208103
0.3971473858705188,0.13489381735191075,0.06778175564309366,0.40017704113447683
0.3850132026126405,0.20608797493183958,0.06611660720558866,0.34278221524993124
0.3781361909178228,0.19630171552708195,0.06454400358060539,0.3610180899744897
0.3165621406734792,0.26569147340588073,0.28942953393538245,0.12831685198525772
0.4151599875500828,0.18997417716412832,0.1708865185624173,0.22397931672337149
0.3274509210985173,0.2263190682021995,0.336388258295569,0.1098417524037141
0.32000039344664866,0.18072444452508865,0.12022038555537348,0.37905477647288915
0.35798944374129843,0.2509525314575995,0.15519981256536963,0.23585821223573233
0.38416112770143696,0.22438632170906384,0.14367792283076344,0.24777462775873596
0.23615102594053347,0.20898008467069645,0.5024466854455094,0.05242220394326077
0.40656007298850916,0.15339180922596074,0.2862121451204248,0.1538359726651054
0.3320587931613773,0.19119552533573397,0.382047522341811,0.09469815916107782
0.33386046931376506,0.15242195526863098,0.08986752841872542,0.4238500469988784
0.3413857457992533,0.2647686020126495,0.20580448798647677,0.1880411642016205
0.4144061151589232,0.1938034901148052,0.11622075267671671,0.27556964204955475
0.33843803379168363,0.24530277491677174,0.28898208083461085,0.12727711045693385
0.3959334042342779,0.19627278329895978,0.24462186331771776,0.1631719491490446
0.26148396189732775,0.16875707669975593,0.5283937577160022,0.04136520368691423
0.3851238368601713,0.14198642515628826,0.1399234129467981,0.3329663250367422
0.3722113839307472,0.23896415384240155,0.23229063749974765,0.15653382472710375
0.4081794888061491,0.20412224038135135,0.19591369035536632,0.19178458045713323
0.3295109601883474,0.2104832150438652,0.3768884507281496,0.08311737403963777
0.47932980077902143,0.135004041162807,0.08611994174242985,0.2995462163157418
0.3144236101206066,0.2255929210159723,0.3910644893589646,0.0689189795044565
0.44283810099592896,0.14069027235021997,0.09715738119056636,0.3193142454632847
0.4400262901459453,0.1974878645601358,0.08023825589970407,0.2822475893942149
0.39767103614037036,0.15772795772181136,0.03919072834175549,0.40541027779606276
0.311075930730558,0.26584343694632007,0.3129046638905839,0.11017596843253807
0.4008921934251726,0.1874246995009598,0.2878550125173547,0.12382809455651284
0.38371861561183357,0.1872191376977459,0.3229911926457003,0.1060710540447203
0.3563323342086413,0.16294897799220606,0.09745887114926079,0.3832598166498919
0.3632692099902979,0.25164828309125403,0.1631671060020234,0.22191540091642478
0.4164883875723288,0.1813678464946074,0.07306571991905483,0.3290780460140089
0.305447386344126,0.24608206777193553,0.36990146151921033,0.07856908436472801
0.3895221125650348,0.17048280203640975,0.3368588873083672,0.10313619809018833
0.28132105378132893,0.15132702246753904,0.5209820537622748,0.046369869988857206
0.34336475639092834,0.09321396376510224,0.040620655067828644,0.5228006247761408
0.34381801881459356,0.21276895512716487,0.060272198492234426,0.38314082756600704
0.3489193494566782,0.187181332386538,0.05400709940638752,0.4098922187503964
0.2830996706026531,0.26439127386692446,0.3585003578130613,0.09400869771736119
0.3936284365868818,0.18432463324913329,0.2687742155897336,0.1532727145742514
0.2934045056656084,0.17591614699847258,0.4743597020896936,0.056319645246225514
0.35905589200749366,0.14780524024347616,0.1178940406080816,0.3752448271409485
0.3791371169975442,0.2300044333605521,0.11526503096474677,0.27559341867715703
0.4066573499773977,0.22033583670246548,0.12148554124989329,0.25152127207024366
0.23872437223400447,0.201993924693274,0.51762311294546,0.04165859012726162
0.4578483645265559,0.1419086678309259,0.23093510574106574,0.1693078619014524
0.3996656332690528,0.1981262305710411,0.28432646504075965,0.11788167111914649
0.3747616926851113,0.14311790043060246,0.061170107925221893,0.4209502989590643
0.37436624522686307,0.21130920288016966,0.07293855263416457,0.3413859992588027
0.3862173475535207,0.1889489453715622,0.059392009829710546,0.36544169724520653
0.2620484176550161,0.24567582048793185,0.42319016217766503,0.06908559967938711
0.3867526566763006,0.16545014061601632,0.3309494216344949,0.116847781073188
0.3628537463113008,0.17573809191866324,0.3738997989956995,0.0875083627743365
0.33070177716971133,0.12197570602154867,0.04729423807814941,0.5000282787305906
0.3673667515039161,0.2363159861954919,0.08378318165289217,0.3125340806476999
0.40084623727295593,0.19849729986181838,0.07158332009371232,0.3290731427715135
0.24982804269291123,0.23411878168199265,0.45829267877291774,0.0577604968521783
0.45616168488191705,0.12677499710162274,0.09250770447160726,0.324555613544853
0.3652348174667874,0.24664052908646789,0.2480553148011684,0.14006933864557639
0.2987011935673537,0.13017062047594413,0.036112650825001064,0.5350155351317011
0.3571390690595466,0.2434495295780097,0.08418956475522783,0.3152218366072158
0.3808530841666415,0.23323412524997134,0.12438287503347989,0.2615299155499073
0.2186131090273954,0.2109525377772771,0.5210559083324005,0.0493784448629269
0.4045327856582549,0.153949946597846,0.2494050403225598,0.1921122274213391
0.29245739168139806,0.20278757739619482,0.41739444504037915,0.08736058588202797
0.28845971055970043,0.13395871693472067,0.06417611492014556,0.5134054575854334
0.3270097350401241,0.2845724163711082,0.21015373939113957,0.17826410919762828
0.3829256878188463,0.2193906598128421,0.2068135089841999,0.19087014338411165
0.2882233008026354,0.20340479246483062,0.44104424778649376,0.06732765894604012
0.45586636993111673,0.13326329127712405,0.09876430482680175,0.31210603396495745
0.30733599323517036,0.2320341190446187,0.38144628797052943,0.07918359974968156
0.3708009294900895,0.128246025574607,0.06044878105987175,0.44050426387543173
0.4004155146406615,0.23643159662873015,0.10166459457429565,0.2614882941563129
0.39236457089146304,0.16676987836741994,0.047414526461298755,0.39345102427981826
0.26033662352704867,0.2594943883797036,0.39720449733450197,0.08296449075874579
0.45081795119395257,0.15868784381680495,0.14868057918880712,0.24181362580043536
0.32622111990593256,0.2232676133252061,0.3621552042826625,0.08835606248619889
0.30510788433727515,0.15057045711855724,0.07843720510819371,0.46588445343597396
0.3226403447856585,0.27610369354101466,0.2524643194430093,0.14879164223031754
0.385336113801561,0.20723447394526232,0.16616481611004408,0.24126459614313256
0.28592777871590974,0.21589034536258983,0.4298200118380011,0.06836186408349934
0.4236103662740705,0.16274487917120575,0.2520265299562576,0.16161822459846623
0.27751762110886813,0.17793458746210014,0.48617675402305155,0.058371037405980195
0.33938598525303254,0.08879106058914121,0.03132111909355834,0.5405018350642679
0.3619581518327608,0.24017227126721435,0.08151135669680816,0.3163582202032167
0.38368265060167733,0.238666203111667,0.14102582070458053,0.23662532558207527
0.29067444609658766,0.22127873479669213,0.4191899033248718,0.06885691578184827
0.4280475638814844,0.16440285284751088,0.2374306428699224,0.17011894040108222
0.361566142693613,0.21142385748828596,0.25953297884328547,0.16747702097481548
0.3390787039138335,0.19149869491336466,0.11173247636152639,0.35769012481127543
0.3929570390218216,0.21438352160402924,0.09157051996600271,0.3010889194081465
0.3182642016109538,0.2494028068787832,0.3301745627151949,0.10215842879506808
0.23112194498861302,0.14273207430666696,0.5943869983071942,0.03175898239752587
0.4443861330029054,0.13153539747902465,0.26311805628807466,0.16096041322999516
0.37431269465633976,0.20732702580457313,0.24709732292336142,0.1712629566157257
0.3783510538843336,0.13403898586661575,0.04467259182779563,0.4429373684212551
0.38102643122604535,0.2559707545129409,0.1539139479490482,0.20908886631196544
0.42581170125982604,0.18100590841007203,0.07866640596760628,0.31451598436249567
0.31444363588418467,0.24510292503266398,0.34688816465398753,0.09356527442916374
0.37974646354485614,0.1810514170400216,0.32487239622597425,0.11432972318914815
0.4113357918850183,0.18457432031815715,0.2573818491510597,0.14670803864576476
0.4098714721897768,0.15683020598693334,0.07405217311486985,0.35924614870841987
0.3739591052688612,0.25116583054581226,0.21464041237563952,0.16023465180968696
0.3340131008535222,0.20671426719991934,0.37555416152653526,0.08371847042002338
0.3855263423675293,0.16683971657841767,0.3607335680770031,0.0869003729770499
0.4854390530979125,0.15439953042768562,0.14829431298611417,0.2118671034882876
0.3667604393993022,0.21828060177509592,0.30648374689997937,0.10847521192562246
0.42711698784801744,0.14551210107873536,0.07424469780992106,0.3531262132633262
0.4138153658171839,0.18432404594970653,0.05702415425940327,0.3448364339737062
0.39254884880729296,0.17030011532589445,0.04363414473178136,0.3935168911350312
0.2339837333066677,0.24240143153498903,0.4632146230606711,0.0604002120976722
0.37978995568413576,0.15400719294350423,0.37031281650228864,0.09589003487007133
0.46169045542539433,0.16308859920781657,0.1661829172125582,0.20903802815423092
0.296754256621096,0.21349112736937056,0.10834321897797992,0.3814113970315535
0.3395352405766164,0.26083825025332813,0.24202871880807894,0.15759779036197658
0.41935236757310473,0.20577812996321374,0.2411670122073313,0.13370249025635006
0.3953607885277441,0.20592480451830142,0.2518860404740548,0.14682836647989986
0.44619999872994964,0.18795727225117367,0.2160672857234598,0.1497754432954169
0.3983664645481303,0.20364573371587716,0.2816322174302209,0.11635558430577175
0.3519213843695584,0.0596397998513912,0.0068443969207926825,0.5815944188582577
0.24690694023968782,0.07685463101447056,0.004200672726235351,0.6720377560196062
0.2452873142011928,0.1297663972301796,0.015246503758394177,0.6096997848102335
0.30239968826101177,0.2761599823066477,0.13640471751405192,0.2850356119182885
0.37172558832353175,0.1887988571562612,0.06291560004469478,0.3765599544755122
0.3187672286314039,0.20893899417728884,0.06680758772817309,0.40548618946313425
0.17718120118163855,0.15044385011862424,0.02441141872467081,0.6479635299750663
0.26525457552508575,0.22372659975769082,0.040980694249353175,0.4700381304678703
0.2991917811126036,0.2897883646075444,0.1816379438698051,0.22938191041004685
0.16905259801372766,0.20789900541818335,0.5563112303705723,0.06673716619751657
0.18057804181835282,0.14918748175426544,0.49086119038633247,0.17937328604104932
0.10787492236163371,0.16950849371020815,0.33158794332226893,0.39102864060588927
0.06909546519305466,0.15969260492147266,0.05957656101419531,0.7116353688712773
0.2309761103912206,0.2323494693347609,0.05099964171929213,0.48567477855472635
0.24008717657790923,0.3004833760642136,0.2636662272952898,0.19576322006258737
0.21034157194757913,0.19952368372216944,0.5086036163016128,0.08153112802863866
0.39357891618492064,0.1574408906450817,0.2518693642714912,0.19711082889850653
0.2610388512049131,0.23124480412944368,0.3138282125099215,0.19388813215572184
0.24201092339797006,0.1740888122960839,0.08790750160711654,0.4959927626988296
0.3006751646352893,0.28731502608330245,0.2404965196466819,0.17151328963472637
0.3023058379754778,0.23589869719115755,0.27819886949397077,0.1835965953393939
0.2992020740214203,0.19970439079612287,0.4150860095857379,0.08600752559671886
0.3910308871147009,0.16562608737456755,0.323947453137315,0.11939557237341669
0.31349256669093806,0.2024860307170061,0.30653223148176173,0.17748917111029405
0.36378636162540035,0.15886839917241144,0.07712592406468215,0.4002193151375061
0.3785557773392052,0.25327389924187277,0.15976634729467912,0.2084039761242428
0.39159565140766667,0.21815252839330376,0.15136311574469918,0.23888870445433036
0.3309521247402641,0.23035634237545732,0.33217799462045033,0.10651353826382819
0.3788059677702761,0.18738497123487033,0.29212880132659613,0.14168025966825754
0.3660532576531007,0.20062665641114893,0.28219427215485976,0.15112581378089068
0.35960126393230424,0.129856072897249,0.04171151349345221,0.46883114967699446
0.3265011477182104,0.2799259988951189,0.2560237377031192,0.1375491156835515
0.3753920515111379,0.20468324784138905,0.3033624736688143,0.11656222697865873
0.3046452059296712,0.16593102536773216,0.4795937075193241,0.04983006118327258
0.4475820396576495,0.14107070628003102,0.1518085452635151,0.2595387087988045
0.36524118500752667,0.2298535941634911,0.23775040557149207,0.1671548152574901
0.3557809334527072,0.11864169861981638,0.02979345065341901,0.49578391727405746
0.3124586705989457,0.1354089731780206,0.018439690885346346,0.5336926653376874
0.337576740354252,0.2399055194616867,0.09132032041012231,0.33119741977393896
0.1762210505950893,0.1960363059181444,0.5968475535141116,0.03089508997265474
0.3584859272651191,0.13412746056553593,0.4094114735107735,0.09797513865857148
0.38730241077158256,0.16151448392835882,0.13490566744682214,0.3162774378532365
0.23362558837423927,0.18114070985900407,0.05110567305079631,0.5341280287159604
0.31462738571135546,0.26424792600278657,0.11165305613999316,0.30947163214586487
0.35228874684248473,0.25667087416828904,0.25008039108697644,0.14095998790224973
0.31087351236212946,0.1943141834944181,0.42430033924707017,0.07051196489638237
0.4095769932533449,0.16087275702229303,0.28514763462986115,0.1444026150945009
0.33300512375364605,0.20916594532279092,0.2085870845432716,0.24924184638029126
0.2987266797985872,0.11195935365351037,0.020459347320343553,0.5688546192275589
0.2983605899092686,0.1541168350508494,0.022482005997868492,0.5250405690420135
0.3079029315161521,0.2844117642046869,0.2128623503321572,0.19482295394700394
0.21219942432215164,0.18494093355022642,0.5581521123982894,0.044707529729332535
0.3954458519099227,0.15066636538567907,0.22517645654366364,0.22871132616073456
0.3515394387445771,0.2150479447270431,0.1431379620025464,0.29027465452583345
0.28078448634965353,0.1571286784222211,0.03869362432284293,0.5233932109052823
0.2752676567604135,0.2929215942223726,0.31603356011072387,0.11577718890649
0.3889730938583157,0.19579663866186192,0.2640554080335673,0.15117485944625506
0.29995503094667025,0.1859186993644511,0.4488073436805375,0.06531892600834115
0.3902084182801432,0.13481632055132978,0.09211599309662742,0.3828592680718997
0.3262584782767703,0.2638121680222653,0.23759694025947625,0.1723324134414882
0.34299190677272584,0.13078704828456003,0.03524856584311867,0.4909724790995954
0.3654959557659798,0.22245014567943286,0.06954904680894257,0.34250485174564477
0.36235360452596194,0.24750386328380952,0.15313304804730193,0.23700948414292672
0.23250430813292292,0.21550372704129267,0.48984330581349783,0.062148659012286576
0.39077810953245845,0.16358276784297104,0.2161069219981345,0.22953220062643612
0.3820324500737923,0.21421459490450417,0.1667155397982492,0.23703741522345445
0.2965823366616892,0.212847583930737,0.10157179616256555,0.38899828324500824
0.29467960507572,0.270809235308668,0.30053301233671165,0.13397814727890034
0.38149946428046927,0.2007436526322356,0.2845738282017384,0.1331830548855567
0.34996214757166655,0.19831970777366906,0.3420643365897414,0.10965380806492299
0.4325721546124201,0.1606690474724516,0.12243019188605793,0.28432860602907023
0.3529175890531455,0.24317301626650287,0.2461215417120065,0.15778785296834513
0.34720170640438525,0.134732014992859,0.03981003825456739,0.4782562403481885
0.3485513677315024,0.1656924645859738,0.02988325666918645,0.45587291101333727
0.34787746867551034,0.22576638527271292,0.08244516038976231,0.34391098566201445
0.2297348070774318,0.24876114590694437,0.44243313418457625,0.07907091283104757
0.4039830629951783,0.17025163979183872,0.2232997741640098,0.20246552304897325
0.36156329410080673,0.2186726010719126,0.1836778975189496,0.2360862073083311
0.22608119547872735,0.2176485738243396,0.1009545599287595,0.4553156707681734
0.27219269090664244,0.28410198692389593,0.3027586053398671,0.14094671682959456
0.3254978819659585,0.20401830463747814,0.3661187825463358,0.10436503085022765
0.3360027846718616,0.1921945175434898,0.3289342028365587,0.14286849494808992
0.4112140929307869,0.18377073025041984,0.23027808210821582,0.17473709471057747
0.3193254306628356,0.21659273821934577,0.33064872353740626,0.13343310758041246
0.34001231822287725,0.12935885395253593,0.04631194258673892,0.48431688523784794
0.3557133735410522,0.17551965279631007,0.0355089540622226,0.433258019600415
0.3472951899410997,0.22454663880966033,0.08567279559434123,0.3424853756548986
0.30298037560854635,0.2683930336439334,0.25544793675351907,0.1731786539940012
0.40197761545137667,0.20284812604778202,0.16137653920449976,0.23379771929634163
0.30811953976516243,0.23484231718092044,0.3473773379338056,0.10966080512011149
0.28401019070933275,0.18523541766107526,0.12429176474697075,0.4064626268826212
0.2556047258302117,0.25904787388201217,0.38785020584940333,0.09749719443837282
0.3688948947109988,0.18722923758101342,0.21350983706079504,0.23036603064719283
0.33717109885104596,0.2353802428653767,0.27002163059068374,0.15742702769289368
0.42360571160586635,0.18512376860447236,0.12727875126550992,0.26399176852415146
0.25931496968843715,0.20543054698736207,0.48506965385312895,0.05018482947107177
0.3826545713366,0.1263440010853689,0.08221916673608236,0.40878226084194874
0.38021716326322796,0.1875004246339218,0.05489486541443419,0.37738754668841606
0.3359518582127735,0.1841223099090604,0.051217640045015604,0.42870819183315045
0.30494991316853826,0.27430110298151533,0.18292091426846727,0.23782806958147903
0.38391908918361684,0.21774175156716255,0.14390103394319936,0.2544381253060212
0.3191211008439015,0.23770809576257923,0.33636730988826424,0.10680349350525517
0.31574094402264,0.20345738760529378,0.1980221674710594,0.2827795009010068
0.28026822499554077,0.23884311847524756,0.3698933807145502,0.11099527581466154
0.3271217917264397,0.1892329590743885,0.37106886011143886,0.11257638908773283
0.38958366135205885,0.18055409688856947,0.2934362794921373,0.13642596226723439
0.43148361884743636,0.15052261148163212,0.08101314124370766,0.33698062842722376
0.31562619594663616,0.2605040240476083,0.24480759261682158,0.17906218738893398
