0.27443252404958585,0.20877729785349333,0.24717175279235765,0.2696184253045632
0.2901292914164666,0.20577902144476445,0.24408829118992986,0.26000339594883903
0.29480791183243055,0.20359884812577217,0.2393824448504658,0.2622107951913315
0.2944630371951639,0.20703358410477832,0.24252766869764997,0.2559757100024078
0.2703390237725929,0.19978415743602615,0.2520112875525804,0.27786553123880064
0.2761968480391831,0.2069413613374798,0.24136442793715923,0.27549736268617786
0.2680499132474351,0.20151704801960985,0.25370201266773434,0.27673102606522065
0.29219142181818486,0.20745781425946605,0.2416523634915162,0.258698400430833
0.2998328894431285,0.20725310151703338,0.23768911307048698,0.2552248959693511
0.289495312277554,0.20779388495092838,0.24263165169900278,0.2600791510725148
0.26698515775427534,0.19960944323748767,0.25977394390482605,0.27363145510341097
0.28857121248815015,0.21244805248407447,0.23056827320656195,0.2684124618212134
0.2886084081231113,0.20330153767995943,0.25420885230874596,0.25388120188818336
0.3080460481622116,0.21052986977235344,0.23449586008048168,0.24692822198495332
0.29902924332276426,0.20244743468449816,0.24462345226439874,0.2538998697283387
0.29494616484597186,0.21024932902491827,0.2389487628319476,0.2558557432971624
0.26638907928171923,0.19759716624116422,0.25859111834883086,0.2774226361282856
0.27972267158521147,0.20913937842460342,0.23639453788336842,0.27474341210681674
0.2778779956347582,0.2021617928855033,0.2571676932347402,0.2627925182449984
0.2987113909723118,0.20956950758123283,0.23313451102239252,0.25858459042406284
0.29168603162384893,0.20348186581885228,0.24408292532568693,0.26074917723161184
0.2759855226998876,0.20428602476423505,0.2449801319164229,0.27474832061945437
0.26574105007674337,0.19739565104183765,0.2559176507502168,0.28094564813120215
0.29068209987841975,0.21077849446263658,0.22641218918759276,0.27212721647135096
0.2655164672069779,0.19522052828151154,0.2670459246659045,0.27221707984560606
0.291390008812737,0.21033662168055559,0.23569929378407295,0.26257407572263436
0.28931230950014664,0.20263523748632356,0.24409405971844803,0.26395839329508186
0.2833924141404861,0.2065888597584381,0.24516706061647958,0.26485166548459627
0.25941743477646306,0.19514570127296108,0.26111231106252214,0.28432455288805386
0.2848670634655115,0.20972938868486132,0.23117809147493826,0.2742254563746889
0.26967090168024754,0.2004403819092272,0.2580432314189234,0.2718454849916018
0.2730381444651905,0.20387149158391854,0.24473536590713546,0.2783549980437555
0.28531187162213495,0.20369008138957223,0.24642272046407623,0.26457532652421667
0.2924077249344154,0.20844512318077002,0.23568118654459427,0.26346596534022027
0.2716692293206192,0.19880272178507175,0.2603726384842545,0.2691554104100545
0.2777938479032916,0.21069225140691902,0.2373226427451183,0.27419125794467114
0.2749370305440777,0.20154901033225858,0.26027793179784336,0.26323602732582047
0.3114495496294839,0.2122902550815375,0.22981164851851538,0.24644854677046332
0.3022765904754546,0.20061828967446896,0.24476793216063822,0.25233718768943825
0.29445652624863444,0.20673860418877535,0.2432361436099536,0.25556872595263663
0.2628385586205968,0.19800400655964764,0.2574499468443436,0.2817074879754121
0.2708532130441073,0.20971499254424295,0.2401161505162579,0.279315643895392
0.25949691714081635,0.19842698747397225,0.2677250434323165,0.27435105195289483
0.30098839837463937,0.21106506576704326,0.23212027831565935,0.2558262575426579
0.3104123134917277,0.20733489968780777,0.2373503492376154,0.24490243758284916
0.28409990724972833,0.20580348890133043,0.24441432662366233,0.2656822772252789
0.25349457449427154,0.19468139485181207,0.2656539843204812,0.286170046333435
0.2855694404732042,0.21204941340522415,0.2269054238058598,0.27547572231571177
0.2816403965251496,0.19997832152596576,0.25927570193620103,0.25910558001268374
0.3046685881642086,0.21027859388767497,0.23683959562156803,0.2482132223265484
0.30148807473835104,0.20292758642274525,0.24310080229266104,0.25248353654624267
0.28753396222466504,0.20703623511488475,0.24248349319096182,0.2629463094694884
0.2515619998233556,0.19533767869295934,0.26555559625506847,0.28754472522861657
0.26893996321708186,0.2080140975465885,0.23791799950695494,0.2851279397293747
0.2781403992167322,0.20392644386489392,0.25390126798183876,0.2640318889365351
0.2994173078950129,0.2081546212641246,0.23574791951059287,0.2566801513302696
0.29692423538044127,0.20236145902147396,0.24412052285542488,0.25659378274266
0.28553563407861476,0.20717674661344657,0.23989012159415135,0.2673974977137875
0.2573346759683466,0.19600161534098928,0.26278552748496414,0.28387818120570013
0.28117729581935985,0.21129380006956108,0.23345376900836876,0.2740751351027103
0.2744284352832308,0.1987507706895901,0.2625886172208191,0.26423217680635996
0.31476443269509546,0.21287846589082424,0.23048903678313257,0.24186806463094773
0.2976884807684809,0.20246525846343066,0.24330302292693354,0.25654323784115485
0.2750603504801469,0.20635995433092436,0.24935781198292253,0.2692218832060062
0.2493338258601126,0.19624469385154153,0.26424788407996097,0.2901735962083849
0.28728438521388844,0.21417844403193778,0.2265472462851075,0.27198992446906617
0.2877752137595041,0.20258765276293464,0.26054237903995303,0.24909475443760823
0.31095030811924484,0.21050032015517214,0.22989472633245994,0.2486546453931232
0.30093284106354173,0.20392968764949865,0.24258885565850372,0.25254861562845593
0.285034973769095,0.21140117941387013,0.24091494836994018,0.2626488984470947
0.2619711565154907,0.19615205278566852,0.2654864154944314,0.27639037520440934
0.29883689605399527,0.21493845581518856,0.2234023467563294,0.2628223013744868
0.2921575973702403,0.2016300298453744,0.26198109067737774,0.24423128210700762
0.30905339320293185,0.21177471387661584,0.23187550865426337,0.24729638426618883
0.29126119616705076,0.20247503399502767,0.2450366839335405,0.2612270859043811
0.2742799949067097,0.206319096023043,0.24532322210859192,0.27407768696165535
0.2529513505932116,0.1932257484876641,0.2641607391227357,0.2896621617963886
0.29479591063825594,0.215347334548701,0.22081361758811288,0.2690431372249303
0.27267758482040083,0.19706574700985313,0.26575956185828825,0.26449710631145773
0.28962518523009856,0.20952929257837707,0.23486004303352415,0.26598547915800025
0.2849691846164688,0.2024244596479626,0.24589459493816113,0.26671176079740744
0.284857966469624,0.20916659136709426,0.23961100225770496,0.2663644399055768
0.26926492849955225,0.1976389037341439,0.2603393948032196,0.2727567729630843
0.29144701333396034,0.21322373558082497,0.22625590448782523,0.2690733465973895
0.2823565196883506,0.20131741495748398,0.26494498163134556,0.25138108372281975
0.30719801564156074,0.2129300470960158,0.2269173552950833,0.2529545819673403
0.2938025060877901,0.20029059153353176,0.24857474911548155,0.2573321532631966
0.29124210472955686,0.20969840881691984,0.24072343949061448,0.2583360469629089
0.26630574876464147,0.19576107270638538,0.25899697150767,0.27893620702130323
0.2883635004484371,0.21481620678264238,0.22925042856828692,0.2675698642006337
0.26632124269295876,0.19715233599932933,0.26823493131166054,0.2682914899960514
0.2924232560100358,0.20737793910762034,0.23449510370555915,0.26570370117678466
0.30545283590277766,0.20876246549070163,0.2336262611995651,0.25215843740695565
0.26607123581078956,0.19991249903530117,0.25306799047046447,0.28094827468344485
0.25647919601868396,0.19980690627456352,0.2617786378901197,0.28193525981663287
0.28586830585370193,0.21234221051300292,0.22623343347382607,0.27555605015946905
0.29740364781576095,0.20284119127033431,0.2551036955000175,0.24465146541388727
0.30898273818935684,0.20755546808284517,0.23296369530271036,0.25049809842508763
0.29409209288875976,0.2001922628353035,0.2454019060925234,0.26031373818341336
0.2817512749313093,0.2086500687362924,0.24401514138919095,0.26558351494320737
0.24587258181464658,0.19329689890942844,0.2624682478764607,0.2983622713994643
0.27586074317614984,0.20889669824835796,0.24255093994016985,0.27269161863532243
0.2875766683950247,0.20405918861658692,0.2473267191073565,0.2610374238810319
0.30281042997042984,0.20717022127770038,0.2364743067781304,0.2535450419737394
0.2774007224185819,0.20284227093144927,0.2497211605544844,0.2700358460954845
0.2599742641928729,0.20095676420322045,0.25018862488930044,0.2888803467146061
0.27086095298738827,0.20217200442782035,0.24911442201680112,0.2778526205679903
0.28631262067075414,0.2073314508382874,0.2344712790154551,0.2718846494755034
0.2887434352050591,0.20181693119708036,0.2596284966973123,0.24981113690054838
0.3076980244887797,0.21140746151276713,0.23000331231969126,0.2508912016787619
0.28973067762399574,0.20155788063247548,0.24850167244270238,0.2602097693008264
0.2688183481324146,0.20207732323108446,0.2544655897495334,0.27463873888696744
0.2601517819533158,0.19869745131151145,0.2541897929245658,0.28696097381060703
0.28761638382866184,0.2122408041333645,0.23655201995871064,0.2635907920792629
0.2748652087340016,0.20118320354239186,0.2571402400431722,0.2668113476804343
0.286607176081219,0.20506396193793178,0.24242016146228657,0.26590870051856264
0.29097120851591346,0.206117507510208,0.2406400377576001,0.2622712462162784
0.2774884878867903,0.20372354305003787,0.24749433174005017,0.2712936373231218
0.2716255665483107,0.20228736476330073,0.25261141975159207,0.27347564893679643
0.2764415967015632,0.2058669841722203,0.2403320024558556,0.2773594166703609
0.2891976969271625,0.2044368001614638,0.25694058729098457,0.24942491562038915
0.32026304201988254,0.21161703300339477,0.22610922614653395,0.2420106988301888
0.2923912450103193,0.19992413158478986,0.24605060797865674,0.2616340154262341
0.26126517068549143,0.20030267874999996,0.26351768589181096,0.27491446467269776
0.2659439268331326,0.2033809588485331,0.24451837467832876,0.2861567396400056
0.28432982142537083,0.21071238564906866,0.23552871694347713,0.26942907598208343
0.25930105852080476,0.19766194219380598,0.27249560619867197,0.27054139308671726
0.29411995266758795,0.20790820188455955,0.23479842741532897,0.26317341803252353
0.31031436146733304,0.2141521882314851,0.22621390703737496,0.2493195432638069
0.2651470532159877,0.20291100020765632,0.25965982656991066,0.2722821200064454
0.25457420715115386,0.19989982740725115,0.264218896798466,0.281307068643129
0.311559493493379,0.2264616581540446,0.21516253895167378,0.24681630940090266
0.3239488965681551,0.2141681042788032,0.2505818164532477,0.2113011826997941
0.3319904224631422,0.21241393295253289,0.2378476954184553,0.2177479491658696
0.32745067100898345,0.2115647728394984,0.22767411742042412,0.23331043873109403
0.3070236010128791,0.21638575651660943,0.23946275052965268,0.2371278919408588
0.283626154631056,0.2076198637359546,0.25392656624611226,0.25482741538687714
0.29896859302371814,0.21277401045097627,0.22881742709724756,0.2594399694280579
0.31333826485706184,0.20875415890460686,0.25482542777857464,0.22308214845975666
0.3138515181971124,0.21000631442956164,0.23255657479316885,0.2435855925801572
0.29109028797010617,0.2029329670758626,0.23933798247595325,0.26663876247807794
0.26375985724148515,0.2046278839586652,0.24563468438455238,0.2859775744152972
0.24304205719575644,0.19082874438566746,0.2511008524164233,0.3150283460021527
0.28184983774816647,0.20803857898687145,0.22610840471642377,0.2840031785485383
0.2918058163192001,0.204137235117133,0.24568919822287852,0.25836775034078835
0.2939029391236504,0.2046396947477609,0.23552654074761809,0.2659308253809706
0.28457781095183216,0.20234493124442057,0.2424916319249669,0.2705856258787805
0.2738780775552029,0.20270938188498108,0.24364521013624363,0.27976733042357244
0.26617898686944175,0.19733813089638474,0.24960188216323081,0.2868810000709427
0.2782413123586864,0.20893269880473864,0.23403872435207362,0.2787872644845014
0.2755825965666185,0.2001903379686968,0.25994571308486086,0.26428135237982386
0.29379889052772895,0.20770610401076448,0.22887625543459758,0.26961875002690905
0.28388811726086205,0.2031700606523986,0.24581305602449433,0.2671287660622451
0.26937613847695907,0.20348428645616626,0.2493048405522825,0.27783473451459223
0.2671365211257119,0.19958588269785293,0.24785595514831976,0.28542164102811535
0.29318977000001833,0.21190954201235224,0.23064923407989713,0.2642514539077322
0.278636643514797,0.19703140897910285,0.2612863263681385,0.2630456211379616
0.30901187725728185,0.21031970067217967,0.2281986131296003,0.2524698089409383
0.2897607398892319,0.20198772724139455,0.2441366970256173,0.26411483584375633
0.2598857869859309,0.19975777885272286,0.2584672933190903,0.2818891408422559
0.25662887441382404,0.20091717593430816,0.2552045708385542,0.28724937881331364
0.28843361120793076,0.212875924688246,0.2312244527346628,0.26746601136916043
0.29033778213079126,0.20400713632087658,0.2563958608462,0.24925922070213216
0.2954654538868856,0.20610052042216492,0.2363425468775384,0.26209147881341105
0.29715357675807497,0.2046628249512871,0.24136360160133113,0.2568199966893068
0.2765060272464812,0.2054378013001092,0.24301148149596943,0.27504468995744014
0.25641368420430416,0.19770172244075238,0.26168344643395125,0.28420114692099224
0.2819579634542735,0.2107890138274668,0.23812442696233307,0.2691285957559267
0.30481163032536457,0.20790158946979825,0.24777121836811222,0.23951556183672496
0.32793658561722433,0.21015066087671216,0.2299777551846929,0.2319349983213706
0.2997844986293924,0.2013949096845035,0.24152597592097846,0.25729461576512574
0.2608853870903309,0.19940408842124202,0.2585256810277356,0.28118484346069156
0.25622325194982076,0.20392351230189928,0.24888836322178887,0.2909648725264911
0.2759214398928014,0.20776746931620318,0.24051226133330544,0.27579882945769013
0.29611087959657906,0.20582460555670606,0.25197075280547615,0.24609376204123876
0.3123128349606137,0.20682589377279068,0.23237094977422088,0.24849032149237482
0.3006136385552076,0.20806829129200682,0.23827311668065146,0.2530449534721341
0.2656451781673988,0.206110939282466,0.2508645686032708,0.27737931394686444
0.24888472745427584,0.19452866922673476,0.26145413545541857,0.29513246786357095
0.3051992183492387,0.21503202932780424,0.22487694722824506,0.254891805094712
0.3091408677067923,0.20399891592138622,0.24913128487776462,0.23772893149405694
0.3223127300231254,0.21284127132130662,0.23117423266714132,0.2336717659884268
0.2814356772005882,0.19979515499272948,0.24860056351435558,0.2701686042923267
0.2656905422282266,0.2044316366541984,0.25060014660733615,0.2792776745102389
0.26328066058896776,0.20036660420981292,0.2554482567958517,0.28090447840536764
0.2989285606688667,0.2136163195036952,0.2261338627047683,0.26132125712266974
0.29471574206375123,0.20332323039558603,0.25642816882811775,0.24553285871254504
0.2928162143886456,0.2073379548706441,0.2355882851819571,0.26425754555875325
0.28754807897238327,0.2050914250896617,0.2453568166406153,0.2620036792973398
0.27593727166148074,0.20783029725333002,0.24017606270372516,0.27605636838146413
0.2710425828006879,0.19901918126793464,0.25990086494817494,0.2700373709832025
0.3007178607074951,0.21258242792601267,0.22673214413576323,0.25996756723072895
0.3026433926644515,0.20528663394327237,0.25045833595961314,0.24161163743266284
0.3076428311639808,0.21075041022768476,0.23464852188185387,0.24695823672648068
0.28424381621544736,0.19947582089318752,0.2466970828906235,0.2695832800007416
0.27412410119333386,0.2046505167251868,0.2482898105761221,0.2729355715053572
0.2685553105383722,0.2018052765037758,0.2517633712942545,0.2778760416635975
0.2888431030586143,0.21100244320471026,0.23268196365080834,0.267472490085867
0.28184293125705767,0.20230530477706476,0.25594578698601833,0.25990597697985907
0.2917902979713716,0.20654872395589768,0.23694698185647145,0.2647139962162593
0.29104621922065943,0.20625723119229733,0.2399496679611775,0.2627468816258658
0.27834733100602865,0.20835705698161172,0.2434956784736782,0.26979993353868137
0.26948944209663717,0.1997464320596825,0.2566183178254854,0.2741458080181949
0.29808989390430446,0.21260242909117663,0.22852238220452523,0.2607852947999936
0.3074771449517954,0.20803921358113503,0.24921738245995947,0.23526625900711012
0.31539534374820644,0.2099627328678513,0.23238532623555927,0.24225659714838302
0.29613112918634305,0.20256595956285284,0.24144784419829052,0.2598550670525135
0.2732706803934431,0.20273182800102796,0.25393859966949595,0.2700588919360329
0.2723450109559376,0.20283005773416987,0.24686479177291273,0.27796013953697973
0.2869662109191517,0.2101924312233791,0.23205064374047674,0.2707907141169924
0.2745418619122762,0.20093430429568523,0.26392018450313437,0.26060364928890417
0.2893184667946034,0.20684775341830958,0.23397612619591596,0.2698576535911711
0.2919504144591964,0.20788191850716634,0.23546066206654673,0.2647070049670906
0.2723054579342964,0.20578413666843645,0.25018763897074553,0.2717227664265217
0.26264737949901773,0.1961477015446213,0.25421659901269866,0.28698831994366236
0.3055300020321404,0.21574166369768874,0.22014839640134493,0.25857993786882594
0.2931922481858799,0.20292908306466864,0.25720702585263777,0.24667164289681362
0.30762038122460905,0.21146731360018414,0.23440399021123226,0.24650831496397455
0.2987132567678587,0.20421944799944894,0.23941709680029677,0.2576501984323955
0.28778223525635566,0.20583669197293314,0.24846051134717428,0.25792056142353686
0.27473478847474014,0.19904250295784712,0.2542604115463519,0.27196229702106084
0.29253261807200337,0.21295872417255524,0.22482948287040747,0.26967917488503396
0.2572754894485302,0.19579395163316762,0.2725294910268727,0.27440106789142954
0.2737645820140252,0.2087664641063611,0.23635982206479003,0.2811091318148235
0.29535375710743084,0.2084429207184831,0.23590798476210192,0.26029533741198413
0.29139623249050617,0.208122502595162,0.24022780798640672,0.2602534569279251
0.2790485160999453,0.19860735440113833,0.2550072119478992,0.2673369175510172
0.29477330632327403,0.2107844784722002,0.22665821921929927,0.26778399598522656
0.28708233826472757,0.20473690207250533,0.25319126250536766,0.2549894971573994
0.2945362260560709,0.20668895436985082,0.24004801439663678,0.25872680517744145
0.2988902151187852,0.20317158928059448,0.24129031946287116,0.25664787613774914
0.29491616265814113,0.2091578540686025,0.2427006532309219,0.2532253300423344
0.2673053360920978,0.19952347232748635,0.2612481351010563,0.2719230564793594
0.28664028605394803,0.2141078659430347,0.2314692347169366,0.2677826132860808
0.27701474039244617,0.19905971086749247,0.2534871697749146,0.27043837896514694
0.28860707219393805,0.20573040145820098,0.23573835214744018,0.26992417420042075
0.27806706597046743,0.2015913551615852,0.2479372075135508,0.2724043713543965
0.2854130365351253,0.21367722432448502,0.23451058258885601,0.26639915655153373
0.2678393082052319,0.19693460826291823,0.25916150806641985,0.27606457546543
