0.30809809290164275,0.2339900486348417,0.23172450404660638,0.22618735441690915
0.3150926645734321,0.2433682584316223,0.216270463612865,0.22526861338208062
0.3223138753931465,0.24795801215537713,0.21002864343813665,0.21969946901333962
0.30794111271551133,0.23465241509758222,0.21634365292717075,0.2410628192597357
0.295975080824952,0.22145381407523798,0.2250819854498943,0.2574891196499158
0.32643298944549476,0.2515128614855466,0.21369301867421345,0.20836113039474527
0.31984399613972575,0.24705728734617138,0.20894241245153428,0.22415630406256865
0.32474057419984137,0.24933932105658144,0.20775497585068245,0.21816512889289472
0.3231934920531865,0.24845873444615363,0.20774841870714558,0.22059935479351428
0.27994004058798316,0.2085997423681844,0.22871350258518366,0.28274671445864885
0.321879769773525,0.24664010074340786,0.22082460407975266,0.21065552540331453
0.3284814177083309,0.2549221370021403,0.20475079501329488,0.21184565027623378
0.3259138935363341,0.2511701549049291,0.20492966869088294,0.21798628286785388
0.3226273904593371,0.2471382262283501,0.20756009738811088,0.22267428592420194
0.3230244822522964,0.24754954437946905,0.2082733404474063,0.22115263292082815
0.2890971254534507,0.21600584824930885,0.22404015234974176,0.27085687394749863
0.3118502094360245,0.23674017596600946,0.22371443099578858,0.22769518360217758
0.32246057700990016,0.24880470950539219,0.21111996680413775,0.21761474668056985
0.3117844792014683,0.23901109471954018,0.21450155237724042,0.23470287370175094
0.29243453048321116,0.21857107355915356,0.22591242209678972,0.2630819738608456
0.3102452427707363,0.2366959283661095,0.22413598224777986,0.22892284661537432
0.2743221659630297,0.2037553122605893,0.233388764986467,0.2885337567899139
0.3239802462928949,0.24887594133575633,0.22090339815244575,0.20624041421890307
0.32594786620223365,0.2529474480824349,0.2055744859611096,0.21553019975422186
0.32608787594169425,0.2513112975631496,0.20551746847174057,0.2170833580234156
0.3264247782441888,0.2506716588742923,0.2053148893230821,0.2175886735584366
0.3207287606225802,0.2457870288014222,0.20867723445969355,0.22480697611630404
0.29829696210847123,0.2261428813056989,0.22229852010954246,0.2532616364762873
0.3254591058822463,0.2506246151447694,0.2134306378549678,0.21048564111801635
0.3295244371156098,0.25496324605542525,0.2033548065178681,0.2121575103110969
0.31653475931287034,0.24321071044007947,0.21046564864940626,0.2297888815976439
0.322696496914605,0.24739533607850922,0.21002494259784987,0.2198832244090359
0.3380538435715985,0.2622932346801001,0.199407659241116,0.20024526250718544
0.303862037243552,0.23139126725888037,0.214629593259806,0.2501171022377616
0.3310526174004357,0.2550786808404796,0.2087566609312923,0.20511204082779247
0.33303542751996185,0.25824498717889144,0.2001592831811618,0.2085603021199849
0.3323213774754013,0.2565243720997143,0.20025759966345055,0.21089665076143377
0.33385234853974505,0.2577039812476472,0.1997078306930388,0.20873583951956898
0.3304123189658977,0.254756643744603,0.20143516993660712,0.2133958673528922
0.31919509374603655,0.24383791909894004,0.20841586575904117,0.22855112139598227
0.3233721707943834,0.24755024145608312,0.2090064140936097,0.22007117365592377
0.3269157244721692,0.25187925000850886,0.20597813376572494,0.21522689175359705
0.3322903562616067,0.2572154255438128,0.2020007992113354,0.20849341898324497
0.3270014095395162,0.2514738616384447,0.20347805316417847,0.2180466756578606
0.3167401096324493,0.24249687885302543,0.21110715490523746,0.22965585660928783
0.2623207444394484,0.19257536460426763,0.2370892909206821,0.30801460003560194
0.3270715629060745,0.2517306020569998,0.22261934917236803,0.19857848586455776
0.33408221024902734,0.26106559806768487,0.19984182414024415,0.20501036754304364
0.33430777247187693,0.2586522729793206,0.19849439851880352,0.20854555602999905
0.3291116065347525,0.2531695231663582,0.20195131553676707,0.2157675547621221
0.3248796284003289,0.2492565895807695,0.20578666632643433,0.22007711569246732
0.29465891283696855,0.22196153686887735,0.2223106825199779,0.26106886777417615
0.31908492026632856,0.24441507039184462,0.2184253345566765,0.21807467478515025
0.32925198281950113,0.2550635494539697,0.20523976225801052,0.21044470546851876
0.32698794696619904,0.25268023311775517,0.20436010958834575,0.21597171032770002
0.3123068395367361,0.23816841423853743,0.21310050889599527,0.23642423732873113
0.3303764319893453,0.2548684131794163,0.20694304412595274,0.20781211070528563
0.30751880338556103,0.23415816559181749,0.21418824069895465,0.24413479032366683
0.33004601601357064,0.25406687548496015,0.20826958713471727,0.2076175213667519
0.3376664362409406,0.26222741180643144,0.19762958984912216,0.20247656210350576
0.33482368572424165,0.25897455974962497,0.19767795054137513,0.20852380398475834
0.3270460288967172,0.25113863866056235,0.2030638430822222,0.21875148936049832
0.31331149225212174,0.23886751019030866,0.2128192869424749,0.23500171061509478
0.29537302487115136,0.2225779740464686,0.2253258647581654,0.2567231363242147
0.32618983154081493,0.25149415369251865,0.21382860990464916,0.20848740486201728
0.3328922203584055,0.258398344327941,0.20115080105332672,0.2075586342603269
0.3298269565595321,0.25505342105531736,0.2018941040897809,0.21322551829536973
0.3147347946124489,0.23922731871740457,0.21066326712052483,0.2353746195496217
0.3312203987334131,0.25520631420690804,0.20595394429873468,0.20761934276094432
0.2803371082090673,0.20937724752331313,0.2257172325795709,0.2845684116880486
0.3290253878396643,0.25292631875080374,0.2164096044925001,0.20163868891703182
0.3350794785505713,0.2611149373747888,0.19911301755639305,0.20469256651824685
0.3095616986319659,0.23696908273585982,0.21268839735159298,0.24078082128058126
0.2950128112894809,0.219713612276787,0.22523237103625846,0.26004120539747366
0.3076908047527849,0.23405081201571093,0.224613840482383,0.23364454274912114
0.2596172601477247,0.19112577420840582,0.23964577946332002,0.30961118618054945
0.3230774524707191,0.24811866863592608,0.22559385350561165,0.20321002538774321
0.32388315326875505,0.25169255735265317,0.20680359034280818,0.21762069903578357
0.30303263901103034,0.23124507364259247,0.2188936592585692,0.24682862808780798
0.31430888360217435,0.23919576952106972,0.21801942648207032,0.22847592039468556
0.3276939842477038,0.2533382698364492,0.207799486412062,0.21116825950378507
0.28631193438901636,0.21488288678163078,0.22451402777161,0.2742911510577427
0.32962933041185366,0.25391789967935147,0.21437205046934735,0.2020807194394475
0.3297959351662447,0.2558787057324855,0.20209159636818103,0.21223376273308883
0.3229495353178466,0.2483258407683008,0.2065187145721363,0.22220590934171638
0.3167093970112137,0.24113844290586525,0.21140026250473273,0.23075189757818826
0.3296999840928369,0.25433814571677915,0.20631107974344104,0.20965079044694296
0.2920275533353627,0.21984252663000997,0.2216637704219977,0.2664661496126297
0.3222665097607768,0.2462539170924715,0.21694731549240237,0.21453225765434936
0.32041734543465517,0.24704258203819632,0.20955306694749268,0.2229870055796559
0.3099877281057081,0.2374385470642095,0.2164568256430388,0.2361168991870436
0.32348209274800227,0.2480159608070173,0.21097763374738546,0.21752431269759487
0.31799141576285844,0.24455090928872208,0.21105307801912138,0.2264045969292981
0.2360191967152299,0.168747353384952,0.2421392817639334,0.35309416813588473
0.32462432485899473,0.24842652383290514,0.23199506775284898,0.19495408355525118
0.3232362657955461,0.2524786196211005,0.20678788962951156,0.21749722495384183
0.3290512460594386,0.25419360532094254,0.2042060458922092,0.21254910272740965
0.3263173265511888,0.2510897235188136,0.20474386634616926,0.21784908358382843
0.3226674840058432,0.2467793317519956,0.20730178441504682,0.2232513998271144
0.3078276156139401,0.23383129974506472,0.21636987792967094,0.24197120671132413
0.32248780865506893,0.24723438902398556,0.21252617573012167,0.21775162659082384
0.3370008808959636,0.26174030925905656,0.19998256896425295,0.20127624088072688
0.3093788884239429,0.237212318901464,0.2125148323851246,0.24089396028946852
0.304623209270505,0.22999634353325393,0.22162227337171073,0.24375817382453036
0.31284519027137875,0.23997022208785396,0.21942358469880127,0.22776100294196605
0.30246036099589346,0.22899666355358847,0.22084710687627965,0.24769586857423848
0.3362955219081446,0.26074963094576753,0.20570597441636773,0.1972488727297202
0.3319120625828734,0.2575676608520882,0.19944715643959532,0.21107312012544308
0.3356549480333591,0.25927575680558085,0.1985387833569209,0.20653051180413914
0.32750893883298243,0.2516056771199998,0.2024909271065647,0.2183944569404531
0.31974453518716445,0.24484124629541615,0.20923169383725654,0.22618252468016287
0.32636642364179214,0.25134585365047096,0.2074237754620218,0.21486394724571517
0.33422520728456967,0.25845384629262885,0.20067441540791173,0.20664653101488983
0.3273664339232953,0.25224237017683876,0.20295284563718144,0.21743835026268457
0.31076939607791865,0.23785677438211816,0.2146060832191654,0.2367677463207979
0.32932647632759454,0.253977310144849,0.20775323336691429,0.2089429801606423
0.3300712311160225,0.255360687851487,0.20243847971022286,0.2121296013222677
0.3060409066203251,0.23195347818648432,0.21504783810762848,0.246957777085562
0.3354803085110957,0.2593426886266429,0.2055755261760886,0.19960147668617287
0.33664528106882124,0.26144248058252734,0.1968532328017079,0.2050590055469436
0.33615806798002973,0.2597454194930183,0.19711043703196562,0.20698607549498635
0.32313163900138037,0.2477200496438566,0.20502248268767684,0.2241258286670861
0.3233033424819722,0.24808111187042753,0.2084265190615106,0.22018902658608983
0.3232346809230646,0.24857564979217325,0.2081968947624987,0.21999277452226346
0.32516130633328777,0.24928773642081437,0.20655009096197846,0.21900086628391943
0.33189950311923966,0.2565234297230482,0.20276957242654617,0.20880749473116586
0.320903389136829,0.24770450407653288,0.20776162549827082,0.22363048128836732
0.3313448788909058,0.25500597845015016,0.20363816648249683,0.2100109761764472
0.32560030804722345,0.2508391270291683,0.20477262689650075,0.21878793802710736
0.26790243138817227,0.19990372950433122,0.23471950000155195,0.29747433910594456
0.33202265770479406,0.25650767115967926,0.2174219675416853,0.19404770359384127
0.3381613396270026,0.2644857101294502,0.19619092577933894,0.20116202446420842
0.29919717991353295,0.22812640441458124,0.21742924462459065,0.2552471710472951
0.3280547767232254,0.25206501437807655,0.21154244185881835,0.20833776703987975
0.32550292722791885,0.25084366202630076,0.2049761318802826,0.2186772788654978
0.2323584425666285,0.16136961133051536,0.2309223656004235,0.3753495805024328
0.3047854433087184,0.22550085084759666,0.2440559821515689,0.2256577236921162
0.3058329194302739,0.23470266334954454,0.22077756851542943,0.23868684870475212
0.2666615104101253,0.1979954099494268,0.23870568415827229,0.2966373954821756
0.14874992478581586,0.09142771410763972,0.2387404908568087,0.5210818702497357
0.10778740464019247,0.05869876597837162,0.22251747041693826,0.6109963589644977
0.08657092491496497,0.045503001055158636,0.20405393045832598,0.6638721435715503
0.27764872190278955,0.18859232079252447,0.30253107965772,0.231227877646966
0.3116686100303196,0.24721870755577321,0.22681171704834543,0.21430096536556176
0.2165134459603332,0.15471440666333097,0.24375870378925188,0.385013443587084
0.263156470931544,0.1859733125086267,0.26347692404204376,0.2873932925177856
0.29362217975376825,0.22375418007278453,0.24027877625265232,0.24234486392079482
0.22444657849718197,0.15703706751439114,0.24253467768311915,0.37598167630530777
0.31494292214095604,0.2377663457111395,0.24136536408287718,0.2059253680650273
0.2912823170250662,0.2231303290679729,0.22519301524641194,0.26039433866054895
0.2900007145473818,0.21784024372076743,0.2334703909536915,0.2586886507781593
0.31081464340594234,0.2370573633139461,0.22335762064429945,0.22877037263581207
0.2830533578346884,0.21328650717659084,0.23098086806894758,0.27267926691977323
0.26800666175932497,0.19600500790241304,0.24338721812046438,0.29260111221779767
0.3243937478076633,0.2503428907333395,0.222441927495723,0.20282143396327418
0.3219697190948245,0.2501870196986169,0.20770866035135702,0.22013460085520153
0.3213870548413443,0.24648535705363445,0.20892307810515728,0.22320450999986383
0.33127391812719986,0.2552449262902399,0.20372639013323268,0.20975476544932753
0.2992160263798604,0.22682933797103766,0.21827552281988166,0.2556791128292202
0.3082740749768557,0.23342598734836156,0.22260026883784834,0.23569966883693433
0.33154900283395833,0.25703740855650475,0.20704159045628978,0.2043719981532472
0.30740316620837377,0.2347101376615475,0.21395586410017725,0.24393083202990148
0.31643206163631504,0.24287078315948354,0.21682765413234067,0.2238695010718607
0.3107305786306705,0.23703914889115438,0.21628868276198568,0.2359415897161894
0.3245075895371589,0.24949227077961678,0.2104653433819447,0.21553479630127956
0.3020599937324689,0.22872964383800265,0.21788082534045217,0.2513295370890764
0.33427036498131274,0.25828653068699103,0.20721840643460487,0.20022469789709132
0.33840349685108373,0.2631290897843123,0.19598382196741307,0.20248359139719102
0.32332851945595237,0.2483471862263908,0.20419913762965966,0.22412515668799704
0.3075114857391926,0.23344361908308214,0.2168895627927236,0.24215533238500167
0.3017528796212511,0.22821590374008177,0.22381509162499294,0.24621612501367415
0.303818209335502,0.2297114637112293,0.22340908331683043,0.2430612436364382
0.3169849971946999,0.2424104409351085,0.21608899058651188,0.2245155712836797
0.32788950607153144,0.2535848237107422,0.2068641529084695,0.2116615173092569
0.3293564386525801,0.25502667794821265,0.20337313669923435,0.212243746699973
0.30892401096621736,0.23376228111665523,0.21351897311299609,0.24379473480413127
0.29252286763015894,0.2181071008691883,0.2266871775132858,0.2626828539873669
0.26499766067899627,0.19475330181731668,0.24215661177407286,0.2980924257296143
0.3288286907348707,0.2543553351507908,0.22042706709538928,0.1963889070189492
0.33814947554615693,0.2647381226766394,0.19679983820954702,0.2003125635676566
0.28367606396608397,0.21338604495822813,0.22391441213728605,0.2790234789384019
0.2968227915179791,0.22178419525371248,0.2326908235639118,0.2487021896643967
0.2929746464194942,0.22147843406157428,0.23046998151691392,0.25507693800201753
0.30143442715830815,0.2278765450201032,0.2267203928767037,0.2439686349448849
0.32708044565677447,0.2529374243692302,0.2113427151548297,0.2086394148191656
0.30798825381687917,0.23494209094117496,0.21441531793924104,0.2426543373027049
0.30889592901377155,0.23608183335566382,0.22081388624083048,0.23420835138973417
0.2810455278579639,0.2073481878445332,0.2303146040759853,0.2812916802215177
0.3143085768220756,0.23950249004276772,0.2248366498130267,0.22135228332212997
0.2789598625057229,0.20858893534139852,0.2298368176925768,0.2826143844603017
0.32992924530105666,0.25450904779201794,0.21599150368809403,0.1995702032188313
0.3301476843784519,0.2565540252175445,0.20167042033026325,0.2116278700737404
0.29643986594420335,0.22332301052653958,0.21940578246013312,0.260831341069124
0.29154730830146863,0.21737114511608394,0.2311768972601875,0.2599046493222598
0.30986430299076223,0.23629896036836506,0.22389441573246824,0.2299423209084045
0.30574428375661933,0.2327564222437062,0.22002973794992983,0.24146955604974465
0.3070574199345387,0.2326241455324431,0.22052096031675375,0.2397974742162645
0.3081517726783883,0.2344465864013262,0.2201895134813214,0.2372121274389642
0.30638997897228104,0.23463984426664647,0.2218903456780385,0.23707983108303382
0.30138668355123166,0.2271814333715684,0.22296770510026925,0.24846417797693074
0.3149231952853993,0.2404634055199643,0.21824960607919647,0.22636379311543994
0.2713026720012153,0.20115837130690165,0.23289727653644937,0.2946416801554337
0.3270728845073618,0.2516481357363315,0.21999166357432243,0.20128731618198425
0.3336239930556186,0.26016296602438177,0.20025507770594328,0.20595796321405624
0.3012057594795114,0.2282892030345599,0.21641071060099187,0.2540943268849369
0.29821884051220493,0.22279728442400956,0.22626561461862923,0.2527182604451562
0.31278459073265963,0.23889592258478384,0.22059853107555003,0.22772095560700645
0.28484340460973284,0.21243546404293248,0.22774105663284513,0.2749800747144896
0.3093795883370577,0.23361075597013153,0.22528851359608604,0.23172114209672479
0.3011304119942333,0.22917359795882983,0.22285514670603854,0.24684084334089829
0.2856814119907418,0.21606076303905378,0.23433789073051253,0.26391993423969196
0.2981684089066286,0.22394647106554644,0.23027649632663413,0.24760862370119077
0.2939680632008016,0.22183091466382646,0.2290466521480167,0.25515436998735525
0.24258081899100806,0.176251970215199,0.2489815355457325,0.3321856752480605
0.32345412768188186,0.24877517857015635,0.2299892465234463,0.19778144722451535
0.3333738775052649,0.2614165278706216,0.20087606820245804,0.20433352642165545
0.285188675058456,0.21420594139982999,0.2235334489428731,0.27707193459884083
0.32012162737776284,0.24377217872660004,0.21998701054468,0.21611918335095714
0.3188328552787108,0.24587258096460465,0.21098165963142448,0.2243129041252601
0.27507380654907365,0.20313006576223305,0.23024273581329338,0.29155339187539997
0.31647056783015387,0.2408115581717844,0.2252421419977864,0.21747573200027528
0.2791013161204792,0.20849446344757727,0.2287656932651752,0.28363852716676824
0.2803524460776347,0.21023149602197982,0.24365560215578586,0.26576045574459956
0.297273059443519,0.22459982886844237,0.23252741813269556,0.2455996935553431
0.31549395840585154,0.24294200059540608,0.2189864569332489,0.2225775840654934
0.250685730110178,0.18458520176766308,0.24134497508483052,0.32338409303732835
0.321506642478989,0.24628819851546122,0.22894519075763164,0.20325996824791806
0.3293072526938478,0.25679336555488586,0.20384432806382166,0.21005505368744473
0.31440222914899435,0.2401617847514001,0.2103980216202516,0.23503796447935402
0.3274486056255864,0.25125540104349187,0.20786481311785399,0.2134311802130677
0.33260602924524396,0.25719505851778446,0.20149557462290593,0.20870333761406565
0.26305704814172837,0.19377428158667673,0.2321262997906909,0.31104237048090405
0.2715652414105828,0.19743404670307146,0.2489976282110016,0.2820030836753442
0.2862985455923309,0.21574174210691005,0.24141879412973632,0.25654091817102276
0.28873877269826226,0.21983377891592942,0.2365650303431672,0.25486241804264115
0.3144472404733525,0.24135686026055744,0.22133067043584143,0.22286522883024867
0.3114282134241828,0.23799576822300708,0.21563258492923915,0.2349434334235709
0.2788222968546843,0.2058686029873569,0.22982391297475913,0.2854851871831997
0.3288810659592919,0.2534723923985211,0.217205127890835,0.2004414137513519
0.33438463092857923,0.26062336944280445,0.19943384363736477,0.20555815599125163
0.31964556049768006,0.24445124313236682,0.20664519647387553,0.22925799989607756
0.2734529518082548,0.19958747159113463,0.2295444309510268,0.2974151456495839
