0.2931390609157556,0.236836919840066,0.23534981039779757,0.23467420884638085
0.2943659464719812,0.24155971264203432,0.22429905248314297,0.23977528840284146
0.3111250115743713,0.23896777647408565,0.2329390385173468,0.21696817343419628
0.3120494092757161,0.23424969456637712,0.23851919540805733,0.2151817007498494
0.2779039499725328,0.23802628970858247,0.2265000259955879,0.25756973432329666
0.26973740963710535,0.23713228577738216,0.2290530017814823,0.26407730280403013
0.3389335688726223,0.2378040403500413,0.2301938205121404,0.19306857026519603
0.3174916663294029,0.2440334257637775,0.22321137061251078,0.21526353729430883
0.3202406932721944,0.23526426764042205,0.24051965165003872,0.2039753874373449
0.3234724155620702,0.2340413371173678,0.23570193579569862,0.20678431152486343
0.22306665296141473,0.23763051503546417,0.2086445486340985,0.3306582833690226
0.3569152629823731,0.23306961936104162,0.23709103810872084,0.17292407954786437
0.346475733850866,0.23851357956735633,0.22664327248838312,0.18836741409339466
0.35648238287501555,0.24013609426911126,0.22586293050688772,0.17751859234898543
0.3318427955432257,0.23703975069211056,0.23528192122613226,0.1958355325385315
0.3560739979611868,0.23080228685461188,0.23785590102885198,0.1752678141553494
0.25606831371361877,0.2385529850402572,0.21949414545204837,0.2858845557940757
0.3362557086596117,0.2346427654653227,0.23664359351100991,0.19245793236405562
0.3081212606867715,0.2371911566018314,0.2317505517091017,0.22293703100229553
0.30438421225173207,0.23605660096536735,0.2344499647796545,0.2251092220032462
0.22237208457377486,0.22311862805439261,0.23457762897081777,0.3199316584010148
0.2783352586773482,0.23045772760888225,0.23335074288327956,0.25785627083048995
0.20614535411275042,0.2305869200594859,0.2071132749506528,0.3561544508771109
0.37130507083259556,0.22716597566898944,0.2402998040999968,0.1612291493984183
0.3219577939856316,0.24223745736504163,0.2208152115267528,0.214989537122574
0.3542145660671021,0.24031153064362065,0.22786677853634743,0.17760712475292986
0.34064585223708493,0.23332763098462278,0.23969724666857542,0.186329270109717
0.3267766654098258,0.23588995534535037,0.2323002763400882,0.2050331029047356
0.23652520228097904,0.2447601315976169,0.20578529038131868,0.3129293757400852
0.3688645637515025,0.2304932304645656,0.2411644282326519,0.1594777775512799
0.31891889824034186,0.23664679836193986,0.2310709600593724,0.21336334333834578
0.31071324733436795,0.24778172425945183,0.21688459791672723,0.224620430489453
0.2941367871512884,0.2454440348600819,0.227122371131607,0.23329680685702278
0.42973583938228405,0.22133102183551717,0.23030581013135182,0.11862732865084705
0.27098338532262106,0.2446162938974344,0.213634522106809,0.2707657986731356
0.39773779718988017,0.23085370652614665,0.23099507290182975,0.1404134233821433
0.37684435588387005,0.2382476762332826,0.22178584587490768,0.16312212200793957
0.3934596252805405,0.23581613212828598,0.2237044510536865,0.14701979153748707
0.3824930992132575,0.23582564467345715,0.2264537706134406,0.15522748549984478
0.382540173026758,0.23426402374122687,0.22802960890954194,0.15516619432247308
0.32679794801502865,0.24047873544373463,0.2284943753838833,0.20422894115735335
0.37906780233167114,0.23294727656614386,0.2309737111177568,0.15701120998442816
0.32389853964985726,0.24767340989130363,0.21681033142278883,0.2116177190360504
0.3879880689566139,0.23574687694106863,0.2282878887848481,0.14797716531746938
0.31006122025993854,0.23122156524849266,0.24501600378544192,0.2137012107061269
0.3012818902649237,0.23450756404645806,0.23267465704421375,0.2315358886444045
0.19962315048240303,0.2375757910576277,0.19438497739563168,0.3684160810643375
0.4161655268025433,0.22242058905020287,0.23572729124046427,0.1256865929067895
0.4037175529621897,0.23178656549990223,0.21980286763423587,0.1446930139036723
0.42273798505479526,0.229090281766244,0.2210852095566523,0.1270865236223085
0.3742443955061493,0.23196934605187824,0.23314425617795292,0.1606420022640195
0.3708667547572245,0.22960552586252847,0.23574089899893105,0.16378682038131606
0.25248313946170536,0.24202208992627944,0.21364653990390686,0.29184823070810834
0.34583918502302247,0.23753971409302108,0.23338325036656182,0.18323785051739455
0.33244650214223964,0.23828457429832392,0.23105692383810375,0.19821199972133274
0.3371163856370388,0.24158513821798752,0.22588049455373235,0.19541798159124146
0.26208042967923273,0.24017731282283505,0.2264825215272802,0.27125973597065195
0.3590619095862787,0.23242013226266117,0.2364680510509459,0.17204990710011409
0.27178750553819664,0.24641809138376516,0.21274326804506855,0.2690511350329696
0.39135595319735106,0.23463148377388268,0.22828397969699124,0.1457285833317751
0.4189699061877148,0.23098826195806046,0.21944894934991457,0.13059288250431017
0.4219214544999977,0.22739177551634862,0.22386087491551684,0.1268258950681367
0.3548024780252902,0.23100322388521297,0.23835285078320206,0.17584144730629478
0.3200816084237363,0.23559048235738456,0.23280542939636362,0.21152247982251554
0.23808121789567863,0.24402153560759468,0.20727457246936315,0.31062267402736354
0.386721694238639,0.2301479547549246,0.23584540079963995,0.14728495020679647
0.34226486120576616,0.23976502042718484,0.22537124131252545,0.1925988770545235
0.37082299848664835,0.23959906920886334,0.22415428362384834,0.1654236486806399
0.2861526635023767,0.23654646223908646,0.236927757612383,0.2403731166461539
0.3945652266833252,0.22557123477382487,0.23416279317518532,0.14570074536766464
0.2459948774659232,0.24791760628848836,0.20026589191906485,0.3058216243265236
0.4390019150880516,0.21799897527834544,0.23388220934951684,0.10911690028408615
0.4062885031087061,0.226271443783753,0.2262558539471841,0.14118419916035693
0.3426782377169447,0.23572192127825817,0.2314524388205706,0.19014740218422643
0.257212586610863,0.22608069212761983,0.24495392905649022,0.27175279220502696
0.2937549412334524,0.23169028675736725,0.2330273467546014,0.24152742525457893
0.19814853392971044,0.23296878879413513,0.19778543120315822,0.3710972460729962
0.39722065562814934,0.2193592043011703,0.24580738590338005,0.13761275416730043
0.29810043674740366,0.23524895993953962,0.22799687662706236,0.23865372668599447
0.28700526818181693,0.24236814887281283,0.22282265623696063,0.24780392670840978
0.26683085502906456,0.234427450168588,0.23693883487692474,0.2618028599254227
0.35666462620729916,0.23129567439517243,0.23482436200664475,0.17721533739088363
0.22339923717113225,0.24198735205312508,0.20142891859353024,0.3331844921822125
0.41750959378353353,0.22116875936243052,0.23744438225984635,0.1238772645941897
0.34306556189107845,0.2367482776953772,0.2267501674545771,0.1934359929589671
0.3653536299056335,0.23747015591579318,0.22720938504938376,0.16996682912918964
0.3027118216204819,0.23853443879193165,0.23306653811438002,0.22568720147320634
0.3777817578025728,0.23156089196163562,0.231895398671415,0.1587619515643767
0.25737592105897145,0.24039407149851108,0.2188920308476617,0.2833379765948559
0.3856565555518123,0.22401002418243654,0.2426918202286132,0.14764160003713797
0.28688832606209047,0.24225636361016684,0.21795439900400893,0.25290091132373366
0.31161452640817383,0.24286905161300557,0.22774622485348608,0.21777019712533455
0.29074395262797526,0.22955892257554253,0.2486064294645115,0.2310906953319706
0.3067837254883252,0.23424730727548487,0.23127261612288236,0.22769635111330758
0.1840666431008855,0.22921865184834567,0.19466465491943027,0.39205005013133865
0.4259974468828253,0.21478427552211052,0.24006572740179452,0.1191525501932697
0.3312176077737793,0.2390145300658881,0.2216026443942236,0.20816521776610902
0.3568431328517822,0.2411763505083963,0.22528216238896398,0.17669835425085745
0.3521637387999572,0.23506381645429292,0.23575983524213925,0.17701260950361056
0.3372184947795998,0.2342971699395963,0.2353870968781181,0.1930972384026858
0.2984418024859898,0.24714748071395923,0.21566635571958467,0.2387443610804663
0.3519623317677922,0.24090993277474396,0.22933503744822653,0.1777926980092375
0.4032135162227688,0.22918299438634263,0.22925863887351705,0.13834485051737144
0.3076022944976069,0.23612784722544683,0.2339098629981049,0.2223599952788414
0.2384232860333923,0.2283272424693465,0.2342256433259133,0.299023828171348
0.28591456662676246,0.23914429625141673,0.2230874338432756,0.2518537032785452
0.24060154228275493,0.24547765323645612,0.208624671223304,0.305296133257485
0.44654602669743165,0.21732515957162715,0.22954496956486395,0.10658384416607729
0.3672644680784009,0.24027998368267098,0.217707586330911,0.17474796190801695
0.42727891002535795,0.224140746522144,0.22822541874652116,0.12035492470597686
0.3706237489173423,0.23189764149050163,0.23156167964548033,0.16591692994667578
0.32904827135363396,0.24571526684258488,0.21868197330194375,0.20655448850183733
0.3479533887855028,0.24501128347005383,0.22382534145611296,0.18320998628833043
0.4124335800848274,0.22460703796119635,0.23404035896018616,0.1289190229937902
0.3284352494085691,0.24039996262079855,0.22468080730070078,0.2064839806699315
0.290451096304115,0.2480723321243693,0.2181996846121649,0.24327688695935076
0.32654393302562496,0.2383483897429377,0.23746371535702868,0.19764396187440858
0.35547432970981546,0.2365462981085818,0.2294918587112229,0.17848751347037986
0.26614689990726514,0.2501382892591418,0.20898695515540816,0.274727855678185
0.4268128533152654,0.2269921991965036,0.2268434339081378,0.1193515135800931
0.4163811803356037,0.229879175761527,0.22061814721443088,0.13312149668843837
0.43113430002950415,0.2235189204167921,0.22494672007260993,0.1204000594810938
0.3594383919630213,0.2351931971965325,0.2295152257772106,0.17585318506323555
0.33474335349164575,0.2425494515231215,0.2243902694854163,0.19831692549981633
0.34211848299134995,0.24194843620907658,0.2272366775224843,0.18869640327708925
0.36920834414542403,0.2319165793401204,0.2361978933801719,0.16267718313428367
0.3278109879236649,0.24738431036938074,0.21578000399699673,0.20902469770995755
0.3134983805996586,0.2501071438606442,0.2205185404513562,0.21587593508834088
0.3488484387060728,0.22676735252459276,0.2528871942345274,0.17149701453480726
0.31205159230915575,0.24068795358336054,0.220851371096473,0.22640908301101056
0.2134325834097708,0.25610463039578035,0.1801599524432655,0.3503028337511833
0.48593037248688936,0.20141364019027552,0.23411672379897816,0.07853926352385705
0.46972741852760486,0.21039443801237928,0.2167882896566547,0.10308985380336101
0.34089528075894615,0.24482594552860615,0.21517008141920144,0.19910869229324632
0.4082070547519117,0.2250136976888316,0.2362322559169096,0.130546991642347
0.41401075813303795,0.22041881933814947,0.23291488098850185,0.1326555415403108
0.266429862805264,0.23597498115440196,0.2224015814889768,0.27519357455135723
0.39784975345218493,0.22184792297582,0.23930380653961394,0.14099851703238117
0.31976788990962257,0.22916198269604343,0.2389941707944994,0.21207595659983455
0.2400587802905994,0.21662765676429724,0.2483248451401695,0.2949887178049339
0.14072267779071954,0.16653119603239658,0.2545755589762026,0.43817056720068126
0.13360992061486412,0.1585918591934624,0.2277646798275421,0.4800335403641315
0.14082009313450194,0.1754382413414567,0.18682750623626254,0.49691415928777893
0.2509833659735222,0.21073385119500107,0.24293075232758693,0.29535203050388986
0.27667225048819893,0.22110668802110378,0.24213551085984983,0.26008555063084743
0.1886986996366426,0.20963807793186118,0.22081037445138257,0.3808528479801136
0.2008039521524637,0.20497177196301722,0.24064467309642207,0.35357960278809714
0.2566778886039942,0.2228411480008897,0.22998772807477327,0.2904932353203428
0.18577857363662412,0.21418156953638598,0.21249248170709592,0.3875473751198939
0.3598938433675679,0.21764333292024352,0.2510680402715804,0.17139478344060824
0.23226649663877208,0.2299772284421988,0.21518420373488276,0.32257207118414644
0.2550079133176075,0.2290761570576309,0.23598618321548653,0.27992974640927504
0.25375463339547455,0.2208938007083625,0.24727428146186095,0.2780772844343019
0.21467217812763548,0.22445056643229724,0.21567504033210425,0.345202215107963
0.2099691798061997,0.22676920099239042,0.2150943888544384,0.34816723034697156
0.3626053001429962,0.2271721827878025,0.2400466428455617,0.17017587422363958
0.30023556582334776,0.24624915949430123,0.21420046732112907,0.2393148073612221
0.3428146667656464,0.23776944870927222,0.23571092284950537,0.18370496167557593
0.3635208824209695,0.2293065093244308,0.23911597286959022,0.1680566353850094
0.2936858193233494,0.24281093367067957,0.21954457605886632,0.24395867094710474
0.2777197380456324,0.24444721734065306,0.2231417603235263,0.2546912842901884
0.4160376532641179,0.2204423820727031,0.23749544762613514,0.12602451703704384
0.2512634201679204,0.23471475720680027,0.22214460799677366,0.29187721462850574
0.2980340917635416,0.23993378971435855,0.22833992210322004,0.2336921964188797
0.25017146047353317,0.23208954734957696,0.23428185842393923,0.28345713375295056
0.32911923428112555,0.23404946287988654,0.23398179133082017,0.20284951150816782
0.26362844397843044,0.25086908918913,0.2040292104412538,0.2814732563911857
0.42766045865066166,0.2259537104828344,0.22864342791867817,0.1177424029478257
0.4531196970179935,0.21679375494054512,0.22201038265050696,0.10807616539095445
0.37134124635352583,0.23034381743030716,0.2326718882592569,0.16564304795691018
0.29584435275757254,0.23563730668319088,0.23360683195659765,0.2349115086026389
0.27778780859551117,0.23578350501996126,0.23131871473236365,0.255109971652164
0.279047595948262,0.23759167843086818,0.22849231482721896,0.2548684107936508
0.3351754870286381,0.23717664808029326,0.23144895923469622,0.19619890565637232
0.31811347609737134,0.24570738750876164,0.22059079998069708,0.21558833641316985
0.34019428705199156,0.23933807908192026,0.2331035320075835,0.18736410185850477
0.2672626418484944,0.22302244630652207,0.2544901232140596,0.25522478863092396
0.24315238104994283,0.22809606831704238,0.22422025872406282,0.30453129190895195
0.21920098624681056,0.24644608032549611,0.18899088636078293,0.34536204706691037
0.4346585545628445,0.2193586526593264,0.23490321086918192,0.11107958190864718
0.47211962445535033,0.20889556010244542,0.22090017079571161,0.0980846446464925
0.3050632332242483,0.2303569706391794,0.23790815740408694,0.22667163873248547
0.277235538669874,0.22983632531596931,0.23840195329938196,0.25452618271477473
0.2809395690711666,0.2368773686066393,0.2254751070103688,0.2567079553118252
0.256610790800138,0.24011149832414733,0.22069478275238097,0.28258292812333374
0.3989533215952372,0.22222044798450544,0.24032140043586767,0.1385048299843896
0.24543013553567455,0.2311627721220642,0.2256444360880213,0.2977626562542399
0.29406684117035403,0.23425676746277843,0.23443712726240315,0.2372392641044643
0.20738688889335524,0.2174176520501146,0.23438190471118733,0.34081355434534283
0.3118484311173503,0.22913248387616034,0.23575972347625712,0.22325936153023232
0.22160338706232313,0.2421534349767185,0.19667920904056715,0.3395639689203912
0.42036946487570037,0.22051775226156786,0.23779350482639247,0.12131927803633934
0.3783011090116432,0.22649016046653442,0.23466169280086574,0.1605470377209567
0.2961068706812636,0.2345602779303461,0.23304787096761104,0.2362849804207792
0.26229780013664916,0.2341991458435529,0.22980488655595077,0.27369816746384734
0.30338160773223194,0.23462670514156175,0.2349425739303232,0.22704911319588317
0.2721553543274486,0.2356519798538344,0.2294996524312739,0.2626930133874431
0.3070938701822564,0.2308571434774319,0.24168479879795557,0.220364187542356
0.24636221219400836,0.2330315058958071,0.22415319880190782,0.29645308310827684
0.26571180276334244,0.23678701952798809,0.2266830539245786,0.2708181237840908
0.23672917072007293,0.22299223146756045,0.24283845948971558,0.2974401383226509
0.29122516869158327,0.22949588988472214,0.23534744006325756,0.24393150136043704
0.2130755418990907,0.24027983178698814,0.19469999060276558,0.3519446357111556
0.4005108064481002,0.22536026986471996,0.2384961625284897,0.13563276115869013
0.40026799292309273,0.22541389566277645,0.23048466734071743,0.14383344407341334
0.3157690876868156,0.23636123972767917,0.23140734723273387,0.21646232535277135
0.28413189349186935,0.23372104955170872,0.23655792868545697,0.24558912827096493
0.3171123838051324,0.23492504618094334,0.2335079624498894,0.21445460756403495
0.2572433130205938,0.23430072220920672,0.22769415269025806,0.28076181207994144
0.32932990306106585,0.2259107114643284,0.24823832882097555,0.19652105665363018
0.23950751319174904,0.2312869816148865,0.22080066737195755,0.30840483782140693
0.23099372252560257,0.22964219448887294,0.2251509133755122,0.3142131696100122
0.23160773537062512,0.21254056677140312,0.25617725384268164,0.2996744440152902
0.21963167709226014,0.21962259533678283,0.22126175217413063,0.33948397539682634
0.1869678892468495,0.2307257312745499,0.18669414154488143,0.3956122379337192
0.40196779284808093,0.2198472840749293,0.24420219007607183,0.133982733000918
0.4033940954848941,0.22626175020406034,0.22572487417131118,0.14461928013973444
0.3009138773288162,0.24147273107583914,0.22383511175620485,0.23377827983913987
0.35326329348602037,0.23087941610320642,0.241289826362294,0.17456746404847928
0.3528642682796573,0.23446399860136272,0.22981943058839488,0.18285230253058524
0.2399786508673046,0.23488626047486427,0.22212419210337622,0.3030108965544548
0.37244922032696026,0.21936236750450544,0.2512176875170807,0.15697072465145367
0.2107359745370951,0.22091468350515087,0.2207846861164703,0.34756465584128365
0.24052401328258285,0.23019884220082903,0.22276038773598755,0.3065167567806005
0.22266662944039844,0.21726133680109672,0.24342985479681123,0.3166421789616935
0.2721462922925232,0.22617916058626059,0.23521934501565478,0.26645520210556145
0.17958868981433776,0.22682692963740614,0.18941433995962045,0.4041700405886356
0.3747296616196476,0.22451188541258582,0.24466824637984244,0.15609020658792414
0.37088627894964543,0.2318525164061198,0.2279105722845293,0.16935063235970557
0.34665036540834376,0.2443967690949896,0.2187594197592749,0.19019344573739164
0.3878870366111302,0.2322990534655658,0.23216936938435193,0.1476445405389521
0.4154908658235642,0.22104401799178205,0.23377780110444157,0.1296873150802122
0.24361996393695717,0.22618857955963392,0.23350487503087178,0.29668658147253707
0.25120948957369066,0.22041396731346802,0.24476153760993366,0.2836150055029077
0.2118489024616819,0.2226057683149874,0.21752479428832738,0.34802053493500335
0.2259773340424565,0.23002390132005293,0.21818814912455295,0.32581061551293766
0.25921141548003157,0.22543301248897407,0.24459797689190693,0.2707575951390874
0.28685634796250414,0.22937158856608214,0.23592446589214508,0.2478475975792686
0.21722247225187824,0.2396854710578684,0.19849149199585428,0.34460056469439915
0.39987108360331935,0.22942240148430126,0.23216551270945962,0.13854100220291976
0.394358727535273,0.22829048620135972,0.23042201385809935,0.14692877240526794
0.38307146000262454,0.2239073699936503,0.24029114617244707,0.15273002383127807
0.23944781680678442,0.23092228609450913,0.22349356568815007,0.3061363314105564
0.3139973329717591,0.23969823460708636,0.22626706812822722,0.22003736429292733
