0.3129159343768117,0.23184608122394615,0.2318902860898488,0.22334769830939333
0.3760372262651495,0.2168114781074443,0.22871934272174668,0.17843195290565958
0.3844683006408415,0.21988446995158317,0.21327405133204047,0.18237317807553496
0.2858341804009522,0.2021586604099674,0.24673654031417605,0.2652706188749043
0.3521123453531501,0.224227878145924,0.19939048429117104,0.22426929220975497
0.3995100232040385,0.21613207306699705,0.18409045963544898,0.20026744409351546
0.3270545943685398,0.21085881951513324,0.23739439371756077,0.22469219239876614
0.35390590302458175,0.21770998927543633,0.23279378462559513,0.19559032307438676
0.31469097676238533,0.20948910985722818,0.24993692213463442,0.22588299124575195
0.21256481373467187,0.1727612010914324,0.21926329106252354,0.3954106941113723
0.32573639410824456,0.2249232140403745,0.2131184151659162,0.23622197668546466
0.36327025061947393,0.2169477104738118,0.19905554784909585,0.2207264910576184
0.33553484297837144,0.21045973398521678,0.22954281121269518,0.22446261182371666
0.3433757723923798,0.21589250699800486,0.23044213838163835,0.210289582227977
0.3688541365051906,0.2227629078987076,0.21664787621655698,0.1917350793795447
0.264039747754567,0.19267249325689756,0.20380738060992099,0.33948037837861444
0.370687096039565,0.23230650055493632,0.19976810256828662,0.1972383008372122
0.3687143498834373,0.21205840208875906,0.1991780012572676,0.2200492467705361
0.3102760213531431,0.2143437836457565,0.2682619686435684,0.20711822635753202
0.33320357057998035,0.2162125893040293,0.23836443105124522,0.212219409064745
0.3227091884326237,0.21072876365947443,0.24959311369990883,0.21696893420799307
0.2992044285598029,0.21178795218195084,0.22295824720019866,0.26604937205804763
0.46002348943289506,0.23201754153158574,0.16861886118636774,0.1393401078491515
0.4093740205196633,0.21557773083729787,0.18699651288407637,0.18805173575896236
0.3599542981447736,0.21422592502203203,0.2262255570934601,0.19959421973973432
0.3856916138605739,0.22801798032530615,0.21661152807773634,0.16967887773638365
0.4089945388776913,0.22507638352594372,0.20714780082877882,0.15878127676758624
0.3130300480988227,0.19998345144237645,0.22378897736823336,0.2631975230905675
0.4030035521397991,0.2334338994745322,0.21482787624466895,0.1487346721409997
0.41048661462771796,0.21992541205070934,0.1907794701174114,0.17880850320416125
0.3232066749589764,0.20887489842635346,0.24964709948694652,0.21827132712772368
0.41397461097361926,0.22558188841493837,0.19523084761947038,0.16521265299197188
0.4045958913226515,0.21999625157891126,0.21781319180006722,0.15759466529837
0.2985940388046403,0.20125166349475895,0.23175517893001485,0.26839911877058586
0.3563429800950944,0.21118098188100712,0.20623066512276733,0.22624537290113128
0.3468052079571494,0.2184337381208467,0.21411997497980595,0.22064107894219792
0.3978939087143527,0.22451882667331685,0.20855047205714664,0.16903679255518383
0.41484129096955114,0.2204632206647349,0.20701893936772894,0.15767654899798494
0.38321567074680746,0.21565445724613777,0.2255446355914378,0.17558523641561705
0.31980654200920194,0.20831284657404037,0.21708808219733158,0.254792529219426
0.40238439567065215,0.23039875789649275,0.18459678368923754,0.18262006274361764
0.37740195334647986,0.20608046995457704,0.1787607943170465,0.23775678238189663
0.3368869597740271,0.21854933508134589,0.2622441670849804,0.18231953805964668
0.35154772734828155,0.21715153933277045,0.251340391482557,0.1799603418363911
0.30310767667818395,0.206538151891223,0.27367635242531474,0.21667781900527827
0.24592915121144096,0.18722568718141067,0.21451075367915645,0.35233440792799187
0.4444586974501966,0.23792041122908578,0.16971407344730166,0.14790681787341597
0.4438473546824624,0.21620933054037905,0.17041738023921307,0.16952593453794557
0.3847616711978949,0.21818566374545129,0.21744532364877542,0.17960734140787843
0.37850499997925413,0.22166136726811955,0.22554557507461873,0.17428805767800756
0.3911011017952935,0.22474825843189322,0.21987691750147798,0.16427372227133535
0.29382662617083444,0.1955829934424336,0.2075814216412002,0.30300895874553163
0.352600909812067,0.22469961859651177,0.2165338611701858,0.20616561042123532
0.404211494873444,0.22270115404145668,0.19442770109114363,0.17865964999395567
0.33747150653438596,0.21288041928501217,0.2580638393960443,0.1915842347845576
0.3505630967092809,0.21320080544998862,0.24632471389160013,0.18991138394913024
0.3694135894048838,0.2157698245108813,0.22997983915016146,0.18483674693407345
0.3011714606763066,0.20705375822772504,0.21397938344466144,0.27779539765130684
0.43307846896937224,0.22643241969565905,0.16462995353941112,0.17585915779555766
0.4374953683274224,0.21866323818508526,0.17760840568298178,0.16623298780451043
0.37887425547487397,0.21921091431874165,0.230003119064233,0.17191171114215137
0.347990035033685,0.21612647648549568,0.24654242260865109,0.1893410658721682
0.3380767121926882,0.2157743751604191,0.2397239171085446,0.20642499553834795
0.22447230315263922,0.16824389480223076,0.19060876369180355,0.4166750383533265
0.3529177210068583,0.24117840937037704,0.21750171978100943,0.1884021498417551
0.40534003095732146,0.2130941043389586,0.18917508525381765,0.19239077944990227
0.299407148153264,0.19938378184172395,0.2810376533371267,0.22017141666788534
0.3174121894646769,0.20900861566974163,0.2447326289871547,0.22884656587842658
0.3498857941348499,0.21774916269344163,0.21802235347200855,0.21434268969969983
0.19121514233029638,0.16351411947257238,0.17703535571541898,0.4682353824817122
0.4298229399129441,0.2534510858719586,0.17468427809929862,0.14204169611579873
0.4061736539329995,0.20855115328027843,0.19467754964687603,0.19059764313984623
0.2857717071080374,0.20399228796660887,0.2802460614874208,0.2299899434379329
0.34227484151245,0.22545374180330474,0.23192360886533867,0.2003478078189066
0.3592555432834335,0.21895231635052714,0.2196700102814881,0.20212213008455138
0.2550268988023529,0.1875511013172867,0.2069727661939904,0.35044923368637004
0.4336141500897734,0.2440858734102454,0.18747702362210508,0.1348229528778761
0.368932024407504,0.21121892741901738,0.2082382253296951,0.21161082284378355
0.2955781970797206,0.20315572679447025,0.2684610776129141,0.23280499851289493
0.35144298574404825,0.21950500405842902,0.21961394468779635,0.20943806550972646
0.3664134177904528,0.22088490454991458,0.22732469279057718,0.1853769848690555
0.24698014390527434,0.18226994956570566,0.20356390857451637,0.3671859979545037
0.3753017016763285,0.22937138067398774,0.2110412859393327,0.18428563171035117
0.3452582178502039,0.2108883939197582,0.20735139331810823,0.2365019949119296
0.3164929373701477,0.21254147955286543,0.2475025812113009,0.223463001865686
0.3912188357465873,0.22624893231014082,0.20366526468095947,0.17886696726231258
0.3889280363826746,0.21543328857584812,0.212510475427652,0.18312819961382518
0.24790954387999284,0.18896304573574182,0.22339573061115445,0.3397316797731109
0.42718493247799216,0.2460757519087381,0.18440255825435237,0.14233675735891735
0.3453239010012717,0.20071537517049207,0.19260534504658686,0.2613553787816493
0.3241427463412575,0.21961416766025335,0.2713610039542038,0.1848820820442852
0.41506438017413544,0.22535750405594185,0.19953440761250818,0.1600437081574145
0.29800877160474354,0.20381697593209505,0.2687438930475353,0.22943035941562612
0.21607716919701295,0.1706569042601268,0.19148947487561385,0.4217764516672464
0.3872445741250918,0.24067607606010388,0.2006714229169545,0.17140792689784987
0.4132082439755595,0.22160033596982529,0.19580934744226727,0.16938207261234786
0.3680666793109333,0.2087532209037973,0.2288952471090866,0.19428485267618284
0.368500411371312,0.22123433791557187,0.24004444049880405,0.17022081021431215
0.40650452565178435,0.22420227038490922,0.1897060202478786,0.17958718371542784
0.3073838888828911,0.19972594546330374,0.19687548494182722,0.296014680711978
0.4540454371348014,0.23706971662263127,0.1662754710299475,0.14260937521261977
0.41525422463966954,0.216164890050941,0.20342771937723442,0.16515316593215498
0.3136539147859639,0.21258096003088522,0.2884234490410251,0.18534167614212593
0.33543098370801333,0.21147194858260213,0.2397806164429498,0.21331645126643473
0.3063880349809944,0.21049033596434075,0.2559279193226438,0.22719370973202116
0.3809339825213084,0.222051501017001,0.18174363473742913,0.21527088172426143
0.47341197670689333,0.22129971217153352,0.16715259912113012,0.1381357120004432
0.3682050534128976,0.213064357281693,0.21791410002547684,0.20081648927993265
0.37771716290190827,0.22058633761556576,0.23015129399193934,0.17154520549058652
0.41183346629678746,0.22944355923894064,0.20323914986306413,0.15548382460120774
0.4000475987215915,0.2146340993049489,0.1932946085759789,0.19202369339748085
0.3533989440992691,0.21029832332005335,0.2123676247989757,0.22393510778170175
0.4203002781543178,0.23325645623508537,0.19701011355870873,0.1494331520518879
0.3574521558519298,0.2136246703494198,0.22173769488973055,0.20718547890891992
0.32994845613850227,0.21141735503044845,0.2621201601215734,0.19651402870947585
0.3826178574118818,0.21766008694231492,0.22205623001609873,0.17766582562970437
0.34423151685887016,0.21755063426574253,0.24542963793469225,0.192788210940695
0.3456741476292765,0.2106813118190357,0.19217200967967127,0.2514725308720164
0.4073738516441119,0.21503851786661432,0.18477624381573463,0.19281138667353928
0.40074440318290666,0.22383534220538956,0.20455121687673997,0.1708690377349639
0.40475048482125375,0.22359143402046713,0.21334415514428173,0.1583139260139973
0.3957774617587,0.22189369864601893,0.21737019800296553,0.1649586415923156
0.3879960267825461,0.2139364145091821,0.2073132558159503,0.19075430289232154
0.32134293662831237,0.21099935008759912,0.2247897662098591,0.24286794707422937
0.4467773868505476,0.23678790611134956,0.175072473170199,0.1413622338679039
0.3934577311838302,0.20821361227970747,0.196154131046973,0.20217452548948925
0.28051394834441684,0.19366180558393542,0.30024114841685157,0.22558309765479617
0.3768206471255976,0.23017976402058063,0.2298414819903429,0.16315810686347887
0.25741020259492564,0.18533274463354865,0.22728381345010118,0.3299732393214245
0.07616526267660823,0.07378138968652068,0.10306378197552173,0.7469895656613493
0.2796341829158694,0.21988110344539302,0.2118207740653183,0.28866393957341935
0.19399467324618114,0.17107391097776506,0.2143027537013444,0.4206286620747094
0.1563184931569891,0.15860348680686226,0.2774718126745018,0.4076062073616469
0.25559294746118105,0.19302587894140938,0.24867979005789026,0.30270138353951914
0.16257158003326483,0.16651142893489518,0.21906609934031313,0.45185089169152687
0.04051884016035502,0.07137962759650747,0.08310961044363518,0.8049919217995023
0.22420888789307675,0.2504516961348515,0.18945301334026313,0.3358864026318086
0.3365951745074891,0.2099202848182028,0.19801755019065956,0.25546699048364857
0.20816674794347323,0.17803658360448923,0.2887065325639204,0.3250901358881171
0.19308009767360607,0.19663943431528738,0.3142355064672577,0.2960449615438489
0.15083220762233743,0.17664766721006628,0.2300055015802145,0.4425146235873818
0.06658885149939096,0.11051486140073011,0.154590786538281,0.6683055005615979
0.3555760424055372,0.26859472943623175,0.19811100087117528,0.17771822728705575
0.3359426298866263,0.19915149574280466,0.21402401465236537,0.25088185971820376
0.2158985113428161,0.19695834767025985,0.2851530890837758,0.3019900519031483
0.3613393546847824,0.23123111347773964,0.20527440696868232,0.20215512486879558
0.3205720181203052,0.21133043420880726,0.22887686058664203,0.23922068708424543
0.25756195956043515,0.1988843571549348,0.2025477173064323,0.34100596597819766
0.44008861835886626,0.23882275947607556,0.17478064591602463,0.14630797624903352
0.3092246924448237,0.20445954082400364,0.2185234937274341,0.26779227300373853
0.3187523476791822,0.21561536557610725,0.25681776853866,0.20881451820605068
0.3668294629064823,0.22273140443796544,0.22683848487137426,0.1836006477841781
0.23679108827062523,0.18501197868543787,0.25278413312383713,0.32541279992009975
0.27546527583593616,0.21272999339216847,0.23146977292019355,0.2803349578517018
0.46400129995209594,0.23099695796285172,0.16292630812479628,0.1420754339602561
0.3236511409382421,0.2031893753359282,0.22771111761104332,0.2454483661147865
0.3988100250639637,0.22900296798699163,0.2161468892364425,0.1560401177126022
0.4377294478369684,0.22461850223284185,0.18393667556555313,0.15371537436463673
0.3328115063708826,0.2083114010093707,0.21917017383442328,0.2397069187853235
0.3039635873364901,0.19321307660504347,0.18390247231602413,0.3189208637424422
0.3713821486413364,0.23906215554115512,0.22399996110960546,0.16555573470790297
0.33073738027302374,0.20759702796421098,0.2257371505530898,0.23592844120967563
0.3004573798826751,0.2011159817378911,0.292346710484216,0.20607992789521787
0.3359791476635727,0.21529838697343887,0.247115427374871,0.20160703798811738
0.3500886723942571,0.2168540493168753,0.21758505296455288,0.21547222532431473
0.2740593137863044,0.1871298488552203,0.17643721473946408,0.3623736226190113
0.38263769338881326,0.21674385995646106,0.17372839503426735,0.2268900516204583
0.3801638537490765,0.22441458282067928,0.2135684329514295,0.18185313047881463
0.3659945061871345,0.22121774116694562,0.23989866628837458,0.17288908635754532
0.34407558633038715,0.21068376740038947,0.2471185636968913,0.19812208257233205
0.3118983840114753,0.2038792227226798,0.23506201775705787,0.249160375508787
0.24327036938747848,0.18497826377457968,0.18623109647669,0.38552027036125186
0.3716229966492415,0.2421817775627244,0.1897508915767199,0.19644433421131433
0.43160289156692055,0.21483257036655246,0.18442319937791343,0.1691413386886135
0.28988508854552775,0.1895673377615402,0.3021992990152589,0.21834827467767318
0.2887115346453074,0.2091422696111638,0.28746049243221705,0.2146857033113118
0.2150490350949024,0.18442968631655743,0.20678605764710786,0.39373522094143243
0.19752592160313084,0.1743313411512004,0.1764568196977478,0.4516859175479211
0.4767962329733657,0.24299995010062694,0.14988738925585166,0.13031642767015578
0.3671148912777321,0.2075967555149257,0.2317250637742276,0.1935632894331146
0.2874653744233853,0.20821388333877502,0.2756469994771536,0.2286737427606862
0.3161437672862768,0.21285151146188946,0.2245293675489204,0.2464753537029133
0.31567514739687424,0.21153917612203565,0.21305731695312843,0.2597283595279617
0.26418093720953145,0.1838596544242479,0.1771880082738091,0.37477140009241156
0.37728737117821504,0.24638838799338966,0.2182895699638725,0.15803467086452283
0.3268956098928475,0.20127074293559133,0.2184383577241697,0.2533952894473914
0.2639255325864874,0.19236409688921577,0.30469444038044785,0.23901593014384906
0.2634151237232706,0.20553528285746508,0.2421040672391187,0.2889455261801455
0.30369287358342917,0.21478963980540566,0.21960534403597426,0.2619121425751909
0.241473377697485,0.18470316102886228,0.18596463481885403,0.38785882645479874
0.386597799469204,0.225985140911803,0.19660299781421262,0.1908140618047804
0.3294742003580246,0.21381292927501183,0.23442041692332072,0.22229245344364276
0.3061655042735939,0.21498629006731165,0.24477251669227093,0.2340756889668235
0.34125756027360765,0.21839583725850645,0.21561041011968296,0.22473619234820297
0.3693846553263197,0.21578161052236636,0.20340398641847532,0.21142974773283865
0.2672841507822201,0.19324252503278183,0.20978968088288286,0.3296836433021153
0.34131406207291426,0.235287516240964,0.22247212556502852,0.20092629612109328
0.35415873479451593,0.2108802795764066,0.20835051311728087,0.2266104725117967
0.27148248251695134,0.19207393390735467,0.28415833201557017,0.2522852515601238
0.2827287993019114,0.20642449113797706,0.2545402249552478,0.2563064846048637
0.28269835344884914,0.2091951803789563,0.22799023670015664,0.28011622947203807
0.16546007048016853,0.15080044254881217,0.17550269048748893,0.5082367964835304
0.345089474941847,0.23060723825053953,0.20493595439387685,0.21936733241373654
0.3304683817227693,0.20971637241790997,0.22344983762166729,0.23636540823765342
0.28102270618862957,0.21061554904183394,0.2574106528215246,0.2509510919480119
0.36141350195367544,0.22331698802411526,0.20606623086960138,0.20920327915260797
0.3533631149340145,0.21175419842684215,0.20772515308159475,0.2271575335575486
0.2571476061135501,0.19530278881798865,0.20474740638655775,0.34280219868190365
0.3923893783862713,0.2428596856612144,0.19500342816742644,0.16974750778508765
0.3495747834413081,0.20716259901755113,0.210129262281946,0.23313335525919474
0.24927925168879153,0.18588699937392542,0.28819413301516805,0.276639615922115
0.30285235842985303,0.21987048470238124,0.26355073665181206,0.21372642021595356
0.23510876870269698,0.19152980999793406,0.23154290130050156,0.3418185199988675
0.1633701328640732,0.15873737715899172,0.21217561505783572,0.46571687491909936
0.4274606579991233,0.2443003420441687,0.17522069758380382,0.15301830237290429
0.30683837464723945,0.19557220041808304,0.22230964326427768,0.27527978167039974
0.2524294529032975,0.2034623005639564,0.24915059512982146,0.2949576514029247
0.4121216514637643,0.23392947072532078,0.18061572492925712,0.1733331528816579
0.3783081477325855,0.2166617917321098,0.2088898424848897,0.19614021805041496
0.2864415704611929,0.20012886454274634,0.21108907140177188,0.30234049359428883
0.4002034233716689,0.24056377660759143,0.2057479845099606,0.15348481551077892
0.2833543291428357,0.19080741784670827,0.20358681494822722,0.3222514380622288
0.23364136234011232,0.18894676916280467,0.267597532325796,0.30981433617128706
0.2935395355172105,0.217856661545358,0.24888903164877382,0.23971477128865767
0.3031058413894791,0.21047244762984252,0.25769740514640366,0.22872430583427483
0.17519135654123433,0.15710857292020933,0.2424265448025977,0.42527352573595867
0.35231442173012034,0.22786925297535887,0.21854549145866695,0.2012708338358538
0.3636179355541751,0.219963962766232,0.18573671094286434,0.2306813907367284
0.33901299385031314,0.21440718816763307,0.19520790890045908,0.2513719090815948
0.46124829363456954,0.229633604939766,0.16443468839248923,0.14468341303317514
0.3711246213837891,0.21037286490667345,0.2118615236259436,0.20664099008359382
0.20910634465779745,0.17915793561326368,0.24222285929311796,0.36951286043582093
0.309637622291021,0.2372127340768303,0.2369615918654122,0.21618805176673656
0.3497093148566685,0.21725237738659076,0.21866029924558864,0.21437800851115196
0.29590579180547755,0.1924282766329343,0.2661544786341258,0.24551145292746226
0.28415773047437676,0.1977537273079181,0.25644851151362735,0.2616400307040778
0.2653333427362885,0.2140940163742961,0.23783864510601693,0.2827339957833984
0.23464565631197534,0.185594558539695,0.18047603186983266,0.3992837532784971
