0.29325445368415115,0.2385906741905009,0.19760118349046157,0.2705536886348864
0.2952214628604381,0.22314449025023125,0.20493577850849348,0.2766982683808372
0.2894978733266218,0.2269327542504801,0.20632997975744213,0.27723939266545594
0.29601438894467746,0.2366082676835527,0.21802236002424139,0.2493549833475284
0.30086437002631006,0.23523268508587067,0.23008540632849753,0.2338175385593217
0.2960219609111624,0.23035661725985834,0.23052910590216352,0.24309231592681566
0.2934746222629661,0.22929862622118038,0.22380678471898838,0.253419966796865
0.3046497602894323,0.22381040764697988,0.19893255210932262,0.2726072799542651
0.3043458525593024,0.23424526123424003,0.21102695700067212,0.25038192920578534
0.3056221970217884,0.24297476153047579,0.24140774506680665,0.20999529638092923
0.3134143682117651,0.2313398104712851,0.23270801034001842,0.22253781097693134
0.2851539344538576,0.23493587529564158,0.25483177127697443,0.2250784189735264
0.3163685158265253,0.23460884455899672,0.21707428703248524,0.23194835258199273
0.32248095954624173,0.2276138915106218,0.2093685176919174,0.2405366312512191
0.3283251746541622,0.22959317203982546,0.2038526574281842,0.23822899587782811
0.3224750682265698,0.23535031982096546,0.22456365282710095,0.2176109591253639
0.33062506516837925,0.2216675183120274,0.20244369368456686,0.24526372283502637
0.29275190109702814,0.21555674339142417,0.2075980081925324,0.2840933473190152
0.2999104716642711,0.21793972092509714,0.1784766984863264,0.3036731089243054
0.2843757397651344,0.22025775868208436,0.1924269609479267,0.30293954060485445
0.2836602422683879,0.23062333724631462,0.20552214857612627,0.28019427190917123
0.2655266196495175,0.23837588391225317,0.25291436477292567,0.24318313166530375
0.27719349403003285,0.23135069173951114,0.23475176557384678,0.2567040486566094
0.26107815469036283,0.2371307908199698,0.2549348014020286,0.24685625308763884
0.3058541345191904,0.2324313129061839,0.206624323238591,0.25509022933603465
0.30586658039514647,0.22732032165527205,0.20831373842438217,0.25849935952519937
0.3178443714906546,0.23605318685747181,0.2105370691001069,0.2355653725517668
0.3200695039397345,0.23765050847032063,0.2311741496878553,0.21110583790208967
0.32041737702025536,0.22480302196158503,0.217068858551947,0.23771074246621274
0.28831732195387216,0.23716647490803047,0.24858138162401588,0.22593482151408134
0.31827206951063686,0.2418183844871184,0.23101968391145913,0.20888986209078564
0.31473294657894696,0.2348821298645622,0.2427046172891707,0.20768030626732017
0.3172772782246249,0.23522769661611076,0.2324852611383818,0.21500976402088257
0.30807032913674004,0.24883416273937362,0.26751113291397316,0.17558437520991307
0.34646507266760845,0.23519006330993408,0.2273595420411822,0.19098532198127524
0.3169175741795163,0.2415237374568123,0.2655897648389419,0.17596892352472937
0.3440894774716278,0.23730013075252604,0.23197364754583352,0.1866367442300127
0.3476019218498974,0.2343484594361813,0.22819827505124413,0.18985134366267709
0.3547447551674907,0.23380652177419708,0.22094399936858902,0.19050472368972324
0.3493126835806232,0.23675565338384671,0.23330143426123162,0.1806302287742985
0.35103381037589465,0.23405245083144183,0.23027145758043227,0.18464228121223134
0.33766774718464704,0.2336749362640294,0.23849414510605893,0.19016317144526462
0.3529867576923756,0.21867026377959975,0.19324338793711535,0.23509959059090924
0.3255309708661769,0.22230390047109316,0.20195036182134227,0.2502147668413878
0.33306423572266575,0.23894474178734243,0.21180547711363557,0.21618554537635626
0.3124593428400986,0.2476498134941703,0.2727376488402519,0.16715319482547922
0.31283612185463217,0.23503927874779443,0.2617926050893252,0.19033199430824813
0.28138223132512136,0.24078638962772309,0.2816654976176065,0.19616588142954888
0.33673133745556083,0.23524745588980636,0.21249841171510875,0.215522794939524
0.34965417724626585,0.22818727488543628,0.20249854803153014,0.21965999983676765
0.36043458941410406,0.2292507985812209,0.19735937078417645,0.2129552412204985
0.34593758978913847,0.23706832658821225,0.22988677480132444,0.18710730882132476
0.34724657825631056,0.22617430324979562,0.2175073585057053,0.20907175998818858
0.3068666536604185,0.22728330912881187,0.23711037038405303,0.22873966682671656
0.3220933517962983,0.23312697104660338,0.21331732746066395,0.2314623496964343
0.3181186327624437,0.23456680981622074,0.22779725581734123,0.21951730160399446
0.3199616666056677,0.23730116840631915,0.2329357049405656,0.2098014600474475
0.2997984953205143,0.24905206914106082,0.2817060773388098,0.16944335819961504
0.32265958451603904,0.2403290935241904,0.25633202046792786,0.18067930149184266
0.3132844042836269,0.23693658953588562,0.2560445216780384,0.19373448450244907
0.3471442137458575,0.2287867054416485,0.20444776237867351,0.21962131843382043
0.35877600450352415,0.2264482796475398,0.1930239909399442,0.22175172490899192
0.36009990643626155,0.23303131510975894,0.20634858139220533,0.2005201970617741
0.33928942839211124,0.2386531425459696,0.2453719613477077,0.17668546771421156
0.33108839160277376,0.2288321235212608,0.23642027414025815,0.2036592107357074
0.29874832379638094,0.23418263420171156,0.2533089796761054,0.2137600623258021
0.33422201469751905,0.23304344495956106,0.20903368816272516,0.22370085218019467
0.32466660100413003,0.2341268155101592,0.22819966336659595,0.2130069201191149
0.3335036961336294,0.23779979163284629,0.22698094445368258,0.20171556777984173
0.3128374146685241,0.24714186731737764,0.27582672244445766,0.16419399556964068
0.34528323977941144,0.22478702346567295,0.2150744814007134,0.21485525535420222
0.305436904494121,0.2238667739657309,0.22434523802035003,0.24635108351979812
0.3496091729975062,0.22162094371387783,0.1691635216437567,0.2596063616448593
0.34164569540204665,0.22042585880154963,0.18215487909767322,0.25577356669873047
0.3260693821275041,0.22985261960128664,0.2066507209120775,0.23742727735913172
0.2988976872241609,0.23387953007109163,0.24635780003977328,0.2208649826649742
0.2949147768525556,0.21517766372055339,0.20775509246029156,0.28215246696659935
0.2521983755181762,0.22685479464687547,0.2317683972263376,0.28917843260861065
0.3005781344946754,0.23384369660323784,0.19285451145486532,0.27272365744722143
0.28889429129978456,0.22681082236738664,0.21675143952092032,0.2675434468119084
0.28951316100085533,0.237480718618806,0.22671390224176424,0.24629221813857435
0.28722583681501823,0.24644073243906753,0.2628934731427439,0.2034399576031703
0.3177226880189075,0.22887304145707085,0.22004738387957332,0.2333568866444484
0.2850528236817991,0.23654236193797248,0.25273131010321254,0.22567350427701588
0.33337106115846155,0.2340739525785003,0.2037492476327854,0.2288057386302527
0.32551979509943446,0.23170627860140874,0.22177568925907643,0.22099823704008043
0.3356493942077118,0.22985902482858905,0.20854339077678252,0.22594819018691667
0.3186771077535517,0.23530758049778955,0.23542041112666168,0.2105949006219971
0.3356472604228101,0.22418294255304017,0.20228838463650126,0.23788141238764846
0.30393964344259444,0.23214411538360752,0.2332568656979129,0.2306593754758852
0.33154277859063425,0.22076750249310945,0.18835421653476306,0.2593355023814932
0.2933952019719707,0.21457262875014158,0.19986973884911766,0.2921624304287701
0.29476461651931996,0.23910548237372228,0.2127213656288324,0.25340853547812536
0.2925861284262982,0.2453150095397093,0.257439589401449,0.2046592726325436
0.3028194849476286,0.22675870265683565,0.23032541425347994,0.24009639814205586
0.2623384459248071,0.2378328632637104,0.2667298248256119,0.23309886598587057
0.32169157947703875,0.23519961022878805,0.2040428586335366,0.23906595166063663
0.3181657975457611,0.23211191734309836,0.219578464072627,0.23014382103851344
0.32391430600843024,0.23966550297982847,0.22828808269382672,0.20813210831791462
0.328489369594952,0.24113828208711693,0.24363788550559484,0.1867344628123363
0.33174282158813173,0.22779405045082066,0.22741372761099457,0.21304940035005304
0.3186064250968841,0.2186392573424016,0.2030314566666751,0.2597228608940391
0.3248060775395145,0.22645798965326225,0.1904829411085082,0.2582529916987152
0.33177325034929894,0.23150723903418663,0.20017059011247867,0.23654892050403573
0.3141163882727915,0.24066109569778169,0.24437157555023456,0.2008509404791924
0.2905418643047385,0.24452889863678615,0.2885638995160551,0.17636533754242037
0.3015602478252105,0.2371852167797708,0.25894411302666975,0.202310422368349
0.2932881086404037,0.24426292256800688,0.2704051705963467,0.1920437981952426
0.3507947298916612,0.23193737369664924,0.20409950394750323,0.21316839246418623
0.3411874611775535,0.2395755984286911,0.2322776685926783,0.18695927180107708
0.3556998754813499,0.23778051600777725,0.22940347652340456,0.17711613198746815
0.35070052114520744,0.23127096207120545,0.2305824212764988,0.1874460955070883
0.3388652354136147,0.22724088329062933,0.22100857253214648,0.2128853087636096
0.3368019663080398,0.2368196929075836,0.22478416157738998,0.20159417920698658
0.3542400660416947,0.23157392486487485,0.21282064810728174,0.20136536098614868
0.33176708585977865,0.22968921108569554,0.22935424065911147,0.20918946239541425
0.31474756778505775,0.24306032995211138,0.2544541540513597,0.18773794821147113
0.31261587156869686,0.24892023894686557,0.27876777671113434,0.1596961127733032
0.32999142034024065,0.2375499620627325,0.252860624010378,0.17959799358664877
0.3142331252762802,0.23940772907322652,0.2617052972423987,0.18465384840809454
0.35579968656834143,0.23284115103217043,0.20954256885940278,0.20181659354008538
0.35982641050802633,0.23497993224805155,0.21748353253175565,0.18771012471216633
0.3658360372168877,0.23266136441731947,0.21768212163645193,0.18382047672934074
0.3506243688926256,0.23208486661337807,0.23092934363581513,0.1863614208581812
0.33810084487516506,0.232307910111201,0.23290851103698884,0.1966827339766452
0.3370089684133598,0.23503104256603222,0.23023236708143968,0.19772762193916824
0.34650884978338486,0.22594963502985882,0.20940995570335982,0.21813155948339646
0.32424782310993305,0.226806864884233,0.21629937524673065,0.23264593675910342
0.3116799060152529,0.2510347116223937,0.25821774698679395,0.17906763537555956
0.3146531498488066,0.2495376728670129,0.28677207852613074,0.14903709875804966
0.31941352189731714,0.22886389236352575,0.24902865185234802,0.20269393388680915
0.2917557471894261,0.24566130404095693,0.26972320007369355,0.19285974869592337
0.3597488377132576,0.23718264859364305,0.2075671569457829,0.1955013567473164
0.3769656816535117,0.22193822267265445,0.1901934902517169,0.21090260542211706
0.3494701364901392,0.23163844130144298,0.21762228184666899,0.20126914036174884
0.3563469439580245,0.23317173561390533,0.21683238416000536,0.1936489362680648
0.3654112735559323,0.20368354161311833,0.16751190029622978,0.26339328453471955
0.268052527078168,0.16481914406731998,0.13764575233104606,0.42948257652346583
0.22009019890594714,0.15039539856663048,0.08243814919080732,0.5470762533366151
0.1453888436212741,0.13130932426324013,0.07744648129788627,0.6458553508175995
0.12253473576650055,0.16390617082109193,0.10446691860631663,0.6090921748060909
0.10129889484548209,0.14963938513451794,0.13200787688094714,0.6170538431390529
0.03424328458594755,0.05457206330883636,0.05595843019071069,0.8552262219145055
0.000323896404770008,0.0003633713969783539,0.0016866704290535049,0.9976260617691982
0.05544737346902022,0.1449766062576636,0.06136520189697277,0.7382108183763435
0.10229438753317192,0.1667612744776723,0.09611424064903247,0.6348300973401233
0.11943137018303007,0.1838645259194166,0.1321082765397509,0.5645958273578024
0.14084402349651895,0.1971276734142593,0.15652532275510941,0.5055029803341122
0.16158551250650768,0.18955906514187704,0.14040112219121806,0.5084543001603972
0.15522334289470813,0.19614392935323088,0.1602003584715197,0.48843236928054135
0.19800537809001864,0.2005162578866093,0.13198608941388398,0.469492274609488
0.17900444407581614,0.19316540310786867,0.15382208439715178,0.47400806841916343
0.20114160092219802,0.23388690762328135,0.18562399455377354,0.37934749690074704
0.22752268529508765,0.2346060454933554,0.2186180416375667,0.31925322757399033
0.22898332676237698,0.2258020377328597,0.22720628656424904,0.31800834894051433
0.2369798350909177,0.24063297112072032,0.2419813210967403,0.2804058726916217
0.28599937914538703,0.2316678037107497,0.2033329776413048,0.27899983950255847
0.28867697873299974,0.23291123952600498,0.21462809166979435,0.263783690071201
0.3083544705565495,0.24245364106774747,0.22456327167632134,0.2246286166993817
0.3235366888110845,0.22909957511383097,0.21661545152984685,0.2307482845452377
0.3091976727496759,0.2176594499127835,0.20115249270289318,0.2719903846346474
0.2933100653675169,0.23311462253313792,0.21888261895301006,0.25469269314633514
0.330666692804699,0.22473905996422952,0.1844124822846032,0.2601817649464682
0.28865142233917285,0.23087053008267266,0.236238983202361,0.24423906437579357
0.29158922029694756,0.24560855868524856,0.2511383913369462,0.21166382968085776
0.2868308189288528,0.2503546805947114,0.2906410145747383,0.17217348590169754
0.3137511268864415,0.23422068696946868,0.2462718258357572,0.2057563603083327
0.30570183120516087,0.22895613082961241,0.22892161365845468,0.23642042430677207
0.34786267680204697,0.22757723074746095,0.18301671119778423,0.24154338125270783
0.3637806875381093,0.2249475926255489,0.1821000572463788,0.22917166258996305
0.34510985959005713,0.22973883117988658,0.2116348937672122,0.21351641546284392
0.3191399334461094,0.23314177576746978,0.2398347620477712,0.20788352873864965
0.3074473376835548,0.23097336807296395,0.23865963591531777,0.2229196583281633
0.30133925593980704,0.2244354260912556,0.21993446727159488,0.25429085069734236
0.30843589861559506,0.21298979711621446,0.1787758033410524,0.2997985009271382
0.29251376811719904,0.22593876805064117,0.19419717146166554,0.28735029237049425
0.2966648738466042,0.24959451496488344,0.2366128342760489,0.21712777691246346
0.2932555236321299,0.2475378040374341,0.28367265369048383,0.17553401863995224
0.2860006432634849,0.22061200398851258,0.24631230461787457,0.24707504813012804
0.2649214555567668,0.22103232684727506,0.21330673103242884,0.3007394865635293
0.31841443395711727,0.23257226478408768,0.17492847297621483,0.27408482828258024
0.34728605428869785,0.22557067678266973,0.17640036589283317,0.2507429030357992
0.31895224006530465,0.2320468678287844,0.22350079692051217,0.2255000951853988
0.30073821954327523,0.22554689376781187,0.23005139168549518,0.24366349500341777
0.29023902874130103,0.21251552093534634,0.19455225944475668,0.30269319087859603
0.2676724818999929,0.22100221503079384,0.20122663923634232,0.310098663832871
0.30266864768481005,0.21864863673564142,0.1650338289267733,0.3136488866527753
0.26282110343087384,0.22348450799921044,0.21557116778658836,0.29812322078332737
0.27232797688585064,0.23952522509946841,0.22566990413605215,0.26247689387862877
0.2632409322383417,0.24248214688095504,0.27038076178308756,0.2238961590976156
0.2880868752728251,0.22033103916243982,0.21130255758391786,0.2802795279808172
0.2600813701439436,0.22200742276131655,0.21401537022387632,0.30389583687086363
0.3090980416804703,0.23272326160588933,0.17987783289604037,0.27830086381759994
0.3182385986288787,0.22698936906871975,0.19477025965237685,0.2600017726500247
0.30154772038443284,0.2219257014700019,0.20595772197551385,0.27056885617005133
0.2814285526605718,0.22097965531979885,0.20962028458456383,0.2879715074350656
0.28218810850244463,0.21845250879201183,0.19045116774108187,0.3089082149644616
0.2691297993030871,0.2203735107062189,0.19741880363168063,0.31307788635901335
0.27499349501810194,0.2172175093478501,0.18333886631314944,0.32445012932089845
0.24805682924381348,0.21655038385258413,0.2020818021268963,0.33331098477670607
0.2537852656972888,0.2408436176760179,0.22304785253364462,0.28232326409304886
0.2628831492184798,0.24744247304997438,0.26426411756084134,0.22541026017070454
0.2833903857435968,0.22406849405273327,0.2251239385250543,0.2674171816786157
0.2582032535994827,0.2246272051137703,0.22393882935921777,0.29323071192752925
0.30591818515859476,0.2348697209044178,0.18881175160147604,0.2704003423355115
0.3243329322558131,0.22604035258278354,0.19044245100201226,0.25918426415939116
0.31205290175539574,0.2237396945585385,0.20199341293357254,0.26221399075249324
0.29502508876277816,0.2202173449998094,0.20535468012547786,0.2794028861119346
0.28900987804193706,0.2097590677732173,0.17746118893923915,0.3237698652456065
0.26144299473059396,0.21182160600340366,0.18403547663123498,0.3426999226347674
0.26318856444990324,0.202482020826429,0.15652453869136895,0.3778048760322987
0.2152117978016436,0.19470256123900512,0.1687633918075977,0.4213222491517537
0.2150000222438768,0.24024310427069784,0.21026272141385,0.33449415207157546
0.2394901140930987,0.24615965053596447,0.25324296836928095,0.2611072670016557
0.23949166562889526,0.2174218501716707,0.2332789737114447,0.3098075104879892
0.22448418628594524,0.23380626427115403,0.2357552895064814,0.3059542599364194
0.2882167918653794,0.24316139022319708,0.20405661964934194,0.2645651982620815
0.3182349230605791,0.22471759558382803,0.19062394711894137,0.26642353423665155
0.30804665281092886,0.2278359161836365,0.2050964546978522,0.25902097630758253
0.31469406992505444,0.2215493859126373,0.1933001383772199,0.2704564057850884
0.30923359636784115,0.2045821669064849,0.16353612402602136,0.3226481126996527
0.26356663290850657,0.21713793575607518,0.19642365170844764,0.3228717796269705
0.2857865299216842,0.21213574564765222,0.1628869900945065,0.3391907343361571
0.21763462853897927,0.18949399525421654,0.1824791212962156,0.41039225491058867
0.21385179507782803,0.2296251990363348,0.19515585481863454,0.3613671510672026
0.23114427520876293,0.2466788006428669,0.24550219693336753,0.2766747272150026
0.25576706213535516,0.2304729612521046,0.23296296252582033,0.28079701408671986
0.23653956806047666,0.2418797081043191,0.26590890947367907,0.2556718143615252
0.2932098401166581,0.246491193863343,0.23116274113588045,0.22913622488411844
0.3206873535293071,0.22191220324369387,0.19866419148402,0.2587362517429791
0.321342844140848,0.2128750439820628,0.17129823359401064,0.2944838782830785
0.32551880928645205,0.2182795979047212,0.16724963743015128,0.28895195537867535
0.3298739829050757,0.2112438436684365,0.1599857414250701,0.29889643200141774
0.2753478977433492,0.21495326632117087,0.20253940986256863,0.30715942607291125
0.2554692681990834,0.21323431162228446,0.1984123703636425,0.3328840498149897
0.22004453250782458,0.20762725401508478,0.20214791477694158,0.3701802987001492
0.22512263249937095,0.24280539000600593,0.22750182583755957,0.30457015165706347
0.2529382849504776,0.2523099215978966,0.26284017260400583,0.23191162084762001
0.2812635736329654,0.2283824349963248,0.23125057495999884,0.259103416410711
0.25804722280458775,0.21936654993004562,0.22047008361010742,0.30211614365525913
0.30477294359424256,0.2317771885783804,0.1786706161975266,0.2847792516298505
0.3194496155447902,0.23786249432191311,0.20634099414304696,0.23634689599024977
0.3348935226193186,0.22306200045852906,0.19644551377143102,0.24559896315072127
0.279113390419633,0.20412965185140522,0.20344742814803546,0.3133095295809263
