0.29294329605357605,0.23593295847069864,0.2402139307775483,0.23090981469817687
0.2870074413892559,0.23520137904901442,0.24365294064862117,0.23413823891310853
0.2880951359927807,0.23495778207728849,0.2432719559417403,0.23367512598819057
0.2886113026666314,0.2352408061536557,0.24286923547086567,0.23327865570884737
0.28930446861317555,0.2355072957906851,0.2424411133957109,0.23274712220042834
0.28613750316073927,0.23452531251461176,0.2444289155660854,0.23490826875856358
0.2858143059749541,0.23416924507642012,0.24464137935434874,0.235375069594277
0.2911594212534577,0.23591785991883374,0.2412298340684661,0.23169288475924255
0.2881398161042595,0.23536170855127322,0.2430986136484442,0.2333998616960232
0.29016857480452335,0.2357236728726537,0.24196504767983937,0.23214270464298364
0.289081608957959,0.2355452582463499,0.24260067961763568,0.2327724531780554
0.28213441669229045,0.2332133118975533,0.24691254965905024,0.237739721751106
0.2917474858110645,0.23578474493132998,0.2409353726118146,0.23153239664579092
0.2902229375345402,0.23613288373705174,0.24170523444548406,0.23193894428292386
0.29060588931997205,0.2360396118234944,0.241679905667483,0.23167459318905048
0.2897979010174146,0.23578988567962644,0.2422041041622099,0.23220810914074902
0.290655092739862,0.23600299514423825,0.241675769112766,0.2316661430031337
0.2843687678948607,0.23403550869813647,0.2455702092058426,0.23602551420116025
0.2899687677784712,0.23535023850353107,0.2421074121532159,0.2325735815647817
0.2890456386118976,0.2355645186121592,0.2425245834427198,0.23286525933322338
0.2877529463933898,0.23502172676823044,0.24344346423378668,0.2337818626045932
0.2839610419321539,0.23370210413274947,0.24577725782959614,0.23655959610550056
0.28689762809845304,0.2343696759230121,0.24392693786897168,0.23480575810956314
0.28065310825307743,0.23266827005968552,0.24761003592600314,0.23906858576123405
0.29264442834988463,0.23602512911794984,0.2402546280667956,0.2310758144653701
0.2885883462499574,0.2356982592184871,0.2426680689012175,0.23304532563033803
0.2908582386000285,0.23598997794642868,0.2415319136392334,0.23161986981430938
0.2904669669954595,0.2360514664667223,0.2417393457064352,0.23174222083138293
0.28908322621404875,0.23554019845290933,0.24266255267492753,0.23271402265811436
0.2837944139180033,0.23372491713278692,0.2459335733223932,0.23654709562681678
0.292230732273901,0.23606919655534872,0.24064066641013135,0.23105940476061892
0.28944821872940085,0.23589123682717036,0.2422413123584587,0.2324192320849701
0.2877328106584566,0.23502174419004718,0.24351028908398972,0.23373515606750644
0.28870546425786864,0.23521063631792818,0.2428777858866781,0.23320611353752507
0.29561307430742095,0.23763892472420547,0.23841754949845062,0.22833045146992287
0.28443816992656656,0.23446790248296848,0.2454821784626893,0.23561174912777583
0.29435922853374635,0.2367575638924259,0.23944336977503278,0.22943983779879482
0.2913222842814719,0.23665953255275374,0.241100523091661,0.2309176600741134
0.29263245429217566,0.23676141653696772,0.2404778066443656,0.2301283225264909
0.2923957721529175,0.23679780315064303,0.24059479980521,0.23021162489122945
0.2917487358683147,0.23654755408407194,0.2410361158468247,0.23066759420078872
0.2889270071893102,0.23555478920638429,0.24282784230634022,0.23269036129796533
0.29152765882199605,0.23619766567979467,0.24117325402355932,0.23110142147464996
0.28964177026776733,0.23581917814667186,0.24228161082242122,0.23225744076313962
0.2928325361726218,0.23671176979304853,0.24030803213336926,0.23014766190096048
0.2894641678129954,0.2358604628664612,0.24240245462047802,0.23227291470006534
0.2877458970879259,0.23499458081247215,0.24356088413886237,0.2336986379607395
0.2797703988862835,0.23236486522023214,0.24832500731839213,0.2395397285750922
0.2955912307625393,0.2369084567560364,0.23843846201608926,0.22906185046533517
0.29244746433667856,0.23723979266453113,0.2401907101558674,0.23012203284292307
0.29385992493417856,0.23728443733918173,0.23967159445198943,0.22918404327465033
0.29153534736762415,0.2365943113398881,0.24116866915578788,0.23070167213669973
0.2911836524588528,0.23626717235639236,0.2414400341412843,0.23110914104347052
0.28432512311842334,0.23402589931276438,0.24566941288356095,0.2359795646852512
0.29073100737465296,0.23557939339735812,0.24165987178260143,0.23202972744538758
0.2904112065620706,0.2360731476756272,0.241667866281826,0.2318477794804762
0.28982926269323944,0.23579909340610797,0.2421623578944654,0.23220928600618707
0.2860944217172247,0.2345212408675406,0.24451839420345947,0.23486594321177523
0.29190713133389845,0.23613333041122386,0.24086676652837435,0.23109277172650336
0.284926724774087,0.23435992440252518,0.2451256273309267,0.23558772349246124
0.29352765524511476,0.23657318458565887,0.23986149628920714,0.23003766388001934
0.29419518116324656,0.23758469062829682,0.2392414320343653,0.22897869617409136
0.29357325601367823,0.23733549567177295,0.23983144862639919,0.2292597996881498
0.2908938303535758,0.23633548534676743,0.2416205841135126,0.23115010018614424
0.2883191322146754,0.23526613824783127,0.2432530781014375,0.23316165143605583
0.28391433726694915,0.2336841436915069,0.24589624176582817,0.23650527727571574
0.29291508404474803,0.23631192612353855,0.24019342655255393,0.23057956327915954
0.29080568474155677,0.236399630112457,0.24137862480485084,0.23141606034113535
0.2912660807108728,0.23628504119733615,0.24130179502594454,0.23114708306584658
0.2874521419469924,0.23506010762861193,0.2436999300354156,0.23378782038898
0.29315075539009955,0.23663734452693053,0.2401158930021411,0.23009600708082892
0.28233754710641135,0.23360626475037832,0.24675366242920596,0.23730252571400426
0.29664311639553226,0.2374062117230201,0.2379006915715473,0.22804998030990056
0.29302463119926764,0.23747155857004223,0.23991737354850298,0.22958643668218723
0.2888084875643725,0.23560533669708986,0.242943218094768,0.23264295764376955
0.2862918262232521,0.23445180475154917,0.24450168479944173,0.2347546842257569
0.28736646672782645,0.2346607311343821,0.24371304683142161,0.23425975530636997
0.27976822256996814,0.23238779794730738,0.24821661177934887,0.23962736770337562
0.2942031894411169,0.23646011662532992,0.23929045162656354,0.23004624230698964
0.28759429560358774,0.23550348562749468,0.24327050805161757,0.2336317107173001
0.2864733099555125,0.23446595907995696,0.24430885579634615,0.23475187516818444
0.2873195226317386,0.23468475150167556,0.24369395144084186,0.2343017744257439
0.2909438976008004,0.23596393746268826,0.24136974298966285,0.23172242194684853
0.28181739657976895,0.23329698098794655,0.24702035890740046,0.23786526352488405
0.2953446905578062,0.23695404407984008,0.2386695101435969,0.22903175521875688
0.289694994900555,0.23624858033407714,0.2420262339358951,0.23203019082947277
0.290744954409713,0.23599783072737612,0.24168793982336279,0.2315692750395481
0.2882741542861274,0.23529298718691627,0.2431711270326411,0.23326173149431512
0.2923170706501449,0.2364324633529661,0.24062818006055461,0.23062228593633438
0.28410347393888125,0.2340969661925009,0.24569547659898536,0.23610408326963245
0.2929533973686679,0.23629995009472418,0.24025517902411545,0.23049147351249252
0.287091687859246,0.2351595663915248,0.24374524887584703,0.23400349687338223
0.2880874843749489,0.23494053088704356,0.24331318759386544,0.23365879714414198
0.28936836945227223,0.23548195073872588,0.2424050497362235,0.23274463007277835
0.28767626132772234,0.23503406176221867,0.24346110300885124,0.2338285739012077
0.2780332137239375,0.23184212194312784,0.24930393792812625,0.24082072640480842
0.2965160613430833,0.23709770521487838,0.2378212627228602,0.2285649707191781
0.28798210254828077,0.23583766295275518,0.24297703359857514,0.23320320090038896
0.2917352272623241,0.23619290770650422,0.24106359378833686,0.23100827124283474
0.290331640355235,0.23607209268220186,0.2418283794622142,0.23176788750034882
0.2898614716094026,0.2357741709859621,0.24219666523640698,0.23216769216822827
0.28687305659826495,0.23476826425538994,0.24404728670103845,0.2343113924453067
0.2910696944607808,0.23591504012123224,0.24140040194203027,0.2316148634759566
0.2945888207214221,0.2374915351462791,0.2390479954916213,0.22887164864067758
0.2869727504931571,0.23518225275894916,0.24397010384421844,0.23387489290367544
0.2857855844373095,0.23414788056503197,0.24481914716341202,0.23524738783424642
0.28662533205894325,0.23440587369813654,0.2441228008138831,0.23484599342903714
0.28406643927869063,0.23369560577245369,0.24561348124424204,0.23662447370461362
0.2975674605582311,0.23797153886818986,0.23710157265299445,0.22735942792058447
0.29013238922720597,0.23656547641472137,0.2417710036336534,0.2315311307244194
0.29490844007759853,0.23740988003142546,0.2390860834068327,0.22859559648414335
0.29063175946026026,0.236394900203915,0.24169743226750462,0.23127590806832032
0.289130920592156,0.23550729642205837,0.24275753191296315,0.23260425107282254
0.29075697188712535,0.23596337929085467,0.24164645723115594,0.231633191590864
0.2940035128216095,0.23722597659700162,0.23950079307947328,0.22926971750191558
0.28931219812364095,0.23589815871809636,0.24251166903564625,0.23227797412261658
0.28701490027468063,0.23472877933937059,0.2440508728981978,0.23420544748775096
0.29104278501077485,0.23591072370789157,0.24142598350087727,0.23162050778045623
0.2904107226805534,0.23606854158249427,0.24173061183068856,0.23179012390626386
0.285225137188185,0.23428919113176475,0.24505386707973292,0.23543180460031737
0.2961739387415736,0.23750553052871426,0.23814478671279657,0.22817574401691562
0.2931423159654895,0.23744169548298724,0.23990995966025763,0.22950602889126567
0.2944449023490764,0.23751307583335524,0.23934497690984005,0.22869704490772827
0.2900284118140351,0.23612037729255167,0.24215681287593538,0.2316943980174778
0.28995694035136843,0.23572578535785998,0.24224500474523217,0.2320722695455393
0.2898919720204535,0.2357502513915091,0.24217637379516999,0.23218140279286748
0.29135363892544036,0.2362479809017816,0.24122089892551976,0.23117748124725815
0.2904155976628597,0.23605818212869784,0.24180382905581324,0.2317223911526294
0.2883464413068419,0.2352836369977843,0.24314611229539906,0.23322380939997464
0.29230200628276165,0.23643416785870502,0.24063463187085823,0.23062919398767506
0.2880213067153332,0.23536196018794026,0.2432718801611693,0.23334485293555723
0.2806331471245573,0.23263649810432818,0.24786223313742362,0.23886812163369095
0.3011581982373859,0.2389332457459316,0.23482724182181494,0.22508131419486754
0.29495570891313216,0.2385801251922325,0.23855074757230377,0.2279134183223315
0.28785720543969323,0.23540194134760495,0.24363897094394962,0.23310188226875217
0.29453987824408034,0.23706357557201094,0.23937342739989825,0.2290231187840103
0.29205800419141803,0.23687230253036165,0.24073184792611027,0.23033784535211
0.2834345497822461,0.23379326698021818,0.24625801497346048,0.23651416826407526
0.29305261930287924,0.23626045126861087,0.24022400774272729,0.23046292168578258
0.2885819236084137,0.23566064280870286,0.24280044065654527,0.2329569929263382
0.28471731067734096,0.23397392071947654,0.24539378835242964,0.2359149802507529
0.27666981321842227,0.23120435886657884,0.25006572929904625,0.24206009861595257
0.2722180844880954,0.22937861297901824,0.2522497354619703,0.24615356707091604
0.26790915265602133,0.22795779771942265,0.2540705953717017,0.25006245425285434
0.28479719278168103,0.23296267947404722,0.244246839355888,0.23799328838838374
0.28720287497484603,0.23492173075285633,0.24297522048588344,0.23490017378641426
0.2780062421097625,0.23196393470439783,0.24900441045305655,0.24102541273278313
0.2828218477909845,0.23271445803869428,0.24623568516822975,0.2382280090020914
0.28448157022794696,0.23367048415142638,0.24508311273309144,0.23676483288753525
0.2783697954134921,0.23184605161245528,0.2488151973938511,0.24096895558020148
0.29220589525212926,0.23576102794111434,0.2404171350178375,0.23161594178891898
0.28231194451708563,0.23368166096055987,0.24644994503018827,0.23755644949216623
0.2856013183964297,0.23382825952131178,0.2447450768936649,0.2358253451885935
0.28656983886885684,0.2344581956466303,0.24398909778299613,0.2349828677015166
0.2815725552567971,0.23293238187202867,0.24706825542060118,0.23842680745057301
0.2814556918367591,0.2325198090727268,0.2471238606728967,0.23890063841761744
0.29243843092904964,0.2360861345580529,0.240249051150702,0.23122638336219556
0.28711185449944093,0.23520743381511025,0.24358012819288372,0.23410058349256507
0.29033625974716076,0.2357040252012957,0.24185570197055303,0.2321040130809904
0.2919537915242637,0.23652704247039508,0.2407538143822107,0.23076535162313053
0.28578364475623064,0.23459680464676244,0.24469292769357293,0.234926622903434
0.2874908476185932,0.23463947272742872,0.24368942022564466,0.23418025942833337
0.2944268152118991,0.23714544446596791,0.23915212611241404,0.229275614209719
0.28458535196097134,0.23444333503066506,0.24534912619569943,0.2356221868126642
0.2884791109089835,0.23484751261011289,0.24311782048495917,0.2335555559959446
0.28540028921970034,0.23425264775007726,0.24481352647112356,0.2355335365590987
0.28977685076226317,0.23541364272300785,0.24214003252801602,0.23266947398671287
0.2844184354619888,0.23405207194489283,0.2453980402123851,0.2361314523807332
0.29627645131020575,0.23750617634925483,0.23802507262016762,0.22819229972037178
0.29509262663551783,0.23815143793371069,0.23860700881155464,0.2281489266192168
0.29070444584939326,0.23640314253244493,0.24173459072431286,0.2311578208938489
0.28761046931919554,0.2350003275919006,0.2437383165606044,0.23365088652829935
0.28642501582147123,0.2344268216632889,0.2443629164940566,0.23478524602118317
0.2865403355509404,0.23442901925451454,0.24417707734192345,0.2348535678526218
0.2895782233642586,0.23545335293082675,0.2422286836365455,0.2327397400683692
0.28987995478919637,0.235798308187666,0.24202801415435163,0.2322937228687861
0.290621971814337,0.23602997655159194,0.24163852588709472,0.2317095257469764
0.2867532653954985,0.234805646151252,0.2440908689139048,0.2343502195393447
0.28413203342657756,0.23365829963355697,0.24571658478182368,0.2364930821580417
0.28109843480278346,0.2325598694771167,0.24741825468046347,0.23892344103963636
0.29732035743134655,0.23767419519836516,0.23720077304478526,0.22780467432550314
0.29614461313971624,0.2386867753494572,0.2377799552496501,0.22738865626117644
0.28608420237447313,0.23496811729493725,0.24463859779569389,0.23430908253489574
0.28752494566162523,0.23459935658451708,0.24381788164740978,0.23405781610644785
0.2855659584801966,0.23419948069705365,0.24477409529268843,0.2354604655300613
0.2858650568963676,0.2341669147515071,0.24455602734718312,0.2354120010049422
0.29328203239589906,0.2366470363074597,0.2398509649530158,0.2302199663436255
0.2847212546302755,0.23442343308905716,0.24521275276461052,0.23564255951605678
0.28766329095740634,0.2346171588010472,0.2435807030822219,0.23413884715932454
0.28225019338136026,0.23319679700930626,0.2467155616544798,0.23783744795485368
0.2887000855963328,0.2348373274434835,0.24277373750006379,0.23368884946011978
0.2812145755668902,0.2330021876827326,0.24723498031387464,0.23854825643650254
0.2960624661645468,0.2372040470979452,0.23810856642614778,0.22862492031136017
0.2910121923317054,0.23677264614458662,0.24114472001419568,0.23107044150951225
0.2867968107319139,0.23480607959664432,0.24417181219364753,0.23422529747779428
0.2857541504994179,0.23415518759323883,0.24476689151611855,0.23532377039122473
0.2881830675173004,0.23491835604036226,0.2431347432821867,0.2337638331601505
0.2862503341080526,0.2345131311599272,0.24427753373495503,0.2349590009970651
0.2881293863961355,0.23494790246568856,0.24316143041463398,0.23376128072354194
0.28547380640686365,0.23425406583434333,0.24476826697313595,0.23550386078565716
0.28588822159926713,0.23416782758262444,0.24454422705139223,0.23539972376671606
0.2849811329388644,0.23393833028137476,0.2450388276541108,0.23604170912564998
0.2874996219127733,0.23467959332903515,0.2434822154373722,0.23433856932081926
0.28058224512389257,0.23268783637541135,0.24766624278282484,0.23906367571787118
0.29477959799435993,0.2367245558999195,0.2389138805120442,0.22958196559367644
0.29257982473922534,0.237212197564073,0.24012298845971858,0.23008498923698303
0.28732159329921053,0.23511898483999188,0.2438050385402163,0.23375438332058115
0.2872820640168613,0.23467122142068425,0.24385838599628962,0.23418832856616484
0.28873560289529926,0.23520356261870648,0.2428164888619568,0.23324434562403756
0.2846002363919493,0.2340045261158703,0.24533869208672296,0.23605654540545729
0.28989977028063013,0.2353830630399145,0.24207802663745417,0.23263914004200117
0.28438737737921205,0.23405950898800024,0.24539936154083467,0.236153752091953
0.28363292829834325,0.23335663438563944,0.24594676263292586,0.23706367468309147
0.2852896016778247,0.23387880378943576,0.24481468356941366,0.2360169109633258
0.28256556733693916,0.23316842303353721,0.24642243373109138,0.23784357589843225
0.277803752487193,0.23148292551905578,0.24922601007938597,0.2414873119143652
0.29509783689506625,0.2366957098415281,0.23854394340261686,0.2296625098607889
0.29248034004036644,0.23726609051940364,0.2400691494314246,0.2301844200088053
0.28578267470707175,0.2346249085374,0.24474139816579477,0.2348510185897335
0.29200185279426405,0.23609912878889117,0.24088953937971117,0.2310094790371335
0.2895189379631017,0.23585517347743412,0.24227683049253504,0.2323490580669291
0.2837538080759779,0.23374256769521917,0.24597192349827712,0.23653170073052587
0.2922452750088126,0.23606265854608152,0.24064751357376615,0.23104455287133982
0.2815726400550455,0.23334811571685743,0.247100858248708,0.23797838597938914
0.28407558399767663,0.23326470900338114,0.24571373418810769,0.23694597281083465
0.28436666689153023,0.23364813947754795,0.2453145552473349,0.23667063838358693
0.28676983259589606,0.23443678902946058,0.2438557968424634,0.2349375815321798
0.27719190551252576,0.2316003990964692,0.24960945612002786,0.24159823927097712
0.2931428859577002,0.23593955075276915,0.2398988622673111,0.23101870102221947
0.29065343912606023,0.23647627778485308,0.24125790742272318,0.2316123756663637
0.2890859054248431,0.23557838302350198,0.24263445548067997,0.23270125607097503
0.292901703774272,0.23669873711593367,0.24024711513400301,0.23015244397579135
0.29368812119257764,0.23730200972403057,0.2396839042176779,0.22932596486571383
0.28317391985566814,0.23385608930699484,0.2463758501773261,0.23659414066001086
0.28551624121180674,0.23378031270255176,0.24495611675933276,0.23574732932630874
0.2825336774314238,0.23313992334179903,0.24650157143530488,0.23782482779147232
0.28299166038983814,0.23307911257217367,0.2461924805098883,0.23773674652809998
0.2869453929198432,0.23440270958010576,0.24371140623449514,0.2349404912655558
0.2863785196942503,0.23452141008423258,0.24407586786170749,0.2350242023598096
0.28162270168808806,0.23292138187478814,0.24706641861569514,0.23838949782142865
0.29461005815110475,0.236758752899075,0.23900338831418397,0.22962780063563631
0.2926221249398419,0.2372013695282429,0.24012041815423793,0.23005608737767733
0.29102959887179675,0.23634483288822503,0.24146984271105018,0.23115572552892805
0.28355392014590153,0.23376305201988912,0.24615530962918508,0.23652771820502438
0.28857597835940746,0.2348183624119663,0.24300584174270248,0.2335998174859238
0.28771726699306294,0.23502807837441286,0.24333963620486768,0.23391501842765658
0.291642017321724,0.23621648041211277,0.24095611303846953,0.2311853892276938
0.2791809334254478,0.23251173097738376,0.2486138912362597,0.23969344436090867
