0.24987527706062385,0.24039381205960836,0.21624639197012324,0.29348451890964455
0.24961447509745877,0.23883041544345088,0.2182719747147301,0.2932831347443602
0.2492701611283491,0.23879849748542442,0.21833974970544776,0.2935915916807787
0.24966806197874247,0.23842249976881016,0.21820225813644234,0.29370718011600516
0.2503334347418363,0.23942064127354565,0.2179635742968228,0.29228234968779526
0.24952837821993537,0.2391447238098681,0.2192461924255566,0.29208070554464
0.24886810258100683,0.23702473170006078,0.21998693031846075,0.29412023540047166
0.2492636693958865,0.24027915432079314,0.21639287586336742,0.29406430041995296
0.2491094024614765,0.2386842550592716,0.21763335457901475,0.2945729879002373
0.2502872081578486,0.2383223818510137,0.21782826304357705,0.2935621469475606
0.25014844222497556,0.241351083141919,0.21731942721987535,0.29118104741323014
0.24833009487565103,0.23588405146509023,0.22176137376162589,0.29402447989763286
0.24872068432884822,0.23984526177319376,0.21642085842538736,0.29501319547257054
0.24901825135499958,0.23961927396672536,0.21603670340805967,0.29532577127021536
0.24900068906071024,0.2399683566347505,0.21595372908132984,0.2950772252232094
0.24975657479273988,0.23839267025557928,0.2171961007433253,0.2946546542083555
0.25005018603203477,0.2411608389425703,0.21638945658024442,0.2923995184451505
0.2490486767073733,0.23718601981529608,0.22021055324909755,0.2935547502282329
0.24940014861733964,0.23905935153449784,0.21766025068814268,0.2938802491600199
0.25032826537607417,0.23868915369521132,0.21810082553234336,0.2928817553963711
0.250604064087508,0.23954768831230763,0.21892977093996252,0.29091847666022186
0.2510951613147659,0.23624311166765444,0.22232145854589586,0.2903402684716838
0.25021967954910435,0.24053957667588052,0.2196936553050485,0.28954708846996663
0.2483881083068448,0.23475659388593587,0.22312881617442012,0.29372648163279924
0.24899454174362487,0.24057340964437482,0.21606446119704556,0.2943675874149547
0.24881196874909292,0.23901318988480827,0.21694104747374876,0.29523379389234994
0.24908054059554655,0.23956885665331829,0.21617044978586133,0.2951801529652738
0.2501377738949708,0.23894795367845761,0.21693530561728616,0.2939789668092853
0.24977510183373391,0.24103300034379072,0.21709917722056932,0.29209272060190616
0.24840548841482962,0.2363034992256191,0.22072134821028533,0.2945696641492659
0.24936553345858328,0.23989343888267506,0.21620031270881787,0.29454071494992373
0.24969729142773558,0.2398381866308073,0.21677039369616086,0.2936941282452962
0.2481216397474375,0.23954205043100052,0.21776469748458,0.294571612336982
0.24861979159185799,0.23655753890579465,0.2180619268761516,0.29676074262619584
0.24953071093825202,0.24395954797648853,0.21250847104017231,0.294001270045087
0.24779850577987586,0.23657621274452978,0.21917830572837996,0.2964469757472143
0.24844468831841582,0.24121424926802623,0.2140208054378738,0.2963202569756841
0.24842721277574628,0.24012163272197323,0.21458203525324387,0.29686911924903653
0.24855789990830904,0.24045422343225453,0.21418815156361334,0.2967997250958231
0.2491198171868644,0.24016700265270424,0.2144369284698246,0.29627625169060684
0.24915860644761836,0.24094021439434926,0.21477248013252173,0.2951286990255107
0.24880190112163256,0.23876016886020504,0.21690181644493878,0.2955361135732235
0.24867176589130627,0.24064149165815063,0.215338755549873,0.2953479869006701
0.24860910030700328,0.2387120512092564,0.21642441576141505,0.29625443272232516
0.2495719217096991,0.24051643507834175,0.21487666556006252,0.29503497765189657
0.25094838480197634,0.2381308817972075,0.2181852756566909,0.2927354577441253
0.24985271737658074,0.24181740087241357,0.218036097479976,0.29029378427102964
0.24672006850464656,0.23393457952845567,0.2235434431378454,0.2958019088290523
0.24798367760365705,0.24143614442958447,0.21378957716802466,0.29679060079873376
0.24853073268907003,0.24032272390380696,0.21360806435198298,0.2975384790551401
0.24896067855448972,0.24121007775052053,0.21319497801204879,0.29663426568294093
0.24984304925580877,0.23914919718552305,0.21549718349168115,0.295510570066987
0.24999504043136894,0.241607697519386,0.21566052125957486,0.29273674078967016
0.24863006560357812,0.23716750886308255,0.22002360714771177,0.2941788183856276
0.24882535379103576,0.23937697057743504,0.21684911649175784,0.2949485591397713
0.24968236582063194,0.2391956968380712,0.21657285761283399,0.2945490797284627
0.249435624361618,0.24073607379196799,0.21650257855310612,0.2933257232933078
0.24933854572134187,0.2366657693266461,0.21957303480377113,0.29442265014824087
0.24931897518049279,0.24185181840622266,0.21563097833716532,0.2931982280761193
0.24728209242960209,0.23707789429863974,0.2193886305419688,0.29625138272978946
0.24772278421183103,0.24028373168068848,0.21447935040720187,0.29751413370027857
0.24874547887363163,0.2409860077238556,0.21274556556019272,0.29752294784232
0.24951326028222845,0.24086343360304943,0.2134708295287343,0.2961524765859878
0.2503537181407237,0.2394482346726628,0.21628302567081248,0.2939150215158009
0.24962601119573724,0.2408051003219117,0.21747103814119612,0.2920978503411549
0.24795606643030932,0.23626795514783153,0.22068007174386461,0.2950959066779945
0.2486254645528957,0.24046043137189643,0.21525273982998896,0.29566136424521905
0.24932671671396187,0.23938739440310017,0.21568895492018164,0.2955969339627563
0.2490628797635592,0.24121061597251303,0.2152633382562288,0.294463166007699
0.24952954567399205,0.23649115460906822,0.21875769129449357,0.29522160842244616
0.24930142262798316,0.2434908517115459,0.21436640199867865,0.29284132366179216
0.24664074030855937,0.23504365147906187,0.22105643954114004,0.29725916867123875
0.24879782900688957,0.24120995551105662,0.21302860025666517,0.2969636152253886
0.25014397152435125,0.24092552773099835,0.21390438654769212,0.29502611419695823
0.25018501257907116,0.23969563158985682,0.21736052241330764,0.2927588334177644
0.2510306236527352,0.23682387598345594,0.22083857095400078,0.29130692940980807
0.25009646226218574,0.24129512304817705,0.21891779029740918,0.28969062439222804
0.2481775294675503,0.23389013937693814,0.2236522156710068,0.29428011548450467
0.24981594015319192,0.2406799017557036,0.21577607628871326,0.29372808180239107
0.2501704294381906,0.23930228033360862,0.21798987107619333,0.29253741915200737
0.24922773306572477,0.23873844530532526,0.2192204504854398,0.29281337114351014
0.24993740195603278,0.2366191701320699,0.21981473895339684,0.29362868895850036
0.24954447082103304,0.2424915194742709,0.21608499237997675,0.29187901732471927
0.24758415629564887,0.23479513669981644,0.22170206087867758,0.2959186461258571
0.24897731421857613,0.2416209468236226,0.21395361048587708,0.2954481284719242
0.2493370616579504,0.2393270172938014,0.21599506936599278,0.29534085168225555
0.24899192063815137,0.24058882790845487,0.2158436587207148,0.29457559273267897
0.24944126865613855,0.23733236837406724,0.2181045734857787,0.2951217894840155
0.2496234991277794,0.24228587061979193,0.21511219672371906,0.29297843352870956
0.24877487244829877,0.23611459301771734,0.22019833771345795,0.294912196820526
0.2497590401341436,0.2408156896214883,0.2157633076807697,0.2936619625635983
0.24948864813430144,0.23894345370380318,0.2181358816940462,0.29343201646784917
0.24938522699084553,0.23836587306200469,0.2184837839794361,0.2937651159677138
0.2510720232526413,0.23746558906994553,0.21932611750009165,0.2921362701773216
0.24999285593182768,0.24231530340783694,0.21810857833270425,0.28958326232763115
0.2474238179343194,0.2326102374481457,0.22468769289894555,0.2952782517185894
0.24907239128402903,0.24246702347561572,0.21367260630299037,0.29478797893736486
0.24877956969521103,0.23875031643993824,0.21672890203704837,0.29574121182780255
0.24901005750752644,0.2400514511047654,0.2155818529013639,0.29535663848634425
0.24959486461724173,0.23933841014402985,0.2163598694087114,0.2947068558300171
0.24943164561725412,0.24043333263397518,0.21654530438876896,0.29358971736000167
0.2477979748704218,0.23848344679408773,0.2183280138862291,0.2953905644492613
0.24854873788570825,0.23821636723099285,0.2163645445749125,0.2968703503083863
0.25032549026768397,0.24158577251186644,0.21393473354749898,0.29415400367295064
0.25042234438030303,0.2390931854901311,0.21849118755806146,0.29199328257150453
0.25053841318406567,0.23753860414884234,0.220714811028784,0.291208171638308
0.2485208117674797,0.24020546060890363,0.21908655678959357,0.29218717083402307
0.246894786031444,0.2348250736462292,0.22093621893093984,0.297343921391387
0.24860283350559242,0.24344094530378566,0.21156733300990146,0.29638888818072057
0.2483651910655307,0.23892246965777642,0.21498250846637904,0.2977298308103139
0.2493557499852845,0.24143313298578226,0.21308854446296893,0.29612257256596425
0.24927554129234736,0.24044630740099518,0.21522547944780984,0.29505267185884765
0.24815611925385506,0.23952165254033547,0.21665802356472125,0.29566420464108834
0.24837882869878233,0.23873282129290865,0.21602243053457448,0.29686591947373453
0.24978789361662998,0.24101819334635863,0.21400329186894484,0.2951906211680665
0.24950677016679942,0.2403903116256956,0.2163453987146906,0.2937575194928144
0.24859804603505706,0.23803959276994882,0.21851625110328984,0.29484611009170425
0.24959897897213237,0.2389159351457964,0.21680455165771392,0.2946805342243573
0.24887138213455953,0.2417822949477277,0.2156734805951175,0.29367284232259533
0.24684633196901387,0.23623094760195887,0.21950266520831008,0.2974200552207172
0.24808436649158988,0.2420222127966352,0.21243950495464628,0.29745391575712865
0.2487664227089305,0.24027217964329473,0.21312468780415403,0.29783670984362065
0.24944624727654344,0.2416760158758515,0.21286450528656675,0.2960132315610383
0.24921833759603781,0.23981090104447414,0.21576820346011397,0.29520255789937405
0.248820172034372,0.23974346400657945,0.21637058386182428,0.29506578009722423
0.2486915081790257,0.2392338636026293,0.21646198720201848,0.29561264101632645
0.2492621856138603,0.23977232914910837,0.21572287616202473,0.2952426090750065
0.24901681932163763,0.2405564394819388,0.21581433349984347,0.29461240769658
0.24883817636633893,0.23799995781663444,0.21762737109572391,0.29553449472130267
0.25065242154831896,0.239117405043884,0.21678839006611575,0.29344178334168136
0.24855056827914812,0.24235968381082443,0.21706990760291986,0.2920198403071077
0.24453969131211312,0.23255406111062865,0.22365535895865443,0.29925088861860394
0.24899417928981984,0.24294379025271942,0.21001537421821337,0.29804665623924737
0.2495889647537782,0.24366231194471413,0.21075824688499714,0.29599047641651055
0.24786477514637398,0.23794640009396584,0.2169237613937014,0.2972650633659588
0.24968956249507812,0.23973601476805279,0.21445909650004522,0.2961153262368239
0.24989370329918204,0.2427471790765899,0.2143408657420284,0.2930182518821995
0.24845273226979778,0.23599537824233274,0.22053832330095402,0.2950135661869155
0.24993385964830936,0.2398523656913248,0.21621651046420245,0.2939972641961634
0.25188000528271565,0.23783165856235813,0.21979295082562084,0.2904953853293053
0.25423839246078905,0.23707035375907817,0.2251821448496239,0.2835091089305088
0.25708543401238804,0.23459041828489152,0.2323516397737314,0.27597250792898914
0.25633803500861396,0.2371023989238723,0.23236185043623467,0.2741977156312791
0.2516966767925268,0.23144489865828238,0.23331594686224394,0.28354247768694685
0.25143353676443253,0.2346088163680347,0.22504764428683832,0.28891000258069444
0.25237936868078537,0.23970601876880893,0.221367509626191,0.28654710292421476
0.2517625567986343,0.23592695873212424,0.2257736499185408,0.2865368345507007
0.252076778182278,0.23535575675828588,0.22509721284164413,0.28747025221779204
0.2508845653658033,0.24004703790117035,0.22166513323167156,0.2874032635013548
0.24975442197888587,0.23304808718603406,0.22548879816690148,0.2917086926681787
0.25086828423981067,0.2407234594819776,0.2179622961920491,0.29044596008616264
0.2505145911953454,0.23732526026978157,0.22186750259914195,0.2902926459357311
0.25091092808705456,0.23672060168097717,0.22193499770967678,0.29043347252229157
0.2519091541383902,0.23844352183693024,0.2214799688460566,0.28816735517862296
0.2502602816840552,0.2385090267506346,0.2227273398610448,0.28850335170426544
0.24865774969564622,0.23456720722144617,0.2235041089205122,0.2932709341623953
0.2493647623149118,0.2408204821220306,0.21621795439780112,0.2935968011652564
0.24857729951078086,0.2387006207687769,0.21787497454948315,0.29484710517095924
0.24921976114492675,0.23833973582203527,0.21707588782275103,0.29536461521028695
0.25020557511503744,0.24099818017116473,0.21568599206163802,0.29311025265215984
0.24859557022262854,0.23910836013348083,0.21876471418893656,0.2935313554549541
0.24875214027011164,0.2362586353665265,0.2191857875771828,0.29580343678617915
0.2502297360266493,0.24233725453777977,0.21435766518845964,0.2930753442471113
0.25009699005303543,0.23732806987937413,0.2200235716076319,0.2925513684599585
0.24977529900105613,0.2396508585294404,0.2185853418976943,0.2919885005718093
0.24984847209976646,0.23679335813728342,0.2204400993833957,0.29291807037955436
0.24882190630096487,0.24131844694737262,0.2170161122611922,0.29284353449047024
0.2463023299679178,0.23596670495856512,0.22024427103774127,0.2974866940357759
0.2482707860744905,0.24103284807763323,0.21272292056364062,0.29797344528423575
0.24983587349378442,0.24165663302190943,0.21215586703512118,0.29635162644918495
0.2501962371369252,0.24008417695161868,0.21581397600547708,0.29390560990597897
0.25021950597545284,0.23893332535203074,0.21862158969686127,0.29222557897565515
0.24963308322583216,0.23874239774282646,0.21944602959305975,0.2921784894382816
0.2489223028615686,0.2379899760579525,0.2193696083938568,0.2937181126866221
0.24882338235616253,0.23928975719188736,0.21723621756051933,0.29465064289143084
0.2493930910579238,0.23881905994415153,0.21696075896630268,0.2948270900316221
0.25048082155658313,0.2395526102746253,0.2171320266767313,0.2928345414920603
0.25148285017919636,0.23814118793207695,0.22039223156148152,0.28998373032724517
0.24917728234178907,0.24001463069554324,0.2206870699407836,0.29012101702188414
0.24527718854714067,0.23382508240847905,0.22363316586527535,0.29726456317910493
0.24860962834480807,0.24033677157278216,0.21295085614485412,0.29810274393755554
0.250577422998759,0.24320583006326166,0.21159187775617005,0.29462486918180936
0.2503146455098545,0.238207102314192,0.21884150849893902,0.2926367436770144
0.25041063696562,0.23870184704785052,0.2195387417759295,0.2913487742105999
0.2490689046283116,0.2390484595576327,0.2197110642103508,0.2921715716037048
0.24895959828989658,0.2359308831954752,0.22031267784943112,0.2947968406651971
0.2502629280268018,0.24155096640207738,0.21552302730901757,0.2926630782621033
0.25073597739286496,0.23695840112233024,0.22068277117306537,0.2916228503117394
0.25058845769978655,0.23992893292846626,0.21949047058049306,0.28999213879125413
0.25068373880258177,0.23531355570411708,0.22311394502613313,0.29088876046716816
0.24940933352150488,0.24139525666209627,0.21836570038100214,0.2908297094353967
0.24702722510102204,0.23434251218686453,0.22245146705082836,0.2961787956612851
0.24930205510638004,0.24094499436601877,0.21397314944045306,0.2957798010871481
0.25043415935528146,0.2404029456235473,0.21563873758923882,0.29352415743193244
0.25009956540471184,0.2390688242340932,0.2189104785173497,0.29192113184384527
0.2498527820177088,0.23751269438863343,0.22031250160078944,0.2923220219928684
0.24990855496003672,0.23916995671809693,0.21877343395675738,0.2921480543651089
0.2500174374200346,0.23768201522587193,0.21990552324942686,0.2923950241046666
0.2504248930975108,0.23898247277171009,0.2191291398881965,0.29146349424258255
0.25057528587507644,0.23785430261197416,0.22067207789651494,0.29089833361643436
0.25030467294671377,0.23847063490337514,0.2204850750967233,0.29073961705318785
0.2509151958979862,0.2363254927976491,0.22191341807573986,0.2908458932286248
0.24982141309113653,0.2411272245557055,0.21891302769035137,0.29013833466280653
0.24695389979657326,0.23451038506807945,0.2230184115371731,0.2955173035981742
0.24887066379511608,0.2400507992457265,0.21482159831695982,0.29625693864219765
0.25014954674234113,0.24116646111369175,0.2144663416985977,0.2942176504453695
0.24975353291388921,0.23907449768002587,0.21815056500252944,0.2930214044035554
0.2499966780284287,0.23770411019776785,0.21944725354176167,0.2928519582320417
0.24995723480199006,0.24016330652849235,0.21805732966761782,0.29182212900189974
0.24984213178381046,0.23646544001307312,0.2208989263217175,0.2927935018813989
0.25088918640317837,0.23938318667224318,0.21872495085008156,0.291002676074497
0.2510464900644655,0.23818276964903115,0.221265694640974,0.28950504564552937
0.2511470185790001,0.236667509386477,0.22281964169156682,0.28936583034295593
0.25232896379497505,0.23687953486437038,0.22321647211359685,0.2875750292270577
0.2504522351722071,0.23998004172143472,0.22224474550311532,0.28732297760324294
0.24668666193294436,0.23296462558529032,0.22559920630555533,0.29474950617621004
0.24901757588909496,0.23977109021619636,0.21523936060600857,0.29597197328870006
0.2497379443918974,0.24231413364064783,0.21392372371904453,0.2940241982484102
0.24861805210332366,0.23734866127606666,0.21888165144178015,0.2951516351788296
0.24994014472855813,0.23915300577167065,0.2166510939325929,0.29425575556717826
0.24982276369573267,0.2413395397017903,0.21657099980422775,0.29226669679824924
0.24979225054689108,0.2350885953731241,0.22154048961197953,0.29357866446800523
0.25122751903858986,0.24095714260675477,0.2175314245752545,0.2902839137794008
0.25125803847536327,0.2370933546000284,0.22279328282594343,0.28885532409866493
0.2506021138473276,0.2375688067301466,0.22234494876881336,0.2894841306537123
0.25159512774340675,0.2354824308300444,0.22331330607430352,0.28960913535224525
0.2508211488764108,0.24141426005452388,0.21991657804934311,0.28784801301972224
0.247766850709109,0.23351642361817826,0.22527086386732906,0.29344586180538357
0.24880597973005106,0.23979800716045188,0.21635508860755834,0.29504092450193864
0.24886824624028667,0.240735369541501,0.21528453643899298,0.2951118477792193
0.2477967787667563,0.23890429830791096,0.21669180040629482,0.29660712251903787
0.2494143955830711,0.23867033493439568,0.21530915882119836,0.2966061106613348
0.25095312280124515,0.2420600318671023,0.21470178910608867,0.29228505622556394
0.2511945932363764,0.23701937585732952,0.22174757699715636,0.29003845390913774
0.2515454843038262,0.2379801291141384,0.22204072262733057,0.28843366395470477
0.2509683955327218,0.2376695774463393,0.22285993098413232,0.2885020960368066
0.25014325373208574,0.2365453098367605,0.2227557376222956,0.2905556988088581
0.25089277552357553,0.2373223126414985,0.22102750953694109,0.29075740229798486
0.2496818400674267,0.24055212095255626,0.21932867889633637,0.2904373600836808
0.24700447172130485,0.23489901310992645,0.2224938518973593,0.2956026632714094
0.2483732067159441,0.24065266144714467,0.21438889976520387,0.29658523207170734
0.2500297764415429,0.2395929208009439,0.2147714185159983,0.2956058842415149
0.2504780583781575,0.24142009073662804,0.2159738777131967,0.2921279731720177
0.2496014946741223,0.23707760883124612,0.22088315133196368,0.292437745162668
0.24896796045474467,0.23932283555648012,0.2183593817254723,0.2933498222633029
0.2501998311546826,0.23620198031360587,0.21965150310448242,0.29394668542722907
