0.23291394640397772,0.20335282323492826,0.2323825241967633,0.3313507061643307
0.33290414571430327,0.255927953406252,0.22980893416641213,0.18135896671303262
0.29447716558668613,0.2379880980143887,0.2380174125998246,0.22951732379910056
0.25493371180420715,0.19657673342524828,0.2415877844712615,0.3069017702992831
0.3788383542740551,0.2690460946586593,0.21632279469003052,0.13579275637725519
0.3700840284248342,0.2757399768348521,0.21390839407212944,0.1402676006681843
0.38006610646366573,0.2831796109691472,0.20985573147403,0.12689855109315717
0.3829183300850717,0.28073437526830786,0.20741589127062263,0.12893140337599784
0.1713873949161878,0.16388519356506065,0.22809997454798628,0.4366274369707652
0.3673266517122865,0.2578004339070415,0.21771857150229446,0.1571543428783775
0.42770233471628855,0.28788693809737764,0.18993267350994947,0.09447805367638441
0.4205009094717952,0.29457529841309493,0.18693558470032984,0.09798820741478002
0.3649692514477519,0.2821325038458823,0.20946604731536322,0.1434321973910026
0.39862621852744917,0.27809964331641585,0.20184822135881592,0.12142591679731893
0.19533926869717097,0.17014527852523176,0.22747932382296362,0.4070361289546335
0.293184464680164,0.21780598996038358,0.23544741199425576,0.2535621333651966
0.3195821581291353,0.2543406346596018,0.2342435918166089,0.19183361539465388
0.32386865068339926,0.247383215609522,0.23389227667158505,0.19485585703549363
0.19139847523744488,0.17456992513957045,0.24399422081509212,0.39003737880789263
0.2657927198613218,0.2159654002554312,0.24421605233006802,0.274025827553179
0.13481561832408653,0.12232814077812865,0.21540276903439406,0.5274534718633906
0.40498902046339275,0.26390055133282103,0.20094258064663112,0.13016784755715513
0.4098434733544986,0.29091789678104546,0.1928125230879955,0.10642610677646032
0.4214238862372508,0.29422301511552634,0.18718947521962231,0.09716362342760057
0.39542278210072235,0.2902729642262605,0.19768540402550436,0.11661884964751278
0.36777886166845664,0.27871066812679723,0.20957439150594112,0.143936078698805
0.1860857372598075,0.1909985841371604,0.23987743584138854,0.38303824276164355
0.3920968322191192,0.26457810737812093,0.2122722194435432,0.13105284095921677
0.40457711285795184,0.29062952885217014,0.19832169650854398,0.10647166178133399
0.35643450791646486,0.2793810523108651,0.21357785477955485,0.15060658499311513
0.3249958016020129,0.2709675758798393,0.22912165584076952,0.17491496667737838
0.5122329981851523,0.2851228915764508,0.15301251158224846,0.04963159865614836
0.28883783253159084,0.2661754340217906,0.2225110943936483,0.22247563905297021
0.4372608648514478,0.2866658392349918,0.18719408340132396,0.08887921251223645
0.4329548356005987,0.299435136681509,0.18081967126301304,0.08679035645487912
0.4441869239087468,0.3012593528818999,0.1742231354699507,0.08033058773940259
0.4095516783404153,0.3018988424880326,0.18794772864524173,0.10060175052631051
0.41082792343482744,0.2957464894858967,0.1908182628955733,0.10260732418370253
0.33513114170322816,0.273253611096663,0.22023537804333118,0.17137986915677758
0.40642497598823096,0.274660119042013,0.20157487541676605,0.11734002955299014
0.32989417150860223,0.27719485562001095,0.2232355525965716,0.16967542027481533
0.413198670550405,0.28708115171083404,0.19816879069331536,0.10155138704544558
0.35429755609918,0.2856602029105117,0.2165328200506151,0.14350942093969332
0.33471968473530717,0.26746601022096567,0.22581623151262745,0.17199807353109975
0.10394053001397566,0.10501382819856295,0.1993404436100677,0.5917051981773938
0.4249324363536315,0.2676909541782129,0.19023350269199316,0.11714310677616233
0.49681624244298883,0.2958211048604479,0.1523227653781812,0.05503988731838211
0.4760561091506085,0.30733129930861103,0.15403106508408582,0.06258152645669458
0.37690721261338744,0.29865928374941986,0.19736155771955863,0.12707194591763396
0.38053291965013397,0.28206485852748653,0.20592784705963732,0.13147437476274207
0.18020759585748847,0.17741308164231448,0.23501129604673787,0.40736802645345904
0.3161071702960402,0.23966575238855553,0.23517408005525994,0.20905299726014442
0.38311740139731276,0.2785459643141828,0.21334942726250158,0.12498720702600287
0.39501025998550926,0.2884665957529134,0.2030950071839202,0.11342813707765721
0.27835081783982196,0.2529128478416865,0.2391965547378878,0.22953977958060365
0.4255070545166689,0.2816977663817016,0.1964701861235698,0.09632499297805958
0.31273206071543747,0.2594022847555895,0.22537694379959383,0.20248871072937938
0.46183752514375687,0.2854949143630299,0.1767985595201285,0.07586900097308481
0.48724301665976455,0.3016150536393792,0.15367768949892613,0.05746424020193019
0.45950135222318705,0.30776744442212234,0.16189280554488922,0.0708383978098015
0.3570831801322961,0.2932432030259519,0.2065007543630051,0.14317286247874686
0.3024200961424857,0.24884034217136694,0.23264253804389878,0.21609702364224853
0.1623818515755251,0.16403265346011542,0.2386409937191475,0.43494450124521206
0.401496902454993,0.26301535007354643,0.20838226016180042,0.12710548730966006
0.41822346967350543,0.29451052215796725,0.19169253345881868,0.09557347470970864
0.4268815051724803,0.2977678397612162,0.18452217456605605,0.09082848050024743
0.3102093681569911,0.2665455883788772,0.22727050238868968,0.19597454107544196
0.4557771463886719,0.2851970401260432,0.1799193467619231,0.07910646672336194
0.17861450376238225,0.16660705650794824,0.2181337150117992,0.43664472471787025
0.44695692896420786,0.2732807239946277,0.18484436588529407,0.09491798115587034
0.4553920588780911,0.30058567002678815,0.1702577792501761,0.07376449184494477
0.3379618128395063,0.27249272466695207,0.21543538144052274,0.1741100810530189
0.19315619694632935,0.1708926943750657,0.24034976498798938,0.3956013436906156
0.23413440980811132,0.19007565381839264,0.24209344222152815,0.3336964941519678
0.06074286337459263,0.05931511061618174,0.1532405900742873,0.7267014359349383
0.3634501411947265,0.25473453106214305,0.19937346535074565,0.1824418623923848
0.36423638217692866,0.28199457970280806,0.20945308436127894,0.14431595375898432
0.30566003306510886,0.24989698048611136,0.23125599156468787,0.21318699488409196
0.28007327510329777,0.23936056064116298,0.2444143238072074,0.2361518404483319
0.4357092455506347,0.2779886138819318,0.1933241832699599,0.09297795729747366
0.19742615340286226,0.19545860732916884,0.2314674719494973,0.37564776731847155
0.45861759133935825,0.2755826698659948,0.1817000547386782,0.0840996840559687
0.4180776126940076,0.2993037124532757,0.18576351884613976,0.09685515600657682
0.41201880603358965,0.2927363907298177,0.189884013690638,0.10536078954595467
0.3067176772108103,0.2592808205413721,0.22820680363678544,0.20579469861103217
0.4158247290257964,0.281836324758284,0.1981266858421411,0.10421226037377843
0.22208906480948318,0.19608280958520463,0.23571829487723267,0.34610983072807944
0.4067099967982461,0.26377553811788124,0.20602407077183624,0.1234903943120365
0.29349151513274113,0.25888571891214807,0.23218732809508313,0.21543543786002783
0.30544718332902854,0.24061823003113017,0.23843719376077865,0.2154973928790625
0.33300129612271395,0.2629807767983695,0.23346738301386777,0.17055054406504863
0.36762262742599106,0.2683207286102155,0.2180354103477428,0.14602123361605066
0.06492264205281391,0.062467275451086095,0.1532141533727755,0.7193959291233245
0.3995406687694695,0.2653228580306885,0.18882321242054936,0.1463132607792928
0.41130436156003103,0.29231535230155903,0.18974312942476346,0.10663715671364644
0.41417239834201575,0.29839150715265506,0.18898221930469222,0.09845387520063704
0.39500699229971037,0.2889796751942542,0.19881313162018074,0.11720020088585473
0.3917796041741581,0.28484491731064376,0.2009644879194548,0.12241099059574324
0.287321722075256,0.23755075137028978,0.2301442216580257,0.24498330489642842
0.363345515133233,0.26350243333314705,0.22014292886563536,0.15300912266798464
0.45831920937535425,0.2923478019666223,0.17672584569811034,0.07260714295991308
0.32774464878778725,0.2698077220707637,0.2208791286013746,0.1815685005400744
0.21636741696661382,0.21429464277691884,0.24995847181153605,0.31937946844493126
0.2809685700923535,0.22734553958560547,0.24568045421239457,0.24600543610964637
0.25116283722919935,0.21844223360461687,0.24745485649892876,0.28294007266725507
0.5304276971628472,0.27399508910198256,0.1497417279894578,0.04583548574571246
0.4441500134222672,0.3095561099236492,0.1680113492074445,0.07828252744663917
0.4758669529483685,0.3040000202022542,0.1571011061599647,0.06303192068941259
0.3893566016848939,0.2970696902457961,0.19322571156790586,0.12034799650140422
0.3153127966041098,0.2689767839131867,0.22510957376650956,0.19060084571619385
0.3442852832427377,0.2700462045005699,0.2257430586287895,0.15992545362790286
0.47075327674905815,0.2877099779789244,0.17286644201778462,0.06867030325423279
0.3571223713437212,0.29355214810131924,0.2076938442161418,0.14163163633881767
0.2638788513711156,0.24113094352009887,0.24218897702772754,0.252801228081058
0.35536003440856273,0.2714568440083864,0.2263935806852896,0.14678954089776136
0.4437077380563316,0.2884260260795369,0.18501535725480972,0.08285087860932185
0.29140977177466554,0.2592904676074086,0.2279520672494866,0.22134769336843926
0.4897465417071502,0.285299160488174,0.16411837214976693,0.0608359256549089
0.48290106419179535,0.30464644337870755,0.15345658923537395,0.058995903194123234
0.4693967962716939,0.30786191454880196,0.15717593968514182,0.06556534949436224
0.34754356013740256,0.2868980955532642,0.20874656279879444,0.15681178151053873
0.3118268337622145,0.2656145388621576,0.23119438072257392,0.19136424665305402
0.3454709113025901,0.26488228178851053,0.22716667415614342,0.16248013275275605
0.4218464327796762,0.27892318024376167,0.19671024715155425,0.10252013982500795
0.35377233376144834,0.2900682091075243,0.214185066804404,0.14197439032662343
0.31510130252451607,0.26742872852932703,0.23331481118075914,0.18415515776539784
0.42881068058806415,0.2854361320874939,0.19410474205388964,0.09164844527055237
0.38448826825115057,0.292012419760614,0.2008460001947548,0.12265331179348074
0.13713013743797883,0.1454721560545071,0.21782784207986178,0.4995698644276522
0.5125065411676697,0.2702222168315189,0.1561299367284775,0.06114130527233402
0.5429949559758764,0.2962574738867507,0.12461395913449466,0.036133611002878166
0.29645436731070135,0.2745030772250445,0.2151102979431845,0.21393225752106954
0.37268250591448254,0.27699164935628456,0.2135472125028133,0.13677863222641962
0.441727501956707,0.27789541815285795,0.18611925359741965,0.09425782629301546
0.04856464660865054,0.026316139605627172,0.09862089132060715,0.8264983224651151
0.15448625181798983,0.11624857138308468,0.17244470761180447,0.556820469187121
0.13022502016984328,0.11117488184663576,0.18724425383898533,0.5713558441445357
0.037674804764706714,0.028472099884598433,0.10500771193654714,0.8288453834141476
1.5899852581612767E-06,5.204229124875274E-08,7.428117374832289E-05,0.9999240767987022
4.709804605335335E-09,1.4615519992405695E-10,1.0829587718980617E-06,0.9999989121852683
2.436642054100023E-12,2.7324238113494603E-13,9.781424692596364E-09,0.9999999902158655
0.08520077227596616,0.07598433201595356,0.11231227953237792,0.7265026161757024
0.32003844390223257,0.2493637980544662,0.19227270124345067,0.23832505679985053
0.06558896579711779,0.043171279224524337,0.1195392580190068,0.771700496959351
0.04560879416966075,0.04448113524308354,0.10768908580558975,0.8022209847816659
0.1197960404035659,0.1094127119528202,0.16183719039849917,0.6089540572451148
0.01655684193051099,0.012692534907595325,0.05583090291973001,0.9149197202421636
0.2755191832766299,0.22468246849979806,0.1854259444008752,0.3143724038226968
0.16749162134974216,0.15895029945800354,0.2082034186662088,0.4653546605260454
0.18210321750868524,0.15758348969268424,0.22590601827949544,0.434407274519135
0.2435444991220834,0.20534900086016214,0.24064832898764732,0.3104581710301071
0.16894350580850084,0.15183238500740495,0.22697725377596595,0.4522468554081282
0.10548915333893413,0.09209138448862965,0.1882613163849687,0.6141581457874675
0.3882499795041687,0.26259091325949385,0.19992413975823378,0.14923496747810364
0.38700560736276973,0.2875817004575368,0.20101046894580119,0.12440222323389222
0.4191053625335417,0.2877407394845288,0.19111705597179782,0.10203684201013168
0.44276958224355006,0.2963375624380213,0.17746737717284058,0.08342547814558814
0.292545657804537,0.23629179688019727,0.2223495639831112,0.2488129813321545
0.23410939126608823,0.21163163656459993,0.24458302406095678,0.3096759481083552
0.4603102694152453,0.2753693039671581,0.18358841533645606,0.08073201128114044
0.2548789940779725,0.2454491508748334,0.23457231785744626,0.26509953718974794
0.281372278769778,0.2429032161853466,0.24496859589792386,0.23075590914695152
0.26905040994453083,0.2287758592612874,0.25010628903115234,0.2520674417630294
0.41903728212470737,0.27492088085739375,0.20165955262625543,0.10438228439164345
0.2941878868705774,0.24292414444046828,0.22700534378761378,0.2358826249013405
0.49955010076545475,0.2832097265367333,0.15981187756539453,0.05742829513241737
0.5189710724666472,0.30050818837614607,0.13611776598920342,0.044402973168003304
0.37921812180226283,0.30200221298703944,0.19223100883107375,0.12654865637962395
0.23463091776648126,0.2194301557053644,0.2405321620433637,0.3054067644847906
0.20513343925605382,0.17458721430011973,0.24499788358912977,0.37528146285469677
0.2365577261550768,0.19022083496420952,0.24344375631476942,0.32977768256594425
0.35889742572753836,0.24804837271496635,0.22332792054366254,0.1697262810138328
0.35666548530263165,0.2785577866398075,0.2195889208420232,0.1451878072155376
0.3842639747194153,0.2860881558531814,0.20950966870525004,0.12013820072215331
0.33136963248001167,0.25871273877328693,0.22790645626246317,0.18201117248423818
0.2323949670025488,0.19773816803977817,0.23574888674531172,0.3341179782123613
0.07805088181365094,0.06802388795585096,0.15995942036598768,0.6939658098645104
0.4234974902050738,0.26899708357365715,0.18221881917468055,0.12528660704658856
0.545078614702002,0.2891596828629976,0.12866921317446925,0.03709248926053122
0.28487892392532776,0.24729114324069187,0.21821555884802052,0.24961437398595981
0.18110549216491023,0.16700285019488956,0.2380643180288093,0.413827339611391
0.15328750677351047,0.11606930225439316,0.21462326443581223,0.5160199265362841
0.16384334566566708,0.15414112658700135,0.22416010941724307,0.4578554183300886
0.42046465375606595,0.2651435548639145,0.1973847154096972,0.11700707597032232
0.24596293520644516,0.23432915720769,0.23716443162476175,0.282543475961103
0.27395780351451005,0.22574850631490118,0.2450486679273828,0.25524502224320594
0.15491972409358473,0.1312181811050113,0.22947405876646457,0.4843880360349395
0.32423313552736316,0.23790628144465592,0.22721283374603934,0.21064774928194158
0.15011478140678697,0.13591740035685126,0.2125716597696294,0.5013961584667324
0.44917346065170216,0.27236896675140443,0.18291176830509484,0.09554580429179854
0.4642017222940406,0.2975808746135395,0.16654127511058944,0.07167612798183043
0.2970921593083606,0.24623825212684372,0.22155775557441476,0.2351118329903809
0.16610069679547243,0.1405732986481563,0.2262378328425425,0.4670881717138288
0.24191731357113164,0.19357741760106545,0.2379629460388643,0.3265423227889386
0.24803010086093705,0.20293722231987832,0.2420211812360818,0.30701149558310276
0.3147348829056615,0.22187581338500834,0.23500858095914426,0.228380722750186
0.22518534703856893,0.20672202317940866,0.24516299066365574,0.32292963911836664
0.23977827793498896,0.20523509814291468,0.24896008374697273,0.3060265401751237
0.25046702592453357,0.20452348458247768,0.24915692922012983,0.295852560272859
0.3555517592706121,0.2536079482644495,0.22453847098052607,0.16630182148441236
0.1411276182590439,0.12902050435802914,0.2074336806407887,0.5224181967421383
0.42371740271109243,0.269557304445167,0.19215105169643285,0.11457424114730771
0.493504244893614,0.2952324180219341,0.1544419190245862,0.05682141805986574
0.3362613207671841,0.2670781083482645,0.21033632977022915,0.1863242411143223
0.2224179560335916,0.18338479005176783,0.23645532181180842,0.35774193210283206
0.27350721623145974,0.21131430295203982,0.2400744765183754,0.2751040042981249
0.1727801991656424,0.13192032661598235,0.2239027671528032,0.47139670706557196
0.29209209341899317,0.2075191453767828,0.23206126559399,0.26832749561023406
0.16935752633057385,0.16210598948437785,0.23097381853474527,0.43756266565030294
0.12401719223617218,0.11656131672327268,0.21440709271944533,0.5450143983211099
0.1882512988121983,0.1594331152744767,0.2301261070411775,0.4221894788721476
0.18456052722364502,0.16690365903514562,0.22559685195211485,0.42293896178909457
0.04234356274940732,0.04110498208044779,0.11763967439006784,0.7989117807800771
0.383577307952617,0.2632934095909252,0.18476126468521561,0.1683680177712423
0.5112565533175722,0.2927368945153473,0.14483876757656614,0.05116778459051455
0.31298305537955456,0.25001472268627056,0.2128646653212667,0.22413755661290816
0.3510872896782989,0.2642132371134695,0.22022368645822246,0.16447578675000912
0.36804092504449404,0.2595808839061467,0.2156376243651334,0.1567405666842258
0.14391398722384965,0.12499853322040083,0.21458706953127832,0.5165004100244711
0.3301403368815879,0.22842161727457438,0.22500504236129043,0.21643300348254732
0.10293622242373941,0.10009406514735916,0.18897319573838448,0.6079965166905169
0.08681173720405197,0.08398581358795035,0.17268299380668659,0.6565194554013111
0.1262805039939229,0.12331136518466618,0.1981914912575452,0.5522166395638657
0.2826346661435833,0.23074263742037696,0.22602938167369238,0.2605933147623475
0.07837160327699,0.08360391141731192,0.17092972059241787,0.6670947647132802
0.383157350597984,0.2608698605087889,0.1978358834649246,0.15813690542830242
0.49058484941115793,0.29116038886906753,0.15697095539750974,0.061283806322264704
0.40852656969589213,0.29262592351137295,0.18383381130075346,0.1150136954919814
0.4120630245070448,0.28922821495138956,0.1902579674329806,0.10845079310858495
0.4495224265897959,0.29447135411112785,0.17493478714932212,0.08107143214975397
0.12596619650989432,0.10333706642301559,0.19297963917129513,0.5777170978957948
0.06182436433055225,0.04780190206981977,0.1385565892589181,0.7518171443407098
0.042886492598432364,0.050125920708743964,0.11637773134264973,0.7906098553501739
0.08244283545569107,0.09119131398547861,0.15574506446240596,0.6706207860964244
0.23628188032999753,0.210623374073462,0.21951466412975448,0.33358008146678597
0.3674944971243857,0.25600009356347914,0.21225938967003033,0.16424601964210492
0.17560698217731802,0.1641332557053672,0.2173866625157572,0.4428730996015575
0.4360157469626208,0.2739536910252054,0.18857061220558183,0.10145994980659195
0.48557544161472393,0.2979056727440294,0.15729683457344668,0.05922205106779988
0.4494359863406879,0.29595979649637205,0.16969503699611307,0.08490918016682705
0.12670967887304996,0.11572965054930362,0.19246552764207084,0.5650951429355756
