0.30291111706314544,0.2246169435331075,0.2298083344634288,0.24266360494031833
0.3026156223059061,0.22142487909168712,0.22902030066048792,0.24693919794191893
0.30004086788173523,0.22246566440388266,0.22893812896177487,0.2485553387526072
0.30135457514239117,0.2241600193129722,0.22944285224705496,0.24504255329758173
0.30057460638951705,0.22294708330284457,0.2294828036925781,0.24699550661506023
0.3044591690312617,0.2219043838675724,0.22898151353655566,0.24465493356461024
0.30937676251609025,0.22043720393539126,0.22830727674739074,0.2418787568011278
0.3032593850223059,0.2200114165298691,0.2280366089806729,0.2486925894671521
0.3033253535843764,0.2233408586365547,0.22881214670953168,0.2445216410695373
0.3031297676415446,0.22304277653959248,0.2293090596204642,0.2445183961983987
0.3050502702132038,0.2212802744795138,0.22878110956319492,0.24488834574408744
0.31251461451955337,0.21925540751147057,0.2279159966349268,0.24031398133404933
0.315784888015174,0.21801386865033884,0.22689121091955491,0.23931003241493226
0.3107890841703876,0.2179055672041713,0.2270144216299744,0.24429092699546667
0.30791701294671925,0.22064093508172616,0.2276985691328623,0.24374348283869218
0.30543395456641986,0.22164939147268137,0.22852422291050767,0.24439243105039107
0.3020416880830127,0.22171429704400003,0.22874760126346222,0.24749641360952515
0.3000478291898619,0.22189603853565276,0.22903813647099383,0.24901799580349146
0.29709780332680596,0.22433987552474174,0.22942632712616226,0.24913599402229017
0.28497010573128756,0.22567211812482482,0.23038039643284833,0.25897737971103935
0.28650067389226364,0.23018271069589538,0.23168107101116248,0.25163554440067837
0.2920039833838446,0.2271409563778602,0.23179566914471858,0.24905939109357672
0.30006743528391167,0.22359906836566004,0.23003048639016424,0.2463030099602641
0.31131651925921655,0.22041096842047792,0.22853721639344723,0.23973529592685824
0.31377201116586473,0.21835245767816908,0.22716521917027713,0.24071031198568912
0.30875130608454554,0.21847360711717953,0.22729195411625433,0.24548313268202077
0.30799618656343697,0.22154495954146985,0.2279677138987128,0.2424911399963804
0.3060228225030045,0.22138635720232935,0.228581341583499,0.24400947871116713
0.3044667260072165,0.22056106256810326,0.22841252074712695,0.24655969067755326
0.30855164863155166,0.22061705656795438,0.228258185280902,0.2425731095195919
0.3140701662207022,0.22009816738530824,0.22764682001433578,0.23818484637965376
0.31102769551663073,0.21757813166561607,0.22733164415617987,0.24406252866157327
0.3161135814097962,0.21833468319966573,0.2268096309917729,0.23874210439876503
0.3196433068599855,0.21669407141131156,0.22649320326746394,0.23716941846123898
0.31930214600683504,0.21610478192049815,0.22589705295744691,0.23869601911522006
0.32362710237351644,0.2146795587366655,0.22558116274539283,0.23611217614442523
0.32499901265157527,0.21398639603548605,0.22490057079520284,0.2361140205177359
0.3228588635937697,0.21409807968844588,0.2250363790316148,0.23800667768616957
0.3211111133388093,0.21549446153067037,0.22542778415035972,0.2379666409801605
0.31786262899111745,0.21642912138169765,0.22604655167720267,0.23966169794998227
0.31755824292052426,0.21714303077085828,0.22633656208653707,0.2389621642220805
0.31789225234541035,0.2164499725038321,0.22636117079459128,0.23929660435616634
0.31568624359535047,0.2167955173707496,0.22630553424003835,0.24121270479386164
0.30556389827222785,0.21873813204650702,0.2272386853583832,0.24845928432288192
0.30395268636412653,0.22431419684747117,0.22868133946543992,0.24305177732296238
0.3052434959143549,0.22260292006711738,0.2294173003075313,0.24273628371099643
0.3129747185395975,0.21879289607588698,0.22783502867873298,0.24039735670578244
0.32433663558442566,0.21483086499769694,0.22591936850089944,0.23491313091697788
0.32699152429673384,0.2132158688237032,0.2245128481703982,0.2352797587091647
0.32026664055363485,0.21425253973478914,0.22505086668602162,0.24042995302555445
0.31422868783510116,0.21814531026974235,0.2263051237980413,0.24132087809711517
0.30987243979265516,0.2200005040649386,0.22763427423502372,0.2424927819073825
0.3076650036136793,0.22009845187101892,0.22798142709642608,0.24425511741887576
0.308508994635299,0.21940696728936251,0.2279498019324964,0.24413423614284205
0.31112087331711213,0.22036827308597315,0.22768723584824246,0.2408236177486724
0.3060144066645672,0.2199944443569357,0.2280407443044108,0.24595040467408635
0.30773968546196995,0.22154771328842376,0.22823459815608013,0.24247800309352607
0.3150741052420619,0.2193099357019445,0.22783642771274273,0.23777953134325078
0.3206069524050335,0.21598541336396412,0.2262452232112522,0.2371624110197501
0.3260768917758788,0.21331320109432692,0.22502170163327417,0.23558820549652013
0.32559315848683434,0.2132044940070168,0.22448685671404517,0.2367154907921037
0.3161930445809764,0.21583406391800433,0.22553551067174982,0.24243738082926936
0.3104453048994781,0.2203212020731204,0.2271948607649734,0.2420386322624282
0.3077170536423115,0.22084666404767872,0.22828698411081202,0.24314929819919773
0.3104880398498918,0.2193779535019392,0.22787285608075908,0.2422611505674098
0.3149808821072142,0.2176042847297752,0.2271148922800297,0.24029994088298087
0.317707248241606,0.2177308410633421,0.22647032965043795,0.23809158104461392
0.31026038007672485,0.21761644627265864,0.2269764427222793,0.2451467309283371
0.31252779602154035,0.22047875559374755,0.2274029816802689,0.23959046670444323
0.31717525941339947,0.21795355091498417,0.22731727689393044,0.23755391277768587
0.3172863862034481,0.21572252500986683,0.22614659835076928,0.24084449043591585
0.3194823707820346,0.21546860036883347,0.2259063508213272,0.23914267802780467
0.31344656555626754,0.21821765329232695,0.22638297616675263,0.24195280498465283
0.29481987915312646,0.22171392493027856,0.22829505572815995,0.25517114018843506
0.293514850508291,0.22787801747929187,0.23044248289946992,0.24816464911294733
0.2946259309194275,0.22554539717525623,0.2310072345460401,0.24882143735927623
0.2955897974530982,0.22287538431589715,0.2298085585521694,0.2517262596788353
0.3031879333694072,0.2230998504683672,0.22943685337962386,0.24427536278260184
0.30407407943833464,0.22306518010507165,0.22892722827074008,0.24393351218585363
0.2961095802899398,0.22182913447734945,0.2292395174253866,0.2528217678073242
0.3034386260057455,0.2246140253135403,0.22943251576503587,0.2425148329156783
0.3082329606147026,0.22117496333473144,0.22896148394904542,0.2416305921015205
0.31083070305816907,0.2189275442465234,0.22760576645105737,0.24263598624425023
0.3161007996093174,0.2175297525412145,0.22702722882543883,0.23934221902402925
0.31691747710064117,0.2178110134114039,0.22646503118575398,0.23880647830220103
0.31056583662632137,0.21780001893528939,0.22705099563316378,0.24458314880522541
0.31063639267235477,0.22027354759327697,0.22750039030315944,0.2415896694312088
0.30901071122308005,0.21979770451505384,0.22799264170045155,0.2431989425614145
0.30523396658517804,0.22049654908510594,0.22799219463902867,0.2462772896906873
0.30763911185571136,0.22113412718650513,0.22843384828748003,0.24279291267030353
0.3048694902454356,0.22126945454537678,0.2283559341791469,0.2455051210300408
0.2930412687846415,0.2215054869146873,0.22895897050422834,0.2564942737964429
0.2987758370403805,0.22752992948822928,0.23012270097128418,0.243571532500106
0.298808784772864,0.2240675060320368,0.23036775470346155,0.24675595449163765
0.3038439679747336,0.22143960188797004,0.22897598431298222,0.2457404458243141
0.3157059067598896,0.21884163371997356,0.22777135469113416,0.23768110482900265
0.3167157385685002,0.2172981831807057,0.22646549974282587,0.23952057850796815
0.3134847686152011,0.2174139748899135,0.22675165949871084,0.24234959699617453
0.3121479441626548,0.21934066409328595,0.22717193315658307,0.24133945858747616
0.31483505645401044,0.219102353112938,0.22736909225152083,0.2386934981815307
0.31405029272307794,0.21700376198062407,0.22691765095349248,0.2420282943428056
0.3132688609214163,0.21730748505744457,0.22668230930247435,0.24274134471866485
0.30885828687383904,0.22001033176717985,0.22740033962032435,0.24373104173865673
0.2946949177766601,0.22341175622848417,0.22887441160929992,0.25301891438555585
0.3003225392437872,0.2264304192001676,0.2302766506883053,0.2429703908677399
0.30759392848201567,0.22114926817407615,0.22934521082248477,0.2419115925214234
0.3187128510142698,0.21716141209570977,0.22685251523318992,0.2372732216568303
0.32663339684822057,0.21361359971367988,0.2252213421128284,0.23453166132527106
0.32449181799156895,0.21358671715628225,0.22454857129670702,0.23737289355544183
0.32183983423176443,0.21497074655216164,0.22526375533815976,0.2379256638779142
0.3204090056585384,0.21630282584666796,0.22576301727862483,0.23752515121616882
0.3185547417476923,0.21575722572864733,0.22604947675918532,0.239638555764475
0.3169548499112403,0.21606873639639423,0.22605957534812515,0.24091683834424044
0.31649708789416603,0.2177664129929298,0.22644641149017475,0.23929008762272935
0.31264912210202933,0.2187709339861043,0.2270600983340856,0.24151984557778083
0.3069943968509092,0.21898498231853206,0.22762619685796817,0.24639442397259065
0.3138349826884599,0.22034068138871385,0.22765368374310915,0.23817065217971714
0.31839094895386666,0.21734929154999214,0.2269369287836207,0.23732283071252044
0.32348515670977274,0.21464705670684187,0.22554078040673928,0.23632700617664607
0.32828701126236065,0.21235956546986776,0.22451444504831636,0.23483897821945532
0.326861228596959,0.21285093323803211,0.22414577429063917,0.23614206387436967
0.3221247419624774,0.21466046513175926,0.2250207471463827,0.23819404575938055
0.3175375886586765,0.21676926136775904,0.22597576312774081,0.23971738684582355
0.31585489649373183,0.21727644971649518,0.22659184572107063,0.2402768080687024
0.3146564135166698,0.21740326916318697,0.22668963054586538,0.2412506867742778
0.31626726549765155,0.21796809992685975,0.2267201069216447,0.23904452765384407
0.3140274614448622,0.21769738870747676,0.22685591547497977,0.24141923437268123
0.3041987056039758,0.21874498452172603,0.22741057055597944,0.24964573931831877
0.31277410285776164,0.22250848769411607,0.22810703683768188,0.23661037261044038
0.3182530750770718,0.21764840824833304,0.2273990091953947,0.2366995074792004
0.32099760105381553,0.21336577756576022,0.22546373479259624,0.2401728865878278
0.33094571653493593,0.21251317409437473,0.22419486011291975,0.2323462492577696
0.32926583679006094,0.2122797076670209,0.223858530440791,0.23459592510212726
0.3181111287394447,0.21413237416930725,0.22499811439949596,0.2427583826917521
0.31758215637658727,0.21749305521115153,0.22617737436953197,0.23874741404272926
0.31271025343502284,0.21860344723150735,0.22701666741832163,0.24166963191514815
0.30336977150170247,0.21959818483932364,0.2277605835049244,0.24927146015404944
0.2925112165124437,0.2220927458184589,0.2289915474429463,0.25640449022615114
0.2620624634421334,0.22844833455689947,0.23009116640702879,0.2793980355939384
0.21457797157736716,0.23296199545505983,0.22939945465935183,0.32306057830822116
0.19936703940859662,0.2502892417783023,0.2341881657041926,0.3161555531089084
0.20946713444358864,0.2510372237596382,0.23955584329911767,0.2999397984976555
0.21961836892376632,0.2341292493141803,0.2366920965681596,0.3095602851938939
0.2491841777828088,0.2415857387164457,0.23689283054209265,0.27233725295865285
0.26294119883416267,0.2384530161731835,0.23580861924162472,0.2627971657510292
0.25159686883210225,0.23224710128692083,0.23365044322717343,0.28250558665380354
0.2661601722933719,0.238809160736922,0.2353416147711323,0.25968905219857386
0.2724474320388853,0.23188545252632584,0.23439077591081214,0.2612763395239767
0.2763741231868967,0.22910341652571198,0.2324998001908454,0.26202266009654585
0.2866161095575829,0.22988190680919388,0.2324194598445203,0.25108252378870305
0.27916727561833704,0.2277589277058071,0.2314887278446819,0.26158506883117394
0.2719669360011636,0.2294347659550856,0.23212052170020542,0.2664777763435453
0.27987799171049055,0.2342605534235379,0.23333229735444988,0.2525291575115217
0.2833674922340698,0.22902117422910004,0.2328345295498301,0.2547768039870001
0.29462115920739057,0.2255680419194238,0.23110265582037284,0.2487081430528128
0.30944632351303814,0.22212421117601924,0.22923898990447547,0.23919047540646704
0.3098293115259386,0.21886347645200413,0.22768170515174188,0.24362550687031545
0.30841453398564045,0.21963833373181307,0.22764063500695017,0.2443064972755963
0.3115900959323971,0.22092958628676282,0.22790907067808275,0.2395712471027574
0.30599994440822137,0.2194275664367041,0.2280061304707854,0.24656635868428908
0.3062234699497049,0.2203896029647541,0.22806157287730747,0.2453253542082334
0.3047823670188693,0.22154134581429802,0.22848636206856984,0.2451899250982629
0.2992462406523247,0.22375385092481026,0.2290458447680235,0.24795406365484154
0.295027553960964,0.22359989198272678,0.22993242032062922,0.25144013373568
0.303918239143342,0.22477321720534504,0.22964584627384046,0.24166269737747254
0.31516859752508547,0.21954776798439837,0.2283186030583977,0.2369650314321185
0.3213931624356199,0.2148345110145422,0.2259637848093045,0.23780854174053323
0.32541073781422314,0.21323972713614206,0.22485022982982517,0.2364993052198096
0.3199299196697514,0.21534528881441478,0.2251620040260744,0.23956278748975948
0.30733477799216224,0.21962899006111755,0.22701285000765406,0.24602338193906606
0.3002774840380265,0.22317278117535247,0.22889695877801614,0.24765277600860483
0.3006085492563376,0.2234755027065438,0.22958121284813013,0.2463347351889883
0.3058730239045657,0.2217768743817597,0.22899001540153746,0.24336008631213718
0.3085674510501771,0.21976060478658146,0.22813489230000386,0.2435370518632376
0.3046629222930545,0.22032203525656455,0.22798968403754008,0.24702535841284085
0.2927316641931874,0.2235526561195823,0.22910654200830471,0.2546091376789255
0.2955541654817504,0.22878767478464346,0.23074406332058928,0.24491409641301684
0.306199522054169,0.22351430170772965,0.23029145697892853,0.2399947192591727
0.31327112080962866,0.21635756919706614,0.22742569254692904,0.2429456174463762
0.3216188851092492,0.21542395266112335,0.22574511367480343,0.237212048554824
0.3148982949065075,0.21749821119064133,0.22609207008535395,0.24151142381749718
0.2982540852700347,0.22230661153769465,0.22812094868294022,0.2513183545093305
0.29861181259423103,0.22540509857211305,0.2300393458559691,0.2459437429776868
0.2978125691873328,0.22283462359657608,0.2298509150908642,0.24950189212522697
0.3003003837151299,0.22261103571821755,0.22922276404829378,0.2478658165183588
0.29753629660042463,0.22323493326286398,0.22941985256562453,0.24980891757108684
0.29110547844077317,0.22660437190616387,0.23010240842484528,0.2521877412282177
0.28210456263061606,0.22677019299703205,0.23127992120018107,0.25984532317217085
0.291357409926427,0.23001277920982274,0.23170442683656217,0.24692538402718806
0.3028516041399413,0.22398562260823232,0.2307322792146282,0.24243049403719819
0.3073802745136385,0.2190945777534125,0.22818568880752002,0.2453394589254289
0.31204383322669865,0.21881538788862182,0.22746013740339524,0.24168064148128426
0.306803308958381,0.2211281974862687,0.22772670874572365,0.2443417848096267
0.29699160867663826,0.22314995205505825,0.2291150354883282,0.2507434037799754
0.2948624928923881,0.22477826035088835,0.23003335864788485,0.25032588810883866
0.29461917252570974,0.22466932743509782,0.2302314751293899,0.25048002490980265
0.29255770968367706,0.22521116814089678,0.23021915403317728,0.2520119681422489
0.2896164484183081,0.22619481898088717,0.23067561306187828,0.25351311953892647
0.28801963627433436,0.22756479142310912,0.23109584536942662,0.25331972693312993
0.2809607381160068,0.22673534367409387,0.23134392726895722,0.26095999094094213
0.2902445936097187,0.2303401211892819,0.23182769184428237,0.247587593356717
0.301334682759896,0.2251018681749222,0.23098371960765599,0.24257972945752587
0.30645362195188,0.21950713902520683,0.22855072883340372,0.24548851018950946
0.31371081291108205,0.21844074800923477,0.22735918685921042,0.24048925222047268
0.31172618951088166,0.21945760419699362,0.2271671749410698,0.24164903135105487
0.30063401430672426,0.2213011918532466,0.2282777697588058,0.24978702408122344
0.2986256879649117,0.22408894495575196,0.2294589332385287,0.24782643384080774
0.29551522957342397,0.22394588879046887,0.22992085133950246,0.25061803029660473
0.2890156446130298,0.22491461157806317,0.23011133571746475,0.2559584080914422
0.28656279272181107,0.22781778792951862,0.23111958887072478,0.25449983047794555
0.2770475835919381,0.2289586448159185,0.2316642247182884,0.262329546873855
0.2629942241577325,0.22959355634233533,0.23222133206011425,0.2751908874398179
0.2752472514959481,0.2376144720887552,0.23428817753152842,0.2528500988837683
0.28887518617674107,0.23018507829882565,0.23357286043010547,0.2473668750943278
0.29750888950988613,0.2216688944831942,0.23021865523989407,0.25060356076702556
0.3139338878354999,0.22038377298933884,0.2280840333398396,0.2375983058353218
0.31581764141793295,0.2180659449654082,0.2269418211595361,0.2391745924571227
0.306303685511748,0.21858632276404305,0.22726743208736444,0.24784255963684435
0.308145410055768,0.2215460936485108,0.2281760048361503,0.24213249145957086
0.29953206268839344,0.22157622810339056,0.22873748717890094,0.250154222029315
0.2891388094963541,0.22435295703399186,0.22960637459285024,0.25690185887680383
0.28509932346655975,0.22839082681192663,0.23125610777884928,0.25525374194266426
0.2779652059026907,0.23036199795890788,0.23197745501314584,0.25969534112525555
0.2669709781018452,0.228254559293857,0.23237935513194638,0.2723951074723514
0.2780281888409247,0.2350477106154128,0.2334327953386281,0.25349130520503443
0.2890003727757153,0.22981521379734313,0.23308875653013947,0.2480956568968022
0.29656410470297156,0.2236120958853911,0.2305151218572586,0.24930867755437883
0.3128588425741906,0.22069620518410463,0.22856249600931478,0.23788245623239007
0.3207445626428054,0.21680500789031892,0.2265020002028283,0.23594842926404738
0.31645286828985125,0.2151233669853269,0.22594939360147479,0.24247437112334705
0.31146346363721467,0.21805650366176516,0.22659412854294586,0.24388590415807423
0.2981007736391987,0.22263848779868756,0.22836384638572663,0.25089689217638717
0.27808261677302426,0.22775614990565132,0.23045196370938206,0.2637092696119425
0.2740246305756044,0.23201956232030144,0.2328601564850136,0.26109565061908063
0.27588300128257287,0.23147658246040242,0.233219186152611,0.25942123010441376
0.2753560082284349,0.22860099843430226,0.23252575457209967,0.26351723876516314
0.2905582453334822,0.23100969361089588,0.2323127223549099,0.24611933870071206
0.3020752872007704,0.22477525548809194,0.23083791109663615,0.2423115462145015
0.3107616114550316,0.21917899610923663,0.22824942940827678,0.24180996302745494
0.3155381098200475,0.21661369950302903,0.2268071747834784,0.24104101589344512
0.3127182521560107,0.21890255014858065,0.22670361350934534,0.24167558418606325
0.30384652869475026,0.22158975479793466,0.22816941347766817,0.24639430302964685
0.30105986960400133,0.22332006534547236,0.22917334870794018,0.24644671634258616
0.2956377249115538,0.22148528261244585,0.22941939478131293,0.25345759769468734
0.29360798332364796,0.22537397580197377,0.22969762870925464,0.2513204121651237
