0.30653763337695034,0.24154863175107313,0.21903073682186694,0.23288299805010962
0.30028728636972296,0.23582543692773233,0.22452338214529752,0.23936389455724705
0.2988678018889836,0.24031547093515426,0.20726480691083735,0.2535519202650247
0.30516237499570276,0.240594762052437,0.21784844327045136,0.23639441968140879
0.2982145455411029,0.22335486462894888,0.24897071651775965,0.22945987331218862
0.31249385214012465,0.24306368216748178,0.22894983572189362,0.21549262997049984
0.3121215142250176,0.24669106463311288,0.22836491075401671,0.2128225103878529
0.29939643100358165,0.2417914841483682,0.21325560051931067,0.2455564843287395
0.30978368302734954,0.25613682153610334,0.19792228485781146,0.23615721057873557
0.2996831473828748,0.22433941682955408,0.25457851766139383,0.22139891812617735
0.31349779668806477,0.23776465096716964,0.24741357717393295,0.20132397517083267
0.31813758356568356,0.2533138823276888,0.2284235987521056,0.20012493535452208
0.32249779569691817,0.26399660864737623,0.22174906358109592,0.1917565320746098
0.3093026122148788,0.2542536848088874,0.21960870996308104,0.2168349930131527
0.31359900893361364,0.2632368695300093,0.20199480052897612,0.22116932100740083
0.3033613715932175,0.23812022108860037,0.23414613382667313,0.224372273491509
0.30537601089435823,0.23735594671427127,0.23328888531969597,0.22397915707167448
0.29340228354462766,0.2343326656332215,0.2113338750482915,0.2609311757738593
0.2964610146061658,0.23960717198284207,0.19861315504738952,0.26531865836360263
0.2584615090527248,0.19892892219515107,0.20306875222297896,0.3395408165291452
0.29305967698541785,0.22354200597084894,0.20210152954123659,0.28129678750249665
0.27835074505168983,0.19399170300657348,0.2657218978918113,0.26193565404992547
0.3120491780046571,0.2314309149369405,0.2392050676756651,0.21731483938273735
0.31616489456344443,0.2471802582077954,0.2311343020036171,0.2055205452251431
0.32012902491336265,0.25838093961131886,0.2254635643554752,0.19602647111984325
0.30688715954192564,0.25418951115598076,0.2117236493022351,0.2271996799998585
0.3145869479896946,0.2620785230551891,0.2031423486161309,0.22019218033898552
0.3029360937096296,0.23085337945900944,0.2521097037997716,0.2141008230315894
0.3104305167921456,0.24237560007684597,0.233023343816225,0.21417053931478347
0.31196375076542393,0.25317629507271333,0.2143157611790843,0.22054419298277855
0.3219159397304403,0.25596815129930756,0.2317740164729144,0.19034189249733757
0.30632660686696644,0.2358703388763498,0.25393988502487413,0.20386316923180967
0.33090686299654115,0.2784352279782562,0.20334694258492667,0.18731096644027606
0.3178643509193732,0.25509363941270113,0.2415991719642111,0.1854428377037145
0.32813385709622284,0.2670333538699944,0.23415488677554253,0.17067790225824014
0.32856864806211455,0.2742565086954372,0.226937935560477,0.1702369076819712
0.3297172253818511,0.27998758575965615,0.2221149825902067,0.168180206268286
0.32557756703130614,0.2798700568999833,0.21648252977511662,0.178069846293594
0.3251499226839617,0.2806831261358571,0.21039216250887446,0.18377478867130673
0.3188863604069737,0.2652856243920002,0.2261657713661148,0.18966224383491134
0.3241303213958101,0.2676871961383797,0.22552017754003803,0.18266230492577207
0.3199905784002308,0.2607635601006091,0.23362482932162273,0.1856210321775374
0.321033142640495,0.2697952169917995,0.2144560355384275,0.19471560482927802
0.2954114316185576,0.2506335812555461,0.19717708467871356,0.2567779024471828
0.31259353500718967,0.26093696267627203,0.19369211909617026,0.2327773832203681
0.29694336608156147,0.21071593335826405,0.2941346986297239,0.19820600193045063
0.3273007683010389,0.2457801128637531,0.2600720397436871,0.16684707909152094
0.3326850604333838,0.2738123625767709,0.22813022943467232,0.16537234755517308
0.332247905803329,0.2888653589792523,0.21166863971421965,0.1672180955031989
0.31886045432356097,0.27874244888843036,0.20771221676365953,0.19468488002434908
0.31772109399998943,0.2781062207477642,0.19585328808061933,0.20831939717162704
0.30828949992969906,0.2456762661975613,0.23705629680195148,0.20897793707078818
0.3132551428390586,0.24437791852123722,0.24173791155235583,0.20062902708734826
0.30918599655354606,0.24919799530685416,0.22112096656419997,0.22049504157539979
0.3189076374927202,0.26266176138801045,0.210334404530402,0.20809619658886735
0.3003689915584171,0.23597288811504133,0.235065978062183,0.2285921422643586
0.3197990206612581,0.2580952750829245,0.21557817519187333,0.20652752906394417
0.31645595392850695,0.24256010117811647,0.25673444090104836,0.18424950399232815
0.3289393757827433,0.25800358810441365,0.2521359168700965,0.1609211192427464
0.33329656233907073,0.2811685885897598,0.22348866019796756,0.16204618887320188
0.32870604398064096,0.29059104557644205,0.20522515263757177,0.17547775780534527
0.31376385574541943,0.2773982105785771,0.19799288260520895,0.21084505107079443
0.31433360568598534,0.2678097183942806,0.2029725741657695,0.2148841017539647
0.3049057069848367,0.23146776317107345,0.2605046524473218,0.2031218773967681
0.320182798300515,0.24862600213783645,0.24332115607684693,0.1878700434848016
0.31848313497078207,0.2598223310493293,0.22263228805373544,0.1990622459261533
0.3256277911850979,0.2733808952071284,0.21173935815130432,0.1892519554564694
0.30299031742139065,0.24435590550018474,0.22966799777843006,0.22298577929999466
0.3259740138197511,0.2723056554965424,0.20291937742331728,0.19880095326038924
0.312305617578569,0.23633959490324769,0.2711238509636683,0.18023093655451494
0.3279385245348409,0.26238838354709043,0.23882629308656572,0.17084679883150308
0.32269250488486695,0.2802567260076505,0.20187202652014982,0.19517874258733273
0.31381314018638135,0.2727106324311044,0.1971462251369024,0.2163300022456118
0.27910590232256555,0.2279616057321407,0.20387739760178544,0.28905509434350823
0.3022960712632763,0.24119716977325736,0.20056392454654084,0.2559428344169255
0.2791819636871986,0.19548980179869707,0.2752898982078544,0.25003833630624994
0.30234960561301527,0.22939675885832642,0.2257613744546212,0.2424922610740371
0.30091108460472354,0.2411091318207668,0.205554964633777,0.2524248189407326
0.30979306585194705,0.24276638181543564,0.22341819347232933,0.22402235886028807
0.2818410335355071,0.21528646981754418,0.2312586601460278,0.27161383650092086
0.31831671704142805,0.2540728754440597,0.20425986687990325,0.22335054063460902
0.30166431701638174,0.2216085950191014,0.26882849614172755,0.2078985918227894
0.32438610992817807,0.25454899770253747,0.23418220566245349,0.186882686706831
0.31862941550697155,0.2624335085653365,0.21917842252525085,0.19975865340244112
0.32390564057802057,0.2700400495314786,0.21567819776713443,0.1903761121233663
0.3060899783263045,0.24755613585604896,0.22930487966202517,0.2170490061556213
0.3209943729792116,0.2678379442442485,0.20518726763535725,0.20598041514118265
0.30324585753817046,0.23664423391554737,0.24179278358349915,0.21831712496278302
0.3135118947406238,0.2525278888550005,0.21793512979521876,0.21602508660915692
0.30834249735847696,0.2485293530757392,0.21900115471395515,0.22412699485182871
0.307032139815477,0.24191394801460417,0.22882464800191918,0.22222926416799954
0.27054763130189724,0.21615867192748706,0.1995993736798133,0.31369432309080236
0.3109512850669997,0.25130992746588016,0.18773677101518152,0.2500020164519386
0.2830102203795819,0.1953865953295722,0.2930384526606177,0.2285647316302281
0.3217640020449736,0.24404431561992096,0.23769335379893078,0.19649832853617466
0.3193405499670052,0.255311047003216,0.22783415702043314,0.19751424600934556
0.3238085142109643,0.2661147878046363,0.22225498618882011,0.18782171179557922
0.3144529831463884,0.26169675232744044,0.21751055328177915,0.20633971124439207
0.3177527450872228,0.2644183630626522,0.21237980536723045,0.2054490864828946
0.31871261572338666,0.2513877954068059,0.2441874384306821,0.18571215043912542
0.31563501873434907,0.24724514738425618,0.2488011707685604,0.18831866311283435
0.3191755519557851,0.2724620051107547,0.20076330991285504,0.20759913302060512
0.3065197616073305,0.2613952719162688,0.19772807816978993,0.23435688830661072
0.2883146188204678,0.2310947043427105,0.21253026363680616,0.2680604132000155
0.3119912435470677,0.23822909550086246,0.23209006907281446,0.2176895918792553
0.3001145426026884,0.2111840535652294,0.29503886470931795,0.1936625391227643
0.3377328694988625,0.2681227860593665,0.23117600967474752,0.16296833476702346
0.32973671502607627,0.27626668738833093,0.226853178207321,0.1671434193782717
0.32952019774396407,0.28817248735522033,0.20845173926277838,0.17385557563803725
0.3233329015071916,0.2821203461969712,0.2080044816372929,0.1865422706585444
0.323467991875696,0.26886860889226954,0.22860089886249998,0.17906250036953433
0.3204905026358321,0.25925705634608526,0.2413177524634073,0.1789346885546752
0.3225921508749166,0.27450657889223395,0.21004275337135334,0.1928585168614962
0.3197913403367756,0.2737412268787346,0.2056982394669551,0.20076919331753476
0.31385859936202587,0.25221316547671874,0.23607629648194864,0.1978519386793067
0.30733761496467377,0.24656233174237488,0.2276155736130839,0.21848447967986764
0.32504722285912163,0.26681001147912803,0.2131795216584223,0.19496324400332807
0.3166902869357721,0.24195392037237448,0.26805645624186614,0.1732993364499873
0.33462651535424315,0.27013630972121044,0.24009100563652425,0.1551461692880222
0.33275043417252087,0.2855146034677079,0.22028237254929633,0.16145258981047494
0.33016186482148685,0.2952396062674365,0.20203356144808332,0.17256496746299332
0.3220668409627608,0.2816661095766236,0.20927798564835484,0.18698906381226083
0.32041568676821064,0.2687179416355277,0.22237109096292007,0.18849528063334164
0.31893977895475717,0.2601322848102449,0.23199801422433805,0.18892992201065967
0.3189122173001863,0.2628258143792866,0.22263634360607404,0.19562562471445297
0.3225551650366822,0.26837347948218887,0.21734925821198528,0.1917220972691436
0.31437284185498754,0.2536254553695582,0.2341895483646475,0.1978121544108067
0.2997701442984945,0.24959157237774146,0.2041281044382639,0.24651017888550017
0.3248741045305674,0.26873234217177216,0.2019091957074802,0.20448435759018016
0.30408475117073985,0.21304944301564635,0.3252493058684159,0.1576164999451979
0.3369595525161252,0.269876613967319,0.23942605640644107,0.1537377771101148
0.33843525120678825,0.30581999349406275,0.1950980747304947,0.16064668056865436
0.32644297194393906,0.28302053873189437,0.2229349560735216,0.167601533250645
0.3191494758310809,0.27450767080593813,0.21630495674914632,0.19003789661383466
0.32271512740328906,0.28490620491182467,0.19307595887924317,0.19930270880564313
0.30877708709901397,0.24601787212809118,0.2413788300483516,0.20382621072454324
0.3064407386102111,0.24693550696777508,0.2218670981993667,0.22475665622264704
0.2598883322232132,0.21552639706901056,0.1773179901237996,0.3472672805839767
0.17852473423935183,0.1434442278958315,0.11289320314006585,0.5651378347247508
0.022875364186586696,0.014375809408663419,0.017820217890781774,0.9449286085139681
0.05384052881768233,0.037462923902719436,0.03697109060845796,0.8717254566711402
0.06557854457414329,0.0385684502259232,0.08472023396914405,0.8111327712307895
0.028055074054737113,0.017641445682915743,0.03392159370537502,0.9203818865569722
0.1064977738220614,0.0742523973295215,0.06031418373372541,0.7589356451146918
0.1957649091011362,0.12981806284788389,0.12301040225265579,0.551406625798324
0.1535770394406693,0.10288540161497249,0.13007965034379607,0.613457908600562
0.2414025032980358,0.16849191047475967,0.15685338102768445,0.4332522051995202
0.2149721174495804,0.1397872364213205,0.21384297576504882,0.4313976703640503
0.26167893234051265,0.19162531201334634,0.17920041347817375,0.36749534216796725
0.2638849436408935,0.19589903722058977,0.19332256009832485,0.34689345904019186
0.2561379897842415,0.18742211848045423,0.20047845902389333,0.3559614327114109
0.22648640722600383,0.17323503635634996,0.16497068221436062,0.43530787420328565
0.27661247518856175,0.20089813554697059,0.19462260686784136,0.3278667823966265
0.26490694472702125,0.17741455471248002,0.2679119803462249,0.2897665202142738
0.30334912263020125,0.22319257391339406,0.2290698242498232,0.24438847920658144
0.31547511957523017,0.24207744599268902,0.2318873699981757,0.2105600644339051
0.31235904443594137,0.24606682539801383,0.232793687226101,0.20878044293994386
0.31286979508234014,0.26145214584459425,0.20350551966755093,0.22217253940551462
0.3167669076912011,0.25533965605805714,0.22374177546779475,0.20415166078294716
0.3005195275292069,0.22803188973449692,0.25611001351047796,0.2153385692258182
0.3156879146167976,0.26102512969786895,0.20301611360805907,0.22027084207727435
0.2979368512610353,0.24129981114612858,0.21185022633687098,0.24891311125596507
0.3053506701441356,0.24182288995539855,0.21785771109990257,0.23496872880056327
0.28123428329275185,0.21427905465687994,0.22999503046577296,0.27449163158459516
0.3193051352318335,0.24630842250190674,0.22158391217015472,0.21280253009610506
0.3142900783500031,0.22961815283987447,0.2819890606879424,0.17410270812218
0.3321837032432047,0.26264533310748583,0.24665352501708676,0.1585174386322228
0.3315408292071157,0.2910872973229594,0.20411138704716583,0.173260486422759
0.3190374810102842,0.28580274493097024,0.1938831483829041,0.20127662567584143
0.3053485961862263,0.26018086384327865,0.20463864434286144,0.2298318956276336
0.3008967946128651,0.23989086204577983,0.22323065803808828,0.23598168530326677
0.30134185699146543,0.22845730326371066,0.24326367350739125,0.2269371662374326
0.31216464855960313,0.23939205211489378,0.23902997936853754,0.2094133199569656
0.31052309216986224,0.2459837863954244,0.22726762112292007,0.21622550031179333
0.30396113981773365,0.251188106868226,0.20321173795595388,0.24163901535808643
0.276787296293483,0.22825962889362852,0.18780285206823571,0.3071502227446528
0.30666570021494977,0.23706469203444008,0.2134310046493224,0.24283860310128774
0.2980017064244911,0.19967523201601234,0.3268752274546057,0.175447834104891
0.32309076314554974,0.24360563863702467,0.25791755169483416,0.17538604652259138
0.33069161158497784,0.29212055687376204,0.19041214189014602,0.1867756896511141
0.3108927968980061,0.27247096197102144,0.1959735670805495,0.220662674050423
0.29689925144777407,0.2445235938760844,0.2102463410736512,0.24833081360249037
0.302506463569206,0.23365307400431545,0.23180260849545778,0.23203785393102067
0.28734164954940744,0.21011821012620266,0.2553590682161346,0.24718107210825532
0.3079806831456796,0.246272448239486,0.2048205834840375,0.2409262851307969
0.2814871852837255,0.2242717634955107,0.20331131517441975,0.2909297360463441
0.2944815772159271,0.2332993186374459,0.19970271332519732,0.2725163908214297
0.24566805097657804,0.18186870457942161,0.2136148504566282,0.3588483939873721
0.3076402639977727,0.2288894658404119,0.21011380072600183,0.25335646943581347
0.29380842522921274,0.2034554305274629,0.28724200638578623,0.2154941378575382
0.3190562906929116,0.2458717999575222,0.23443117912693354,0.20064073022263273
0.3131191344473861,0.2646440680599377,0.19865133936218243,0.22358545813049377
0.308310153090246,0.25729297555101527,0.20327982733701666,0.2311170440217221
0.29212253068166827,0.22859198924137825,0.22784775808067795,0.2514377219962757
0.29451552476105675,0.22801732140855005,0.22131406984815347,0.2561530839822398
0.2862017168169818,0.21905874983496065,0.22065931641051348,0.2740802169375442
0.28875884759781245,0.22458882814968117,0.20795483077615415,0.2786974934763523
0.2771129357800728,0.21366173352514242,0.2073416662228375,0.30188366447194714
0.28311069118801485,0.21485015319359135,0.21158496071674562,0.29045419490164803
0.24582949033480878,0.18282710392494161,0.2025915949406334,0.3687518107996163
0.30190965975983386,0.22766985274368348,0.19988681218472143,0.27053367531176126
0.29530912210478927,0.20376402495371235,0.2869732962857716,0.2139535566557268
0.3153019954867908,0.23656731921807256,0.24933628431564062,0.19879440097949613
0.3195883735602335,0.267918488751826,0.20279168708424636,0.20970145060369422
0.3136140583688974,0.2629453558012366,0.20695589038569742,0.21648469544416862
0.2962453238335359,0.23688445463410968,0.22261287369407015,0.24425734783828432
0.30239777076373214,0.24103673639516487,0.21306310084586835,0.24350239199523463
0.2834361737821057,0.21548498371977093,0.22891654759251606,0.2721622949056072
0.28137671450728874,0.2212397026404894,0.19882230490709904,0.2985612779451228
0.27011104554311594,0.2109004823189127,0.19344363198365716,0.3255448401543142
0.25075216171650005,0.18655799563126568,0.19860176660151835,0.36408807605071586
0.18692763369146365,0.13897041954343828,0.14827322007120586,0.5258287266938922
0.27538200559844983,0.19780048324787636,0.1756802558250399,0.351137255328634
0.2764335655175668,0.1754644514677538,0.3068445401170365,0.24125744289764284
0.3004918203684723,0.21608894178744692,0.25257934004710053,0.2308398977969803
0.3269441969911654,0.26856052627648186,0.20155339914538126,0.20294187758697146
0.316632465046035,0.2557061437688926,0.2301498423225788,0.19751154886249364
0.3069255498136998,0.2500953246795183,0.22034333636660042,0.22263578914018162
0.31463827988119647,0.26193653632519265,0.2032520722779782,0.2201731115156328
0.2851911121493034,0.2191677752620724,0.23365107211547181,0.26199004047315233
0.28602619717451616,0.23281580946388789,0.18818081207899562,0.29297718128260036
0.26036309072656766,0.20334265613671154,0.1916012028237131,0.34469305031300773
0.26915591413072304,0.19763570511653977,0.21155456824779942,0.32165381250493774
0.1851538132160789,0.13354938168048994,0.16748202540328885,0.5138147797001423
0.27865274852748395,0.20557808323597282,0.16597788380901948,0.3497912844275237
0.27489183731739875,0.18256320647581267,0.27293158430681064,0.2696133718999779
0.3043997619572748,0.21763936051195953,0.25403584077897606,0.22392503675178974
0.32413021011090654,0.2555252979262058,0.22324755857050865,0.19709693339237905
0.32645482455513924,0.2611003519997415,0.23866639820175173,0.17377842524336756
0.3171977505696202,0.26120239769921183,0.2274447310656963,0.19415512066547166
0.3134584099827316,0.277695238832323,0.1847510273130622,0.2240953238718832
0.2850508332522643,0.23849820759933826,0.1943518223568657,0.2820991367915316
0.262596766765081,0.2068228060815324,0.19405686203017114,0.33652356512321546
0.24932879844483555,0.18565245277705394,0.19952135282186997,0.36549739595624064
0.2535290903366901,0.17803584305110012,0.2188918835755436,0.3495431830366662
0.2344909679918157,0.16995009714418552,0.19128402520853535,0.4042749096554634
0.2998416321552212,0.22219605725551494,0.19750568789665915,0.28045662269260474
0.2982442563560749,0.20593331983590057,0.28434682891428004,0.2114755948937445
0.3228508404937458,0.24244286349474886,0.2533293112819366,0.1813769847295688
0.3172644866840786,0.2639945996334745,0.21118479298214,0.20755612070030705
0.3162747068277973,0.27664831900249176,0.1880684102940379,0.219008563875673
0.29982071372890456,0.2413525945086024,0.2235828177917812,0.2352438739707118
0.30724701156447326,0.23619931528738622,0.23937106877817388,0.21718260436996675
0.271365184501336,0.2071335012525711,0.22261500960759367,0.29888630463849925
0.29561039688741664,0.24443971511391363,0.17503828908365568,0.28491159891501394
