0.2934831156543834,0.25028898850242604,0.23064597957659122,0.2255819162665993
0.2919275964631478,0.24505827143655975,0.23336447220438566,0.22964965989590674
0.2923881772376197,0.24509054925478033,0.23583751326113886,0.22668376024646114
0.2907347736749816,0.2461874303651519,0.2335621302712685,0.229515665688598
0.2889091556721252,0.2470905181419087,0.2305860687066631,0.23341425747930294
0.29064961732570027,0.24259067014525854,0.23753810397238215,0.2292216085566591
0.2907357191842753,0.24208756149257046,0.24077813910791568,0.22639858021523862
0.2946581478246206,0.25013332514681774,0.23266118239417088,0.2225473446343908
0.2945913665116776,0.2464385520991524,0.23347719010554827,0.22549289128362163
0.28890784517467694,0.24750189228304087,0.2292694588502954,0.23432080369198682
0.29081801070130775,0.24686817537640438,0.23162839844113844,0.23068541548114946
0.2907342016398455,0.23719717280089342,0.2455441302710269,0.22652449528823426
0.29609599865439445,0.2503884295806456,0.2353924565424642,0.21812311522249564
0.29746417422048554,0.24996774104152839,0.23061813270982987,0.22194995202815615
0.29790693195253193,0.24941451887732077,0.23073289835053193,0.22194565081961548
0.29232326289466465,0.2475651380710688,0.22972516265142148,0.2303864363828451
0.29247160485435314,0.24910474102251257,0.22909126038977246,0.22933239373336178
0.2910012872010237,0.24038783872964353,0.23964364712323857,0.2289672269460942
0.2919256972645468,0.24754455826391134,0.23464967026106834,0.22588007421047357
0.28870759954053055,0.24707576627240954,0.23006940486708358,0.23414722931997642
0.28711126459470754,0.24464926890299799,0.23222434949590892,0.23601511700638547
0.28108451987482636,0.23876761756847292,0.23766921502134775,0.24247864753535303
0.28645287848669254,0.24248898191518373,0.23975929489582004,0.2312988447023038
0.2874571034236614,0.23548630298484366,0.24948241665647572,0.22757417693501933
0.29517946109277654,0.2518453475192003,0.23449944673891446,0.21847574464910874
0.29711700902733024,0.24798934103644102,0.23273132659751314,0.2221623233387157
0.29672778936622796,0.24935648963757245,0.23101426725041113,0.22290145374578837
0.29124477686457806,0.248612587877259,0.22773632482221295,0.23240631043594992
0.2928636654247328,0.24681026682231816,0.23204448819103002,0.22828157956191905
0.2919334392096825,0.23958159241923596,0.2427250047988833,0.2257599635721983
0.29392010890269926,0.2508990207967693,0.23190938092442046,0.22327148937611094
0.29369673933072765,0.2484751456198233,0.22982777732275422,0.22800033772669479
0.2987986891834152,0.24514222627089996,0.2380061928641031,0.2180528916815818
0.2938619865216066,0.24584476279694287,0.23597306952502292,0.22432018115642754
0.300140330423741,0.25706411345928815,0.22500424839131344,0.21779130772565736
0.2982770305223462,0.24196826658939008,0.2382436352226192,0.22151106766564452
0.3026494882890505,0.25388703190981976,0.23091179429481648,0.2125516855063132
0.30372333418393566,0.2518649370796639,0.22914328400925416,0.21526844472714637
0.30354811003768273,0.252346939998693,0.22844474886035968,0.21566020110326453
0.30028336612040984,0.25191486875375224,0.2267670544720804,0.22103471065375746
0.2996870556829403,0.2511415648355734,0.22788733329527303,0.22128404618621333
0.2973319940392492,0.24697627757589638,0.23260649109437811,0.22308523729047616
0.30010476575563183,0.25065994679522946,0.23160371290664736,0.21763157454249138
0.2986457798869835,0.2483893280481156,0.23223201618930794,0.22073287587559287
0.2966629506542939,0.252102338946813,0.22672987028311184,0.2245048401157813
0.2869829457633396,0.24681243086055027,0.22572813858167565,0.2404764847944344
0.2909029605200517,0.24368919897856256,0.23606157783913664,0.22934626266224908
0.29258921863919973,0.23438322369808623,0.2530211323870654,0.22000642527564856
0.3038621817762984,0.2562844626561786,0.233840849608628,0.20601250595889498
0.30531028883436206,0.2541348130460267,0.22667134169351214,0.2138835564260991
0.303891135816173,0.2539933896470701,0.22513812708237982,0.21697734745437708
0.29537248221363166,0.24997033588681528,0.22515149860113928,0.22950568329841367
0.29420465187093825,0.24975981058485303,0.2274606572075031,0.22857488033670562
0.29294612667930703,0.2403376063579213,0.24027019493521246,0.2264460720275592
0.2954977167163647,0.24883687924720244,0.23502298889335765,0.22064241514307523
0.2934310095738964,0.2493713408164578,0.22923574470987743,0.2279619048997684
0.29520251133411674,0.248217422193205,0.2312814387448326,0.22529862772784562
0.290192824331249,0.2424554189107807,0.23657568331790002,0.23077607344007028
0.29584731841864087,0.25083382407178856,0.23194519464940536,0.22137366286016522
0.2993757705644971,0.24255590397333956,0.24153964415750903,0.21652868130465422
0.3053881023238866,0.2534601205994721,0.23335827640376547,0.20779350067287577
0.3055259218987819,0.2555413561340153,0.2252850351320718,0.213647686835131
0.30073865718554943,0.25352461953109284,0.22313240587422828,0.2226043174091296
0.29222858230402954,0.24891857363917963,0.22479275347622787,0.2340600905805629
0.29312546306287096,0.24532530042890072,0.2334699253454275,0.22807931116280075
0.2934471915425147,0.23978235942630424,0.2440753885720601,0.22269506045912102
0.2988830376476371,0.25243787822186414,0.23293562090929598,0.21574346322120289
0.29688453472218335,0.25044331338465037,0.22814283631597876,0.22452931557718753
0.2990448156619967,0.2503414810529824,0.229819454796579,0.22079424848844195
0.29059048046165814,0.24403017958512568,0.23322027074206816,0.23215906921114798
0.2979766709576254,0.2525786498474681,0.23027981649456414,0.21916486270034233
0.2986187401465244,0.23926420499436957,0.24510463649652134,0.2170124183625846
0.30163734603122677,0.25654966684775976,0.22839186269330256,0.213421124427711
0.2968931199980662,0.25388484759270674,0.22110562515869014,0.22811640725053686
0.29175740634828845,0.2461434868876149,0.22855899922074696,0.23354010754334964
0.28305184291929947,0.24156729744832062,0.2332050146082073,0.24217584502417266
0.288139159337,0.2431610990019135,0.23822245250973825,0.23047728915134832
0.28706055879836434,0.23420636812051468,0.25071672178256604,0.2280163512985549
0.2915857137157688,0.2534469723263214,0.23051502392512505,0.22445229003278472
0.2905100790181879,0.24627731390439705,0.2301435873455786,0.2330690197318365
0.2916868570562989,0.24256130734597645,0.2381905162052019,0.22756131939252264
0.2867388131196365,0.24360279123964027,0.23588485033626946,0.2337735453044537
0.29416323258821,0.24962788865331642,0.23284942239134873,0.22335945636712495
0.29311736333218547,0.23780482666784641,0.24566231483342668,0.2234154951665414
0.2990874307282766,0.2553294166199201,0.23000086738482095,0.2155822852669824
0.2969593310451928,0.24943534762906303,0.22825612301086046,0.2253491983148838
0.29825555464692727,0.2492059631897258,0.23109298750359228,0.22144549465975463
0.29196894193359,0.24545719553827663,0.2326585725064773,0.22991529002165606
0.2957201193559778,0.251559591208873,0.2291882581774801,0.22353203125766913
0.2917696120860734,0.2405154966727056,0.23911505467306016,0.2285998365681609
0.2932349902834073,0.251639328771964,0.2296387886043238,0.22548689234030486
0.29277520340194735,0.2450868922530893,0.23339487068662151,0.22874303365834184
0.2915948884469692,0.2449673151432446,0.23537156360190295,0.22806623280788316
0.28393447744168926,0.24619507875535895,0.2287570992560913,0.24111334454686045
0.2898792670557784,0.24377131029886387,0.2366003917180284,0.22974903092732935
0.2874498303603878,0.231859152207252,0.25427423319305426,0.22641678423930578
0.29797460080489274,0.2571550869973058,0.2309495384678144,0.2139207737299869
0.2984106869658366,0.2479063785098789,0.2311738788274731,0.22250905569681143
0.29811463839724894,0.25023115559731335,0.23024168808101808,0.22141251792441963
0.2945694901837524,0.2489434209642523,0.228941537774336,0.22754555107765925
0.29510970345472237,0.24811477724107026,0.23120598455173708,0.22556953475247032
0.2990023273409286,0.24432852551671733,0.239413473282208,0.2172556738601461
0.2973579247731267,0.24940642791539733,0.23337503235896723,0.21986061495250875
0.2946046959882437,0.2550253543256067,0.22161408793670362,0.228755861749446
0.2895094443605922,0.24410478371549724,0.22997312728070965,0.23641264464320083
0.2847885318027722,0.24091574533469684,0.2365342512620698,0.23776147160046124
0.2938530515434722,0.24245814056809675,0.24325755865252796,0.2204312492359031
0.29542774801203925,0.2409921864672577,0.24676548306042964,0.2168145824602734
0.30631132068962474,0.259780608529505,0.22748468699057073,0.20642338379029945
0.3040241901430446,0.2505811944554538,0.22839667871987354,0.2169979366816281
0.3013037175847466,0.2546086175058061,0.22414022441574272,0.21994744049370454
0.2988704241546414,0.24992086952233813,0.2276612734148878,0.22354743290813267
0.30077844355023897,0.2472392643987595,0.23478641954323712,0.21719587250776437
0.2996681598720101,0.24945705364952422,0.23280828430889183,0.2180665021695738
0.2971450060879407,0.2540130724930729,0.2240685272283308,0.22477339419065562
0.29594573584072625,0.24784561914308528,0.22947197019894536,0.22673667481724316
0.29512240495579856,0.24383354368715363,0.23736443821571587,0.22367961314133197
0.29259569031414384,0.24913680234159982,0.2308463787917968,0.22742112855245955
0.29890016372976574,0.24954066993226323,0.23244976722193958,0.21910939911603144
0.30040839109598333,0.24265438996848632,0.24232297150293264,0.21461424743259774
0.30797094382151674,0.2573460159506189,0.2295180013247991,0.20516503890306537
0.30537922530794626,0.2542268208853624,0.22487749747813374,0.21551645632855748
0.30206484320421834,0.2545784634895183,0.22291330388877997,0.22044338941748337
0.29822145364009295,0.24865415961170104,0.22863298334120402,0.22449140340700194
0.297975870791748,0.24809403969749352,0.23247759754735572,0.22145249196340278
0.2980193758570868,0.24845649032385017,0.23288333353346666,0.22064080028559624
0.29667710303207545,0.2503035333035061,0.2294108269596714,0.22360853670474698
0.2982615533153832,0.24941812443286857,0.23080949756918145,0.22151082468256678
0.2954340615141409,0.24599440271806874,0.2340403794996618,0.22453115626812853
0.28867698982894585,0.25028728723466526,0.22521548674158712,0.23582023619480183
0.2978416708705141,0.24453720893105307,0.2381717923324289,0.21944932786600385
0.3003725710067062,0.23695426530085553,0.25405844522679816,0.20861471846564
0.3058789736533853,0.26259137753058515,0.22438164820554085,0.2071480006104887
0.3069449784764352,0.2584604314447924,0.21874660846178917,0.21584798161698318
0.302820837689307,0.2456094887958284,0.23331918252471368,0.21825049099015087
0.295960263168556,0.25283989283647457,0.2253633262285814,0.22583651776638802
0.29685652089808606,0.252156516039218,0.22534087842242348,0.2256460846402725
0.292726008866877,0.23910145128492352,0.24072498624018832,0.22744755360801125
0.2913882857259245,0.2512203615813393,0.22937453509612127,0.22801681759661493
0.28180247938953484,0.24600529903989213,0.22463606742387554,0.2475561541466975
0.27067285862581797,0.23909660958548606,0.22803029849318776,0.26220023329550807
0.2604459078032921,0.22761092219245965,0.24064152552731163,0.27130164447693655
0.2601317069344222,0.2167216722986711,0.2637162882550081,0.2594303325118986
0.26456489466107536,0.21321610689815512,0.2821032479830553,0.2401157504577141
0.2722923109359776,0.24019536334391903,0.25100696803005534,0.236505357690048
0.27727926591516305,0.2457114184246157,0.2320449410022356,0.24496437465798576
0.2764297714594705,0.23025015084756137,0.247563277984602,0.24575679970836606
0.27396454548208965,0.23613063300038128,0.2447613835368277,0.24514343798070132
0.2815796314312058,0.23921570692104682,0.2439937941246968,0.23521086752305057
0.27936164779376077,0.23179312095752178,0.2522297080746313,0.23661552317408613
0.284571615475248,0.2506950156329716,0.23183745834097802,0.23289591055080253
0.2842997913227379,0.23823225040140458,0.239210879712035,0.23825707856382244
0.28121285651399375,0.2403796193748534,0.23894218557547028,0.2394653385356826
0.2791126135883804,0.24288796906566057,0.23352595313110366,0.24447346421485538
0.28339484591105285,0.23464335008787215,0.24686632980597598,0.23509547419509902
0.28491096646319475,0.23568878868049561,0.25154329462833025,0.22785695022797928
0.2932970556316375,0.2521208871527493,0.23364709227936187,0.22093496493625137
0.2967428445405402,0.24587726352588507,0.23547437442048794,0.22190551751308688
0.2939530816826558,0.24804236399787336,0.23220743708466796,0.22579711723480295
0.29266394143569613,0.25128816117763353,0.22618580792824663,0.22986208945842376
0.295598674436763,0.2424485262295178,0.23843545287429732,0.22351734645942184
0.29144633724747065,0.24381207704573996,0.23856829820073985,0.22617328750604962
0.29345881829546216,0.2548951186785127,0.22466009750670024,0.22698596551932487
0.28838232285577,0.24110843682554284,0.23423683562736122,0.23627240469132604
0.2897993274369276,0.2448717901734413,0.23620964336840666,0.22911923902122447
0.2869254011778409,0.24175634194365178,0.23787167318592142,0.23344658369258592
0.29581181911206744,0.24761612842672184,0.23721072061405535,0.21936133184715528
0.3011918205488082,0.24219004934340563,0.24523567181234,0.21138245829544614
0.3056134741228792,0.25692355117274823,0.2291326284234968,0.2083303462808758
0.3015291580288624,0.25666241910457566,0.21965630387858465,0.22215211898797732
0.29423950441134245,0.24905998615612518,0.2244284429331791,0.2322720664993533
0.2892736974648809,0.24402679297805963,0.23212266900184303,0.2345768405552164
0.28955040022827633,0.24257004330469642,0.23790087884100183,0.2299786776260255
0.2917025586671794,0.24333125447613424,0.23975199719915996,0.22521418965752632
0.2953707675664766,0.2480434332745556,0.23532611461175099,0.22125968454721667
0.29390998684585745,0.2484050575448381,0.2312191075165997,0.22646584809270473
0.2896271982942226,0.24878337378464596,0.22716735254083142,0.23442207538030008
0.28268560588701225,0.24295138181081688,0.23023179659619955,0.24413121570597118
0.28940772534821185,0.2375355086660449,0.24583367495304573,0.22722309103269753
0.2972806602209788,0.23679413136813354,0.25615475691973033,0.20977045149115722
0.3013117681394413,0.2576396340857377,0.22944137814872598,0.21160721962609513
0.298385861448168,0.2589277100132469,0.2156244427718916,0.22706198576669354
0.29009408333870984,0.2424375498709418,0.22997333228292655,0.23749503450742185
0.28654002636623965,0.24313041347966713,0.23496809899718074,0.23536146115691256
0.291137657401523,0.24164358897691707,0.24140679294029188,0.22581196068126813
0.28903156179917566,0.2421234940317758,0.24078403204001583,0.22806091212903265
0.29146898464397564,0.2530473019535204,0.2269718048148724,0.22851190858763154
0.2850837913917541,0.24103014163248448,0.2332799376065469,0.2406061293692145
0.28582895470546327,0.24350260223424658,0.2357987253494853,0.23486971771080484
0.2809565824016583,0.23687121057486835,0.24171757134465757,0.24045463567881584
0.2906922151682876,0.24512033271626402,0.24035789643490066,0.2238295556805477
0.29311702681530055,0.23741045552810594,0.24947697360783727,0.2199955440487562
0.29691788757427784,0.25600261075652886,0.22833190616116594,0.21874759550802725
0.2929258893585345,0.2511117671232752,0.22320728009455587,0.2327550634236344
0.289685391769606,0.24300983401341827,0.23325781078605085,0.23404696343092501
0.2872726252161006,0.24139137988759485,0.23851488486077324,0.2328211100355313
0.28883763753830005,0.24538847016914084,0.23567102406402465,0.23010286822853443
0.2873431010718799,0.2429399836233496,0.2362670143149819,0.2334499009897886
0.28675555211274173,0.24508793494493009,0.23380434530885064,0.23435216763347755
0.2847582835658302,0.24153812827310298,0.23644945855192,0.23725412960914685
0.28553152969494344,0.24168966479155501,0.23854229504006372,0.23423651047343788
0.2814262591545982,0.24043940872372183,0.2377745599929725,0.2403597721287074
0.28892594433239027,0.24369485859020706,0.23935473952014336,0.22802445755725922
0.29272694128240023,0.2359194379223602,0.2515993494773913,0.21975427131784828
0.29717082304755904,0.2543046391512601,0.23169774072917995,0.21682679707200087
0.2954931742814756,0.2535007373056585,0.22270912292738812,0.2282969654854778
0.292254530099774,0.2442767224981673,0.23208335735691174,0.23138539004514705
0.2879199408606558,0.24338495759986611,0.2351736159029073,0.23352148563657082
0.28999222312178896,0.24626106231066652,0.23405086757813096,0.22969584698941362
0.28657030776032033,0.24047832665873725,0.23868422996001518,0.23426713562092727
0.28510565051830544,0.24722446122670524,0.2308899191104316,0.23677996914455768
0.2830552081967901,0.24015486891888732,0.23627941161931842,0.24051051126500408
0.28007429106941234,0.23793360782183165,0.24068710393051726,0.24130499717823867
0.27594473338258446,0.24046899955199483,0.2357496353867407,0.24783663167867995
0.2828395007147081,0.23519942050506643,0.2473536307424874,0.2346074480377381
0.2880480369489423,0.231249584923202,0.26044073241053534,0.22026164571732038
0.29466375566628833,0.2548432182138858,0.23289650575910523,0.21759652036072064
0.29829899066337684,0.25424530296375053,0.22424172291927344,0.2232139834535992
0.2952863477425312,0.24249999590589597,0.2363735594303203,0.22584009692125254
0.29127797012127077,0.24972225544722448,0.2292590375602003,0.22974073687130447
0.2934426144335095,0.2481915369403153,0.2305315147453212,0.22783433388085392
0.28565280125699216,0.2387141158834293,0.23924045560268997,0.2363926272568886
0.28481112261399283,0.25045187848759715,0.2271474458192138,0.23758955307919624
0.2812489295859271,0.236343128507461,0.23886954099762503,0.24353840090898687
0.281925109683674,0.23801174440882128,0.24366087173118647,0.23640227417631823
0.27735883885960405,0.23945125789266503,0.2387726060326329,0.24441729721509795
0.28396437383388673,0.24236014452049354,0.23900675280660208,0.23466872883901768
0.2863010163022751,0.23045782717946914,0.25644994665245613,0.2267912098657996
0.29440418681311964,0.25210094151115087,0.2363920559873067,0.2171028156884228
0.29979025795240033,0.25155224413558774,0.22995055275898615,0.21870694515302572
0.30238271326936456,0.2477221587559788,0.23496653737174855,0.21492859060290812
0.29581526403559616,0.2511906196812397,0.22745926073485714,0.22553485554830696
0.2911097169034879,0.25372792227896046,0.22004728928236664,0.23511507153518507
0.2830091978490125,0.2380085142346418,0.2346294303742598,0.24435285754208594
0.27970415540843196,0.23990716040328997,0.23778970137671157,0.24259898281156653
0.28072029328350345,0.23681849139260985,0.24346780079961358,0.2389934145242732
0.2824870697021685,0.23753065406394322,0.24568609034704675,0.2342961858868415
0.2818987421639866,0.24337759336658754,0.23676277084042263,0.23796089362900327
0.289308167862728,0.2426531922240218,0.2398831782521448,0.2281554616611054
0.2933542164345989,0.23710859538131107,0.2505633809400036,0.2189738072440864
0.30090329684346523,0.25486077384536443,0.23270390882925512,0.21153202048191513
0.2953663715734804,0.2527492812652622,0.222855010213114,0.2290293369481435
0.2921132496038995,0.24954646579689888,0.22520311779394378,0.23313716680525773
0.2884183242039492,0.23864410753503515,0.23956259758743292,0.23337497067358268
0.2927074598881183,0.24550796311815754,0.23886981498077983,0.22291476201294436
0.28601954378017747,0.24445862245887762,0.23333987435822534,0.23618195940271955
