0.27790573542959085,0.21857917430324234,0.22124939686870765,0.2822656933984591
0.31114537041057927,0.24334351459050169,0.22527036485574262,0.22024075014317648
0.34187576026605065,0.253119547671351,0.230458220528926,0.17454647153367242
0.31330870692035656,0.2144215201778302,0.25271626839829864,0.21955350450351455
0.2889841320118273,0.1942563297863496,0.25617901814683014,0.26058052005499294
0.33952669300327903,0.2925836218766779,0.18777541654605368,0.1801142685739892
0.33509421087018787,0.2676384304973981,0.21842119331154827,0.17884616532086567
0.35431652995267066,0.2292089759004979,0.2624096677426158,0.15406482640421554
0.35925193396929467,0.22755727847567314,0.2510732452670982,0.1621175422879339
0.24319635609111145,0.16990211878843461,0.26023886489102566,0.32666266022942825
0.32701426462181,0.23293283109119453,0.2343631458803386,0.20568975840665676
0.35278567924381155,0.32322970919995353,0.17326014182685356,0.15072446972938142
0.35508280851702007,0.2351917619464664,0.2607643730599928,0.1489610564765208
0.35890995873531933,0.22033949577712925,0.2627976019206354,0.15795294356691597
0.36192798141858057,0.2139623391537526,0.26296367866324655,0.1611460007644202
0.26994343893091965,0.1883050255330206,0.24481245249004624,0.29693908304601346
0.30178682523647793,0.21338038319899677,0.23898650913725386,0.2458462824272715
0.32606590540264646,0.31130618630104,0.17272901711333769,0.1898988911829758
0.30735904037226286,0.2208367924824441,0.2578695484605158,0.21393461868477723
0.26790442108577234,0.19791539939160938,0.2516303449293595,0.2825498345932588
0.2930879025948264,0.2202454712126956,0.22985634535176708,0.256810280840711
0.2068244400488132,0.19472971597433766,0.19889004614915162,0.3995557978276975
0.3131201441966848,0.2709831162412227,0.2033997128473543,0.2124970267147382
0.3380087956644831,0.34852135379010935,0.1587330337262731,0.1547368168191344
0.35167316724583975,0.22852178753819075,0.2741720083741232,0.14563303684184625
0.3709810744746233,0.23087924799512463,0.25307502072574833,0.14506465680450367
0.3540408071943566,0.21514128996996554,0.261186677031673,0.16963122580400491
0.26695072490841903,0.19020225275263636,0.2558608157604754,0.2869862065784692
0.3417172423077447,0.22496952362288666,0.2513932790076348,0.18191995506173378
0.3607155351914686,0.3083879532640768,0.18638572460511918,0.1445107869393355
0.32905173712199925,0.20438618597062025,0.28389184613008545,0.1826702307772951
0.35078824642947465,0.2252039852461217,0.25581920539641856,0.16818856292798498
0.3862375882226276,0.2634593055668149,0.22600196342993484,0.12430114278062253
0.3288225994817409,0.2166483691878766,0.2642107527610753,0.19031827856930708
0.37162529948464007,0.1994965388268056,0.28866038924331516,0.14021777244523909
0.38209838620910824,0.2814411195476814,0.20294969106556912,0.13351080317764125
0.3771228837638397,0.21620076541781696,0.27840292776142245,0.1282734230569211
0.38454344457071227,0.22918671174965896,0.2549727791670764,0.13129706451255244
0.3780477190071919,0.2081297021526271,0.2773340208221986,0.13648855801798226
0.35784095514092995,0.1973829586783589,0.28220892498639893,0.16256716119431208
0.36551183073356924,0.2009971593436655,0.2736242629251113,0.1598667469976539
0.3549347262833484,0.27341865322075193,0.20381353785588452,0.16783308264001495
0.36471944079736596,0.23415704287148403,0.2580321100702536,0.1430914062608963
0.3703057942399176,0.23076750406684637,0.25805996269641424,0.1408667389968218
0.34589479035870646,0.1862050998062685,0.29452262513876826,0.17337748469625675
0.20417394070077063,0.14409871616707892,0.2544297754445662,0.39729756768758423
0.32776378377782517,0.262100287849624,0.20976203929527568,0.20037388907727513
0.3511950363690903,0.37434929738656286,0.14792736536043954,0.12652830088390735
0.37393308190081065,0.23060248928145444,0.27997809945052987,0.11548632936720504
0.3783341808135095,0.20896778623469275,0.2786395553746253,0.13405847757717237
0.3696402854761889,0.19189705807963647,0.2893146811472079,0.14914797529696677
0.28074067302484734,0.17943349649102838,0.26636292680420504,0.27346290367991916
0.3254564147273255,0.21034789685855498,0.25574941697860776,0.20844627143551173
0.35425978072367176,0.3060812224773095,0.185088382997787,0.15457061380123188
0.3540449413638132,0.23778478732571282,0.2569262766992283,0.1512439946112457
0.33119311973343407,0.20281529158457168,0.28175937648688926,0.1842322121951051
0.3729966475895865,0.22088962081891006,0.26098700821725646,0.14512672337424706
0.3358067374779482,0.22404332219365858,0.24452451547739215,0.1956254248510011
0.3701727354935773,0.22405339922089984,0.25887979797170424,0.14689406731381863
0.37852035719247107,0.32166458632318695,0.17650623478618202,0.12330882169815988
0.3798347935294699,0.23333396305846243,0.26779745656966025,0.11903378684240731
0.3732368468207331,0.1981958480596362,0.2917955076998897,0.1367717974197411
0.34309929602948475,0.17773492029766397,0.2971722579127247,0.18199352576012656
0.272643123266789,0.18151971042819642,0.26005111816974086,0.2857860481352736
0.34530629639031873,0.23400901757302497,0.23919859009289451,0.18148609594376175
0.3585340383634244,0.3379569687259867,0.16746058036267117,0.13604841254791777
0.36169590225296605,0.22121785180346054,0.2818341314729808,0.13525211447059268
0.35379390384499754,0.19733209859498366,0.2889019717426779,0.15997202581734082
0.3815910593747935,0.2128927158073619,0.2658255858417627,0.13969063897608192
0.26341445542543096,0.19126001608701798,0.23618575750408988,0.3091397709834611
0.3485632522940254,0.23187068762081425,0.246677554972957,0.17288850511220333
0.35875457595126936,0.36399887530532116,0.15014937952838947,0.1270971692150201
0.3162518122315189,0.18424726760361065,0.32015625587714314,0.17934466428772725
0.3017071032752203,0.17302786733440859,0.2929036954229307,0.23236133396744033
0.30247825366676134,0.20655248591073969,0.23546777441402103,0.2555014860084779
0.14478132626491358,0.14979348854796948,0.17427986152091904,0.5311453236661978
0.28141649465755103,0.27191922724964457,0.18761425077863234,0.2590500273141722
0.3172877169618283,0.3736207970111279,0.14458496389641753,0.1645065221306263
0.2833533072597796,0.18627804561122907,0.3043719466600249,0.22599670046896636
0.3279052440983354,0.22626669068138563,0.2457376961351788,0.20009036908510006
0.3613442362569071,0.2513491697648301,0.229383026187421,0.1579235677908418
0.26028613517996435,0.20557733326682812,0.23809346957296285,0.2960430619802447
0.3504519186644795,0.23470628947967304,0.247669561692276,0.16717223016357152
0.36080358950619357,0.3315704185820705,0.16996116753918114,0.1376648243725549
0.3500757788599275,0.1990224690155236,0.30212210039642107,0.14877965172812777
0.3503672125833255,0.2133698558827021,0.26206470566798057,0.17419822586599176
0.3682263007389886,0.23148327969682633,0.2471085601495941,0.1531818594145911
0.28624668116077145,0.20023407148014713,0.2523659132834355,0.261153334075646
0.34534853749480904,0.2109888921410868,0.26471274264064415,0.17894982772346002
0.332979697534398,0.31163484393911894,0.16965630670960172,0.18572915181688127
0.2974988044142306,0.19385410706016862,0.2888051981869061,0.21984189033869464
0.34942779409839564,0.25087529621931104,0.2300579889272727,0.16963892075502066
0.33889350702462195,0.22445440750818463,0.24886563376512852,0.18778645170206495
0.13189612631491662,0.11604537146599593,0.2121864086992079,0.5398720935198795
0.28798480466606924,0.28315674579171796,0.18037066826372739,0.2484877812784854
0.32570096341072513,0.3726165735244137,0.14709315422798724,0.15458930883687383
0.35313008049555455,0.2205977966445959,0.2922701467330691,0.13400197612678041
0.37483445801915166,0.2161949959759382,0.2672340829110058,0.1417364630939043
0.3681790026765868,0.20859410520102753,0.2705332224791902,0.15269366964319545
0.3177893579337953,0.20042312557579772,0.25568666764936027,0.2261008488410467
0.3422900965960434,0.23409620188956562,0.23711346844763412,0.18650023306675675
0.36587381197746677,0.3250603377618476,0.17809411344597634,0.13097173681470925
0.3268312565482737,0.2038362057630474,0.29136573486549655,0.17796680282318225
0.311188107782997,0.1777176305474514,0.30077665812244003,0.21031760354711163
0.3231070062707159,0.20670326904944647,0.2514190067905602,0.21877071788927754
0.3025205373697622,0.2281807381261877,0.23143715496462247,0.23786156953942778
0.36665974050094524,0.2991233374854171,0.19830373654699482,0.1359131854666429
0.36957340199878275,0.317070964846885,0.19011429990134227,0.12324133325299007
0.38347889462064816,0.19720047727841808,0.30854385630820835,0.11077677179272535
0.38454748395552524,0.21078022452604667,0.26797725767273173,0.13669503384569642
0.3460042799014635,0.19172028589551451,0.28551719250996815,0.17675824169305396
0.3573455854323229,0.2204172729043558,0.25544962941746074,0.1667875122458606
0.38309677443306694,0.24067371400936985,0.24400415692088198,0.13222535463668128
0.3640151871158044,0.24742420025513043,0.23698959386296475,0.15157101876610052
0.31047137006735465,0.17841019017298185,0.3047318642309608,0.2063865755287026
0.36449345490958734,0.23179815108785412,0.24872785329842556,0.1549805407041328
0.377046549179554,0.23826169296238364,0.24586220862105398,0.1388295492370084
0.32603442060811205,0.198105564988568,0.2785174765719245,0.19734253783139544
0.3800369281788487,0.2457220427627587,0.23719034746218412,0.1370506815962084
0.38331486128761094,0.30035038498071776,0.19625377758655133,0.12008097614512009
0.3860072336289502,0.21194325170774825,0.28784827760802745,0.114201237055274
0.369032339735508,0.19309086578579865,0.2901888951620463,0.147687899316647
0.3545215406641737,0.1951567293932502,0.28301924131664186,0.1673024886259342
0.35707566802975454,0.21225856770431387,0.2627623616604786,0.16790340260545303
0.3702908376373307,0.21885506398998414,0.25991702121010496,0.15093707716258017
0.36193419898778395,0.2849539916726604,0.2011098124418276,0.15200199689772811
0.33245735706761204,0.2053002561761895,0.2888240367414768,0.1734183500147218
0.381478119814553,0.21028543519310133,0.2765570150511791,0.13167942994116671
0.3687475809332936,0.23419883750247908,0.24085233660572106,0.1562012449585064
0.20061372053545484,0.13680271822535842,0.281748046637777,0.3808355146014098
0.340681544197925,0.2724701442753272,0.20861066232537154,0.1782376492013761
0.35292958353140785,0.39234190088619225,0.1428112854309946,0.1119172301514053
0.2953866854103283,0.1605398765418723,0.3618354794653531,0.1822379585824462
0.372927301587484,0.18865522581655814,0.2928328034077765,0.1455846691881815
0.3797255522416658,0.22864682874825912,0.24193120358484374,0.14969641542523127
0.17433796499662402,0.11821950346083201,0.22606524996357857,0.48137728157896537
0.24766420554246443,0.21808104620233815,0.18420522129889538,0.350049526956302
0.25221672459146577,0.3320241877894267,0.12144972588091969,0.29430936173818784
0.10830525165293987,0.1235144983276445,0.16626166304564136,0.6019185869737743
0.0032670417245596263,0.009331739925600591,0.013035826051849872,0.9743653922979899
4.425243701403277E-05,0.00045210128276251176,0.0003573821848139328,0.9991462640954095
1.6848365969900287E-10,4.199718218347677E-07,5.810912191291943E-07,0.9999989987684754
0.07085443362852065,0.2096650917752538,0.03711748117012414,0.6823629934261013
0.18254114755372786,0.48363989165583615,0.05958249472055459,0.27423646606988145
0.050128659374680806,0.08533398630867026,0.09982885271797837,0.7647085015986707
0.08403525948312592,0.13872930297983685,0.0902903729849168,0.6869450645521203
0.1430516890846075,0.25481055691585464,0.08710136471421419,0.5150363892853237
0.050982478072844076,0.09930813495885513,0.07424596932221632,0.7754634176460845
0.19478198637639227,0.299321440825352,0.1144158229300313,0.3914807498682244
0.20036693163554734,0.32274708795813356,0.11663530691402478,0.3602506734922942
0.2025150389061136,0.18799195525371973,0.2337625409494216,0.375730464890745
0.2770866510882676,0.2787214422384271,0.18064855400536206,0.26354335266794315
0.20449212537069564,0.19723433281484343,0.19635402385877168,0.4019195179556893
0.15929205419624956,0.16316153092099042,0.1809301443677552,0.4966162705150048
0.28142551567115026,0.33580439976035975,0.14750480182508344,0.23526528274340658
0.3183618080947786,0.35001737609574146,0.16342131160128825,0.16819950420819155
0.346754298360693,0.2127922345680329,0.2929115013278268,0.14754196574344736
0.38095463733781476,0.2559601468085844,0.22732460248032446,0.13576061337327636
0.3007367114449121,0.19370813503456655,0.2606646844660244,0.2448904690544969
0.29341945590974955,0.20615787377257477,0.2510156948202105,0.24940697549746507
0.35899477452989814,0.27133370240179117,0.21245273219288424,0.15721879087542656
0.30969296923255807,0.2595690666208231,0.21776223504056666,0.21297572910605223
0.3083140605850241,0.19063953054507995,0.2929670566822424,0.2080793521876536
0.3287374813840247,0.22680526657272043,0.24488267172842798,0.199574580314827
0.35907505940936635,0.22953103992681345,0.2506691554245174,0.16072474523930275
0.31303015242261834,0.22884664379051134,0.22756543931027912,0.23055776447659135
0.36789783302697565,0.2707133902349233,0.21795939204149503,0.1434293846966061
0.37844447452093205,0.3262415964336751,0.18074127160119666,0.1145726574441962
0.3574946960225646,0.2031303639251698,0.3000254636285421,0.13934947642372347
0.3194984210067064,0.16975490970336413,0.30757897153827474,0.2031676977516548
0.30124936651114154,0.183323524642792,0.26828355342585053,0.2471435554202159
0.30062441344937413,0.21642755238428893,0.23125241783123135,0.25169561633510557
0.3277278831468589,0.25447535801387267,0.21119914984699287,0.20659760899227564
0.3375748893679144,0.3197503648647108,0.17546541692150583,0.16720932884586903
0.3520507258203832,0.2496637934294337,0.25164084333316744,0.14664463741701558
0.3480493508644117,0.19310719739489204,0.29636127905584353,0.16248217268485277
0.2946308272965403,0.17537960567558813,0.2668435044220485,0.2631460626058231
0.16871616930062605,0.14802947270739097,0.18359823737313943,0.4996561206188436
0.2892469946962163,0.34743904631575073,0.14381219457906066,0.2195017644089723
0.3368434448311002,0.408400862392569,0.14287443782692938,0.1118812549494015
0.2884864199884502,0.16901794488677888,0.3413255962726018,0.20117003885216922
0.29558993098674685,0.16190758408606326,0.30057232362683123,0.2419301613003587
0.2671947865618491,0.19696775951058657,0.21594924460523435,0.31988820932232986
0.25908807416487883,0.24243677953569936,0.19180794030529857,0.3066672059941232
0.3338450819720855,0.2800522528589418,0.2045469474177972,0.18155571775117565
0.3001353462563516,0.2844101977862337,0.19523733138335858,0.22021712457405607
0.28576539986533267,0.18749296598533213,0.28542401726965194,0.2413176168796832
0.2560950164431698,0.20029683020578198,0.2333168950535971,0.310291258297451
0.3086151244236317,0.23692659643864786,0.22045096638397776,0.23400731275374262
0.2196852251908866,0.2249588123826624,0.17496670469524897,0.380389257731202
0.32498382556840516,0.2925829847546873,0.19750780201061557,0.1849253876662921
0.3559051923113287,0.33712739549418197,0.1742213372297592,0.13274607496473
0.2949572254812457,0.17647211997560766,0.3092492138964359,0.21932144064671077
0.2644709876868424,0.1760444978038335,0.255582469756631,0.303902044752693
0.29295018075489027,0.23833426034092323,0.20656922809846784,0.26214633080571875
0.28534738120479586,0.2542291567226755,0.2001461362242145,0.26027732584831426
0.29781226621746143,0.22560041645759735,0.23419686693449548,0.24239045039044582
0.2820441768681982,0.2642927057336782,0.1906897420688437,0.26297337532927995
0.2631480847144973,0.21702814879544044,0.2329804659881606,0.28684330050190165
0.2868233438173951,0.22737817637080654,0.2330558695114835,0.2527426103003148
0.321370020877043,0.24496426038966737,0.2220106128270608,0.2116551059062288
0.19718738692945306,0.18483603566976645,0.1934337637835033,0.42454281361727725
0.311311767165317,0.2859680162679985,0.1918843332842494,0.21083588328243513
0.34892622307048005,0.36433277776337386,0.15731538755923705,0.12942561160690907
0.30862321520636893,0.18939680337845258,0.3050809179154308,0.19689906349974787
0.2967832669789932,0.18008733753066059,0.27535837124017426,0.2477710242501719
0.3119000901919789,0.23726271826044446,0.212720812610162,0.2381163789374146
0.2399637551438878,0.2036077383070801,0.21132387518418413,0.345104631364848
0.28887238633259743,0.23488897362641264,0.21397021575027872,0.26226842429071123
0.246652795030341,0.27223383672859786,0.16162699216079834,0.31948637608026276
0.17100968789929186,0.16709923631698434,0.21103364248627057,0.45085743329745326
0.24257856843998934,0.2309020874998534,0.19855180810496334,0.32796753595519396
0.23388712794370056,0.23549131728097003,0.17884851848058939,0.35177303629474
0.08024600239494602,0.10398043784180774,0.12411222744525961,0.6916613323179867
0.23826231791148653,0.3274335631036461,0.13216843914579995,0.30213567983906736
0.31051666262182964,0.4254754733896915,0.12845171801492425,0.1355561459735547
0.2765410365766443,0.17862779179815533,0.31976428812132207,0.22506688350387816
0.34786699941189103,0.21264020238221662,0.261217582340475,0.1782752158654174
0.343478043371042,0.2575518580120734,0.2073916224258568,0.1915784761910278
0.21388587430988623,0.16800229769279024,0.2438848402218659,0.3742269877754576
0.30345580617517326,0.22734507255858624,0.2275227502161253,0.2416763710501152
0.20614234057675604,0.23400930328461075,0.15853027638350134,0.40131807975513184
0.1394641755113267,0.14030051686001874,0.18519396539403707,0.5350413422346175
0.2059192727308057,0.25274982910836147,0.15393778833899038,0.3873931098218425
0.27701645390616436,0.28732225967950314,0.1821211964653245,0.25354008994900806
0.11850840524705974,0.1400558826184617,0.16878844928495246,0.5726472628495262
0.272005148659131,0.2668327797991492,0.18820666102471992,0.2729554105169998
0.33029976991104204,0.3756096410232906,0.14570274891341006,0.14838784015225734
0.32997096956439886,0.2228640057641215,0.2719906023100747,0.17517442236140499
0.3643087509360199,0.2368500168431832,0.2431285719384405,0.15571266028235647
0.37502495365691924,0.2667498622898054,0.21816805697248437,0.14005712708079107
0.20479924454137483,0.14597953425707702,0.2584624950813237,0.39075872612022433
0.1829334799652072,0.14440517471161313,0.21373865921537574,0.45892268610780385
0.16427128384691433,0.21884940577695458,0.12722967532726473,0.4896496350488664
0.15434839408915121,0.19609799792743507,0.15309053050409335,0.4964630774793202
0.25695409703526284,0.2898927856694181,0.1720101339222252,0.28114298337309385
0.30925646093319886,0.2609269713196947,0.21607309528471938,0.21374347246238692
0.22629324931431416,0.19931271625227612,0.2107300538126955,0.36366398062071426
0.3239836556249681,0.2981788415764892,0.1852403012131013,0.19259720158544139
0.3547926230581435,0.35591694547065783,0.16515281289488204,0.12413761857631662
0.35967827053313317,0.19653051872130212,0.309246416434246,0.13454479431131874
0.24681656236156135,0.15639159349387952,0.2650116311706064,0.33178021297395277
