0.31680043614921505,0.2176069543776501,0.22780749386788784,0.23778511560524698
0.31680049730834114,0.2176071266828706,0.22780766486276646,0.23778471114602176
0.31680054581099376,0.21760717846165198,0.22780767238838548,0.23778460333896884
0.3168005609633669,0.21760719889013033,0.2278076834744015,0.23778455667210124
0.3168005497843108,0.21760719975187828,0.22780769186886154,0.23778455859494937
0.3168005522890614,0.2176072008943729,0.22780768782403105,0.2377845589925346
0.31680056683297986,0.2176072047328542,0.22780768464097007,0.2377845437931959
0.31680056845108984,0.21760720879448867,0.22780768791473752,0.23778453483968387
0.3168005699161306,0.2176072101097881,0.22780768807821722,0.23778453189586404
0.31680057006651835,0.2176072106382949,0.2278076884758548,0.23778453081933199
0.316799519254734,0.2176067767584882,0.22780802006520456,0.23778568392157332
0.3168004011620846,0.21760689569544794,0.22780744548060486,0.23778525766186248
0.3168004807662787,0.21760710616692094,0.22780765868357217,0.23778475438322813
0.3168005405110893,0.21760717103719815,0.22780766854957762,0.23778461990213484
0.3168005589087575,0.21760719620834976,0.2278076823686754,0.23778456251421745
0.3168005663563468,0.21760720551658863,0.22780768604074114,0.23778454208632338
0.3168005137840343,0.21760718994274295,0.22780770433123523,0.2377845919419875
0.3168005616347399,0.21760719414698407,0.22780767570689156,0.23778456851138444
0.3168005657853963,0.21760720547575016,0.22780768695466866,0.23778454178418504
0.31680056782733496,0.21760720851227683,0.2278076878245346,0.23778453583585354
0.3168004664484747,0.21760717247207828,0.2278077195201287,0.2377846415593183
0.3168005453587584,0.21760717758231926,0.22780766748783982,0.23778460957108258
0.31679506987221456,0.21760480762242398,0.22780944004206166,0.23779068246329996
0.3167996623861797,0.21760554597516454,0.22780640863528537,0.23778838300337046
0.3168000945618347,0.21760665378202415,0.22780752822021072,0.23778572343593035
0.31680041049234337,0.2176069986601827,0.2278075827424614,0.23778500810501266
0.3168005089243751,0.21760713240091098,0.22780765553935692,0.237784703135357
0.3168005478213395,0.21760718175978405,0.22780767543520813,0.23778459498366838
0.31680042767727806,0.21760714478813473,0.22780772612054923,0.23778470141403799
0.31680054588454787,0.2176071666922903,0.22780765566182884,0.237784631761333
0.31680055796328793,0.21760719615523919,0.2278076840787342,0.23778456180273858
0.31680056488429736,0.2176072048775289,0.22780768617892014,0.23778454405925362
0.3168005683686198,0.21760720839255976,0.22780768744568955,0.2377845357931308
0.31680056992145245,0.21760721003262068,0.22780768804340085,0.23778453200252606
0.316800528953503,0.2176071938517868,0.2278077013997659,0.23778457579494414
0.31680056396975875,0.21760719854768001,0.22780767890939857,0.23778455857316266
0.31680056714071836,0.2176072069248403,0.22780768735089618,0.23778453858354523
0.31680056952229946,0.21760720950553938,0.22780768774560814,0.2377845332265531
0.316800570258492,0.217607210509647,0.22780768829499531,0.23778453093686577
0.31680057054059746,0.2176072108771282,0.2278076884464307,0.23778453013584372
0.3168005699415491,0.21760721074735195,0.22780768872382307,0.23778453058727597
0.3168005705714505,0.21760721085831045,0.22780768836806448,0.2377845302021746
0.3168005706119434,0.21760721101509822,0.22780768852357358,0.23778452984938467
0.31680057069522916,0.21760721105782818,0.22780768851810865,0.23778452972883396
0.3168005705327151,0.21760721101978314,0.22780768859102632,0.2377845298564754
0.3168005674881695,0.21760720996175884,0.2278076894611658,0.2377845330889058
0.31678266401399496,0.21759930613655315,0.22781343675664106,0.23780459309281085
0.31679760301354326,0.2176017841869005,0.22780351424167897,0.2377970985578774
0.3167990183981397,0.21760539256075043,0.22780716473585336,0.23778842430525668
0.3168000481315498,0.21760651827039248,0.2278073435862289,0.23778609001182868
0.31680036935256894,0.21760695448565356,0.22780758084837605,0.23778509531340145
0.3168004966201231,0.21760711550038597,0.22780764569668505,0.23778474218280582
0.31680049037874725,0.21760715698241437,0.22780768893250472,0.23778466370633375
0.3168005523747983,0.21760718240555613,0.22780767075877897,0.23778459446086664
0.3168005624920031,0.2176072010955946,0.2278076849613545,0.23778455145104788
0.3168005677423496,0.2176072072889495,0.22780768678156968,0.2377845381871312
0.3168005556066954,0.21760720393051253,0.2278076923286224,0.23778454813416958
0.31680056802221634,0.21760720636300174,0.2278076850828504,0.23778454053193152
0.31680052412898785,0.2176071912300341,0.2278077022380003,0.23778458240297767
0.3168005630356346,0.21760719696819655,0.22780767781244118,0.23778456218372776
0.3168005666977576,0.21760720638748904,0.2278076871741162,0.23778453974063712
0.3168005693702865,0.21760720930381816,0.22780768764766499,0.2377845336782302
0.31680057016249513,0.21760721042215184,0.22780768827483078,0.2377845311405222
0.3168005697142893,0.21760721069828928,0.22780768864008674,0.23778453094733468
0.3168004119750624,0.21760714711518936,0.22780773798903917,0.23778470292070922
0.31680054535876156,0.21760716363395805,0.22780765197446382,0.2377846390328165
0.3168005572009616,0.21760719535190384,0.22780768407646676,0.23778456337066778
0.316800566162909,0.21760720507281628,0.22780768554414182,0.23778454322013276
0.31680056471677187,0.21760720716512344,0.22780768893256603,0.23778453918553866
0.3168005693971909,0.21760720899848265,0.2278076871905005,0.23778453441382585
0.31680015767670533,0.2176070416573492,0.22780781808315875,0.2377849825827867
0.316800504290446,0.2176070872962859,0.22780759317021243,0.23778481524305575
0.31680053544443826,0.2176071699500416,0.2278076768382214,0.2377846177672988
0.31680055846419336,0.21760719523446226,0.2278076808279056,0.23778456547343876
0.3168005553363033,0.2176072014990052,0.22780768924636477,0.23778455391832676
0.3168005645779151,0.21760720545099776,0.2278076858447705,0.23778454412631658
0.31679107655656563,0.21760313568436115,0.22781071214318496,0.23779507561588806
0.3167990156001607,0.21760434635424347,0.22780548330083675,0.237791154744759
0.31679975205286975,0.21760625406107886,0.22780741440116853,0.23778657948488285
0.3168002861995107,0.2176068426236528,0.22780750946152037,0.23778536171531625
0.3168004589796748,0.21760707169543167,0.2278076309895602,0.23778483833533318
0.3168005302333041,0.2176071585950311,0.22780766476831016,0.2377846464033547
0.31679966733701576,0.21760681826378106,0.2278079615213041,0.2377855528778992
0.31680042087810933,0.21760693672438558,0.2278074795519676,0.2377851628455376
0.31680049236439956,0.21760711936677318,0.22780766195174415,0.23778472631708325
0.3168005442902746,0.21760717610658314,0.22780767115988979,0.23778460844325242
0.31680055996158685,0.21760719798455977,0.22780768325945072,0.2377845587944026
0.3168005668929538,0.2176072061035625,0.2278076862496161,0.2377845407538675
0.3168004392995964,0.21760715356521027,0.22780772913545957,0.23778467799973377
0.31680054891255627,0.21760717120666392,0.2278076580524459,0.23778462182833401
0.3168005586621957,0.21760719766543032,0.22780768484946945,0.23778455882290453
0.3168005655357342,0.217607205374774,0.22780768625854103,0.23778454283095077
0.3168005687579676,0.21760720872093633,0.2278076875179893,0.23778453500310684
0.3168005673880243,0.21760720945495038,0.22780768888901262,0.23778453426801277
0.31674326161377037,0.2175825106149513,0.22782597129843365,0.23784825647284477
0.3167911673839641,0.2175899084577529,0.2277943689207276,0.23782455523755525
0.3167956270321338,0.21760142817052605,0.22780603014178924,0.23779691465555094
0.3167989085343786,0.2176050064767045,0.2278065896781513,0.23778949531076576
0.31679992985570987,0.21760639460765416,0.227807346107111,0.23778632942952505
0.3168003348640178,0.2176069068809022,0.22780755219438914,0.2377852060606908
0.3168004787837638,0.21760709677642012,0.22780764004209375,0.23778478439772238
0.3168005374188128,0.21760716786356013,0.22780766908128341,0.23778462563634378
0.3168005582240785,0.21760719506074203,0.22780768153621697,0.2377845651789624
0.31680056364740117,0.21760720417084192,0.22780768665915233,0.23778454552260453
0.3168005421317597,0.2176071984557767,0.22780769511158572,0.23778456430087797
0.3168005499940257,0.21760719622978317,0.22780768695384543,0.23778456682234572
0.3168004747918362,0.21760716894955087,0.2278077121123124,0.23778464414630052
0.316800554368534,0.2176071814837044,0.22780766673370142,0.23778459741406016
0.3168005622805935,0.2176072012032522,0.2278076855864552,0.2377845509296991
0.31680056787506217,0.2176072073235,0.2278076866728888,0.237784538128549
0.3168005696007803,0.21760720969676395,0.2278076879612806,0.23778453274117525
0.31680057010693174,0.2176072105425585,0.22780768835791623,0.23778453099259358
0.3168005704888531,0.2176072108304336,0.22780768842864485,0.23778453025206842
0.31680057064515776,0.21760721099423488,0.22780768849204525,0.23778452986856222
0.3168005706247121,0.21760721104912104,0.2278076885440568,0.2377845297821101
0.3168005672220173,0.21760720976616607,0.2278076895919407,0.23778453341987577
0.31680057010814844,0.2176072100377939,0.2278076877624646,0.23778453209159303
0.3168005703155137,0.2176072107044312,0.22780768846086877,0.23778453051918638
0.3168005494325022,0.21760720337873737,0.22780769489491956,0.23778455229384088
0.31680056745407065,0.21760720482062795,0.2278076837034168,0.23778454402188462
0.31680056894715997,0.21760720904093184,0.22780768796642342,0.23778453404548466
0.3168005701332299,0.21760721031270747,0.22780768814591768,0.2377845314081449
0.3168005704284776,0.21760721079463818,0.22780768843895885,0.23778453033792524
0.31680057051818783,0.21760721095592003,0.22780768850859945,0.2377845300172927
0.3168005704082336,0.21760721091778412,0.2278076885816527,0.23778453009232953
0.31680057064759887,0.21760721099606964,0.22780768847331875,0.23778452988301269
0.31680057067630846,0.21760721106231254,0.22780768853107075,0.23778452973030823
0.31680056878672364,0.21760721022507407,0.2278076891511757,0.23778453183702655
0.3168005703839328,0.21760721050562798,0.2278076880945324,0.23778453101590674
0.3168005695449129,0.21760721073741965,0.22780768874854046,0.23778453096912694
0.31679145825993094,0.2176031868165414,0.2278106147775431,0.23779474014598448
0.3167990603354613,0.21760444931834128,0.2278055641547843,0.23779092619141315
0.31679978072589565,0.21760628560352965,0.22780742196161616,0.23778651170895862
0.3168003036261746,0.21760685806009802,0.22780751334477764,0.23778532496894975
0.31680046806896617,0.217607080167386,0.22780763347061425,0.23778481829303355
0.31680053291272064,0.21760716233803085,0.22780766670766525,0.23778463804158315
0.3168004049560044,0.2176071518063666,0.22780772418645837,0.23778471905117052
0.3168005444395654,0.21760716122015,0.22780765196217545,0.2377846423781093
0.31680055657882056,0.21760719481471344,0.2278076837994034,0.2377845648070627
0.3168005280653998,0.21760719171735082,0.22780769688583993,0.2377845833314095
0.3163453270874306,0.21741186102502652,0.22795698521247243,0.23828582667507048
0.29686079881413463,0.21021521694533887,0.23346811811033882,0.2594558661301877
0.014117704927086458,0.01640452123643285,0.12184861206376284,0.8476291617727179
0.20191399890193992,0.10326405024586228,0.14241769475711905,0.5524042560950788
0.2698972652541776,0.16446983759547973,0.19982950503966587,0.36580339211067686
0.2988321711008732,0.1956452293475154,0.21715017313312743,0.28837242641848393
0.3100311118291774,0.20906279482199672,0.22391521639389889,0.25699087695492706
0.3142695964189985,0.21437481812930628,0.22636338602653205,0.24499219942516326
0.31580950045227957,0.2163769250855274,0.22728625379806783,0.2405273206641252
0.31644143833446,0.217141320779516,0.22759728048308567,0.23881996040293826
0.31666557007974383,0.21743419090363672,0.227732159691442,0.2381680793251774
0.3167504613584732,0.21754272122136736,0.22777915836203236,0.2379276590581271
0.31678190075926166,0.21758320511461285,0.22779712241405847,0.23783777171206702
0.31679145300093564,0.21759739758745145,0.2278044293012581,0.23780672011035486
0.31679349418075425,0.21760149743315418,0.2278070349048172,0.23779797348127438
0.3167987513069342,0.21760451186927113,0.22780612199264746,0.23779061483114736
0.31679979366656885,0.2176062524595227,0.2278073263634754,0.23778662751043309
0.3168002938356561,0.2176068503241198,0.22780752087446052,0.23778533496576346
0.3168004661472229,0.21760707711663366,0.22780763067912255,0.23778482605702103
0.31680052375860207,0.2176071595977621,0.22780766864195526,0.23778464800168064
0.3168005528358172,0.21760718961808945,0.2278076792874537,0.2377845782586395
0.3168005643929271,0.21760720279810586,0.22780768478103725,0.23778454802792975
0.31680056031401044,0.217607205993604,0.2278076894887331,0.23778454420365244
0.3168005668038846,0.21760720693688726,0.22780768687243327,0.23778453938679486
0.3168005140118041,0.2176071856885109,0.22780770536416242,0.23778459493552245
0.31680056065063894,0.2176071936182023,0.22780767555403808,0.2377845701771206
0.31680051837833295,0.21760719096788528,0.22780770059325103,0.23778459006053076
0.31680056223978414,0.2176071952356156,0.22780767685515652,0.23778456566944378
0.31680056624488806,0.21760720587785176,0.2278076870066782,0.23778454087058198
0.31680056920367794,0.21760720909840864,0.2278076875540976,0.2377845341438158
0.3168005676076311,0.21760720949930012,0.2278076889902422,0.23778453390282667
0.31680055480793007,0.21760720549245754,0.2278076923365998,0.23778454736301244
0.31680055711103505,0.21760720276437662,0.22780768831794654,0.2377845518066417
0.31680056763202774,0.2176072063284526,0.2278076856184335,0.2377845404210862
0.3168005693307678,0.21760720942993098,0.22780768794128897,0.2377845332980123
0.31680057013281665,0.21760721041979975,0.22780768827376502,0.23778453117361845
0.3168005533445085,0.21760720367413972,0.22780769384764027,0.23778454913371155
0.31680039015087286,0.21760715203625935,0.22780773672789892,0.23778472108496873
0.31679816422232937,0.21760629079053784,0.2278083763462423,0.2377871686408904
0.31680019062310344,0.21760649289593403,0.2278071414834617,0.23778617499750085
0.3168003670682821,0.2176069743105334,0.22780762116253636,0.23778503745864815
0.31680049557904927,0.21760711778189973,0.22780764545740612,0.23778474118164497
0.3168005380911266,0.21760717396756285,0.22780767442199826,0.23778461351931235
0.31680054235419847,0.21760719392627573,0.22780768613904195,0.237784577580484
0.3168005521303068,0.21760719746615315,0.2278076861287829,0.23778456427475722
0.3168005661335499,0.21760720412692336,0.22780768455138967,0.23778454518813708
0.3168005603144111,0.2176072067935952,0.22780768996026932,0.23778454293172432
0.3168005624811211,0.21760720532432373,0.2278076882758783,0.23778454391867704
0.3167992409442802,0.21760665248991376,0.2278081071098543,0.23778599945595166
0.31680035315588284,0.21760681077765492,0.22780738109124868,0.23778545497521364
0.31679954020711265,0.2176067581389115,0.22780792756989757,0.23778577408407822
0.31680039401096466,0.21760689180925508,0.22780745533965355,0.23778525884012677
0.3168004799969736,0.21760710450572893,0.22780765640153525,0.23778475909576222
0.31680053630349236,0.21760716923294468,0.2278076695896229,0.23778462487393998
0.31680053963898464,0.21760718957637254,0.22780768681077865,0.23778458397386412
0.31680056222042136,0.21760719968426268,0.22780768206571816,0.23778455602959772
0.3168005589603428,0.21760720414593807,0.2278076893447785,0.23778454754894066
0.31680056745628277,0.21760720701236716,0.22780768613367416,0.23778453939767594
0.316800563168771,0.2176072087412553,0.22780768953054784,0.23778453855942586
0.3168005428469626,0.2176071981861171,0.22780769528455905,0.23778456368236126
0.31680047115239723,0.2176071647672226,0.22780771176209047,0.23778465231828966
0.31680054930890233,0.21760717918689612,0.22780766692587243,0.2377846045783291
0.31679726571792605,0.21760590825360998,0.22780871076194997,0.23778811526651403
0.3168000472917907,0.21760622597811968,0.22780692931454274,0.2377867974155468
0.31680029054195435,0.2176068850460527,0.2278075964058327,0.2377852280061604
0.316800474712683,0.21760708568897605,0.22780762689834116,0.2377848126999999
0.31680053071534203,0.21760716362296034,0.22780766967256902,0.2377846359891286
0.31680055615802405,0.21760719269545395,0.2278076801799664,0.23778457096655567
0.3168005116198483,0.21760718458419198,0.22780770193053412,0.2377846018654255
0.3168005603153076,0.2176071927080087,0.22780767519729492,0.23778457177938878
0.3168005533914072,0.21760720420494667,0.22780768960765668,0.2377845527959893
0.3168001722659895,0.21760703499112583,0.22780781105512374,0.23778498168776102
0.3168004400209261,0.21760706730054186,0.22780761554844153,0.2377848771300905
0.31680000537099634,0.21760699939756903,0.2278078141412036,0.23778518109023106
0.31663305326837754,0.21753221913400295,0.22786148472707166,0.237973242870548
0.31677261949003666,0.21755631118873073,0.22776857595514582,0.23790249336608665
0.31678600005305246,0.21759012578187217,0.22780275038538528,0.23782112377969006
0.31679564761284185,0.2176006989909686,0.2278044555452785,0.2377991978509111
0.31679867744863827,0.21760479683503037,0.22780667349037612,0.2377898522259553
0.31679987367322987,0.21760631189906693,0.227807285786502,0.2377865286412012
0.3168001900692076,0.21760682927430725,0.22780757934993817,0.23778540130654682
0.3168004549340912,0.2176070507528729,0.2278076059080208,0.2377848884050151
0.31680029046701286,0.21760712021707382,0.22780772601956495,0.23778486329634854
0.31680033144464065,0.21760705320612334,0.2278076889096039,0.23778492643963225
0.3168004312775798,0.2176070953519289,0.2278076618236681,0.23778481154682324
0.3168005272763783,0.21760715503503186,0.22780766025124127,0.2377846574373485
0.31651678874890976,0.21747783063688156,0.22789953324363021,0.23810584737057847
0.3167528513109262,0.2175207440155294,0.22774124539079346,0.2379851592827511
0.3167757910507574,0.21757812226451967,0.227799254857185,0.2378468318275378
0.31679221273540853,0.21759613820006138,0.2278021840689649,0.2378094649955651
0.31679735244900414,0.2176031089818663,0.2278059655329468,0.2377935730361829
0.3167993864911787,0.21760568301069316,0.22780700378539492,0.2377879267127332
0.3167999494292621,0.2176065733895462,0.22780749489637148,0.23778598228482015
0.3168003592673617,0.21760694327970254,0.22780755909369035,0.23778513835924522
0.3168003152164618,0.21760706600788637,0.2278076948649089,0.23778492391074285
0.3167999697955273,0.21760691097327164,0.22780780313624677,0.23778531609495418
0.3168004400726269,0.21760701065379198,0.2278075586614827,0.23778499061209846
0.3168005000424958,0.21760713619397926,0.22780766719416956,0.23778469656935533
0.31679970372854827,0.21760690399072719,0.22780792539793737,0.23778546688278712
