0.2626046675289396,0.24333565662117929,0.2579228578733838,0.23613681797649744
0.26237252493550134,0.24275155166671672,0.25811281594184676,0.23676310745593504
0.26178869758449286,0.24284331044853363,0.2583265310872701,0.23704146087970338
0.2616591580301719,0.24291003253582827,0.2579943687626198,0.23743644067138006
0.26284747315121604,0.24257755600156047,0.2575803107728853,0.2369946600743382
0.2624027637756463,0.24219560556667966,0.2582382544687808,0.23716337618889327
0.26094433799501404,0.24373067110750538,0.2589948497092499,0.23633014118823084
0.2624218471823163,0.24357276383350343,0.2582004074024237,0.23580498158175647
0.2615648286688032,0.24285768062423674,0.2582134983909496,0.23736399231601038
0.26227335302020804,0.24319013622178684,0.2575602537049441,0.23697625705306097
0.26385094705895606,0.24173721345633803,0.2576157972305446,0.23679604225416115
0.2606592179538543,0.24348683088453854,0.2594199260669812,0.23643402509462585
0.261800883986486,0.244344881139659,0.25867929564014774,0.23517493923370722
0.2623623087177137,0.24396579125058002,0.2584058156607201,0.23526608437098628
0.2621649688838528,0.24318557985155495,0.25821425581156265,0.23643519545302955
0.261986971765563,0.24342875987458903,0.25798808248072647,0.2365961858791214
0.2635271263533967,0.24218633123739666,0.2575551766960513,0.23673136571315537
0.2612940892330735,0.24282457181887146,0.2587502800972132,0.2371310588508418
0.26154019910381787,0.2430497665836285,0.25810570400506083,0.2373043303074928
0.2622820999795489,0.24242829129052754,0.25733905059270806,0.23795055813721566
0.26268512156669227,0.2406238327921631,0.25695011265873025,0.23974093298241433
0.2617803966030504,0.24193974426312254,0.2576748647351365,0.2386049943986904
0.2630589750864941,0.241409868111864,0.25790940073770297,0.23762175606393898
0.2599500969989747,0.2438641924566198,0.2596509007558465,0.236534809788559
0.2622740125360543,0.24423167304151833,0.258413291219601,0.23508102320282634
0.26205019743556396,0.24377041087963108,0.2585379036512397,0.23564148803356535
0.2618371321072015,0.24332089021755698,0.25819532426490494,0.23664665341033655
0.26260710799286313,0.24327353354695744,0.25766665413315354,0.23645270432702584
0.26353372996499086,0.24202169845208515,0.2578298094701631,0.23661476211276095
0.2605695941280594,0.24347592444609759,0.25925343454639893,0.23670104687944402
0.26202420103835417,0.24387856266220212,0.25815744275198355,0.2359397935474601
0.263276591033361,0.2434541711323084,0.25811395604369514,0.2351552817906354
0.26202762650302924,0.24291301813286412,0.25871086600704724,0.23634848935705932
0.2605915140594019,0.24519601618438824,0.25928982536401174,0.23492264439219818
0.26468345205677635,0.24320459758091462,0.2576185021124143,0.2344934482498947
0.2612596615573242,0.24408848257106897,0.25943466982075747,0.23521718605084938
0.2625963947769277,0.24471188312846984,0.2587453679934051,0.23394635410119735
0.2625475674477264,0.24442057396617242,0.25873967515175433,0.23429218343434677
0.26236408773548503,0.2442385938512666,0.25863247072038803,0.23476484769286038
0.2626189640178599,0.24412057810169047,0.25837208847596693,0.2348883694044829
0.263103041791069,0.2433283656683355,0.25816818269104513,0.2354004098495503
0.2621363476734986,0.2439160573323465,0.25876871594606526,0.23517887904808948
0.2626003107269746,0.24376368333383142,0.25851875341226244,0.23511725252693141
0.26152434273126085,0.24407159937647752,0.25876046208025494,0.2356435958120068
0.26220762707482925,0.24278107943780797,0.2575002859416356,0.23751100754572713
0.2630748518883513,0.24275478543238943,0.25708462956563366,0.2370857331136257
0.2643146075138823,0.2413886029492233,0.25791427761889907,0.23638251191799542
0.2596803291167072,0.2446585745954684,0.260363405891165,0.23529769039665943
0.2620931878060596,0.24555435417520788,0.2589782500451635,0.23337420797356903
0.2625085749376382,0.24481481998287422,0.2586650194498415,0.23401158562964605
0.2625846787637355,0.2437077892076786,0.2581670427422621,0.23554048928632376
0.26250413088357644,0.2435215015623325,0.2578240276326974,0.2361503399213937
0.26391852178371045,0.24219456415433274,0.2575908579975257,0.2362960560644311
0.26133298603669075,0.24318293209791952,0.2590309315829994,0.23645315028239028
0.2614974717192106,0.2438117838629434,0.25856475784839283,0.2361259865694533
0.26241933801432477,0.24372355323756262,0.25803184805267615,0.23582526069543638
0.2629062191668936,0.2422806451768655,0.257864863271325,0.23694827238491598
0.26128209308381706,0.24379923134134754,0.258784242153577,0.2361344334212584
0.2638307995486784,0.24326266989008022,0.25813868959130265,0.2347678409699387
0.2613714735793257,0.24439169672138758,0.25953723536509476,0.23469959433419196
0.26174079757194185,0.24535061016366347,0.2592074780939403,0.23370111417045444
0.2624168993690888,0.2447126908608374,0.2584934297352753,0.23437698003479862
0.2626989748997009,0.2432978742161871,0.257716255013114,0.236286895870998
0.26319969280673844,0.24285510066852878,0.25745552775143027,0.23648967877330257
0.2635265580782197,0.24201716380619862,0.25803222541022286,0.23642405270535885
0.2606244638034302,0.24403835354603373,0.2595598205813818,0.2357773620691543
0.2618740010327277,0.2443927083554896,0.2585837189806226,0.2351495716311601
0.26253352466142454,0.24415004711288602,0.25829196563799356,0.23502446258769571
0.26279314172007345,0.24254257787012584,0.25796088171994436,0.23670339868985626
0.26144712330629827,0.24427785170546484,0.258704878271246,0.2355701467169909
0.26475300978660615,0.24268124261406457,0.25787721915065087,0.23468852844867852
0.25994745655671686,0.2444992869775294,0.26007454322993334,0.23547871323582037
0.26172119890909024,0.24506952247096334,0.2584408795117892,0.23476839910815722
0.26340376529407405,0.2430135675088708,0.25716392233664076,0.2364187448604144
0.26272808312876145,0.2409775648094519,0.257116213841497,0.2391781382202897
0.26218358400424224,0.2422486667276153,0.2574866472545217,0.23808110201362068
0.2634607538742281,0.24110293981190706,0.25781072562692764,0.23762558068693715
0.25925242914441177,0.2436797730164054,0.2597899942540414,0.23727780358514153
0.2623323885622123,0.24364129501500764,0.2575801621944638,0.2364461542283163
0.263019062879745,0.24247167406199369,0.25768008762995614,0.23682917542830512
0.26171329817884414,0.24196196063951544,0.25824800799404835,0.23807673318759223
0.26136541956999676,0.2439179385508601,0.25841727762167355,0.23629936425746964
0.26403372248365536,0.24223337433286474,0.2578098015570749,0.23592310162640506
0.25996160239672395,0.24433866626657286,0.25987579158998486,0.23582393974671834
0.2624606420030423,0.24439127429395402,0.258245028206018,0.2349030554969857
0.262658346890036,0.24377225461677332,0.2582518205620082,0.23531757793118255
0.26252393861052875,0.24279495082416563,0.25815553005944936,0.23652558050585631
0.26151062520218604,0.2439714316052403,0.25853352053626116,0.23598442265631256
0.26367095633375653,0.24239101289131895,0.25766376338121344,0.2362742673937112
0.26069196255482324,0.24345756909003177,0.2590239666400672,0.23682650171507774
0.26279689946889934,0.24329757721720038,0.2577727505525047,0.23613277276139566
0.26230328693131544,0.24262436935281534,0.25814212096548095,0.23693022275038833
0.26123134566536343,0.2421338916317923,0.25795051148588294,0.2386842512169613
0.26260953337746273,0.2430286968904417,0.2570920520328315,0.23726971769926408
0.2642402260234121,0.2407742920395981,0.25766482144797814,0.23732066048901163
0.2588665868985121,0.24449010203669527,0.26044914254812657,0.23619416851666605
0.26290363106985803,0.24453365761931287,0.2581587909769542,0.23440392033387486
0.26216074371035863,0.24379380164728112,0.25856712617416955,0.23547832846819075
0.26219504547912276,0.24358088230958908,0.25830621886857236,0.2359178533427159
0.2624786684165719,0.24348773964577164,0.25808312043449594,0.23595047150316054
0.2634050027400896,0.24318548811219848,0.2582286659342378,0.2351808432134741
0.261510401560618,0.24357501376836832,0.259095034162572,0.23581955050844172
0.2606708461357216,0.24468955014977672,0.2588778727123469,0.2357617310021546
0.26353698573413015,0.24281736172327614,0.2568324525074157,0.23681320003517797
0.2628329612803187,0.2410820790018921,0.25723600809140706,0.23884895162638198
0.26242771445165286,0.24277133696154277,0.2582263077441616,0.23657464084264282
0.2628014486576524,0.24257005026333942,0.2586301143628565,0.23599838671615167
0.2596533112315058,0.24570161131569881,0.2603249453070573,0.23432013214573802
0.2634327665737695,0.2449264705353164,0.2583259555671304,0.23331480732378349
0.26188609850906625,0.24445448117143406,0.25886735137103284,0.23479206894846688
0.2631231760761422,0.2440056993379051,0.2580580507563695,0.23481307382958314
0.2634094491189679,0.24343312935420977,0.25825955672049167,0.2348978648063307
0.2621844543770271,0.24364563783503007,0.25887761809476295,0.2352922896931799
0.26112208123769476,0.2445184321645356,0.2589585979979521,0.23540088859981761
0.2631710029527074,0.24376918909199244,0.25768269022739326,0.23537711772790693
0.263305649488111,0.24263112068698142,0.2580049691954128,0.23605826062949473
0.2612390711522665,0.2431860275099822,0.25881257151238896,0.23676232982536224
0.2623360751126419,0.2442956683272784,0.2583471505292887,0.23502110603079082
0.2640052195261451,0.24300255571152687,0.2582141646159896,0.2347780601463385
0.26072943358878525,0.24502202608986223,0.2599477708685583,0.23430076945279402
0.26246144930723075,0.2452835874425353,0.2588497802673551,0.23340518298287893
0.2623693515201688,0.24471589336260327,0.2585952218729807,0.23431953324424729
0.2634335600130122,0.2436446141840302,0.2579218976856687,0.2349999281172889
0.26283635260081134,0.24330690082307363,0.25831912372316074,0.23553762285295443
0.26239095196408263,0.24354835237675054,0.2585878340188619,0.2354728616403051
0.2618225061702782,0.24386579129907834,0.25867378738649516,0.23563791514414825
0.2625128849589951,0.243980630995791,0.2583259373978728,0.23518054664734095
0.26280375709737985,0.24313234922046725,0.25823706932834406,0.2358268243538088
0.2609432277024191,0.24315108646239295,0.2584811599783703,0.23742452585681775
0.2635210147394815,0.2439358771006125,0.2575126380191153,0.23503047014079073
0.26502223584096696,0.2419153494223383,0.2581403858003717,0.23492202893632297
0.25824772249181804,0.24568192526893146,0.2611878072326353,0.23488254500661526
0.2625680139659953,0.24653761533153584,0.2585238309477924,0.23237053975467642
0.2652138792220716,0.2432933859888827,0.2575823092557457,0.23391042553329996
0.2611583970657052,0.24350233030293292,0.2591499010315415,0.2361893715998204
0.26230430361982027,0.2444640699481451,0.2579961895200136,0.23523543691202106
0.2644343698276391,0.24204033554815774,0.2574212729777991,0.236104021646404
0.2604639085583756,0.24305553287851922,0.2591470865029401,0.23733347206016517
0.26174913630039065,0.24222947921122714,0.25697700483410457,0.23904437965427763
0.2633464011296476,0.23798278927018118,0.25379001081740055,0.24488079878277091
0.26581869268764774,0.23097035144114342,0.24995518070651257,0.25325577516469633
0.26509707216089146,0.23061601606060392,0.25132054479311106,0.25296636698539365
0.2624760076543118,0.23435406743565398,0.2570509923392412,0.24611893257079295
0.258019131921131,0.23933508865870035,0.2595877059764548,0.24305807344371377
0.25975643019812594,0.24189373823324264,0.2572861458566534,0.2410636857119781
0.26361321853409314,0.23944208488490354,0.25558218900562263,0.24136250757538064
0.26154692113102257,0.238490701108201,0.2571302533072936,0.24283212445348287
0.26127800920051325,0.24122673413873677,0.2574001185783653,0.24009513808238478
0.26258324264750715,0.24007125317106845,0.2575536495756438,0.23979185460578056
0.25921797302296185,0.2426754321713499,0.2590845203321314,0.23902207447355703
0.2629986717785148,0.2419051512677734,0.25678460716360757,0.23831156979010418
0.2617920976601541,0.24067344087906228,0.25756109457810694,0.23997336688267662
0.2613392279836983,0.24085230902115165,0.25706845357898406,0.24074000941616608
0.2630804931444806,0.24101300508480536,0.2567162175779543,0.23919028419275962
0.26221997853313417,0.24083823490417275,0.25825446605896957,0.23868732050372346
0.25958033666162833,0.24398754409737586,0.25966044368597974,0.2367716755550161
0.2626855816240224,0.2440304101504152,0.2581801727812479,0.23510383544431457
0.26177230108249117,0.24332352024530085,0.2586029979356095,0.23630118073659861
0.26138633392222316,0.243868812246103,0.25835101703832003,0.2363938367933537
0.26382504533485107,0.24305038403299112,0.25755207007176756,0.23557250056039034
0.26214108325223584,0.24226446138711163,0.2585425851382343,0.2370518702224183
0.2601727733885282,0.2443790011711775,0.2590881080507041,0.23636011738959012
0.26364662951913886,0.24246106820596044,0.25694498095944274,0.23694732131545793
0.2620830320715282,0.24221723707202603,0.2580118403745905,0.2376878904818551
0.26222525971550403,0.24194266474948553,0.2579135001340174,0.23791857540099295
0.26163855500511046,0.24365407948620568,0.2586193024015922,0.23608806310709157
0.263723764258565,0.24322355074337582,0.2584247204064923,0.23462796459156682
0.2602954852094538,0.24501524928124258,0.26003601642734614,0.2346532490819575
0.26151975010647843,0.24567001345441872,0.258911348263822,0.23389888817528076
0.26330358863124353,0.24367611754613952,0.2574170218481183,0.2356032719744986
0.2632209476525894,0.24206207848428737,0.2572718945974975,0.23744507926562564
0.26264012424412186,0.2420027225036654,0.25777660690147003,0.23758054635074283
0.26215909432199624,0.24250332921341788,0.25835039028861445,0.23698718617597145
0.26148468253045226,0.24356269633465358,0.2588339682525923,0.23611865288230194
0.2617066624142925,0.2436765353042662,0.2585352989813209,0.23608150330012043
0.2616422849942607,0.24325596829829632,0.25801596483803013,0.23708578186941287
0.2626038300723078,0.241532181025077,0.2566886593532374,0.23917532954937779
0.26337236922217205,0.24191364216321928,0.25718231014143333,0.23753167847317536
0.2635981660290914,0.24199166642629658,0.25859795240490574,0.2358122151397063
0.25877162691045197,0.24512645255146104,0.26066512821412763,0.23543679232395934
0.260855531653658,0.24625988135929058,0.2587368662453907,0.23414772074166076
0.26466575126383507,0.2425582055313498,0.25637980932906385,0.23639623387575115
0.26263962832623994,0.2412654509654033,0.25748144990090865,0.23861347080744819
0.2625800390534535,0.24230864609380637,0.2579671591766636,0.23714415567607652
0.261879750346149,0.24216357867194294,0.2584786152936219,0.23747805568828625
0.2601435931829122,0.24401198869291812,0.2589737325692517,0.23687068555491794
0.26312409622504523,0.24208176678930335,0.2568509986724199,0.23794313831323147
0.2620994218182673,0.241713508363903,0.2574339448538569,0.23875312496397277
0.2626461036982514,0.24048967516235564,0.2572030830032744,0.2396611381361186
0.26122725671020813,0.24287061497758297,0.25843107914156327,0.23747104917064557
0.26340586955166323,0.24229130822299572,0.2582107448649412,0.23609207736039986
0.2592603370074517,0.24454893731552887,0.26011505834611215,0.23607566733090712
0.26193371718771796,0.24454369980184026,0.2578893987828669,0.23563318422757484
0.2635291658661328,0.24236522762817178,0.2569951404132795,0.23711046609241596
0.2626259377860229,0.2415029284537147,0.25771862148634683,0.23815251227391565
0.2614836642937698,0.24246965364571238,0.2582777605287292,0.23776892153178866
0.26204698102203067,0.24228938144215018,0.2578620754259528,0.23780156210986633
0.2615874715378387,0.24232780981862603,0.2579054755271566,0.2381792431163787
0.2622870733755925,0.24172395805769967,0.25737262173896086,0.23861634682774696
0.26204522838419875,0.2416872143987948,0.2576295799463559,0.23863797727065056
0.2618100881864733,0.2410061663567432,0.257546687884079,0.23963705757270454
0.2616944315771775,0.24269609309259155,0.25786729057563296,0.23774218475459816
0.26363887992067986,0.24199386709281553,0.258095891048092,0.23627136193841275
0.2594890002715288,0.24425376900481338,0.2600796530583796,0.23617757766527817
0.2613537370253948,0.2450417108313008,0.25844975853351915,0.23515479360978528
0.26361628799494435,0.24292655302869087,0.2572015828191361,0.23625557615722861
0.2624491679972225,0.2418037988080763,0.25782309875588044,0.2379239344388207
0.26172640241730977,0.24275852507777115,0.25809288596895197,0.2374221865359672
0.26259163819818726,0.24182797662883335,0.25767020405997904,0.2379101811130003
0.2609080299232937,0.2422429608822493,0.25810814429045953,0.2387408649039974
0.2626744366058495,0.2414641436786821,0.2567464164526294,0.23911500326283902
0.2623695469186666,0.24023070593080093,0.25703768761329265,0.2403620595372399
0.26144872834159644,0.23971280635437514,0.25686392708691674,0.24197453821711157
0.26261810969864063,0.24115307563128688,0.2566868171877565,0.23954199748231608
0.26326468157147614,0.24093884880673327,0.25825571789326607,0.2375407517285245
0.25851009951796233,0.24430597582013147,0.2605028906157129,0.23668103404619337
0.2614396421586336,0.24558593915242677,0.25849029532294077,0.23448412336599897
0.26418246920585375,0.242901688650731,0.25748427894206577,0.2354315632013495
0.26113740685494224,0.24291172172263706,0.2587647687467303,0.23718610267569049
0.2622810218319026,0.24369910587840604,0.2578406491907818,0.2361792230989095
0.2632195477632762,0.24138011481725782,0.25743455865793957,0.23796577876152628
0.2603595020670317,0.2424578522628704,0.2582589318701759,0.23892371379992197
0.26355781434866293,0.2408407460528503,0.25607239443061086,0.2395290451678758
0.26221485467502104,0.24037284535036116,0.2573950255759477,0.24001727439867007
0.26131412853872243,0.240113039281822,0.25749078928043484,0.24108204289902063
0.2614643005800309,0.24203846927167302,0.25725088976221067,0.2392463403860854
0.26384907432751303,0.2408829443507509,0.2576222004667231,0.2376457808550131
0.2593583208272022,0.24364760793811768,0.2600544624132785,0.2369396088214016
0.26170861340319174,0.24506280446175643,0.2587386539168917,0.2344899282181602
0.2633219690864477,0.24397156215598237,0.2583481636810695,0.2343583050765004
0.2613297220833067,0.24382511270754423,0.25900039924190477,0.23584476596724435
0.2612971420780161,0.24420742295476883,0.25799516301599623,0.23650027195121892
0.2642366363439626,0.24102257862780585,0.2559209352858247,0.23881984974240678
0.2622955981160819,0.2398986854215783,0.2568955044373626,0.2409102120249772
0.2623466325701565,0.240376138629115,0.25700613418977364,0.24027109461095486
0.2618436024751795,0.240798192185087,0.25780729904737826,0.23955090629235523
0.26071521678731824,0.2415225675562008,0.2581543620456028,0.23960785361087822
0.2619853787556986,0.24289465134737356,0.2577137240061172,0.23740624589081058
0.26344216172168694,0.24210945736695041,0.258183927916815,0.23626445299454768
0.2598645914716311,0.24456503994031917,0.2600619504815527,0.23550841810649703
0.2612961981344064,0.2449151493734642,0.25866333918159456,0.235125313310535
0.2626353826678894,0.24366484981982345,0.2573582687716801,0.23634149874060695
0.26402664009944093,0.24150333349006115,0.25703321025186,0.23743681615863801
0.26173027232954904,0.24250986823336934,0.2586340910609373,0.23712576837614432
0.26134325154818977,0.24242091923993042,0.2583234567871779,0.2379123724247019
0.2609603360733678,0.24311148632322316,0.2575658358658344,0.2383623417375746
