0.27999225990303367,0.22562713960352523,0.2638578638262007,0.23052273666724055
0.2833913316999271,0.22386947303855737,0.26248523124200435,0.23025396401951118
0.28485379011402473,0.2237132309662291,0.26159853337988254,0.2298344455398637
0.2850229202377002,0.2239002813418547,0.2613609350000851,0.22971586342035988
0.28167877725027246,0.22507158788222123,0.26196365183367964,0.23128598303382664
0.28326252360331006,0.22413926375639942,0.2615792339974162,0.2310189786428744
0.2889954113574411,0.22244410145461782,0.26029089094279684,0.2282695962451443
0.2829042810906171,0.2250313557595017,0.26144227292527084,0.23062209022461042
0.28534695777695085,0.22383460684339473,0.26142559270913573,0.22939284267051865
0.2836745169045228,0.22449538717737677,0.26177105834209685,0.23005903757600374
0.27823847203146546,0.22613107273321562,0.26273688083449176,0.23289357440082722
0.2910067885186145,0.22138893105330495,0.26012709378267596,0.22747718664540448
0.2852331447445656,0.22431792188270447,0.26086267194371604,0.229586261429014
0.28432467111512094,0.22447640091453455,0.2616621165877986,0.229536811382546
0.2834670824802526,0.22458636163081547,0.26208728824793887,0.22985926764099318
0.2847156062227209,0.22404603440894388,0.26192819349628305,0.22931016587205225
0.27894923235965735,0.22601818547480287,0.2628585891887517,0.23217399297678806
0.2875548620297884,0.22254509607320183,0.2610703803213659,0.22882966157564372
0.2847584753362869,0.22415093413909518,0.2611865501934096,0.22990404033120856
0.2829565416028832,0.22469747490391828,0.2617318705268185,0.2306141129663801
0.28076841428402904,0.22513341618458965,0.26209642066908373,0.23200174886229766
0.285929588279351,0.22307262647571116,0.26083915602992414,0.23015862921501376
0.2801526322744991,0.2253513188784089,0.26143851995263095,0.23305752889446116
0.2935670811402686,0.22079681008295177,0.25894360262632987,0.2266925061504497
0.2835463917059693,0.2251449444762189,0.26076030308117665,0.23054836073663512
0.2854366592065711,0.22401289343021066,0.26131680711999783,0.22923364024322052
0.28432522837355784,0.22438219507520013,0.2617680858894167,0.2295244906618252
0.2828107370219507,0.2247762970363865,0.262220740817034,0.2301922251246287
0.27935751726800384,0.22566142015493215,0.26274487671362584,0.23223618586343808
0.29044519752391174,0.22168871841422327,0.2604059268766838,0.22746015718518134
0.28377174142134143,0.22479859939638672,0.2613544187536273,0.23007524042864455
0.28208806495045563,0.2250162745382055,0.2621342845796623,0.23076137593167662
0.2845590862882782,0.22386451838463228,0.2616628146736402,0.22991358065344938
0.29123482190870476,0.22207954624489679,0.26040332752062445,0.22628230432577393
0.2759180092822795,0.22793965632584987,0.26339149101419834,0.2327508433776724
0.2903592774666206,0.22175257346485122,0.2611578848011457,0.22673026426738246
0.2837061824217149,0.22487675835516294,0.26197877651372364,0.22943828270939848
0.2847266922514571,0.22427298863436115,0.2622873917654218,0.22871292734876
0.28418114990753696,0.22444570978811346,0.2625131407745214,0.22885999952982816
0.2834180561830838,0.22464628586266602,0.26274025356701997,0.22919540438723007
0.28128084286933397,0.22522417902698247,0.2630741023979476,0.23042087570573588
0.2857317884367874,0.22347865722289212,0.2620635182398242,0.22872603610049622
0.28303525186199313,0.2247196650472825,0.26228639588897745,0.229958687201747
0.2867130491335931,0.22340423590389663,0.2616922903646906,0.22819042459781952
0.2818051217563219,0.22533033649067663,0.26258365857888977,0.2302808831741117
0.2817417316413518,0.22488402510634659,0.26267508339515977,0.23069915985714184
0.27742238529051216,0.2260628328027035,0.262982840200453,0.23353194170633132
0.2966649869298596,0.21968600673245803,0.25894569907395315,0.22470330726372922
0.28528802924810454,0.22483939552045396,0.2607768569587246,0.2290957182727168
0.2850021191125945,0.2245525917835733,0.2620666741496815,0.2283786149541507
0.2821476702927609,0.22527287834087933,0.26303593446969004,0.2295435168966697
0.2830725326030633,0.22458479279386626,0.26296333591528054,0.22937933868778992
0.2779985350797343,0.22621133803290192,0.2635582239854753,0.2322319029018884
0.28807189092988883,0.22226920125804744,0.26124959584487273,0.22840931196719103
0.28549733888089107,0.2239594384214786,0.26121058087911564,0.22933264181851468
0.28369346607683266,0.224606542124207,0.26183519886087275,0.2298647929380876
0.280746434508857,0.22535528630015467,0.2624862700886342,0.23141200910235413
0.288499730701764,0.22249607436280053,0.26095346984742784,0.22805072508800747
0.2795169698351039,0.22610009396716393,0.26234498161254594,0.23203795458518633
0.29038860990279836,0.221930272141838,0.2605772604638076,0.22710385749155604
0.2871710001142629,0.2238325191689707,0.26112373552127566,0.22787274519549083
0.2839179562330974,0.2249523645324448,0.26245416869468274,0.22867551053977506
0.28130684057923294,0.22547564552512137,0.26336226654655326,0.2298552473490924
0.28093191439107884,0.22513933604620168,0.26332945807251756,0.23059929149020184
0.27974162014062304,0.22523507631744125,0.2629879471056966,0.2320353564362391
0.29123772274004256,0.22142814259955107,0.260310814225645,0.2270233204347615
0.2845536106884851,0.22463506505261757,0.2612757781197358,0.22953554613916155
0.2841909642832626,0.2245082035489553,0.26198437921793033,0.22931645294985173
0.2807553381894555,0.22547185336711473,0.2627609779628216,0.23101183048060822
0.2884464876326476,0.22260371060434378,0.26131116327837856,0.22763863848462995
0.276255470513732,0.22732936403676068,0.2632515560219933,0.23316360942751405
0.2948178524165869,0.22040158999155296,0.25996787664825216,0.224812680943608
0.2843404914073243,0.22507999832870823,0.26161276586782295,0.22896674439614448
0.27942039031832094,0.22628639638467232,0.26341089884557434,0.23088231445143242
0.28066901443752806,0.2249826575878267,0.2631244085812389,0.23122391939340625
0.28443530865980216,0.2235613720345843,0.26177778905307836,0.23022553025253528
0.27859154127881797,0.22577115580831816,0.2621980654231308,0.23343923748973291
0.29544812041724267,0.22011706211002816,0.25883466601722455,0.22560015145550463
0.2817650147387279,0.22589139160811306,0.26114731185232626,0.23119628180083293
0.28181277512041963,0.22499040996823216,0.2620083217909678,0.23118849312038045
0.2845959404555108,0.22372243120289959,0.261367093299274,0.23031453504231575
0.2877750470159639,0.22297799966171422,0.26060079223065663,0.22864616109166536
0.27754260025859284,0.22677537396424627,0.2624908253585167,0.23319120041864405
0.2943798292826209,0.22057063963604653,0.25959010272718475,0.2254594283541478
0.28224119228925143,0.2257228121660288,0.2616236303759634,0.2304123651687565
0.28380808038875227,0.22449144461938028,0.26218792693244014,0.2295125480594272
0.28204134588366686,0.22493842966378794,0.2624993114571522,0.23052091299539307
0.287269611095905,0.2230615346917361,0.26146419088300354,0.22820466332935552
0.27800568424113753,0.2265951025722348,0.2629618806254711,0.2324373325611566
0.29013011800822275,0.22181505424971865,0.26076590980886966,0.22728891793318884
0.2810314140442557,0.22569780697968564,0.26205759143465646,0.23121318754140233
0.28371126300890404,0.2241411755251521,0.26186384317089484,0.23028371829504912
0.28552966068594027,0.22362184294903978,0.2613032808831967,0.22954521548182308
0.2830851864404221,0.22463316528521088,0.26168032106449307,0.23060132720987395
0.2764195350658442,0.22661166722885712,0.2627720390111819,0.2341967586941168
0.2986908798149647,0.21910190738955276,0.2583796508262611,0.22382756196922127
0.28081129999166216,0.22650565895203967,0.26133789168122507,0.23134514937507308
0.28564317215629226,0.22384437973405052,0.2616570904158187,0.22885535769383858
0.2836572150175853,0.2245952468596743,0.2620871394296642,0.229660398693076
0.283375361862525,0.2245358246947641,0.26226696147796996,0.22982185196474095
0.2813569304018626,0.22507260517433847,0.26252688706231503,0.23104357736148406
0.2872030524692066,0.2229322644322908,0.2612607083956037,0.2286039747028989
0.28880675694104035,0.22303359131203992,0.26088513938638064,0.22727451236053908
0.2781409454761848,0.2269576794043897,0.2632093660371946,0.2316920090822309
0.2811732063452639,0.22470110579915528,0.26281473495934177,0.23131095289623899
0.2845796484288947,0.22349742549308585,0.26149154013327647,0.2304313859447429
0.28248684412362396,0.22447415779535854,0.26134371998876754,0.23169527809225007
0.29674670770324196,0.2202964008445476,0.25878552408940025,0.22417136736281024
0.28054797590275904,0.2267235258407916,0.2620378696855312,0.23069062857091824
0.2869317719129253,0.22352506493865631,0.2620674520407821,0.22747571110763634
0.28111685861035113,0.22568536761601027,0.2631854086264831,0.2300123651471555
0.2815666201085165,0.22496779637236147,0.2631942648128012,0.2302713187063207
0.28510295338158836,0.22364494414882843,0.2621733601391289,0.22907874233045425
0.28776379465324964,0.22317506923928881,0.26146204864655104,0.2275990874609106
0.2806191171424282,0.2259120605134427,0.26290361789040795,0.23056520445372114
0.28086325659213884,0.22510110553197302,0.26299875338082496,0.23103688449506327
0.28712099010328274,0.22286698882217865,0.2614380786736608,0.22857394240087783
0.2846373042830523,0.22426267030997765,0.2616128182497594,0.22948720715721074
0.2795827982200442,0.22586614823985304,0.2626778570464191,0.23187319649368365
0.2932518462275186,0.22110042360005677,0.2602043902135821,0.22544333995884244
0.2841286557215676,0.2251099091327508,0.26183170107648124,0.22892973406920025
0.28479680327159357,0.22447282027571103,0.2626076227847612,0.22812275366793414
0.2801074904959064,0.22591762327112547,0.2636643332463077,0.23031055298666042
0.28274728600296467,0.22442344731202135,0.2630741509092271,0.22975511577578675
0.28393488749419765,0.22409878348611342,0.2623724626898626,0.22959386632982623
0.28549850771453444,0.22375243180015497,0.26183806791131675,0.22891099257399383
0.2836684217521461,0.2245617636327129,0.2621425719329328,0.22962724268220824
0.28203600908898613,0.2249518650894476,0.26249817645804496,0.23051394936352126
0.2872642742841956,0.22306278591414555,0.26146548269038467,0.22820745711127413
0.2812518940106383,0.22548810738776734,0.26243336482901297,0.23082663377258147
0.2772554237825183,0.22624534292694792,0.26312626414712137,0.23337296914341252
0.3024901321794731,0.21838944662531384,0.2582348674154809,0.220885553779732
0.28337801618035835,0.22612130087513824,0.2616334673214744,0.2288672156230292
0.2759933210577151,0.22777326078464988,0.26459223593405823,0.2316411822235768
0.28817069544513846,0.2224066367246,0.2623728877594331,0.2270497800708283
0.28338907826553456,0.22481462740143926,0.26265881112838424,0.2291374832046419
0.276083586628546,0.22710031159385274,0.2640393956718784,0.23277670610572287
0.2904956257236947,0.22144383795003,0.2610104169847367,0.22705011934153868
0.2824233072154183,0.2251894702297811,0.2618660292035746,0.23052119335122603
0.279943630553,0.22553715523243317,0.26258620357320317,0.2319330106413635
0.27743509400832717,0.22572241245308092,0.26253525291741336,0.23430724062117841
0.2806456847272603,0.22374428706689176,0.26078108920586535,0.23482893899998247
0.28289728115799956,0.22276718259107636,0.2588435515641708,0.23549198468675317
0.2983070055351852,0.21858280232867144,0.2550414004164906,0.22806879171965275
0.2908857590642091,0.22272825323336043,0.25652519410202507,0.22986079360040537
0.27837936507753813,0.2268851171310156,0.2603284043229994,0.23440711346844675
0.28661717460258046,0.22259711851229178,0.2594748251777946,0.23131088170733313
0.28715997824099576,0.2229407933132878,0.25905840579946643,0.23084082264624994
0.2806014833401322,0.2252917221767655,0.2603737260696862,0.23373306841341612
0.29519995710705094,0.2203352542740849,0.2579514724199613,0.2265133161989028
0.27924570631745427,0.22670310924194195,0.2609310443042087,0.23312014013639504
0.2850151529690458,0.22348159998809133,0.2606631186781492,0.2308401283647136
0.2859369695649214,0.223413843998003,0.26025829457462035,0.23039089186245532
0.28077482462386283,0.22525980204593068,0.2611847772892339,0.23278059604097262
0.28354228078660987,0.22369310996925196,0.26055488299530155,0.2322097262488367
0.29420137342159436,0.22077181437943946,0.2583340490033189,0.22669276319564724
0.2823150465691255,0.2256667888933582,0.26074897444010875,0.2312691900974075
0.28594750641107963,0.223715760117795,0.2610556904003425,0.22928104307078293
0.28648560568117,0.22369849775407566,0.26117173338525224,0.22864416317950217
0.2791591164939556,0.22624976762243607,0.26275842870150834,0.2318326871821001
0.28411201082438964,0.22372554629898075,0.26185887053798573,0.23030357233864382
0.29119673552278963,0.22191905688668986,0.26022101639416834,0.22666319119635225
0.27723357689490774,0.2273487514257351,0.26285852341706106,0.232559148262296
0.2851132919242066,0.22332831337176542,0.2617439529107234,0.22981444179330468
0.2824539194873522,0.22459451782637843,0.2616536513445278,0.23129791134174169
0.28748018501267564,0.22286513417707987,0.26061805505808255,0.22903662575216185
0.28077599873848813,0.2255121235759759,0.26171726638972037,0.2319946112958156
0.2942150608243823,0.22095401429411665,0.2595630768720625,0.22526784800943855
0.2863468100934694,0.22451363380588693,0.2612240126778898,0.22791554342275389
0.279728042042844,0.22646433198602903,0.2635000633792608,0.23030756259186624
0.2799568757273201,0.22542209096936172,0.26365445059627785,0.23096658270704043
0.28221826280142476,0.22429602840478088,0.2626131305755497,0.23087257821824447
0.2840509148491202,0.22377536139915186,0.2615786072402087,0.2305951165115193
0.28704358051405193,0.22307756158969522,0.260678000855068,0.2292008570411849
0.28534761171118955,0.2240468163043783,0.26102881259054667,0.22957675939388542
0.2850330962300615,0.22415092196901049,0.26144599268032487,0.22936998912060308
0.28093466897467245,0.22544686025821004,0.2623834563036932,0.23123501446342434
0.2811174143567327,0.22481018523672233,0.262235780833554,0.23183661957299107
0.28146249621380626,0.2243973243756369,0.26156044455680455,0.23257973485375222
0.2988634001754116,0.21946191992488867,0.2580358075571137,0.22363887234258603
0.28771301409535194,0.224411166720579,0.2603676640486378,0.2275081551354312
0.27475857354592986,0.22858533027903394,0.26424851117408044,0.23240758500095568
0.2824845039019673,0.22399505565026903,0.2630209993418604,0.23049944110590342
0.2827484732822568,0.22418001870755833,0.2620133892739676,0.23105811873621723
0.28419429793569595,0.22376605501722338,0.2612143454547119,0.23082530159236883
0.2912569908536279,0.22188191666573584,0.2597586131721343,0.22710247930850194
0.27857346997043797,0.2268138930463769,0.262239188327962,0.2323734486552233
0.2847049051251904,0.22356832636718907,0.26153524886361496,0.23019151964400547
0.2805042827490076,0.2251811808469272,0.26180540703388666,0.23250912937017856
0.2886943081610602,0.22218020847028047,0.26006212797747613,0.22906335539118325
0.2798137144972412,0.22578230964681437,0.26134950520424105,0.2330544706517033
0.2963032465055319,0.220213383509405,0.25866029878502783,0.2248230712000352
0.28316782974126387,0.22565428244580418,0.26121076460019094,0.22996712321274093
0.2792662934552592,0.22619694407409172,0.263015180967875,0.23152158150277413
0.28209102780794415,0.2243734798866477,0.2623835092647568,0.2311519830406513
0.28607752502409833,0.2231342650380556,0.26106324132723635,0.22972496861060956
0.2832695494041195,0.22446878841429702,0.2612650207380434,0.23099664144354018
0.2855382910935673,0.22358334286251402,0.26090080928468445,0.22997755675923412
0.2825079798869947,0.22473922071076372,0.26138880973088247,0.23136398967135904
0.2841249150651721,0.22390551063307298,0.26108163456744116,0.23088793973431365
0.2837550168511941,0.22407582229483977,0.2609291265959377,0.23124003425802858
0.28639934839585224,0.22323290995922168,0.2603552005885754,0.23001254105635072
0.2795146515671637,0.22573978673406458,0.26151695491902216,0.2332286067797496
0.295563395614408,0.22028835117745282,0.2587043231933444,0.22544393001479487
0.2858213774958128,0.22465604239694995,0.26057833538303665,0.22894424472420055
0.27901795907652666,0.2265620977922625,0.2629482630072154,0.23147168012399533
0.2826394512817489,0.2242920974374656,0.26243855063454025,0.23062990064624528
0.28540342586439754,0.2234773950441846,0.26142139419982874,0.22969778489158918
0.2811486530527193,0.22515573714089016,0.2618952249185945,0.2318003848877962
0.28796418109970784,0.22260666324300357,0.26057127619924264,0.228857879458046
0.2808535209741228,0.22549578306009238,0.261653932524746,0.2319967634410387
0.2825883984555311,0.22424216343527947,0.2613909162868144,0.23177852182237504
0.28566458363580793,0.22319712653771148,0.2604065057451426,0.23073178408133801
0.28279670526845246,0.22441847545964402,0.26063957514527897,0.23214524412662463
0.2806851114308022,0.22477538563903893,0.2608431101492599,0.23369639278089882
0.29885385579760526,0.21929141169994348,0.25735444982744543,0.22450028267500582
0.286271261858185,0.22475804324322823,0.25989380060449585,0.22907689429409087
0.2778034230736299,0.22712438111189132,0.2629281622161663,0.23214403359831262
0.2878873406480594,0.22258890993610886,0.26141351865170065,0.22811023076413114
0.2833767818518885,0.2247339737267201,0.2618874856382412,0.23000175878315016
0.2787749470954914,0.2260046423764519,0.26284388873268627,0.23237652179537044
0.29032364087472395,0.22170503837084557,0.26050005427542156,0.22747126647900887
0.2772568834127512,0.22698173839727304,0.26244846781584913,0.2333129103741267
0.2840700441347601,0.22338247437522304,0.26123464728868273,0.23131283420133414
0.28528321902851206,0.223336447399932,0.26030548847970203,0.2310748450918538
0.28672989946228633,0.2231694512524382,0.25987424908726914,0.2302264001980063
0.27779948671453986,0.22633172597858683,0.2614969491332507,0.23437183817362262
0.2961280483679789,0.21984255180439116,0.258190650682749,0.22583874914488106
0.285932952696378,0.22451753787822953,0.2599753502021058,0.22957415922328667
0.2824049934071473,0.22533283695462195,0.2618186915937225,0.2304434780445084
0.28726847366696734,0.22325782943826628,0.26139609765051613,0.22807759924425017
0.2859866003022022,0.22405057991665797,0.26177990795717576,0.22818291182396405
0.2751726938047963,0.22777023104197816,0.2640222912170669,0.23303478393615848
0.283507274460096,0.22341411196958993,0.2621961461394515,0.2308824674308624
0.28247133551244974,0.2241798329375401,0.26133516987401867,0.23201366167599155
0.28443040578662004,0.22348801476299032,0.26045568270786895,0.23162589674252074
0.2880513812010659,0.22259800117752623,0.2594905566800535,0.2298600609413545
0.28500292775462843,0.22407317203220908,0.2601357547597723,0.23078814545339027
0.28060657629459157,0.22533604110682026,0.2612546399909801,0.232802742607608
0.2950124006206684,0.22054223971011702,0.2587725204592219,0.22567283920999265
0.28574685294632696,0.2246696163432416,0.2606512281258883,0.22893230258454314
0.28232164392527936,0.22543509096158862,0.26243450872987106,0.22980875638326104
0.27719327210106975,0.2265834816916132,0.2636107953177612,0.2326124508895559
0.28659796321523096,0.22259732666093976,0.26142492074057117,0.229379789383258
0.2846933847874484,0.22395640788664187,0.26108891628875674,0.2302612910371529
0.2877622401788512,0.22310935333535115,0.2606601825960573,0.22846822388974034
0.2750066590235318,0.2277547726868917,0.2630586514295404,0.23417991686003614
