0.3087760922209583,0.28363497955987627,0.2060466160676978,0.20154231215146753
0.31622513661104285,0.28727076790312894,0.20576387723153233,0.19074021825429585
0.31217645706390995,0.28072392714240185,0.20488435404249702,0.20221526175119114
0.313278464161975,0.27725501805024855,0.20155526533658968,0.20791125245118688
0.31256873919100886,0.28603486846133,0.20656596285662232,0.1948304294910387
0.3054508534467425,0.2763110215006013,0.20559097582638486,0.21264714922627134
0.3172017872989912,0.2843032426220461,0.20279647723189148,0.19569849284707122
0.31242249559256724,0.2916889381285079,0.2100697604119681,0.1858188058669568
0.3115967524495983,0.27262945298169533,0.20187519547683905,0.21389859909186731
0.31274732724494436,0.2813142506604593,0.20510647715509972,0.2008319449394966
0.3103870348143569,0.29041863216079733,0.20867236321815108,0.19052196980669459
0.309012425172781,0.2720992848464506,0.20506957594977507,0.2138187140309934
0.30809068911416504,0.2870385553602876,0.20827174993492004,0.19659900559062743
0.31033421048274684,0.2861672252323948,0.21205643745578273,0.1914421268290756
0.30648426022399755,0.27669909860656444,0.20635397797040522,0.21046266319903298
0.3076196967816275,0.2750591360849794,0.20613519182808077,0.21118597530531252
0.30925982965473925,0.2885680349799551,0.2075952454917613,0.1945768898735443
0.3100788989335222,0.27416318211285023,0.2041637392567379,0.2115941796968896
0.3179058639651024,0.2868859717676499,0.19995826973444694,0.19524989453280078
0.3174207361008691,0.28342641365459614,0.20449706531465917,0.1946557849298755
0.31525656137858016,0.27679829857546806,0.19601262227867458,0.21193251776727734
0.3206058273677929,0.2814290007977743,0.20017486323914163,0.19779030859529115
0.31117552249626496,0.2890037618334839,0.2046311039294726,0.19518961174077856
0.3113651675940818,0.2702718700261438,0.20239423761411188,0.21596872476566245
0.31072498884204086,0.2941824398173393,0.2087568918243515,0.18633567951626834
0.3116789373583865,0.2833960122740134,0.21098917808069426,0.19393587228690595
0.3058060558165368,0.2733215143352276,0.20426699131998152,0.21660543852825395
0.31122295215509815,0.2827718378383314,0.207531691393182,0.19847351861338855
0.3157594062896864,0.29586651124120544,0.20838671437510728,0.1799873680940009
0.3077344472900842,0.26797449391549194,0.20493130024122774,0.21935975855319606
0.31092015413958735,0.28492537537479545,0.20463758482492683,0.19951688566069034
0.3123648423170177,0.2934394688611954,0.2142698948137959,0.17992579400799094
0.30768905515795064,0.2783705499427329,0.20623480942583813,0.2077055854734783
0.31225461718577746,0.278035989110563,0.20850442748215353,0.201204966221506
0.30235781898109054,0.29412363676286657,0.21584917412816135,0.18766937012788157
0.3069609988294429,0.27283811705042493,0.21070613666861032,0.20949474745152194
0.3031215509567977,0.28945359661778236,0.21440898948389817,0.1930158629415217
0.30429281790657553,0.2826107427125613,0.21605522946362588,0.1970412099172372
0.3060426058953028,0.28290982485916794,0.21202445595697844,0.19902311328855077
0.30494698645433777,0.2813495291772035,0.21345803122435955,0.20024545314409922
0.302037097172095,0.27996511677709773,0.21182904909630573,0.20616873695450158
0.29943277328203854,0.27426398478172376,0.21216975656556242,0.21413348537067536
0.3137568671741151,0.29525734662298175,0.21000521843467657,0.18098056776822646
0.3149399796757724,0.28519604805713483,0.2105859279725352,0.18927804429455755
0.30865040637965296,0.2724624170617362,0.20182784219648509,0.21705933436212574
0.31321273736244687,0.2816147017642094,0.20735640259531105,0.19781615827803273
0.3075556367624789,0.29254408111101415,0.21072851514234697,0.18917176698415997
0.3061377913724677,0.2699822401081585,0.2079200234883143,0.2159599450310595
0.30230617868349874,0.29108198969874954,0.21468814839588848,0.19192368322186332
0.3072135030443934,0.28591418978169525,0.21685906763488452,0.19001323953902685
0.30346481938857256,0.27739643677672304,0.21007608869828034,0.209062655136424
0.30588773157772453,0.275228320378022,0.2090420040113416,0.209841944032912
0.3105746908365271,0.2922192421918112,0.20957512009412352,0.18763094687753817
0.30952875535099295,0.27586532507340517,0.20753182242840573,0.20707409714719627
0.3124518280127612,0.28404833176313843,0.20401708777428057,0.19948275244981978
0.31591726650350455,0.28993689660467953,0.21011122113167593,0.18403461576013996
0.3093471247941847,0.2806768821649712,0.20619694511315234,0.2037790479276919
0.31114663542269116,0.2745727097335698,0.20599164548741825,0.20828900935632083
0.30166023729427893,0.2904049769751705,0.2143333075026522,0.19360147822789847
0.3017480411054083,0.27532374016386685,0.21331724732361432,0.20961097140711066
0.3069277894819202,0.290598907740984,0.21395962972727298,0.18851367304982294
0.30683357871494915,0.28472784456755507,0.2153159738606075,0.1931226028568883
0.30566475879138083,0.27487721423675693,0.2076246051423613,0.2118334218295009
0.3076220134577274,0.27996775810531405,0.20930753308667474,0.2031026953502838
0.31192614927390205,0.29175604562783664,0.2088217330274234,0.18749607207083782
0.3053435411120782,0.2719753225377387,0.20854391154366222,0.21413722480652098
0.3122471228630511,0.28973192714487533,0.20695169236924427,0.19106925762282917
0.31386347262230474,0.2900673092411979,0.21364368181215979,0.18242553632433758
0.3006585579936641,0.27178212805900004,0.20619095750983107,0.2213683564375049
0.3084962479046657,0.274430953123335,0.20824969887515365,0.20882310009684563
0.30292833713887307,0.29812964094619393,0.216012015030615,0.18293000688431799
0.303720785101993,0.2661093004059013,0.20831328718746006,0.22185662730464553
0.3109656603725167,0.2913787847669654,0.20833561646477908,0.18931993839573882
0.31101322707765744,0.2841817392698437,0.21188475910290444,0.19292027454959448
0.3083546834566121,0.26904479505076845,0.19748411149512263,0.22511640999749669
0.3174857056134188,0.2829083420164952,0.20219537949173755,0.1974105728783484
0.314782604735786,0.29554569201806663,0.20550659537131383,0.18416510787483348
0.313022561805542,0.2639129486492659,0.19883742045688083,0.22422706908831122
0.3150616135006785,0.29358514725566015,0.20313462559244558,0.18821861365121584
0.31553651224252016,0.2870741504685595,0.20999844035835363,0.18739089693056668
0.31084715354378734,0.273277182790573,0.19834128229095435,0.21753438137468525
0.3137667432850139,0.28053929328289184,0.2060811768561076,0.19961278657598655
0.3092613291833681,0.29603264058003276,0.21059439485787945,0.1841116353787197
0.30881271292526696,0.26809393892230077,0.20639726195770364,0.21669608619472855
0.3071272507443599,0.29021746827110084,0.20914784056402166,0.19350744042051754
0.30895942479927346,0.2828273389479562,0.2135526924021157,0.19466054385065465
0.3047604326429594,0.2774830169462821,0.20570291487560602,0.21205363553515258
0.3139862028228825,0.2814109856160915,0.207491607757649,0.19711120380337702
0.30599730449198914,0.2885299833435447,0.20997819457090974,0.19549451759355646
0.3049718429172094,0.26359391772775365,0.2032070580721511,0.22822718128288583
0.317199933981692,0.29912956326789225,0.2053464346340867,0.17832406811632914
0.31497415137127716,0.2838874569073489,0.20944530583525947,0.1916930858861146
0.31259225856321576,0.2687177780782958,0.19410229230573553,0.22458767105275285
0.31686977631499913,0.2870244077807334,0.20622370316921496,0.18988211273505243
0.30916502002987495,0.29131862166882116,0.2078648683879675,0.19165148991333644
0.3155246784495938,0.2678322371676054,0.20105384513583952,0.21558923924696127
0.30529578394039675,0.2957990439433106,0.21190001739607722,0.1870051547202154
0.3150761230963736,0.28471863003166237,0.21114679420712834,0.18905845266483562
0.3024193896020321,0.27512574712696,0.20856741612581955,0.2138874471451884
0.3035986894352009,0.27502846713200874,0.20833644214420097,0.2130364012885894
0.3071420153804716,0.2911315558587724,0.21327207467016898,0.1884543540905871
0.30575570759878795,0.27826598013465853,0.20914609039840426,0.20683222186814917
0.3194334487209474,0.2861456983483709,0.20415508036636043,0.19026577256432128
0.3100876398486543,0.2852607096830837,0.20993976216400262,0.19471188830425928
0.314708096262664,0.27400704663893144,0.19852687599665475,0.21275798110174984
0.31403018074522027,0.28721441669707615,0.20794613389968938,0.19080926865801429
0.30455657793772867,0.285303087532384,0.20971527547681015,0.20042505905307714
0.3113909584761036,0.2776352654427946,0.209442339929123,0.20153143615197872
0.3038634227380631,0.297005404538768,0.2170583773258169,0.18207279539735208
0.3038340041235236,0.27230454932952686,0.2133194712179784,0.21054197532897118
0.2985873585184946,0.279123998833232,0.2127668574904976,0.2095217851577758
0.30826043027845884,0.2892114329218312,0.21456565848959272,0.18796247831011725
0.30786598019506395,0.2849128748155052,0.21196020251744158,0.19526094247198925
0.3020453909786852,0.27054190542070605,0.20852732984361477,0.21888537375699404
0.31280174825212226,0.2925324221014246,0.21026384902429338,0.1844019806221598
0.31258321524633276,0.28923400750788786,0.21209626443386473,0.18608651281191474
0.3107295007385267,0.2728176476562005,0.20267437304038827,0.21377847856488458
0.30658632129783764,0.28291226256854357,0.21153143201565444,0.19896998411796424
0.3023583558614819,0.2889459683496808,0.21525911738172934,0.193436558407108
0.30725851368638607,0.27932266900476127,0.212912608261098,0.2005062090477547
0.30102308241403086,0.28831492082424615,0.21660116725628625,0.19406082950543677
0.30399211720506686,0.2785277953887902,0.21499299811096717,0.20248708929517564
0.30142552150969815,0.28154738221753617,0.21354476255509436,0.2034823337176713
0.30982157978047264,0.28495402811010373,0.21123162080955613,0.19399277129986753
0.30573451721871936,0.2822794287524032,0.21154373327031298,0.20044232075856455
0.29792243171077654,0.2700027399047101,0.20909918611201178,0.2229756422725016
0.3199255195791818,0.299612669916834,0.20908188216631207,0.17137992833767218
0.314043970157933,0.2909458545332395,0.21279142380701066,0.1822187515018169
0.3001675536700449,0.2556573821923428,0.19906465735286363,0.2451104067847487
0.31177025972950767,0.2938346295086187,0.21208273743681566,0.18231237332505798
0.3072583917603999,0.30121709400422714,0.21867086057259383,0.17285365366277916
0.29869866048152494,0.2565609084705918,0.20569739618278898,0.23904303486509434
0.30161179516614195,0.2938262857785639,0.21781655849082052,0.18674536056447366
0.3032871374216773,0.29230144107970346,0.2217523921566006,0.18265902934201875
0.30081737279133786,0.2639416620590895,0.20548904059896977,0.22975192455060275
0.2974911663353414,0.27457163096149584,0.21141623246502325,0.21652097023813946
0.29693155852502573,0.28089909241203603,0.2117873266933832,0.21038202236955506
0.30725963951424495,0.2666867025748179,0.19852671421669468,0.22752694369424248
0.32068444159403026,0.28905192910620875,0.1931708772548571,0.1970927520449039
0.3305086515513305,0.27924615113889545,0.1882931497567966,0.2019520475529775
0.32399133113714335,0.2632254007968928,0.17349941834034785,0.23928384972561603
0.3341770795737822,0.2793254457112301,0.17020600845081774,0.21629146626417003
0.33407342963680464,0.29487028603049475,0.18284519980826694,0.18821108452443366
0.3319766765520757,0.2694738074070864,0.1755368457745164,0.22301267026632154
0.3333348444667153,0.28720519566707764,0.18327909174063067,0.1961808681255765
0.31957044519852157,0.2862364873493519,0.19820730890400776,0.19598575854811875
0.32489757472111874,0.2706224543265231,0.18115662777040648,0.2233233431819518
0.325999145638971,0.28782152629402685,0.19434931356898544,0.1918300144980167
0.31378952661324333,0.2834781813707706,0.19740338566080226,0.20532890635518378
0.3228494930380567,0.267627110309073,0.18905490659528745,0.2204684900575828
0.3203959858294308,0.3014215068490682,0.20024019585021313,0.17794231147128792
0.32149898319972103,0.27498742621654354,0.19770484346458198,0.20580874711915345
0.3204394540353871,0.2737747264846736,0.18926228647039517,0.21652353300954408
0.3209653019145661,0.29163363072933673,0.20143487329243573,0.1859661940636614
0.31253526377224067,0.27974319439871836,0.2010194789226894,0.20670206290635157
0.3160059591377161,0.27440358319097263,0.19843899481866134,0.21115146285264982
0.3141320039520743,0.30039531009048503,0.21025033816766162,0.17522234778977902
0.30536194881985845,0.27209636456271935,0.20870866834073065,0.2138330182766915
0.30821342005946295,0.2740538700540448,0.20260434891217538,0.21512836097431687
0.30787997271645506,0.2919154572898445,0.21310737634665028,0.18709719364705008
0.3126864995609945,0.28191752464475467,0.20458114370528738,0.20081483208896345
0.3116882424267826,0.2724572970932591,0.20346894894410678,0.21238551153585142
0.31482139489520783,0.2950103095625282,0.20544612885136573,0.18472216669089833
0.32160427271403386,0.2833040452376016,0.2052431486921932,0.18984853335617133
0.30729812493538144,0.2746665128507033,0.20130194327054624,0.2167334189433691
0.3094215194674507,0.2766594782066409,0.20682352628813605,0.20709547603777234
0.30267111391184814,0.2937607362659925,0.215209028559199,0.18835912126296042
0.3064268533478323,0.2764356824511159,0.21123358213091661,0.2059038820701353
0.3041284828183713,0.2848544815080528,0.21299771388072034,0.19801932179285564
0.3072542249185881,0.2823709462848744,0.2121939491727933,0.19818087962374414
0.3112315068918761,0.27982977338397585,0.20576234739376537,0.2031763723303827
0.31017936399597884,0.2789299222363362,0.20491192853029946,0.20597878523738544
0.30791008368533207,0.27939730109430605,0.20495740885859035,0.20773520636177156
0.30707015745065963,0.2791715498795436,0.20667850495276838,0.20707978771702837
0.3205815748667614,0.295325791059146,0.20502427697552963,0.17906835709856278
0.3199866138528381,0.28491563554221966,0.20569354419076177,0.18940420641418063
0.30328626972082684,0.26241636296770326,0.19914229611779757,0.2351550711936723
0.31115639186987715,0.28225136657590183,0.2045864362365059,0.20200580531771511
0.30867837555622396,0.2972353106313437,0.21336586132392626,0.18072045248850616
0.30937613277657433,0.27149860028854333,0.204347802824674,0.21477746411020834
0.3107448490913603,0.28762070438296117,0.20986969073943557,0.19176475578624283
0.30286011466191126,0.28094366647429037,0.2129442546087955,0.20325196425500291
0.31258606539865186,0.27220369456304855,0.1989646334584861,0.21624560657981354
0.31043394414903946,0.28563779897871994,0.20646637463870637,0.19746188223353406
0.3148893045468985,0.2848503699787615,0.2017742119057239,0.19848611356861603
0.31297972115395395,0.2722937805393849,0.202022464751628,0.21270403355503315
0.3180870969275745,0.2931878488921234,0.20055304036205746,0.18817201381824467
0.32225259295570846,0.28048260634114497,0.20285444903360197,0.19441035166954468
0.3082133560210815,0.2731549495211471,0.19607974660634586,0.22255194785142543
0.31676655444114266,0.27800030959600325,0.20165507385884818,0.20357806210400592
0.30985172508353476,0.2981590489105361,0.20947411382748843,0.18251511217844085
0.3141975716436061,0.2704628074121283,0.20300497174192927,0.2123346492023364
0.30664831412625004,0.28396454924091274,0.20688974516128442,0.2024973914715527
0.3095371721920032,0.2807080370095732,0.20826856438820557,0.20148622641021807
0.31227859963207716,0.27959644682151336,0.20151690228115757,0.2066080512652519
0.31467816926487463,0.2797716357176611,0.20137173500065692,0.2041784600168073
0.31471279907015287,0.284232712755449,0.201485496549103,0.19956899162529498
0.3116068117429817,0.27355186129702047,0.20062696711812894,0.2142143598418689
0.3223702541720146,0.2901155753591881,0.19723118798100667,0.19028298248779066
0.3225766138386229,0.2869413409469624,0.20246005076538684,0.1880219944490279
0.3108540621205975,0.2691728331855864,0.19519942803955997,0.22477367665425602
0.31565770515435987,0.27939432237421624,0.20107024235638793,0.2038777301150359
0.31100916619758073,0.29773829985456957,0.20986517552155362,0.18138735842629605
0.311109795653548,0.27014948004626144,0.2034273181730083,0.21531340612718214
0.3085836025520617,0.28477631187567376,0.20704572318205738,0.19959436239020717
0.30674453280138264,0.28263585782169653,0.2113401578240454,0.1992794515528754
0.30866188365429786,0.27406592318705675,0.20139537379677566,0.21587681936186978
0.31505552619851285,0.2826621457434407,0.20258756136027178,0.19969476669777458
0.3105453519085582,0.28263273334734823,0.2032108764554104,0.20361103828868315
0.3127319236709698,0.2681221129944675,0.19562964526743074,0.22351631806713196
0.32464796433013116,0.2966059024690077,0.19682255389742775,0.18192357930343336
0.3254411960241603,0.28472769008593724,0.19916094834412634,0.19067016554577626
0.314947776002856,0.26266426502368506,0.1875487602832934,0.23483919869016548
0.3218649765831662,0.2883253518373935,0.19766199916195643,0.1921476724174839
0.3154619859982242,0.2969824475429413,0.20753702728821066,0.1800185391706238
0.3105745034831771,0.26402016197601286,0.19786114325301365,0.22754419128779646
0.31081896020434535,0.29128392031489214,0.2087688185874407,0.18912830089332172
0.30189540843446916,0.2839916456083225,0.2155354807813812,0.19857746517582708
0.3082629646589544,0.2682549532992153,0.19957702001923247,0.22390506202259783
0.3115305943770289,0.28837877671553,0.20792440718247687,0.19216622172496414
0.3123913122940865,0.28493292645749657,0.2039935718350118,0.19868218941340526
0.313741046137541,0.2627137656977913,0.19499474902267006,0.22855043914199769
0.320111051115748,0.2959209816294861,0.19660417626874271,0.1873637909860231
0.3264716426839842,0.28491690234610595,0.19990681892010514,0.1887046360498046
0.3173017322507414,0.2709598173416562,0.18885237584754475,0.22288607456005757
0.3242648074660405,0.2826533734923348,0.19703521332648852,0.19604660571513627
0.31560888078350147,0.2987872739600448,0.20628140408256282,0.1793224411738909
0.30916044612784505,0.26299350938980776,0.20051776721252101,0.22732827726982613
0.30203723281647177,0.2844480727915374,0.20943094020078493,0.20408375419120597
0.3037763196004802,0.2882517686635659,0.21705405313734447,0.19091785859860935
0.30455271643349335,0.2746377124914201,0.20689187771634607,0.21391769335874056
0.313014681981105,0.2791980904800677,0.2045047864169718,0.20328244112185548
0.31179732946381805,0.28546060802892564,0.20423088929248004,0.19851117321477624
0.3167415417957153,0.26879988228570545,0.19334311496606155,0.22111546095251763
0.32609270153715536,0.2924427840179535,0.19353533230580053,0.18792918213909068
0.3242226948756295,0.2873477904694078,0.19980005882399082,0.18862945583097193
0.3172842151553419,0.27016749900832204,0.1923597768925729,0.22018850894376318
0.3098344301306944,0.27813170941603677,0.20349708663385407,0.20853677381941485
0.310552030719251,0.2936204566905576,0.20842919892943435,0.18739831366075696
0.3143087374288959,0.2802485139166425,0.20717759459343066,0.19826515406103104
0.30791743482781647,0.28356645684863685,0.20763731060647433,0.20087879771707234
0.3012158861914809,0.2692846498871987,0.2095501868075504,0.21994927711377002
0.308750081645821,0.28522824105284106,0.20431670529670462,0.2017049720046333
0.3173182368593285,0.2854791982992689,0.2058814074381627,0.19132115740323996
