0.27982903173451124,0.20347152638283514,0.33930625890211596,0.17739318298053777
0.3596383734094446,0.2292610269211237,0.2601825352116899,0.15091806445774172
0.30737179032019446,0.24065023494493346,0.2418616362843745,0.21011633845049754
0.371735429106068,0.23009794891028523,0.2579614941453617,0.140205127838285
0.3527546763995412,0.23462049447200345,0.2600263674385362,0.15259846168991925
0.17152237210386131,0.19866685989401123,0.23841489056976042,0.39139587743236703
0.22364126833880157,0.20453983063232373,0.3283620829465051,0.24345681808236966
0.354529143741183,0.2283268738624661,0.26570316743869754,0.1514408149576533
0.37123686008508494,0.24120583490937467,0.23536743982920807,0.15218986517633232
0.3953806094766001,0.2423365021962615,0.22341017130490798,0.13887271702223025
0.4120734743527579,0.2371879922286822,0.22927998395436605,0.121458549464194
0.11719374453633362,0.17001786872036548,0.154703635419569,0.5580847513237319
0.20531834839485408,0.2018544094210575,0.3448300299384386,0.2479972122456499
0.35696703560920073,0.22181772611240433,0.27480439361378634,0.14641084466460869
0.41180412096521585,0.23148285123384094,0.23719679241475805,0.11951623538618522
0.3948763442671734,0.24196732043161068,0.21680343531556337,0.1463528999856526
0.3786644307108843,0.2336112989964936,0.2540545066052902,0.133669763687332
0.14628535580891652,0.18797630424259262,0.19032734400550236,0.4754109959429884
0.2552463525955721,0.2122193868078964,0.3357564623237313,0.1967777982728003
0.2890354714563424,0.23186557122146803,0.25653538512764834,0.22256357219454123
0.2873261134491974,0.21950909306181957,0.307726139764924,0.1854386537240591
0.24165616834271111,0.21323919222918072,0.294235592026785,0.2508690474013232
0.21986153238080416,0.1981222909317588,0.3446004086487406,0.2374157680386965
0.038765994504498906,0.08844610813268419,0.1492180771269954,0.7235698202358215
0.1496640197253737,0.18005181687186692,0.40180447260021446,0.2684796908025451
0.3119577461273372,0.21436596003704458,0.30478450921580713,0.16889178461981105
0.32238173717259005,0.23122702045343313,0.27181908250692527,0.1745721598670515
0.3810739359845628,0.23690009477653381,0.24088377526302873,0.14114219397587474
0.43303569089779903,0.23272321630467124,0.23385575042716197,0.1003853423703677
0.12145880674581308,0.1884326298953027,0.14804447331959283,0.5420640900392915
0.21850503238759328,0.20446949634398426,0.3583320361650466,0.2186934351033759
0.3106872754614898,0.22579648067416402,0.27795656513739414,0.18555967872695203
0.36753109255711547,0.2344849363404655,0.2523621843212513,0.1456217867811678
0.37205508972119244,0.24972538865191496,0.21572414422346112,0.16249537740343145
0.47620357768479404,0.23272410960621936,0.20436892539850468,0.08670338731048191
0.332203196825529,0.2616964781445178,0.18472805120208657,0.22137227382786653
0.4425748514363161,0.23813703903353803,0.21146298580909303,0.10782512372105289
0.4454631834134316,0.258188178225167,0.17260535023069695,0.12374328813070458
0.48983764530250884,0.24184095726327942,0.1807103419429818,0.08761105549122994
0.5221777446525717,0.24198407278028353,0.15887575222428438,0.07696243034286028
0.4511391564387564,0.2524148008592284,0.19115328404858606,0.10529275865342931
0.2131950354685236,0.2317554261738063,0.17913431767883245,0.37591522067883754
0.3524839310849263,0.22764387223656604,0.2813211607790307,0.13855103589947695
0.41340670816394604,0.25087830767183333,0.19662201074434035,0.13909297341988028
0.46863713457177875,0.24281419955333758,0.1923776805874453,0.09617098528743837
0.41165789747754405,0.25476799061961597,0.19989515652297607,0.13367895537986402
0.3680466732923133,0.23547605108310876,0.25424096118302947,0.14223631444154855
0.04668600760954019,0.09539908600748359,0.10131112492925107,0.7566037814537251
0.15134269062186112,0.1872443714986594,0.37972105526186667,0.2816918826176128
0.38840588910439144,0.21380362851799728,0.2834262191453922,0.11436426323221904
0.48237172686336943,0.2328729528350438,0.19986788299977024,0.08488743730181651
0.4435586640041023,0.25467572921215015,0.1850957967460304,0.11666981003771715
0.4597427828005154,0.23946040561162554,0.20647054459932387,0.09432626698853522
0.17453083446233303,0.22138077565255446,0.1636056781460889,0.4404827117390236
0.2666970145028302,0.22139465550191284,0.30767229458402745,0.2042360354112296
0.3760896031963533,0.23585778331976698,0.24277803024487565,0.1452745832390039
0.41758480479522475,0.23859324497335985,0.22793824696974596,0.11588370326166941
0.348962551148536,0.24668615979376138,0.2279536301305004,0.17639765892720208
0.3708642120655717,0.23254454914818257,0.25701916302496025,0.13957207576128547
0.18024889749711218,0.20624743355537353,0.19678721448959952,0.41671645445791483
0.329622965753463,0.22472195438643155,0.2957358152308636,0.14991926462924182
0.4901521157316265,0.23054471924239997,0.19431081352337362,0.08499235150259986
0.4914065846052255,0.24586316403583985,0.1775422781463836,0.08518797321255098
0.4607397512026895,0.2537242364983398,0.17662367190452394,0.10891234039444672
0.4353363596833127,0.24555255850274427,0.20827621779069733,0.11083486402324584
0.06559247247356216,0.1332177171523509,0.09072395941863613,0.7104658509554508
0.1829739201187107,0.19879206035271194,0.36956901660287816,0.24866500292569907
0.362059172495866,0.2228150772808924,0.27276253441231857,0.14236321581092298
0.4097093330202655,0.2311433905119748,0.24277613307371526,0.11637114339404446
0.369923720822143,0.23980577503111786,0.2192774917574147,0.17099301238932432
0.418988579897947,0.233645750156381,0.2330044678788913,0.11436120206678074
0.07903981333305964,0.13093970603225386,0.11143384564160101,0.6785866349930854
0.21337177823606832,0.2067281587605258,0.36455460639727094,0.21534545660613488
0.3931297999207277,0.22306768526173412,0.2600773457302876,0.12372516908725044
0.3171781731061933,0.2296805559130769,0.28185620818869916,0.1712850627920306
0.2770919248744108,0.22236968683162536,0.27856633560711475,0.2219720526868491
0.2884990100606994,0.21228762095295764,0.32815766080012304,0.1710557081862199
0.02728804561251407,0.07266216009591851,0.08271636576267229,0.8173334285288951
0.12959468654531942,0.17633430873614633,0.40089181470905244,0.29317919000948184
0.23610637096670825,0.20633516466450724,0.31516415387056895,0.24239431049821558
0.25028855570548536,0.20685342425032358,0.33144551113274573,0.21141250891144522
0.2608190380243796,0.22112167910161443,0.2711585426394679,0.24690074023453806
0.35971136161679323,0.22061219015779762,0.2896319102170209,0.1300445380083882
0.11033678173742281,0.16430116992195692,0.153776428266581,0.5715856200740391
0.253052841453279,0.2121111200194324,0.3459265878272598,0.18890945070002885
0.3014861039797154,0.23258626656380937,0.250779472031394,0.21514815742508125
0.35039181034157674,0.22494212003383318,0.2785678101197598,0.14609825950483044
0.4297529174033932,0.23342143772222537,0.22145004822850864,0.11537559664587281
0.41609958718495443,0.24010311828280564,0.22907930092875245,0.11471799360348749
0.08087126430226493,0.13730738292968417,0.12363757793328671,0.6581837748347641
0.19670253396468468,0.1993541804848276,0.3776480811278148,0.2262952044226729
0.23019233330337474,0.21711913545487901,0.26617112468486215,0.286517406556884
0.2670676028262462,0.2136779213113338,0.3241280672211668,0.1951264086412531
0.31141631554749116,0.2212779521715179,0.29492198173115264,0.17238375054983818
0.35342396807467596,0.2242665545797961,0.2780651680775498,0.14424430926797818
0.0394033850794674,0.09007809996829641,0.08994933715309374,0.7805691777991424
0.1429265330698182,0.18546266211657622,0.37551593915167725,0.2960948656619283
0.33707850156318697,0.21047136914178363,0.31343059876507307,0.13901953052995628
0.3859080229582712,0.23031307642306342,0.25402137956375054,0.12975752105491473
0.4037572348772066,0.23506239272178137,0.2354757189050889,0.12570465349592314
0.33054861090345206,0.23765846217423817,0.260240976588507,0.1715519503338028
0.269170177402471,0.23605340585807483,0.2220985350897744,0.2726778816496797
0.4107484256059639,0.2322703671755095,0.24304977578363296,0.11393143143489357
0.4513897794765142,0.2503266572978176,0.18666283958455152,0.1116207236411165
0.41734738777713776,0.2437016053941584,0.22413724716837974,0.11481375966032395
0.2612086942593504,0.2417982186116798,0.22911821485898096,0.2678748722699888
0.20059357457398239,0.20482848794264816,0.2955251577683914,0.29905277971497807
0.17516307478356377,0.1982424507357635,0.26403761616750826,0.36255685831316453
0.392185152439698,0.2193188323452969,0.27978210879524584,0.10871390641975927
0.4285695181201558,0.2488255794179072,0.19687040123673588,0.12573450122520113
0.4410315492231248,0.2451847289731308,0.20406717442684894,0.10971654737689543
0.4890118707223644,0.2393986641117947,0.1849473630546969,0.08664210211114409
0.44176155764422614,0.2567080718880829,0.18413616407831235,0.11739420638937868
0.35105732772503134,0.2648032104423886,0.1815137637705404,0.20262569806203973
0.46425459376363004,0.23604037885097878,0.205803154111654,0.09390187327373709
0.44400846939923794,0.25919655078141096,0.1760169953055232,0.12077798451382799
0.41238584793595956,0.2524362244761849,0.20358160427677627,0.13159632331107926
0.38129624703382614,0.2523711968863014,0.2103091584976661,0.15602339758220649
0.3937186025432368,0.24131209871636003,0.2302738378337149,0.13469546090668819
0.3218949972375626,0.24889474774300058,0.2102089492888694,0.2190013057305675
0.480749068351253,0.23095682771714557,0.20188625647958572,0.08640784745201566
0.48758198548629733,0.25491155535132676,0.1602001543938116,0.09730630476856426
0.46515947897228377,0.24877606252262002,0.1881184273616992,0.09794603114339702
0.5341399591395527,0.23334702423671067,0.16324233870408975,0.06927067791964685
0.368875752043812,0.2708961746963163,0.18599679059528187,0.17423128266458973
0.15156887800636568,0.20249019956248035,0.18135555493908087,0.464585367492073
0.3265793364976771,0.22112420870051822,0.30974850454712055,0.14254795025468409
0.4273633932677064,0.24170009429486286,0.2098239972810969,0.12111251515633385
0.27150553819572026,0.24832057279879963,0.21550194145103843,0.2646719475544417
0.39326293829899345,0.22744016771978867,0.2576550846598158,0.12164180932140205
0.4478098204185348,0.23829335932586537,0.20539676822752423,0.10850005202807561
0.06773722049570485,0.1057067677236348,0.07953589049606616,0.7470201212845942
0.19126681644209953,0.2042822947561739,0.3650404409239,0.2394104478778266
0.44719818470690126,0.20922386548989458,0.25201040686561993,0.09156754293758436
0.4311558269117986,0.21096762267877733,0.21599571940596607,0.14188083100345794
0.43741006452300196,0.18868976770074636,0.2284737530442047,0.145426414732047
0.35117026513545074,0.19446553982600764,0.25096782212472923,0.2033963729138123
0.009728544093821435,0.01911640090447413,0.04373060822204021,0.9274244467796642
0.09700644865808832,0.1557715077839125,0.3854023741441621,0.3618196694138371
0.2672459508186333,0.19662276644057164,0.35577416210636237,0.18035712063443268
0.09126370808159494,0.1264350822773793,0.3704325463122701,0.41186866332875566
0.015880792600126554,0.0414972999466011,0.34312129400331154,0.5995006134499609
0.003279643419908547,0.018214937435793735,0.22885992174038933,0.7496454974039083
8.892043580742594E-05,0.0009031645441907294,0.007595240600426131,0.9914126744195757
0.03522683763824782,0.09705733009094138,0.3239309899568123,0.5437848423139985
0.04691539355172241,0.10401401127814704,0.2934183960950727,0.5556521990750579
0.026487920698366373,0.062275620187652196,0.36637311580271703,0.5448633433112644
0.05250244430760309,0.0989412000178237,0.382365189040006,0.46619116663456717
0.045979049730107996,0.09037207909991826,0.3982007212413717,0.46544814992860206
0.014349696472895596,0.04322304369567619,0.14079755217240772,0.8016297076590205
0.11470336511472262,0.16586497547307116,0.406802064214211,0.3126295951979952
0.07821564020129816,0.13590436646701667,0.26706904973517614,0.5188109435965088
0.1162320772382776,0.15502284975170671,0.39453069190044926,0.3342143811095664
0.21240800246662553,0.18626956986839757,0.38222973783700653,0.21909268982797037
0.07509048322717576,0.12528643188904787,0.2650026933873891,0.5346203914963873
0.04156827602590942,0.09615022018947,0.22022189839457723,0.6420596053900433
0.18729748066741145,0.18903845087431534,0.39804154524451874,0.2256225232137545
0.21946330371192707,0.20555813511925675,0.2874901562088551,0.28748840495996103
0.2561864517047772,0.20202868816156583,0.355758067554366,0.18602679257929094
0.38150490429150286,0.21875541742063703,0.27715832158391507,0.12258135670394502
0.3797135011949393,0.23771064072154188,0.24099586170900572,0.14157999637451316
0.1650321431650438,0.21522389228642425,0.16124601956666385,0.4584979449818681
0.3084093440641894,0.22271260645633503,0.3095350760022746,0.1593429734772011
0.33337855043950104,0.2391774177725221,0.24344937375638845,0.18399465803158843
0.31328357750737795,0.22997911919708286,0.27558423419098776,0.18115306910455142
0.20130451512272024,0.20015452170763956,0.2961007288513683,0.3024402343182718
0.26092294766313245,0.20432671915437856,0.33173131478648443,0.20301901839600467
0.26339448611089017,0.2185999363463064,0.24875483834347126,0.2692507391993322
0.43112455373672776,0.23097778652894949,0.2321370247562965,0.1057606349780263
0.5193402206701258,0.23810700635884965,0.16533289394869338,0.07721987902233123
0.45231215514247175,0.24871874421036314,0.1984468303348623,0.10052227031230274
0.4050154231580199,0.23871027211771992,0.22758850025198443,0.12868580447227573
0.2318447151055314,0.22094821720269528,0.24993404470538058,0.29727302298639285
0.06424235378085803,0.1238710942774677,0.1583373357774842,0.6535492161641901
0.19692650335400044,0.2006855803275014,0.3671313317077624,0.23525658461073565
0.3937181232131551,0.21936740717799386,0.2701400052282478,0.1167744643806032
0.3572657008208686,0.23884709045787827,0.24598492381377135,0.15790228490748182
0.26455870981897955,0.21284182362535495,0.29883450367151787,0.2237649628841477
0.1500007644268675,0.17121720196499596,0.2879459292085047,0.3908361043996319
0.08232038997197212,0.13270777200688263,0.21147319197348058,0.5734986460476647
0.260648988283063,0.2103494399429613,0.3527957629742547,0.17620580879972106
0.45484393071263124,0.22005702963260107,0.2328756355190814,0.09222340413568644
0.30218924810775977,0.22354132489459347,0.300198023604504,0.17407140339314287
0.2623288875234553,0.21295726829060524,0.2804459624303333,0.24426788175560618
0.2690940050683222,0.21211504939691783,0.3111451713294668,0.2076457742052931
0.077912076486427,0.14243070069469885,0.14351204470747886,0.6361451781113953
0.2111812321482049,0.2015124633530725,0.3740206620722166,0.21328564242650616
0.25354691191756157,0.21527482914647525,0.289234179486473,0.2419440794494902
0.22194783988730118,0.19809799563717467,0.336010937183845,0.24394322729167908
0.09459877292741492,0.13808911511027253,0.25813737274098264,0.5091747392213299
0.16551587407082627,0.17679794717144906,0.3807045521648979,0.2769816265928268
0.13038052898020214,0.16294068517615448,0.2524183223456118,0.45426046349803156
0.2984445082457074,0.21341387224695815,0.32768784982521537,0.1604537696821192
0.3838511334309734,0.2289933323180427,0.24955425891812347,0.13760127533286035
0.26350155731000463,0.21589813295541616,0.3067018226321816,0.21389848710239762
0.272682792639096,0.20906405938124692,0.30245718841247493,0.21579595956718212
0.3001180314346107,0.21941633677942862,0.2977920266945219,0.18267360509143873
0.10027726124724726,0.16051934074744703,0.17826402726298526,0.5609393707423205
0.1979125721095249,0.19602093555788278,0.3693135126394399,0.23675297969315243
0.26885533326675415,0.21594569921512385,0.2986966278393498,0.21650233967877222
0.2025110882216301,0.19903390629311948,0.31058101284413886,0.28787399264111174
0.16074376371020999,0.1769331695038211,0.3088270699079401,0.35349599687802874
0.20840048883025059,0.19000840375219427,0.3542794280195565,0.24731167939799867
0.10075564392430456,0.13863549631167707,0.20549450702999572,0.5551143527340227
0.250737542230882,0.20815204744051324,0.3482650466633174,0.19284536366528743
0.36721707524007147,0.22393784910364467,0.2633243944219825,0.14552068123430129
0.2761031530681533,0.20946246055803544,0.3077415746633651,0.20669281171044626
0.3402400745014262,0.20986450373764354,0.2939122079046192,0.15598321385631103
0.27721634100386433,0.2223478476262992,0.28349096948217417,0.21694484188766225
0.054254699919744874,0.10831156409894149,0.15345758863340792,0.6839761473479057
0.1708241803846658,0.18873196511959997,0.3904609307560771,0.24998292373965722
0.218371695364072,0.20393914615400444,0.3147221849245436,0.26296697355737986
0.09370337002593201,0.14612279522111135,0.2730577505369598,0.4871160842159969
0.13203140927316062,0.16141356343416108,0.38105792212053796,0.32549710517214037
0.1085638948061083,0.14547278562500426,0.35132278021440505,0.39464053935448223
0.018491251126537177,0.04804382195551342,0.109481831417837,0.8239830955001124
0.13553106079169225,0.17635503912082792,0.398692245601369,0.2894216544861107
0.2900879316543419,0.20686069841615495,0.3162871424679816,0.1867642274615217
0.23519394244429168,0.19373795316006237,0.32040214568058195,0.250665958715064
0.3673395090629655,0.21667872374040076,0.28119648598116004,0.13478528121547362
0.3979321373374088,0.22845447323986717,0.2558282342964863,0.1177851551262378
0.05212368361527329,0.11146060226771531,0.11733032118564621,0.7190853929313652
0.15074664535505775,0.18021134286252502,0.4058834684910386,0.26315854329137867
0.1478857064708301,0.1818493374797335,0.2807491715095786,0.38951578453985786
0.0855743504722246,0.14436637050395054,0.2681129687102508,0.5019463103135742
0.11316753600797759,0.16002781317451814,0.3288804958272486,0.39792415499025574
0.2079714294405238,0.18274352730637125,0.3943727998053864,0.21491224344771848
0.027266001920413837,0.05623211809723763,0.12103721942873845,0.7954646605536101
0.10386715845869676,0.15147888806015766,0.38936094843033875,0.3552930050508068
0.23329907774732256,0.192617662401587,0.3494734062466896,0.22460985360440083
0.30888246642421796,0.21245212536318714,0.30001034508707775,0.1786550631255171
0.46439117886787534,0.22419278401697787,0.22178799028212512,0.08962804683302167
0.49595091780742395,0.2403871341848505,0.18040664398516265,0.08325530402256284
0.10149991570611935,0.17368682740857433,0.13353449394909797,0.5912787629362083
0.10881148784836095,0.15950610813401844,0.36950509157746,0.36217731244016077
0.14932310692221865,0.17497894919012968,0.3475675204739657,0.32813042341368587
0.16670889850867965,0.17253593805865164,0.3751073547370354,0.2856478086956332
0.1045605877837574,0.15064098266077205,0.26095888400668554,0.4838395455487849
0.11890403583940967,0.15272773531595968,0.3828562917432238,0.3455119371014069
