0.25764443025905537,0.10935070963191999,0.2822686114899935,0.3507362486190311
0.3203016283642004,0.29613965194050307,0.22636876150713972,0.1571899581881569
0.2536937856001215,0.38553596325117884,0.2700234462020652,0.09074680494663429
0.4002950465282106,0.18010379243113203,0.36615683927456166,0.053444321766095794
0.32943962897242607,0.30867409502335763,0.31005052166093156,0.051835754343284794
0.0784487681557128,0.19607478291182173,0.3785417856094275,0.3469346633230381
0.30074824696141045,0.13076280890894035,0.11810683189817132,0.4503821122314779
0.2896125950353926,0.3689703640506833,0.18867594713796526,0.15274109377595887
0.3808363788167879,0.25032306509532126,0.28371434723726147,0.0851262088506293
0.3520010101027664,0.23296491339097042,0.3352809412186489,0.07975313528761434
0.29471144295823687,0.27640960638428136,0.35951660486788606,0.0693623457895956
0.02112273032198097,0.08679500967636622,0.1344136669819464,0.7576685930197063
0.3093937539227085,0.08289376927481684,0.033535358025234004,0.5741771187772406
0.3420186789945901,0.2886521195936708,0.16433405782537144,0.20499514358636764
0.5227566647295264,0.22368870999623724,0.22227111985051176,0.031283505423724496
0.3574118005446578,0.23735014624340234,0.2835155530492489,0.1217225001626909
0.5035249048431445,0.24697102273695082,0.2337483939512871,0.01575567846861758
0.0505082392486809,0.266956198725996,0.19064222847001353,0.4918933335553095
0.7265122143761031,0.1810633118337067,0.030526800197225226,0.0618976735929649
0.20859674091073488,0.6270786996647068,0.11368972150221501,0.050634837922343336
0.3569116780722221,0.24028478150566804,0.38278345023084376,0.020020090191265945
0.15006488476825322,0.24730564012809464,0.41120072535811586,0.19142874974553625
0.13128732911344115,0.21319744180085837,0.4474480378751783,0.20806719121052222
0.011602808234861296,0.046820105827877344,0.18465449843037365,0.7569225875068876
0.5474908456860901,0.09063994424943209,0.29154199256363517,0.07032721750084264
0.2683859694833337,0.4694895189405109,0.15561767617608538,0.10650683540006985
0.46553819036631694,0.22101852984463086,0.26605038180199964,0.04739289798705251
0.40764406657217334,0.237252154926551,0.3142306515315919,0.040873126969683864
0.4133657767962408,0.346588257676365,0.23241699585476683,0.007628969672627408
0.06992748083049642,0.25864969215752076,0.23134063939625632,0.4400821876157265
0.4355797527718134,0.07174862309703466,0.41989673776769143,0.07277488636346058
0.20420205016145995,0.45768424231717464,0.22375271733588123,0.11436099018548414
0.2892660377421573,0.210051971557212,0.37445561232296193,0.1262263783776689
0.2961137237969263,0.1880213830846674,0.272686771328474,0.24317812178993237
0.4566393404926593,0.2066766855766663,0.3221192932921728,0.014564680638501502
0.15354837390029427,0.150664074205075,0.2263791497691929,0.46940840212543783
0.4666382646599419,0.12816175594856422,0.09933458882590936,0.30586539056558465
0.35014302665203395,0.32830363447958083,0.13845751458916067,0.1830958242792244
0.6759325941860328,0.16796594916288834,0.1514282346635427,0.004673221987536229
0.4870761697575308,0.2702871312599706,0.22261459455609497,0.020022104426403568
0.4747039170774315,0.20004354009917075,0.2862071943747188,0.03904534844867906
0.12025468243289897,0.1669148364867997,0.22041993656293085,0.49241054451737054
0.7998688177314429,0.15454673118716936,0.01873440293611027,0.026850048145277555
0.24258923050126446,0.6403928428621356,0.057780311574863324,0.059237615061736554
0.5862187451596853,0.19851376314498878,0.20686013970283929,0.008407351992486661
0.28796110669876834,0.27276196623601967,0.37958918812517,0.059687738940042
0.18646875369431237,0.22118135106934794,0.46988821068470094,0.12246168455163875
0.012127381841857772,0.036996624627262324,0.09677734360966272,0.8540986499212172
0.6120762663802696,0.08677991439215776,0.036179707289118714,0.2649641119384538
0.5703845518934069,0.34159670879636045,0.05642478161540053,0.03159395769483225
0.6839604296509081,0.22595312709976018,0.0874023428292704,0.0026841004200614457
0.4610325051864851,0.24064062500526315,0.2674913885049048,0.0308354813033469
0.517300349241234,0.23252091512045683,0.24333298836069028,0.006845747277618747
0.08719510051946391,0.3038167963125482,0.18062943494224964,0.4283586682257382
0.49867412894646773,0.1443510052200482,0.15250778801856435,0.2044670778149196
0.312291569136531,0.4667525005765627,0.16288465095007704,0.05807127933682927
0.35113846522915454,0.3011586019040024,0.32249763153158056,0.025205301335262453
0.19499330542869545,0.14387457630526504,0.433785186584007,0.2273469316820325
0.23630939910202886,0.13244774105337284,0.4670620840223286,0.16418077582226956
0.05131020521424607,0.07170033882848648,0.1473365440794398,0.7296529118778278
0.6840126941661578,0.11894382032088166,0.002448027893633475,0.19459545761932706
0.5288373951172419,0.4065986975883802,0.04948935607075734,0.015074551223620369
0.6900916047917363,0.18764837871960777,0.12070125928659775,0.0015587572020582157
0.35479526703193304,0.24278782762498835,0.3458227821784586,0.05659412316461984
0.35291879891189504,0.26127273605464696,0.3214722252005262,0.06433623983293175
0.016304592265271266,0.1111534167630438,0.09036565961377345,0.7821763313579114
0.7193218213462448,0.1016892642519331,0.005521246217391015,0.17346766818443118
0.2598794149662753,0.5750255689098206,0.10555669828474248,0.059538317839161636
0.4061812370087265,0.16517186097975245,0.39328179981282674,0.03536510219869432
0.16491693344738328,0.08201798224642477,0.2827245876342145,0.47034049667197747
0.40227606875761435,0.1950007034621037,0.3152916598775382,0.08743156790274374
0.009680639918032204,0.06215737270448498,0.027071727298458605,0.9010902600790243
0.8853985053983114,0.10147041753638489,5.476285662992617E-09,0.013131071589017981
0.3581636718907728,0.5849646185669846,0.049432621636066126,0.007439087906176366
0.38697029898405155,0.19384670734531864,0.39622176793291836,0.02296122573771159
0.20426790339002163,0.2194183190794977,0.43526614641481254,0.14104763111566804
0.2530451048215374,0.3252438424709058,0.3686006190018094,0.05311043370574736
0.007136178039475845,0.0752492657621576,0.1197822955962747,0.7978322606020919
0.7455334569155354,0.0824313591224099,0.15527068511215605,0.01676449884989864
0.1425828699526425,0.612878936056849,0.1521615782455841,0.09237661574492441
0.2720029125613643,0.15965331946513459,0.45488970735012985,0.11345406062337128
0.13693358659077828,0.14615347600790002,0.31250335785976263,0.4044095795415592
0.3336729918428215,0.19872361284851803,0.41820558494886434,0.049397810359796145
0.026807104525504537,0.09258226990909127,0.11652153354681362,0.7640890920185905
0.7175180565402111,0.0928735388805542,0.015121779430495823,0.17448662514873908
0.21853431853307234,0.5275981618227522,0.11443525737818601,0.13943226226598937
0.5195218905436655,0.15923990770044924,0.30293581273150494,0.01830238902438044
0.428663357045154,0.26448720130200387,0.22101498745410553,0.08583445419873656
0.472804605693693,0.3239198883928144,0.18990062499361457,0.013374880919878023
0.018455838081696586,0.08650267834129839,0.165121883779796,0.729919599797209
0.8571852981835066,0.09972063089370038,0.03800120540059438,0.005092865522198703
0.11407660445221271,0.6829763876307035,0.10380560804519266,0.0991413998718912
0.39466526753365017,0.1394479730256716,0.4258279712805727,0.040058788160105614
0.2962613510494357,0.2563576658634365,0.3902320408696463,0.05714894221748148
0.16391108170741897,0.2683757163243587,0.431007778553693,0.1367054234145294
0.00735100811467642,0.02941414360382517,0.045011170164080766,0.9182236781174176
0.553836897025496,0.1146058345711165,0.18438603961772307,0.1471712287856646
0.42468162887958943,0.39834612880649084,0.154473234460173,0.022499007853746686
0.41259252910217886,0.2599609247124323,0.29570220071021636,0.03174434547517227
0.31953133198516187,0.10830351067058885,0.46230398065741374,0.10986117668683561
0.3759189568702876,0.2609229073952913,0.29436634674556766,0.06879178898885341
0.17148741194755313,0.27344871238825297,0.16229777815946286,0.3927660975047309
0.7983547767413575,0.17459311864339772,0.016013921099636508,0.011038183515608278
0.29223126556238027,0.5898134796775351,0.10859085839386758,0.009364396366217057
0.3557132088738429,0.1456315421191289,0.4683708274086348,0.0302844215983934
0.10801880786615634,0.2421772059071307,0.3254112163442723,0.3243927698824407
0.08241661072962529,0.1059408124153998,0.37593675171254287,0.43570582514243206
0.055150714766154796,0.03753115160186937,0.08234491348112938,0.8249732201508464
0.6656521956209747,0.11762817765137962,0.18453753259494882,0.03218209413269678
0.3831684659198283,0.3666040875316865,0.15026593966292484,0.09996150688556028
0.5726923660075335,0.14585441850470285,0.2670339855853454,0.014419229902418219
0.5032948399417911,0.23549802618534327,0.2470851416719862,0.014121992200879402
0.38020101256519917,0.3735821600571051,0.18311400993926696,0.06310281743842873
0.3058422609359011,0.21465719192602317,0.18070446082630917,0.2987960863117667
0.7310227719833889,0.1550464363923391,0.11040279349359852,0.0035279981306735723
0.20437344404726093,0.5927650549424418,0.15704955488167033,0.04581194612862694
0.3058053695996887,0.18042186609972843,0.40034350514050293,0.1134292591600798
0.22921098458394665,0.16911092307001366,0.3810428658746465,0.22063522647139303
0.23591516167541604,0.16243827516593282,0.45109768413322704,0.15054887902542405
0.15648739463151762,0.11641051061144513,0.1388283440779261,0.5882737506791111
0.6262872783828155,0.13488177222970596,0.039126788804250814,0.19970416058322776
0.5580109571074542,0.3339494361887662,0.08165524529159732,0.026384361412182485
0.6466105454459109,0.1837306234537187,0.16863419765100732,0.0010246334493630093
0.4910163266482185,0.18577526736442265,0.29686903523256597,0.026339370754792975
0.26779653305617934,0.40272811981004025,0.1907617026190601,0.13871364451472035
0.12447113765496128,0.1405971090196698,0.3052984627350191,0.42963329059034977
0.8464666947325247,0.12590865284767405,0.02296678356819176,0.004657868851609579
0.12302743504731989,0.7042690422832957,0.0970179673211591,0.07568555534822531
0.16294586385901408,0.07232637938093296,0.48777964540458585,0.2769481113554671
0.3123083483010019,0.07314102536479007,0.5081561213472221,0.10639450498698597
0.12834690852124261,0.3323325236305323,0.2608011986968561,0.278519369151369
0.0023129153037689844,0.0054491049766361675,3.2980346783922975E-05,0.9922049993728109
0.012988815045901332,0.30518697745766515,4.2918800419011347E-72,0.6818242074964335
0.6002496644106664,0.30433087397921277,0.030705898522101448,0.0647135630880194
0.3678458198328721,0.27166434223205155,0.03871828287743194,0.3217715550576443
0.26805440557166066,0.12333356943943055,2.459605526310521E-05,0.6085874289336458
0.07340441973303957,0.13108374978325246,0.00012108210364874214,0.7953907483800593
8.373417844221379E-09,0.00029762215032189696,1.814550056887137E-23,0.9997023694762602
0.012095126297645956,0.9446835785640517,3.4663612784797006E-81,0.0432212951383023
0.5389342407319904,0.4475760678669006,0.013156948949937273,0.0003327424511718351
0.00035646859316712894,0.10931265250054138,0.8149391229701505,0.07539175593614098
0.00013256657674074284,0.003757811263140167,0.5739696854953753,0.4221399366647438
0.01117347414640243,0.00011633729495928506,0.10448809775021013,0.8842220908084282
6.491806846695165E-10,1.1948361712542984E-06,0.00015388435022559098,0.9998449201644224
0.0773687549098211,0.07003902071222207,0.004501579833726951,0.8480906445442299
0.007634848654481395,0.09950837074381243,0.3558940839097473,0.5369626966919588
0.005129933194993823,0.014646024994217896,0.4572621617980579,0.5229618800127304
0.026061055900307446,0.07341309074159817,0.38760101618166676,0.5129248371764277
0.02089673208607816,0.09967522047814395,0.4743221400471917,0.40510590738858626
0.0006160574533045757,0.0066054618483649755,0.03843920474181623,0.9543392759565142
0.5642679546764756,0.16644285653831695,0.24437313559412424,0.024916053191083202
0.06583848459659113,0.5493827723104446,0.2176295389202416,0.1671492041727228
0.20979034497318813,0.117976492392163,0.5614709919601486,0.11076217067450038
0.16661008125524845,0.2841966563341681,0.4184805625544442,0.13071269985613926
0.024599632759683403,0.14274995353368253,0.30689871400791907,0.5257516996987149
0.008790181625226212,0.013224780120027738,0.09920983917109436,0.8787751990836516
0.5306328208768621,0.14212861489025544,0.271363744919588,0.0558748193132944
0.1340581125157923,0.39867656986513367,0.23263946943669175,0.23462584818238216
0.4539272286455535,0.08792069946904044,0.41899920746733005,0.039152864418076
0.40227105587166917,0.28602298571780294,0.2898723535540004,0.02183360485652738
0.32272079199948184,0.30944643276977424,0.24707290470223145,0.12075987052851254
0.07956329508919288,0.18211492123082837,0.059897720134855774,0.6784240635451231
0.7030556697410667,0.1254722672383893,0.16748612289656886,0.003985940123975187
0.16045637530700746,0.5874323565183683,0.1683948976225829,0.08371637055204124
0.2060892418128802,0.1978406547476321,0.46844288665900424,0.1276272167804835
0.08584784210203066,0.06220410798160913,0.44546041625267874,0.4064876336636815
0.13875385176005822,0.09275216783329344,0.42431343121139015,0.34418054919525815
0.0402474838069885,0.03884364134042834,0.006141833704572983,0.9147670411480102
0.5533824688550314,0.11734036404689646,6.653119059086577E-06,0.32927051397901314
0.7031921082248997,0.25058736488374544,0.04395491255522609,0.0022656143361286245
0.5740832000994739,0.2545086203094104,0.1707127213187347,0.000695458272380988
0.27942779519087724,0.19939078377711467,0.44176504964822516,0.079416371383783
0.09967742433472081,0.13483374583086943,0.28495960148749366,0.4805292283469161
0.005640118420912867,0.025774615433689554,0.038945699388255865,0.9296395667571418
0.7320771904037041,0.17934658495892622,0.015401417730518965,0.0731748069068507
0.2983050985620555,0.6003296213428565,0.08813542806131701,0.013229852033771018
0.23040790459163396,0.15029757817207426,0.5142828962103374,0.1050116210259544
0.09742159049425325,0.05256291833107879,0.5343657309783377,0.31564976019633006
0.02617696937227043,0.09627442126030482,0.23401542873538247,0.6435331806320422
0.0035979764914917467,0.008308897882588394,0.0014388695665339438,0.986654256059386
0.8542906305461584,0.11086608134981912,2.207145030830385E-08,0.03484326603257222
0.5122426216379579,0.42474976772968326,0.060868237771552584,0.0021393728608064327
0.37413418410624666,0.17492859524869053,0.4270841170722511,0.023853103572811975
0.13105404315412034,0.23618915381233382,0.39016078951226907,0.24259601352127672
0.24704786643278345,0.22649942288086009,0.2370687591515016,0.28938395153485486
0.008619689867968931,0.07685813818873585,0.03934819751372123,0.875173974429574
0.7906756512029015,0.08814479721088722,0.11898393714489719,0.002195614441313936
0.12794265901386143,0.6171686811097237,0.15823997142522564,0.09664868845118933
0.14488579449842257,0.13580480176467047,0.5504881324834574,0.16882127125344956
0.014261847884138042,0.036021852210962754,0.21768261649995507,0.7320336834049441
0.11162048409995169,0.10974829537841621,0.3992601603324974,0.3793710601891348
0.0154189131169603,0.03915624505972152,0.021737991033808076,0.9236868507895102
0.716551543295572,0.1118121946918429,0.01013053202401332,0.16150572998857185
0.3973223413179432,0.4321630543438109,0.14562492546125627,0.02488967887698968
0.3036076948379086,0.30437571219419884,0.371598119277812,0.020418473690080572
0.22287467748331227,0.23449220426609177,0.3742139026331146,0.16841921561748122
0.34003045475331184,0.297775951514559,0.23571438865700942,0.12647920507511967
0.02424959956756938,0.204218892761035,0.19887866513193647,0.5726528425394591
0.5858951267785422,0.16592928202745852,0.21412659826037514,0.034048992933624185
0.14670611812271653,0.5922369009937766,0.17395500716329637,0.08710197372021047
0.11716019538999224,0.15450145320287814,0.4911141837081986,0.23722416769893095
0.03744278975009017,0.041816102365478794,0.30094536867934174,0.6197957392050893
0.0808324452602626,0.11791012484554518,0.37783214695431117,0.4234252829398811
0.0037238383232251647,0.015079114074800998,0.015898387778678573,0.9652986598232953
0.42599417583460764,0.09043456520582205,1.261850247955249E-06,0.4835699971093224
0.3875759694387286,0.38709308206900994,0.16207770877534622,0.0632532397169153
0.2843936493016742,0.23004796528167654,0.4563894256464092,0.02916895977024
0.4044136319528755,0.23691806598978765,0.2520333108997726,0.1066349911575643
0.245034588548527,0.44577443813339174,0.20902232280327682,0.10016865051480447
0.007341568053195004,0.11404949705571435,0.16687802338451885,0.7117309115065719
0.7703945411267046,0.1509623180523027,0.07168426282347357,0.006958877997519202
0.11231722586466861,0.6911996942888752,0.12833401946755613,0.0681490603789001
0.03988255780860614,0.10050224096224618,0.49760375385428635,0.36201144737486124
0.07333898633977994,0.05848799453595367,0.49052131542764577,0.37765170369662066
0.025790739076197024,0.13042983067029995,0.2913649346558913,0.5524144955976118
0.0006646322644771594,0.003786963134081693,0.03275402247802182,0.9627943821234194
0.5677162120076705,0.09019069452195277,4.907831905504711E-06,0.34208818563847126
0.23376189558888508,0.46669346824214986,0.16178809674508182,0.13775653942388322
0.2978326488171497,0.18987127781685975,0.23721287711264163,0.2750831962533489
0.5985960804873957,0.2583501445459105,0.10559149962590669,0.03746227534078707
0.4963706610567037,0.39203110501243044,0.1068900044510806,0.00470822947978531
0.011078005185953522,0.1862356152988139,0.2221871788879206,0.580499200627312
0.7190576773239111,0.09440860106359093,0.18434712045381954,0.0021866011586785298
0.07227778456923313,0.5920914281676002,0.1365473137331586,0.19908347353000802
0.05594709137052506,0.1552795841704679,0.35513356091535614,0.4336397635436509
0.05139105953770573,0.07438678767022028,0.3504658721568398,0.523756280635234
0.0868551316996939,0.16986348917529126,0.5046021599157136,0.23867921920930132
0.0018326213680486536,0.011985137827803902,0.11522350399862807,0.8709587368055194
0.07972214758831618,0.01574216956046328,0.011972352077461014,0.8925633307737596
0.1667236177295896,0.12782686899075477,0.1284711487070046,0.5769783645726511
0.47992127459782824,0.2168388204291695,0.09790634968159588,0.20533355529140637
0.8054501554211952,0.18313647202103325,0.00684689279288147,0.004566479764889935
0.6154200104045202,0.336264013102569,0.04698762410140278,0.0013283523915081782
0.016692154126911773,0.2611425712697561,0.24475184416800863,0.47741343043532347
0.2950264159354684,0.20647235941460726,0.45437198528832723,0.044129239361597176
0.09797850835989247,0.46231972542127797,0.2787121163308721,0.1609896498879573
0.10569775706750296,0.09067757954319705,0.44355891936832903,0.3600657440209709
0.010863707907062786,0.02715645651969512,0.19029070224078143,0.7716891333324607
0.05552369852258981,0.053462160777286015,0.4034108643709063,0.48760327632921796
