0.30903788469237675,0.24207330446352135,0.2071414211146453,0.24174738972945659
0.31100035613175303,0.23969552282744952,0.2077064279191892,0.24159769312160836
0.30160713602896244,0.2499995115784515,0.21313899810562834,0.23525435428695776
0.305018561520487,0.2465735843098238,0.2148077491630399,0.23360010500664927
0.3041858758580269,0.2485276991763701,0.21594220489326973,0.23134422007233327
0.29423694099469977,0.25943061383420407,0.22263142996902927,0.2237010152020669
0.3233261338289602,0.2299091015587734,0.21018803972766428,0.2365767248846021
0.3139778361834904,0.24063529680124826,0.20763621327877316,0.23775065373648824
0.2969094878281915,0.2565242341790333,0.21706709695157195,0.22949918104120334
0.30844836903341644,0.24378456590072456,0.21578178524773609,0.231985279818123
0.2914090561168361,0.2630420737084197,0.22369517116368376,0.2218536990110605
0.2980131304012979,0.255631493322082,0.22582706617968099,0.22052831009693918
0.3247497048669728,0.230069837953116,0.21080465828379283,0.23437579889611848
0.31768139652641386,0.23767565434443705,0.2063545990353036,0.23828835009384539
0.30530154398927745,0.24811128229634666,0.21173693101115362,0.23485024270322225
0.31518177493778926,0.23674795449235986,0.20870445992397743,0.2393658106458735
0.3126854468763203,0.23973322836301525,0.20753868258182614,0.2400426421788382
0.3109394876979647,0.24088455736240633,0.20826062248438276,0.2399153324552461
0.3258057714221228,0.22531129180088977,0.19981888292502908,0.24906405385195832
0.3082750276943806,0.2432176035064474,0.20469364676728402,0.2438137220318879
0.28754400481708925,0.2639580151425322,0.2200316005406747,0.22846637949970394
0.29854545604388905,0.252731301432976,0.22279739987274885,0.22592584265038607
0.2855686304702486,0.26902958124781884,0.23074137414355408,0.2146604141383785
0.30378397053050726,0.25049552059745683,0.22650028269278516,0.21922022617925074
0.32869351941464914,0.2275180550444759,0.20880390039559998,0.23498452514527504
0.31050255330140003,0.24556982256228657,0.20975233750369005,0.23417528663262335
0.3040013340036491,0.24938538757368822,0.2148611669301241,0.2317521114925386
0.3153032273706662,0.23733337878840277,0.21029257587210984,0.2370708179688212
0.29896250797604434,0.2548349667955054,0.21643436444968567,0.22976816077876444
0.2887515855682174,0.2646977544682378,0.22668761347526872,0.21986304648827604
0.31610299571603717,0.23728644391789827,0.21669964025861527,0.2299109201074492
0.30489848783789286,0.2507408735093929,0.21654184521831887,0.22781879343439543
0.2856056482603979,0.26957936078988887,0.22878118431964803,0.2160338066300652
0.31431844908332607,0.2395184926619236,0.2196382412832204,0.22652481697152999
0.29734107314892816,0.25922478201813626,0.2225332560009597,0.2209008888319758
0.29807818519178153,0.2568120709356405,0.22562509833919797,0.21948464553338
0.3184357547578488,0.23662902502645208,0.21485477916761977,0.23008044104807943
0.311204507781939,0.24451491852363913,0.21252854781076022,0.2317520258836617
0.3109208233983851,0.24302473574091554,0.212143507632039,0.23391093322866038
0.3071412906409426,0.2463245277640158,0.21345973664411313,0.23307444495092838
0.301382277105512,0.2519313854919027,0.21744147826671298,0.22924485913587225
0.3137764541647844,0.23918041734847542,0.2126064531430001,0.23443667534374
0.3294609494634822,0.22384065937881203,0.20023707411842862,0.24646131703927712
0.30942421982187285,0.24339692093426138,0.2048939458338713,0.24228491340999447
0.28965472471721304,0.26226599945816187,0.21937150751942425,0.22870776830520093
0.2948324729675129,0.25691769408635934,0.2246162104030772,0.22363362254305053
0.27672647801270545,0.2783363291487623,0.23695182493465744,0.20798536790387495
0.30017951789714836,0.2541855026304889,0.23241504759187265,0.21321993188049004
0.3358628557705337,0.2216499632575405,0.2078287318371487,0.23465844913477707
0.32415901670644015,0.2327779057290861,0.20161069082851207,0.24145238673596175
0.30756482094414966,0.24585737038198047,0.20829319094371931,0.2382846177301505
0.3104689981154315,0.24097413219778732,0.20956022907500588,0.23899664061177542
0.30493727372927487,0.2471361203497369,0.21248878508815916,0.23543782083282908
0.2984187709376447,0.2540351533811371,0.2182404250759417,0.2293056506052766
0.31583182276921623,0.2365773352777707,0.21164553457294555,0.23594530738006755
0.3092373441267239,0.24446169112311517,0.21116626573838476,0.23513469901177608
0.28006773657494816,0.27455134050486096,0.22816713633784952,0.2172137865823414
0.29394593358994137,0.2589685976485673,0.23116724855003512,0.21591822021145618
0.29734745153040687,0.25828444448530197,0.22922899406639674,0.21513910991789448
0.3096128017350578,0.2465188785185939,0.22208849787736704,0.2217798218689813
0.33662952631456955,0.21988068609304393,0.20231867538205328,0.2411711122103333
0.3196831612059356,0.23547404065836866,0.2009572660111502,0.24388553212454558
0.3017137558235173,0.25059193977910166,0.21085673480893374,0.23683756958844726
0.30175408254145264,0.2495324414206345,0.21577759844758052,0.23293587759033224
0.29477984476516367,0.25802926090967415,0.22185966249876707,0.22533123182639503
0.2998192300957339,0.2534960268083993,0.22305622646408815,0.2236285166317787
0.325118576934361,0.229117960706824,0.2089507061842068,0.23681275617460829
0.3084269357318136,0.24662930531248098,0.21045450074654506,0.23448925820916033
0.2800409129456163,0.2745646584367078,0.2283784233702917,0.2170160052473842
0.3138689841007962,0.23875284629225643,0.2197772412119525,0.22760092839499482
0.30898698731857194,0.24678273306765733,0.21561315814269655,0.22861712147107424
0.3157555235047419,0.23858976708996446,0.21106655485519688,0.23458815455009674
0.3438629453177341,0.20973211371958947,0.19136924975251632,0.2550356912101601
0.31127425488452337,0.24114134764142045,0.19873863182833698,0.2488457656457192
0.288804865407996,0.26164269745467145,0.2164830044500225,0.23306943268731004
0.3128751012308128,0.2368683868990387,0.2121864277368859,0.2380700841332626
0.29432255134756835,0.25914605296834,0.21906701202042195,0.22746438366366983
0.3015299123221358,0.25104594495168087,0.2209372759916284,0.22648686673455495
0.3291518434976932,0.22456641145243772,0.2051209398176274,0.24116080523224162
0.2979881778208824,0.2571427732849397,0.21398568515838703,0.23088336373579085
0.284641570190135,0.26859850488655285,0.22831344735531905,0.21844647756799312
0.3124792486644489,0.24060217999893543,0.2197862214509053,0.22713234988571024
0.29721490207734375,0.2588883798115243,0.22251281260674008,0.22138390550439196
0.3032211695527645,0.2513659382771758,0.22253225647983654,0.22288063569022323
0.32647794177965184,0.22852686270407913,0.20820879494131056,0.23678640057495837
0.31085524591487174,0.24431135399846396,0.2089168259537748,0.23591657413288936
0.3012749829174233,0.25184278523140624,0.2156296291190478,0.23125260273212256
0.32000084155701497,0.23223098687664828,0.20797926036394387,0.23978891120239287
0.30129741685668393,0.25242240416263084,0.21353096528253468,0.23274921369815044
0.3079383226762861,0.2441396007783143,0.2141421239951804,0.23377995255021916
0.33405136836143584,0.21849510389381574,0.1982267967525953,0.2492267309921531
0.2979834422161836,0.25564760374455325,0.20981662699353434,0.23655232704572876
0.2914117056217171,0.25987920583621726,0.2218583162362924,0.2268507723057733
0.3107671901894676,0.2412601150581459,0.2163719585674619,0.23160073618492455
0.2775000527520094,0.2785429827409203,0.23143194551733587,0.2125250189897345
0.30516697496274175,0.24814649951186057,0.22706794553436885,0.21961857999102874
0.3264395737199378,0.22989838751108976,0.2099769982019199,0.23368504056705258
0.3086815899906953,0.2474515816227548,0.2115419269728282,0.23232490141372183
0.29566842382771436,0.2583616414987742,0.22060995462072144,0.22535998005278998
0.3085016853697329,0.2446577126254905,0.21785148955690192,0.22898911244787473
0.3168975510808133,0.2373214581315589,0.21058462520667695,0.23519636558095075
0.31268693377664847,0.24122593928949826,0.20927761452414076,0.2368095124097125
0.3318155611489762,0.22046648078710573,0.1975387912133692,0.2501791668505488
0.29795414915835905,0.2549906332738189,0.20951184644458973,0.23754337112323243
0.27779701403906126,0.27436791676903405,0.22908152439395324,0.21875354479795156
0.2906827419032576,0.2616262662079584,0.23271738035053072,0.21497361153825328
0.2826196295864806,0.2732391907609044,0.23821405246259333,0.2059271271900218
0.3205748057655515,0.23545247019305335,0.22121945525817838,0.22275326878321666
0.3218189696953509,0.2361650383360609,0.20993011238143158,0.2320858795871565
0.3031627115544632,0.25281679547235125,0.21550010812707945,0.22852038484610604
0.3109290972824991,0.2425317502803723,0.21417737100268788,0.23236178143444067
0.31338040080002216,0.24033724149375027,0.21073005609625903,0.23555230160996865
0.3043816617506896,0.24917615716647412,0.21409699189873949,0.23234518918409683
0.3106913735899834,0.2419592699240535,0.21261751855638897,0.2347318379295742
0.3221724466898617,0.23060193368856824,0.20453310943657668,0.24269251018499335
0.2896411488754523,0.2644816755891542,0.21840620775823377,0.22747096777715983
0.28307471730206396,0.26963533050815325,0.2315814154159448,0.215708536773838
0.30139535876243423,0.25226887194408326,0.2277406489532293,0.2185951203402531
0.2925785996845501,0.26388889710573027,0.22998536103958994,0.21354714217012966
0.3137177654436381,0.24195561189130532,0.22069693286739955,0.22362968979765704
0.3236928203526535,0.23285458023715355,0.20879587417731352,0.23465672523287953
0.31536056578314553,0.2397329099314934,0.2073684950265465,0.23753802925881462
0.30783474918391796,0.24527195235176336,0.2108315128637032,0.23606178560061533
0.3068957818650521,0.24542977603920207,0.21278290934133198,0.23489153275441393
0.3012056772760917,0.25159346933340465,0.21678613891270226,0.23041471447780149
0.30792882574420666,0.24483741285489521,0.21546507472302784,0.23176868667787043
0.33232184690734207,0.22084070094724376,0.20020724286070307,0.24663020928471127
0.2862543117324894,0.2689050538856547,0.21763937220890656,0.22720126217294948
0.27365294337331647,0.27921015311114616,0.23704041981995014,0.21009648369558723
0.3168462324881703,0.23656734165495258,0.22215784808221217,0.224428577774665
0.27938013487386515,0.2792898488292414,0.23332067957656186,0.20800933672033156
0.30082144017136336,0.2539298880331276,0.2313919271961755,0.21385674459933354
0.3531239677620688,0.2050944370498826,0.19714114187987003,0.24464045330817863
0.31039658381226565,0.24695653836411496,0.203419800227157,0.23922707759646236
0.3005780810793057,0.25146007819763305,0.21408646410811785,0.23387537661494343
0.33277279172535207,0.21848237822858568,0.19924192803343702,0.24950290201262518
0.32554143941189645,0.226152938193283,0.19416294579328566,0.2541426766015348
0.33936926752568974,0.20898845390910184,0.18379234920173382,0.2678499293634747
0.34578238059662075,0.19956880634420646,0.17272496690535205,0.28192384615382077
0.3220331013205776,0.22016463917330514,0.17961294902967428,0.278189310476443
0.28382199240138495,0.260202850750423,0.20512752078669844,0.25084763606149374
0.29318604304909823,0.25129134932374003,0.21552253542371633,0.24000007220344524
0.26392546356769775,0.2534509535698969,0.23000108083366644,0.252622502028739
1.7004451341388774E-22,2.818751288200699E-21,2.381228395709798E-16,0.9999999999999998
0.06492885953929427,0.19799111585692047,0.07396512506780885,0.6631148995359764
0.13691204137330207,0.2492583956581127,0.13954706728091879,0.4742824956876665
0.193467644738074,0.2689871018672362,0.18498617691242733,0.35255907648226237
0.26107593554911274,0.2380843993067444,0.19546116675516959,0.30537849838897324
0.26456677865358186,0.2637765896227811,0.21121361626892193,0.2604430154547151
0.3053460542017227,0.23259391320772005,0.20640343696499344,0.2556565956255638
0.32191122360138874,0.22361464353692398,0.19596602235942479,0.2585081105022626
0.2879575808345166,0.26183267696709,0.2123656058246643,0.2378441363737291
0.29619021193344747,0.2527385185386475,0.21957170441807555,0.23149956510982952
0.2984584261263223,0.2536158933123622,0.22113854366173946,0.22678713689957605
0.27591829340739515,0.2791434858574149,0.23553412026370052,0.20940410047148933
0.3117852014543235,0.2420822300873089,0.22505251298633502,0.22108005547203266
0.32484896011932757,0.23217297922096894,0.2097573540269981,0.2332207066327055
0.29437373006584033,0.262375423757534,0.21978337647212345,0.22346746970450224
0.3179778690786308,0.23525600274548192,0.21302899942293457,0.23373712875295258
0.318170018314356,0.23624530202928054,0.20694132077812555,0.23864335887823795
0.30164849582535636,0.25198599367116475,0.21372693479892493,0.23263857570455396
0.3199886094667805,0.23186446713577247,0.20718529795371793,0.2409616254437289
0.31541050807681215,0.23724786570521314,0.20492330476307313,0.24241832145490155
0.28843470953665146,0.2646453434221603,0.21964408580525624,0.22727586123593208
0.2732674569618512,0.28004812384904487,0.23733351989354337,0.20935089929556067
0.2985126976939477,0.254979797669871,0.2331338022296336,0.2133737024065477
0.3056595141861918,0.25122142178762696,0.2254412122097726,0.21767785181640859
0.32207526899704,0.23475078628412582,0.21301024478062416,0.23016369993821
0.33846626812881325,0.21749647905596337,0.19629941177133858,0.24773784104388485
0.3183994665571585,0.23499040041161054,0.19833226495626738,0.24827786807496352
0.29917033337061844,0.2518047473949312,0.21037413234310448,0.2386507868913458
0.29392969704444555,0.25689566984711076,0.2196466900518619,0.22952794305658183
0.3016058725075505,0.25041215235043446,0.22021889174817164,0.22776308339384344
0.31996633535933505,0.2334128514068588,0.20992441732543685,0.23669639590836933
0.3304428911706391,0.22316089081576337,0.19817292993344915,0.24822328808014843
0.3006396453505925,0.25239659042046,0.2088900557790829,0.23807370844986459
0.2728915061768452,0.28012510183669026,0.23132527056722144,0.2156581214192431
0.2993050476420398,0.25260368112574055,0.2295511534907246,0.2185401177414951
0.297775648823133,0.25817679207465954,0.22746827319072477,0.21657928591148265
0.31953390645442203,0.23625287113590124,0.2155742901836836,0.22863893222599313
0.3472061671829133,0.20904231065377177,0.19215697489519798,0.25159454726811703
0.3059784852215016,0.24846884846692827,0.20296064733265448,0.24259201897891572
0.2973351457005927,0.2532279644422202,0.21485459006810476,0.2345822997890823
0.31107926454460877,0.23975903823973152,0.21200756858200093,0.23715412863365862
0.3086414643436242,0.24393604775659514,0.21134996783210097,0.23607252006767954
0.3218094202684909,0.23019562853914952,0.20415829762016485,0.24383665357219467
0.32030249140631445,0.23155514491600399,0.20050859785096734,0.2476337658267142
0.29346748535260103,0.2585738064680089,0.21401901450990837,0.23393969366948175
0.27560496896141606,0.2768656437998492,0.2325168100807873,0.2150125771579474
0.3085173624524595,0.24393007879141926,0.22445620390942336,0.22309635484669796
0.30665674501472473,0.24947783129850104,0.2195343099941423,0.224331113692632
0.31572240347263886,0.23944638360396833,0.21334176733774546,0.23148944558564746
0.33113997171770426,0.22334568247691483,0.20039968050877188,0.245114665296609
0.3115389156405272,0.24184220108506094,0.20413396543384138,0.24248491784057052
0.30322358785645354,0.24801801629998405,0.2113803217245144,0.23737807411904804
0.3126842652155692,0.23826668953150984,0.209247552943532,0.23980149230938907
0.3131596731486284,0.23870166639578175,0.20729484587581665,0.24084381457977314
0.31020337986611457,0.2415108462597121,0.208324510354916,0.23996126351925737
0.3185088159552505,0.23264883563254815,0.20412209056557382,0.24472025784662765
0.2960368994397432,0.25636029232043234,0.2142369151446332,0.23336589309519135
0.2766284492063641,0.27635365480745444,0.23201235717314106,0.21500553881304055
0.30702547279279846,0.24559942290317183,0.2252000364679806,0.22217506783604898
0.30106938351833223,0.2552085461633598,0.2232219234451983,0.22050014687310956
0.308910035626985,0.2464512283955336,0.21948372024131352,0.22515501573616784
0.33617141478371826,0.21919229903261603,0.20097691092396205,0.24365937525970363
0.3141926991597064,0.24037019616861005,0.20299792151606136,0.24243918315562213
0.3048783801295184,0.24670834088621904,0.21015973418411565,0.23825354480014688
0.322561053662472,0.22811874710874022,0.2028893831577102,0.24643081607107767
0.311111955147747,0.2405028567369908,0.20462935527848256,0.24375583283677962
0.3180741191940737,0.23203375035105617,0.20238627202782672,0.24750585842704342
0.32960314862809237,0.2201683512498774,0.19355812982210208,0.2566703702999282
0.28986983141147415,0.2615320440629885,0.2112237383994636,0.23737438612607376
0.27394507807632157,0.2771869537381025,0.23205578188103723,0.21681218630453863
0.304754996046929,0.24700625918679997,0.2259990286463615,0.22223971611990945
0.28200194714483257,0.2748173412651865,0.23404340390171707,0.20913730768826383
0.29837492393115284,0.25655276684834594,0.23226136335069755,0.21281094586980356
0.3440795597289757,0.21356480995414243,0.2031726403508422,0.23918298996603965
0.30778231748224233,0.24983828389777804,0.20816158094152437,0.2342178176784552
0.3133061398531117,0.23915471881941947,0.20943797450686147,0.23810116682060745
0.33506428625945994,0.2169442473128287,0.19510851452395936,0.25288295190375204
0.30824647303953395,0.24361181626373787,0.20218848657653168,0.24595322412019646
0.3137905583894692,0.23526330719159547,0.20385350817083828,0.24709262624809708
0.32460302797549184,0.22475129130384197,0.1970391182099858,0.2536065625106805
0.29364629417931787,0.2574269589272265,0.21098780837596284,0.2379389385174928
0.27866568684087617,0.27257008190335363,0.2289367337303802,0.21982749752539
0.30488761215513316,0.24692177751845576,0.22409443640249319,0.2240961739239178
0.27994190473505826,0.276612782432592,0.23423953209190473,0.20920578074044502
0.2843182507759129,0.27060569566174636,0.24030013228987,0.20477592127247068
0.33245949250575507,0.22458397206078595,0.2148557752669281,0.2281007601665309
0.32897327671290166,0.2293853341517841,0.2023977747023161,0.23924361443299816
0.32548161055239405,0.2287096425601266,0.1987118461291924,0.2470969007582871
0.33730520241721107,0.213542985666029,0.18839710870809956,0.2607547032086605
0.31147497553787695,0.2378998587373696,0.1963633568899175,0.25426180883483596
0.29550244542282794,0.2528101919862139,0.21031923404108416,0.2413681285498739
0.31094643494843804,0.2375864510234975,0.20897337699745092,0.24249373703061333
0.28586172865631093,0.2667327800219544,0.2218600184331855,0.22554547288854898
0.27892964534793985,0.2738777618931254,0.23531207805946153,0.21188051469947322
0.30120685611090436,0.25266246960562005,0.230025178280806,0.21610549600266965
0.30406099846316437,0.2526269097072169,0.22476436519247303,0.2185477266371458
0.3186812912512871,0.23762550398216886,0.214638936743216,0.22905426802332812
0.32634343926164994,0.22938987525153787,0.20416836644784273,0.2400983190389694
0.31378221395046374,0.2401831767656742,0.20547903067723441,0.2405555786066276
0.3139932772194713,0.23767475030029764,0.20597473674941574,0.24235723573081527
0.3155659174301708,0.23559456277326007,0.2044290833286334,0.24441043646793564
