0.3162430715425747,0.19802054044782888,0.2549605643631857,0.2307758236464109
0.2916150210450133,0.23231739564412113,0.24055141677653766,0.23551616653432791
0.374384409126413,0.20288565102282238,0.2337618568834802,0.18896808296728432
0.34799523625332834,0.22800631726207987,0.22572111028671704,0.19827733619787474
0.34409784370181856,0.220172626242277,0.2309693271934582,0.20476020286244628
0.37106986314496165,0.21386032426489052,0.22692735246679427,0.18814246012335353
0.24877206482667893,0.24744611657174412,0.23651690729858849,0.2672649113029885
0.38129102695498107,0.19102496603371777,0.23935742672932497,0.18832658028197619
0.3639391207616639,0.22700924116960214,0.22176023328386874,0.18729140478486536
0.37799569444782427,0.2143021814384602,0.22330897425627236,0.18439314985744326
0.32610474172872894,0.23173288076047807,0.22893473835239098,0.2132276391584021
0.3984751820243482,0.20188930665581933,0.2247952940089582,0.1748402173108743
0.2490192301523049,0.2546352998248737,0.2322927216705015,0.26405274835232
0.37362610817898617,0.19183455063270607,0.24100183426074973,0.19353750692755797
0.3268102282795998,0.23524566757088308,0.22830062154551675,0.20964348260400026
0.3534296147809323,0.21328217193705484,0.23266177501974084,0.20062643826227206
0.1932342983833583,0.252451779258699,0.23869109493865134,0.31562282741929143
0.3777513828702398,0.18102477003902712,0.24845791892150912,0.19276592816922386
0.1323944839893028,0.2679731498022318,0.22616593252628425,0.37346643368218113
0.4139508607047058,0.1592183893331209,0.25078292319826534,0.17604782676390784
0.3242625251559696,0.2492883194782468,0.2215001303092037,0.2049490250565799
0.3834746748511539,0.20326037409144884,0.2283748166988383,0.18489013435855894
0.3272524441337921,0.2343433474859082,0.2275801656882959,0.21082404269200383
0.3980387981071571,0.20187833841518354,0.2247940339620582,0.17528882951560137
0.21679518799925268,0.2600039791054406,0.23288662858223314,0.29031420431307364
0.40643704763716804,0.17760715432080953,0.23935844368232065,0.1765973543597018
0.3465467770547213,0.23823207588281198,0.22050742658385775,0.19471372047860894
0.35794898044552037,0.21489706063679268,0.22940878430327882,0.1977451746144081
0.2998219974147928,0.2343343222970375,0.2347489366110214,0.23109474367714836
0.42036157975254806,0.19155851145430725,0.22386501942991432,0.16421488936323045
0.2945575243649252,0.25088959759919127,0.225733076269264,0.22881980176661962
0.40396862426214525,0.1925944674785172,0.2286548310736492,0.17478207718568836
0.371785184300636,0.22787187533288944,0.2177398286123663,0.1826031117541084
0.3993105708050484,0.20943054989877863,0.21851756594637875,0.1727413133497944
0.36357615357488277,0.22631782912746387,0.2205297644687059,0.1895762528289475
0.401303485858588,0.20772619909264325,0.21918230406715575,0.171788010981613
0.33118356788826253,0.2354734381616388,0.22490356332239242,0.2084394306277064
0.38977347432027476,0.20437706523791893,0.2259608987839147,0.17988856165789172
0.3493506030226154,0.22961521037551155,0.2236754658762468,0.19735872072562624
0.39253255829076394,0.20751560886914772,0.22277263522484556,0.1771791976152429
0.34254142077501,0.2312406892133807,0.2244631929610334,0.20175469705057586
0.3797440642820249,0.20953470758301007,0.22609290296068624,0.18462832517427888
0.13391309074095656,0.2611422456139746,0.227241892248876,0.3777027713961929
0.44197891953357465,0.15364855890897808,0.24372108184682828,0.16065143971061907
0.3668423143846309,0.24285647462977236,0.21150023296684148,0.17880097801875525
0.39806468203105816,0.2068999964737696,0.21991647150560903,0.17511884998956315
0.3491135798754924,0.23030139334458974,0.22285485982912395,0.19773016695079398
0.40534579758307576,0.20380910836507873,0.22040483835943792,0.17044025569240767
0.26311038523353847,0.252561078293677,0.2307932423921025,0.2535352940806819
0.38234812827868764,0.19245295640490553,0.23732068282675448,0.18787823248965238
0.34984632430421425,0.23058827163411172,0.22394966873249478,0.1956157353291791
0.37872961568593894,0.21128682975342153,0.22518283759204472,0.18480071696859482
0.27147821783384257,0.2447674890862616,0.23417379853627218,0.2495804945436235
0.4101885179199902,0.18809701941886803,0.23028705141226163,0.17142741124887997
0.2883814594765066,0.25135516333160224,0.22747357445930375,0.2327898027325874
0.40043433999635514,0.19252629550132255,0.23017520314468928,0.17686416135763294
0.3815566789373839,0.22460590959478885,0.21650925146233882,0.17732816000548846
0.3998100904685637,0.2112980446531756,0.21703907001202064,0.17185279486624008
0.3513460262352675,0.229316885527888,0.22244976155015267,0.1968873266866918
0.3891328813806415,0.20866088342828903,0.2231914017873657,0.17901483340370367
0.2395282212941009,0.25319955192767724,0.23419594359890214,0.27307628317931976
0.40657903493321473,0.18242172382138433,0.2358359639554109,0.17516327728999007
0.3573433772681029,0.23436503178921334,0.21912166069145905,0.1891699302512248
0.3876646199796367,0.20946806872653193,0.22276748664705281,0.18009982464677848
0.2955227303357375,0.24139141464397126,0.23090919623519413,0.23217665878509697
0.41746124320134864,0.19054693266412792,0.22537950436824222,0.16661231976628116
0.20623809209331653,0.2675707760818257,0.22960464943045997,0.29658648239439783
0.43094088739421305,0.16890077753484053,0.23562133598396845,0.16453699908697791
0.37101012107018044,0.23674644413764115,0.2131699367535907,0.17907349803858763
0.38074521534414235,0.21306170115203027,0.22233972626742746,0.18385335723639995
0.21544686144707803,0.25443176420347197,0.2357543107373473,0.29436706361210263
0.40965778399558195,0.1772813871381244,0.2387022952934821,0.17435853357281147
0.08946584604843914,0.2697067900385241,0.20840650182558815,0.4324208620874486
0.4287191748101359,0.14633752610301382,0.2547267084322832,0.1702165906545673
0.3070539412052948,0.25899776980129907,0.22086866284499418,0.21307962614841172
0.34877767916323715,0.2075048734711961,0.2368989329666483,0.20681851439891863
0.2330187235989767,0.24713288874768646,0.2399348547704319,0.27991353288290505
0.42518350629535023,0.17769859388188605,0.23236672772818034,0.16475117209458326
0.15481556091892731,0.2771765559070794,0.22389208516540005,0.3441157980085931
0.43454456493195376,0.15776007211392068,0.2426359441106725,0.16505941884345304
0.3486320107664674,0.24599044186195324,0.21553339599926707,0.18984415137231248
0.38998029257798467,0.20580070877605175,0.22389445496650642,0.18032454367945724
0.29023938183588815,0.24359507004613493,0.23096959400694675,0.23519595411103028
0.41800990745174005,0.18927106469765387,0.22604191917391403,0.16667710867669197
0.20441024328709745,0.26821196871152064,0.2294272018884615,0.29795058611292036
0.41628014566160815,0.1720459853124288,0.2392574494343843,0.17241641959157886
0.29936325593063456,0.25310556399086553,0.22482134595823078,0.222709834120269
0.36951731975057267,0.20194152835852558,0.23445154869544033,0.19408960319546148
0.29247914891226295,0.24051286623609328,0.23330249980450704,0.23370548504713684
0.39367833954905324,0.19656556886587612,0.23051314701408268,0.1792429445709879
0.06133497757619296,0.25186318524045626,0.1947879710460794,0.4920138661372714
0.4544911163652131,0.13550313241704137,0.2529948131421975,0.15701093807554795
0.3441333954701792,0.25532867240277163,0.21221764448981495,0.18832028763723413
0.3842654352732863,0.20530017616378152,0.22583086558217394,0.1846035229807583
0.33703470326433077,0.23147407800992603,0.22632701707176345,0.2051642016539798
0.4008768369545265,0.20306240331288045,0.2228545075842464,0.1732062521483467
0.27705804709880644,0.2490942494260334,0.23040032809530253,0.24344737537985778
0.38756890619359674,0.19408965969627287,0.23422746003947442,0.18411397407065588
0.3845368547381247,0.22158082665620002,0.21766263348897896,0.17621968511669636
0.35359757178522744,0.22480707119760393,0.2244197397887083,0.19717561722846028
0.276870066145951,0.23657255786870085,0.23782349421340612,0.248733881771942
0.36115649475257466,0.20237247869936256,0.238555056334016,0.19791597021404683
0.26094919791921456,0.24586293232736964,0.2367738465079742,0.25641402324544155
0.4205185990127636,0.18374750755124875,0.22946220683402208,0.1662716866019655
0.3641949158142696,0.23436167121428617,0.21634748371164284,0.1850959292598014
0.3991979250818729,0.20730703142759183,0.21977499476637546,0.17372004872415975
0.3683500660453252,0.22534337667208343,0.21968643957499487,0.18662011770759654
0.39244174359263073,0.21107458092869166,0.220193340870613,0.1762903346080647
0.33458715276372003,0.2325590465819995,0.2257654832648419,0.20708831738943848
0.4041293393288322,0.20153808425674558,0.22262545510512574,0.17170712130929647
0.35350991149999345,0.23131046734999375,0.22105344655408965,0.19412617459592302
0.3401760147678438,0.22132573260784075,0.230997499335903,0.20750075328841255
0.36948389313676194,0.21337499023883089,0.22780344505259725,0.1893376715718098
0.38795890878506667,0.21457227082029748,0.22027197508793742,0.1771968453066984
0.2785408414787266,0.24433729906463358,0.23250037993069994,0.24462147952593988
0.41396395616116527,0.1882594801524726,0.22854763045695478,0.1692289332294073
0.38779435550399594,0.22571144217250416,0.21345691326487648,0.17303728905862334
0.395478996130007,0.21324669238711752,0.21712590228694725,0.17414840919592836
0.3635032172244685,0.2250199344536664,0.22123229690588972,0.19024455141597546
0.3925231654592191,0.21031494646127644,0.2208059209707281,0.17635596710877627
0.3333512761118181,0.23304907482332754,0.22587601914419803,0.20772362992065627
0.3868067032606421,0.20589807114881448,0.22611762910673108,0.18117759648381232
0.3653682830535853,0.2246247829018745,0.22162817901919513,0.18837875502534518
0.34539565202465816,0.22317175748368362,0.22835552236077003,0.20307706813088827
0.3792021685277351,0.2113873329681999,0.22549107584518358,0.18391942265888137
0.38018492333035314,0.21850559740087133,0.22033977391514487,0.18096970535363063
0.16788771707554556,0.2584893681287234,0.23302692268665087,0.34059599210908
0.4483889029024524,0.15881157614439143,0.23679107103013342,0.15600844992302282
0.3904511390065669,0.23559135944785978,0.20708252781235964,0.1668749737332138
0.36777278204914376,0.21969884996230943,0.22199470968615742,0.1905336583023893
0.3787198549576196,0.2153910766360658,0.2226009446751068,0.1832881237312078
0.406301793198015,0.21038398668928932,0.21579429360089553,0.16751992651180012
0.22099959874625624,0.25893452859092364,0.2321512689738322,0.28791460368898797
0.3670601940987982,0.18750235762321363,0.24653845039861685,0.19889899787937124
0.35531149703973164,0.22766154744968484,0.22484179861933873,0.1921851568912448
0.2551992063967648,0.24103120800734193,0.23883898098116635,0.2649306046147269
0.0161631613896901,0.1704069056091102,0.14649099233199486,0.6669389406692049
0.03633059143561174,0.14372065471532838,0.21838095410724548,0.6015677997418144
0.0004372210666254967,0.05301259478145636,0.047946655963301374,0.8986035281886168
0.12170526498368027,0.1548324715808331,0.2974296220807312,0.4260326413547554
0.24730473457919758,0.20675591521165612,0.27366807414200506,0.2722712760671412
0.07512595036872212,0.22923086191624126,0.22146344237777943,0.4741797453372572
0.10431203836364292,0.18489965465709188,0.26451775138566624,0.44627055559359896
0.36220132611187333,0.17472996627966358,0.2642067456902735,0.19886196191818967
0.06251874089980043,0.2537642578311907,0.19848322451759925,0.4852337767514096
0.381842650464519,0.15057988178384227,0.2705189103761399,0.1970585573754989
0.21472270779575997,0.26982027655238633,0.23256022997642792,0.28289678567542575
0.28454064176915494,0.20229645613751718,0.25876225475129894,0.2544006473420289
0.26069347689312544,0.23147139648257004,0.247902360602068,0.2599327660222365
0.3078849571959985,0.21286260809148774,0.24813273930619703,0.2311196954063167
0.07330800276898203,0.2376221775693859,0.21309125300379297,0.47597856665783916
0.43407302789990104,0.14453002414460683,0.2557132305148815,0.16568371744061056
0.31996634895417164,0.25718218679518706,0.21843493243505183,0.20441653181558953
0.3574659982549484,0.20787362350568236,0.23369364118366726,0.2009667370557019
0.3692480376475592,0.21839320889334096,0.2249934273550905,0.18736532610400924
0.36863901790702003,0.21898386756421004,0.22387093727405624,0.18850617725471364
0.24455866560480058,0.24661764364581215,0.2372478458816172,0.27157584486777003
0.41812859355350174,0.18128281907070248,0.23240779271424608,0.16818079466154967
0.3029855008050112,0.2506989907595156,0.2246406632916682,0.2216748451438051
0.34302196066226415,0.20911079194993853,0.23819676316174443,0.2096704842260529
0.2855474652543696,0.23597942442479972,0.23792095914767106,0.24055215117315962
0.39733636578183357,0.1952114540097569,0.2305408183552695,0.17691136185314002
0.2167874555960952,0.26154745308671623,0.23263972703480507,0.2890253642823834
0.4269406212814411,0.17251232700726604,0.2348143917402554,0.1657326599710376
0.3845702155923863,0.23150030494764695,0.2115617736631721,0.17236770579679464
0.3873297571822606,0.21417784911542603,0.21922762886686234,0.17926476483545103
0.3249107264209046,0.23342142803771002,0.22790768605495584,0.21376015948642954
0.36846162579262715,0.20917800727120048,0.2305342469000808,0.19182612003609173
0.2779229610481231,0.24215184962287925,0.23498284563647667,0.24494234369252116
0.346362819434719,0.2052669210106659,0.2409602010717426,0.20741005848287244
0.35474465696697505,0.221180261009563,0.2285652145945777,0.19550986742888424
0.3682686135602775,0.21640192891307095,0.22591542331356335,0.18941403421308822
0.3240910346948327,0.2303424399612965,0.23053845843582813,0.21502806690804263
0.3173168006266719,0.22188408998218462,0.2380418612402249,0.22275724815091863
0.16163632762260385,0.2462445010423809,0.24102176463542654,0.3510974066995888
0.43789835326242055,0.16187495347702363,0.23986002644182958,0.16036666681872605
0.3863302769805102,0.23489280204756688,0.20917967362518022,0.16959724734674267
0.34210319043725596,0.22580709669210125,0.22640758023971402,0.20568213263092883
0.2874193439013755,0.23202176626410562,0.23866159958932978,0.24189729024518902
0.38247647005990826,0.199707109157934,0.2330782935311595,0.18473812725099809
0.23605292562520477,0.25482176084151853,0.23470765948553887,0.27441765404773777
0.39019429013381385,0.18571718118226466,0.23967488343807963,0.1844136452458419
0.2768479613939016,0.2510761128108372,0.2309815607049708,0.24109436509029034
0.34943826989392995,0.20314252352799173,0.24087746228755108,0.2065417442905271
0.170098937933524,0.2560392118246212,0.23698182833955694,0.3368800219022978
0.40639598461141513,0.1697423988094128,0.24617536816795677,0.1776862484112152
0.11440917842823589,0.27516077519441257,0.2174988056619336,0.39293124071541813
0.4445579132740017,0.14794730976204487,0.24641759832399304,0.16107717863996035
0.3502855340152254,0.24917025253020958,0.2134209103328835,0.18712330312168166
0.3589256256257683,0.21359464359435887,0.22913651223847362,0.1983432185413992
0.2331527350851573,0.2476068274020573,0.23878153284009648,0.28045890467268886
0.3989854989921935,0.18403368442259957,0.2380962774185201,0.1788845391666869
0.24303364368881397,0.25993426018988147,0.23156197362003056,0.26547012250127405
0.32728915129204234,0.2004869801030329,0.24943229964481234,0.22279156896011237
0.27569024199754194,0.23702980518181363,0.2405333896036146,0.24674656321702987
0.3242415009993899,0.21101506329664788,0.2441463712355892,0.22059706446837313
0.23471682429235835,0.24202082092426364,0.24336812089653506,0.2798942338868428
0.3685763949232642,0.19258714506543975,0.24343788278138184,0.19539857722991405
0.13558975398148632,0.26349341571536433,0.22845344266444073,0.3724633876387087
0.42907030168078786,0.15692475804523673,0.24659295501899914,0.16741198525497633
0.37101743949046434,0.23901024351757436,0.21261868033288742,0.1773536366590739
0.35531841307865714,0.21945393772876032,0.22657366475437346,0.19865398443820909
0.2802127659835451,0.2370782136840465,0.23716311994653388,0.2455459003858745
0.3956011232466795,0.1944142373987303,0.23175249137580295,0.17823214797878736
0.21756828661340727,0.2612995587290853,0.23284687351604905,0.28828528114145835
0.344559575418967,0.19171266404493145,0.2508180296189587,0.21290973091714288
0.26953734882548186,0.24328848180371693,0.23810927380161967,0.24906489556918157
0.23878802996638748,0.22486852848363656,0.25235673637211425,0.28398670517786173
0.22928347929583975,0.22306644378411203,0.25681097740039305,0.29083909951965503
0.3066763771644373,0.20832295373084062,0.2528156038196549,0.2321850652850673
0.043757970222714986,0.22291639570684427,0.1886822975629596,0.5446433365074812
0.4461417576926153,0.13493727729157903,0.2584690400801311,0.16045192493567462
0.37109014162009957,0.24634276969075988,0.20900750980788688,0.17355957888125365
0.31988060945897473,0.22697397809931846,0.2317018940231077,0.2214435184185991
0.34775020949126356,0.21425425584402422,0.23443512662803814,0.20356040803667408
0.4001685591274653,0.20770582047997174,0.22081355943288752,0.17131206095967544
0.19946055149390318,0.26163597406601136,0.23233445290240512,0.30656902153768023
0.38240954080736933,0.17973463827456904,0.2469647121043342,0.19089110881372737
0.23308249425663907,0.2596849799393142,0.23390657395080416,0.27332595185324265
0.245002270626953,0.21368671080529877,0.25826192191588926,0.283049096651859
0.1514286908059588,0.23344688550536877,0.24981706183789146,0.36530736185078105
0.40241734060869955,0.17016858300457144,0.24916593803441675,0.1782481383523122
0.039448220038500674,0.24498510422552464,0.17351984720412653,0.542046828531848
0.43659713082005286,0.13349573694472283,0.262414182124729,0.1674929501104954
0.3552967000377479,0.24972926323559802,0.2126804996258318,0.18229353710082236
0.36723737345028723,0.2124110510804916,0.22705486625310195,0.19329670921611922
0.35024444562321044,0.22406602825883845,0.22698510676650302,0.1987044193514481
0.4080776114559228,0.20428383741172462,0.21940686735821582,0.16823168377413666
0.2360406270046718,0.2581223399594342,0.23151121247679082,0.27432582055910326
0.27147183224284593,0.20976908348168513,0.2565621101755393,0.26219697409992965
0.23522440849527795,0.23174323877452127,0.2511850339223775,0.28184731880782343
0.2695041151420287,0.21515941168742655,0.25572683753076514,0.2596096356397797
0.2079656639380191,0.23450243126772516,0.2514086450385687,0.30612325975568705
0.35536434185182286,0.19188889041337695,0.2494515769329806,0.20329519080181954
0.14781292561928888,0.2613627764793001,0.23248447797426786,0.3583398199271431
0.4330458371246157,0.1587656418097455,0.24356488769970278,0.16462363336593608
0.3689932054600937,0.2398504264230652,0.21256108715200173,0.17859528096483937
0.3857567452483855,0.2110166627545733,0.2217918893028281,0.1814347026942131
0.21656354962482963,0.2555818839586521,0.23501333336994987,0.2928412330465684
