0.31312346409397235,0.2233270356586996,0.21767887039320347,0.24587062985412458
0.3097344563768167,0.22928256264454375,0.2193503815910771,0.24163259938756249
0.31606766670824016,0.21764150838272747,0.2155897160914964,0.250701108817536
0.31179569919983363,0.2242267018301199,0.21836932405623988,0.24560827491380663
0.3198177692775487,0.2069691464995373,0.21122424574969628,0.26198883847321786
0.31111913501010563,0.22646536966825878,0.21903609094104567,0.24337940438058983
0.2994621259499994,0.2458637509573249,0.22451066878249698,0.23016345431017873
0.3171747248644163,0.21174933184520192,0.2144479039841516,0.2566280393062301
0.3151600097785084,0.22192425535646307,0.21795496760887964,0.24496076725614885
0.3151840006493038,0.2090697271080501,0.2124388898928554,0.26330738234979073
0.3197241832349652,0.21373203112856315,0.21639400277112697,0.2501497828653447
0.3108842861125796,0.22349819301298968,0.21586262351436486,0.24975489736006593
0.3041982641604595,0.23456200210578718,0.2232271619238825,0.23801257180987073
0.315165313444724,0.21309562647890104,0.21359634951785725,0.25814271055851773
0.31724385437369296,0.21732911519398945,0.21542146845594778,0.25000556197636986
0.3124922898834339,0.21647152966573924,0.21374786003634158,0.2572883204144852
0.312838864729685,0.22566870035842698,0.2183744837644229,0.24311795114746515
0.3062434817596886,0.23447966873432993,0.21876402131482578,0.24051282819115574
0.30219555929428155,0.24647613950427733,0.2248470076792419,0.22648129352219917
0.31984494987215467,0.20763168144119182,0.21101294921264738,0.2615104194740061
0.3149818608106729,0.22689158587276587,0.22090673071589825,0.23721982260066304
0.3153459035407174,0.21314807158846263,0.21277328990719194,0.25873273496362814
0.3196501092878742,0.21717518909348069,0.21785775779387306,0.24531694382477204
0.3052504289790548,0.23216446830782783,0.2186706012295147,0.24391450148360266
0.30387188829577155,0.23551199148636576,0.2243894443545137,0.23622667586334906
0.31831588238200037,0.2094483854896291,0.21198997427839072,0.2602457578499798
0.31450790131149775,0.21975059306491235,0.21705543864403298,0.24868606697955692
0.3078563099597653,0.222225235193377,0.2182483230066456,0.25167013184021203
0.3182971481297733,0.21837838062012577,0.21851135300779906,0.24481311824230192
0.3170055340652007,0.21000023552670571,0.21162569800838596,0.26136853239970764
0.30401165939511915,0.23522318067003553,0.22501162410966552,0.23575353582517966
0.31970239734118494,0.19930724469583785,0.2087780678223763,0.2722122901406008
0.31520660626423264,0.22450817094941275,0.2215612752636468,0.23872394752270765
0.31380329673729784,0.20591374394899936,0.21050540841001125,0.2697775509036916
0.321995752731212,0.2030687511581867,0.21354983128839017,0.2613856648222111
0.3128196628608261,0.21681897558365418,0.21472664779187942,0.2556347137636403
0.31167411287478664,0.21701171354535967,0.21763699011571247,0.25367718346414136
0.31424094047016765,0.21176773235802945,0.21431407603097552,0.2596772511408273
0.31430500717533033,0.21613418678238794,0.2166665397901446,0.2528942662521371
0.3204177874576413,0.1995693494079124,0.20844749483871583,0.27156536829573036
0.3206405268573014,0.2081579453173909,0.2121769394692675,0.25902458835604025
0.3054956831744813,0.22629487129655274,0.21884210037085983,0.24936734515810616
0.29702999156650833,0.2501410343899361,0.22898402770264994,0.2238449463409056
0.3206353260745398,0.2033305170207717,0.21006441345659263,0.2659697434480957
0.3200982551575503,0.21175911400489214,0.21685766781441648,0.25128496302314096
0.32082514582387717,0.1941762930025667,0.20580172436003907,0.27919683681351704
0.32281890229064936,0.21085258884357008,0.2166200449491617,0.24970846391661886
0.30738278574420513,0.22571641020176406,0.2164512072141094,0.2504495968399215
0.30230835310502324,0.23402905196912524,0.22449871754892436,0.23916387737692715
0.3149864860149987,0.20961594058450211,0.2125684517938079,0.2628291216066913
0.3194185937920349,0.210513244967945,0.21382891067830506,0.256239250561715
0.31410345775993836,0.21048565704211666,0.21254988518832785,0.2628610000096172
0.31435117766998655,0.22167274388738198,0.21895844362274294,0.2450176348198886
0.31277588962914715,0.21957297249368238,0.2151094805538779,0.25254165732329265
0.3025434252013135,0.24009495742945156,0.22596031653270301,0.23140130083653193
0.3182266715942296,0.20395498082958372,0.21121794506088365,0.26660040251530304
0.3230350260135807,0.20807486375316375,0.21585441975759295,0.25303569047566266
0.31800537107202737,0.2032265654851016,0.20943806586079777,0.26932999758207327
0.31955746040740207,0.20692000470173977,0.2134418370958497,0.2600806977950084
0.3047510311107026,0.23099862718115763,0.22025932757402777,0.24399101413411187
0.30157761054330684,0.23661068747474095,0.22422630433869825,0.23758539764325395
0.3186421924372093,0.20348392951825883,0.21062526832324968,0.2672486097212821
0.3202776066587349,0.20861407271216162,0.21341892977395766,0.25768939085514575
0.31635733781330977,0.20594423806981327,0.21121327731194417,0.26648514680493285
0.31700085572207676,0.22055995952970725,0.21866559399842203,0.24377359074979393
0.3104177327378307,0.2190124237277787,0.21506065830667923,0.2555091852277113
0.29936409296754596,0.2449018318180337,0.22870622756775966,0.22702784764666065
0.3249982120725432,0.1884144654791681,0.2033111161027214,0.28327620634556716
0.32424659859933724,0.20827398251132337,0.2149118618913996,0.2525675569979397
0.3112644377969336,0.21131294273401593,0.21164001137915978,0.26578260808989074
0.3161252352221645,0.21796588884141102,0.21791923233906965,0.24798964359735476
0.30170512204815686,0.23944102236661874,0.2199090188473574,0.23894483673786696
0.30084423086412854,0.24116426610866973,0.2252475704785979,0.23274393254860384
0.32551951552614666,0.19287087949078946,0.20488185742545553,0.2767277475576084
0.31614972958755844,0.22500432075155288,0.2185902366087449,0.24025571305214374
0.30838176280383983,0.22293570665864934,0.21634398426972526,0.2523385462677856
0.3178080462929236,0.225030501134861,0.22016671398909235,0.23699473858312312
0.3066987517037424,0.2316387305405097,0.21698649125158556,0.24467602650416226
0.30289903078617764,0.23895320369373693,0.22620830278590157,0.23193946273418398
0.3230844418513834,0.19894121865518094,0.20809256285180294,0.2698817766416327
0.3157352360834225,0.22594019977893667,0.22038429851580352,0.2379402656218373
0.3117393415284462,0.21119841121755803,0.21247636297832875,0.264585884275667
0.31733558225194075,0.21977671570062624,0.220140434430625,0.24274726761680793
0.31046912375014424,0.22026623990762295,0.2140552462326544,0.2552093901095784
0.30690665486096996,0.23059377474141202,0.2231210550654455,0.2393785153321726
0.3198348302853018,0.20050714299934283,0.20770729853698955,0.2719507281783658
0.3115836924142135,0.2287267432709237,0.22124220626224905,0.23844735805261372
0.3115581031287657,0.21630487077801774,0.21360254132439152,0.25853448476882507
0.3226168208958815,0.20960927419325065,0.21384023238248898,0.25393367252837884
0.3030124507907094,0.23468307107356573,0.2197517212883337,0.24255275684739117
0.2992724363637278,0.24711732536968145,0.22767082010561168,0.225939418160979
0.3240625938912937,0.20068946476230076,0.20836464434554156,0.26688329700086405
0.3117581235846614,0.23183148849403212,0.2221511216142332,0.23425926630707336
0.3177060127558032,0.1992446701018117,0.20749060942942366,0.27555870771296154
0.32048590662438375,0.21942257028491285,0.2204774877547765,0.23961403533592687
0.3055043476106535,0.2309068119657039,0.21669411604435543,0.24689472437928714
0.30625731389218414,0.22748065827204977,0.22340184649971373,0.2428601813360524
0.3173968297976575,0.21229087416144038,0.2138138694880137,0.2564984265528885
0.3240256298656527,0.19811718234143194,0.20821846429671803,0.2696387234961973
0.3115008071225023,0.21979272597803914,0.21656291371456565,0.25214355318489295
0.3112404127574109,0.2212133393244771,0.21684704794524012,0.250699199972872
0.3014478681946221,0.24253870699998278,0.2244045115166434,0.23160891328875166
0.30483968205823714,0.23636429486293128,0.2221880662408475,0.23660795683798408
0.32662775021810414,0.18858277987259497,0.20520710547081916,0.27958236443848167
0.31788666684086725,0.2202320773496192,0.21954873984362155,0.24233251596589211
0.3208145543317045,0.1959077563753135,0.20642452633657565,0.2768531629564063
0.31382998058418454,0.22530735631858867,0.22211798736078042,0.23874467573644634
0.3027653941963652,0.2297159143853831,0.21948404483303852,0.24803464658521324
0.3162703659706304,0.2096136375306882,0.21608864593111182,0.2580273505675694
0.3216587266955207,0.19972404536936608,0.20774682477046458,0.2708704031646486
0.3142683672292225,0.21218057679518074,0.2148974181479188,0.2586536378276779
0.31016475988057846,0.2215183850335792,0.2183014866795162,0.2500153684063261
0.3179560103675404,0.21337326994714295,0.21426303748540557,0.2544076821999111
0.30898883360773793,0.2218492862927966,0.21777660112481825,0.25138527897464724
0.30683638000109004,0.22711957719612802,0.2220083143664335,0.2440357284363485
0.3230545477032384,0.20017923283495428,0.21064630293215866,0.26611991652964867
0.3187316316673419,0.21437385172808365,0.2166978619248983,0.25019665467967606
0.319990502896257,0.19407533779570846,0.20602125772433846,0.279912901583696
0.31535501973724495,0.21773694369007196,0.21889708371886085,0.2480109528538223
0.3075606954110932,0.2238625544194684,0.21739900594018793,0.25117774422925043
0.31278861820290177,0.21501058586048644,0.21701073324524128,0.2551900626913706
0.31774943457429583,0.20516938024640244,0.21075083693888555,0.26633034824041624
0.3161116945207848,0.20993620643968022,0.21408277956143276,0.25986931947810227
0.31389448280393684,0.21764114700587384,0.2164463529834558,0.25201801720673356
0.32256939188579287,0.2021069847159766,0.20899022505420037,0.2663333983440301
0.30175110001044597,0.23507996101108963,0.22367391207477427,0.23949502690369007
0.2969488973944693,0.2465959775752967,0.2287594357982416,0.22769568923199243
0.3333696726623675,0.1821275142049448,0.2034103826686878,0.2810924304639999
0.31842437171384985,0.21175114614776616,0.21539924330547025,0.2544252388329137
0.3107307605873847,0.2098710290963331,0.21397361571089996,0.2654245946053822
0.32666221991183547,0.20228867504427567,0.2135056195878796,0.25754348545600914
0.30545485902617353,0.2311088852188748,0.21782658405553293,0.2456096716994188
0.3054669257613916,0.22088476681844318,0.21946410238926645,0.2541842050308987
0.32524120515105776,0.19325053245065796,0.20635772371341227,0.2751505386848721
0.31975143422060476,0.2168098723962879,0.2117265170909738,0.25171217629213344
0.3161809192439246,0.2055818799721876,0.20750320719051424,0.27073399359337363
0.31014294199454223,0.23388789228860724,0.21715370747205887,0.2388154582447917
0.2919700041670376,0.26779280393417404,0.22030426844616655,0.21993292345262172
0.29307459227598887,0.2728111793496986,0.22418959879740413,0.20992462957690852
0.324746588221402,0.22649712741205422,0.20941680495444062,0.2393394794121032
0.3230544580277699,0.22643454097363633,0.2131016559995692,0.23740934499902464
0.3063793729997079,0.2521834298984329,0.2185980085682252,0.222839188533634
0.3178870467229526,0.24878800107227164,0.21566394080651044,0.21766101139826535
0.3037895256729483,0.2666026921435168,0.21688398243973775,0.21272379974379707
0.3041421795620535,0.2523363044795908,0.22128185195951752,0.22223966399883802
0.32375519358929894,0.20940538922835605,0.21171408906569783,0.2551253281166472
0.3066675117537784,0.251192947325931,0.2211888839295386,0.220950656990752
0.31331503031902547,0.2251348272664738,0.21397005998498345,0.24758008242951712
0.3160221187565562,0.23225913148061553,0.2194405383900774,0.23227821137275081
0.29609299655637766,0.2562821774543852,0.22162002753560248,0.22600479845363472
0.30742844635595196,0.2381630417821376,0.22370595410101884,0.23070255776089146
0.31941368776982787,0.22075890737520715,0.2144400773589707,0.24538732749599432
0.30869289126362653,0.23470307062002052,0.22159922332470325,0.23500481479164964
0.3188506884451322,0.21037753586136854,0.21326038558773988,0.2575113901057594
0.31855289709027806,0.2211970208194636,0.21762877784411933,0.2426213042461391
0.29822472845219283,0.24522220215344398,0.224075338602649,0.23247773079171408
0.3135877708362922,0.2186881111473692,0.21808630996243336,0.2496378080539053
0.32085946521906383,0.2072025767246243,0.21110828262311634,0.26082967543319546
0.30739811686280627,0.22977180044631138,0.21964231680181232,0.24318776588907
0.3138451270344698,0.21198258668868672,0.21372062139859033,0.26045166487825316
0.3118337100228226,0.2351596033445077,0.2208560361477903,0.23215065048487943
0.30735301753712213,0.22404756019231284,0.21645016954993704,0.252149252720628
0.30594925990384075,0.2353014142490504,0.22653073308729194,0.2322185927598169
0.3243153673832073,0.19996642986188282,0.20881142262532273,0.26690678012958713
0.32461105888571057,0.20473927833558647,0.21389246976977347,0.2567571930089294
0.3139361898355651,0.21004792954356596,0.2120035886123931,0.26401229200847587
0.3112142609808309,0.22320732035867408,0.21977647561954025,0.24580194304095482
0.30275177470733516,0.23826920362368467,0.22083112589554243,0.23814789577343767
0.30812703927435614,0.2234294862351364,0.21870015056774572,0.2497433239227617
0.3165837004181869,0.20986573523220647,0.21348574207811463,0.260064822271492
0.319740129102092,0.21070202975922878,0.21338994622487767,0.2561678949138016
0.31954805062073854,0.2094695389849032,0.21183896088769621,0.25914344950666196
0.31346981344888236,0.2233357077848155,0.21636348101577638,0.2468309977505257
0.2974289687590681,0.24541219372830445,0.22528147055511857,0.23187736695750888
0.2966721775677572,0.2532891746560369,0.22902104747977756,0.2210176002964282
0.3291399781504178,0.19382421336049477,0.20749810378024913,0.26953770470883825
0.32723925966985784,0.19512798413404817,0.208077416979096,0.2695553392169979
0.3111908760695985,0.21850162425355213,0.21607085815098911,0.2542366415258602
0.31114773150617386,0.2279928959017708,0.22001255577111287,0.24084681682094244
0.29749765987346793,0.25290632410763303,0.2238157003765981,0.22578031564230094
0.3112059855698359,0.21774041795381754,0.21577985835551777,0.25527373812082876
0.32581155241314164,0.19309559255493733,0.20627226752510905,0.274820587506812
0.31381964287829284,0.2275224331430338,0.21719624904397505,0.24146167493469833
0.3115369692612812,0.21983956577856223,0.21517166993025816,0.2534517950298984
0.3087161526718135,0.24198175043036244,0.22173792111332194,0.22756417578450205
0.30621055347595855,0.22928457088509158,0.21710425186059093,0.24740062377835886
0.30430763888229573,0.24300861104474492,0.22741751463742407,0.22526623543553537
0.3262788969481488,0.19637805829535637,0.20552372437253832,0.2718193203839565
0.3204972710469207,0.21756383066948515,0.21802947730503694,0.24390942097855725
0.3068185342970667,0.22512359741339466,0.21642347738283227,0.2516343909067066
0.3099337784270983,0.2324600586105952,0.22307097844128942,0.2345351845210171
0.3072235695756904,0.2347708909672858,0.2168343416441814,0.2411711978128424
0.31207241328731977,0.21971258419722758,0.21717401881717185,0.2510409836982809
0.31663987016211514,0.21280823562507076,0.21307943756844008,0.25747245664437396
0.3122982785210074,0.22925551917794224,0.21822428760942536,0.24022191469162502
0.30897658813062373,0.23083800843805408,0.21791374147491677,0.24227166195640545
0.31331046806796065,0.22833594117924919,0.21761007130624085,0.24074351944654931
0.30696377071472875,0.2320080187587552,0.21904471505349965,0.24198349547301645
0.3006883643569748,0.24979525876479816,0.2269771082714447,0.22253926860678244
0.3247468961715764,0.20437429741524712,0.21025238267725982,0.26062642373591666
0.32030182525990664,0.2159230813914319,0.21654664145079133,0.24722845189787013
0.30842725723299763,0.22228851889480064,0.21663076621988517,0.25265345765231656
0.3135217037842929,0.2253565156914857,0.2202661560044648,0.24085562451975667
0.30640499938677596,0.23606579652805165,0.21829955652290545,0.23922964756226686
0.3086771051801922,0.22579864198762278,0.2189191880864206,0.2466050647457645
0.3201781728142957,0.20446292164415797,0.20970477929947537,0.265654126242071
0.31031662838358,0.23287455407269295,0.21913949051945936,0.23766932702426777
0.30918086061575456,0.22918340818603528,0.21647988561733164,0.2451558455808785
0.3161763088238605,0.22519361452014147,0.21567654569670272,0.24295353095929517
0.29877884145182676,0.24912462021859025,0.22260986285986015,0.22948667546972285
0.29889124535688516,0.2536738109930639,0.22729221761314927,0.22014272603690174
0.3281454581213935,0.207306737448393,0.21149084069657156,0.25305696373364195
0.3163298457876034,0.22190760830262898,0.21768380735408135,0.2440787385556862
0.3078495397464951,0.22647314079174247,0.21942692818717752,0.24625039127458492
0.3213245275481215,0.2161988458464855,0.21682463510340189,0.24565199150199107
0.30353322343256106,0.24140760579784454,0.22048980723807415,0.23456936353152033
0.3083516273220332,0.2229218890169189,0.21815174782163071,0.2505747358394172
0.3229409008717996,0.19977297755168755,0.20828653020148097,0.26899959137503193
0.304420179125736,0.24391732871525565,0.22100082291198334,0.23066166924702497
0.30871631251588144,0.22292412693720054,0.2160966561744609,0.2522629043724571
0.3174982814551219,0.22779917801977662,0.21757836698521338,0.23712417353988804
0.30609607088210666,0.23365273011805032,0.21625489852238575,0.24399630047745727
0.2997783317846284,0.2512388002299753,0.22841254082529258,0.22057032716010364
0.3223004621815857,0.21476812680723975,0.2119090413942894,0.25102236961688507
0.31414683732722903,0.23097776713772497,0.22177758384309143,0.2330978116919546
0.3091168096237913,0.22218956266120507,0.21738366769177137,0.2513099600232323
0.3250580942967159,0.20864800711580228,0.21651254922898505,0.2497813493584968
0.3151507026876221,0.2180012525412305,0.21243852732674814,0.2544095174443994
0.3047638073316107,0.2301236831342084,0.22098955789744543,0.24412295163673547
0.3105293223595197,0.22109929238184559,0.21580579456110174,0.2525655906975329
0.30391292532827635,0.2431279711326789,0.22137737077921305,0.23158173275983168
0.307629680470903,0.22875731744367608,0.21703307320914733,0.2465799288762735
0.3206015905862606,0.21337670327970873,0.2138726741707078,0.2521490319633228
0.30787038116038684,0.2365446840453862,0.2191820436673415,0.23640289112688548
0.30290298802211535,0.24770508044583148,0.22549571330294538,0.22389621822910777
0.32235062141647314,0.21413717045224995,0.21485486891465602,0.248657339216621
0.3204874860132806,0.2167938872257124,0.21599409141385803,0.24672453534714892
0.3142804971291968,0.2088862370212303,0.2117056517040051,0.2651276141455677
0.30525096702022003,0.2397093431446228,0.22531899881094214,0.22972069102421502
0.3053522783898711,0.235047791605941,0.21884473750974592,0.24075519249444188
0.3165446743104454,0.21744799138554355,0.21586958646344306,0.25013774784056797
0.31984916125901125,0.19852961826111787,0.20601578821116417,0.2756054322687067
