0.28476252316222384,0.23464602452751715,0.23401387293159984,0.24657757937865926
0.2873918741960617,0.23348885400658365,0.2312440992891911,0.24787517250816352
0.2887107449532615,0.23049250922148473,0.23099584274992074,0.249800903075333
0.2870405133131115,0.23404655548702546,0.23228831896781982,0.24662461223204318
0.2838940119789934,0.2373121348284865,0.23339845269018902,0.24539540050233122
0.2888821904201412,0.23390562622741443,0.22969939840513035,0.24751278494731402
0.28763167987862676,0.23274159493292576,0.2326862259859824,0.24694049920246508
0.28664071430564664,0.23221063165666436,0.23168818325614773,0.2494604707815412
0.2897317684044993,0.23196711196197223,0.22997772196417296,0.24832339766935554
0.28176673108280614,0.2393092718056158,0.23568151534499748,0.2432424817665807
0.28594245883544356,0.2387242292713544,0.22945355124197417,0.24587976065122788
0.2897333593070574,0.2314756447775262,0.23135838387938315,0.24743261203603326
0.2856565441295322,0.23648527112113174,0.23224064875100153,0.2456175359983345
0.2854333714391003,0.23480552582741263,0.23215763712748003,0.2476034656060071
0.2879452579820681,0.2339794384819732,0.23013598236570346,0.2479393211702552
0.28354506307013855,0.23714806907536212,0.23430823594197073,0.24499863191252866
0.28530121900930017,0.2370125363612745,0.2308135646187587,0.24687268001066667
0.28959058813027455,0.22887237144718603,0.23096242210297052,0.25057461831956895
0.28857671333992935,0.23030561239293568,0.23141515846262095,0.2497025158045139
0.28636420557124176,0.22985328096439342,0.2331065591383349,0.2506759543260299
0.28958314756475206,0.23208141743951938,0.2299187640987369,0.24841667089699163
0.2844006648827106,0.23481900891478286,0.23550939784764355,0.24527092835486303
0.28938690669134987,0.23457269364487465,0.22857347472289122,0.2474669249408843
0.2901967158385387,0.2302604641067302,0.23230943746722096,0.24723338258751013
0.28523992705435647,0.23653218434851192,0.2322461989889032,0.24598168960822844
0.28738884836456907,0.232392872650232,0.23120485950846678,0.24901341947673203
0.28746687377900615,0.2347619223856303,0.23094768871991214,0.24682351511545148
0.2816358311635886,0.24000558517274118,0.2349472620236946,0.24341132163997573
0.28671758856925283,0.23624371952415577,0.22950297358363883,0.24753571832295262
0.2900886561500021,0.23003305709511954,0.23116442165751627,0.24871386509736199
0.28385063078483835,0.24042038477290237,0.23300317814554156,0.24272580629671772
0.2824315225554586,0.23886898173596272,0.23337976062567772,0.24531973508290097
0.2913416440142089,0.23380463444484254,0.22724867753600164,0.24760504400494698
0.2821725462651189,0.2388454498132096,0.23649569387941102,0.24248631004226048
0.28201959925225634,0.2444009892255297,0.22956405696615947,0.2440153545560545
0.2868370083506962,0.23678524081927999,0.23164179055140754,0.2447359602786161
0.2826848279817372,0.24110677820543402,0.23229079781910783,0.24391759599372087
0.2842128681134889,0.238898658599108,0.23151654852390738,0.24537192476349573
0.28447369359911345,0.23908881016686617,0.23138672683007194,0.24505076940394832
0.2823226110577631,0.2404705298750532,0.2330958951697679,0.2441109638974158
0.2840085031677204,0.24093740527140095,0.23078064322867017,0.2442734483322085
0.28406705410298244,0.2384073865434347,0.2327407482210778,0.24478481113250514
0.2860440663312239,0.236170677430322,0.23058971872899556,0.2471955375094585
0.2877112193620062,0.22976279335342906,0.23148349453954686,0.2510424927450179
0.2869289692505279,0.23656973965032285,0.2307006891962699,0.24580060190287942
0.27831698433609064,0.24525452201935624,0.23675504333810593,0.2396734503064472
0.28670490304047974,0.2412423288901911,0.22702793533824078,0.2450248327310884
0.29041750058301846,0.23154079725704937,0.23181077680889506,0.2462309253510371
0.2839025313713434,0.23913921881547334,0.2321636070593382,0.24479464275384502
0.28428502577342873,0.23674941186194112,0.23202908681612958,0.24693647554850062
0.2857098051507005,0.23719573008535924,0.23041125263995527,0.24668321212398506
0.2813775396075316,0.24087041057174627,0.23455659254422528,0.24319545727649686
0.28390649728119755,0.24018834346409149,0.2305774783832953,0.24532768087141563
0.28888575051151355,0.23126754445996103,0.23101429378716415,0.24883241124136127
0.28736702727882935,0.2347351138537623,0.23140771262415505,0.24649014624325333
0.2833824884386795,0.23640732504864895,0.23408219116622486,0.24612799534644667
0.28800469908333154,0.2365827040792237,0.2289630807113812,0.2464495161260635
0.28342176662533997,0.2397703417571496,0.23475486581408553,0.24205302580342478
0.2829616568753539,0.24346466063715513,0.23030124644926858,0.24327243603822235
0.2879268622566282,0.23551562557304623,0.2307526864912625,0.24580482567906312
0.28523057589937223,0.23650466862182618,0.23192865929895837,0.24633609617984323
0.2847911370395837,0.23565249272163818,0.2317108012920553,0.24784556894672277
0.2844118656294323,0.2391374527011088,0.23138190303160408,0.24506877863785484
0.2802159120032191,0.2429673081192532,0.2346823939481789,0.24213438592934877
0.28625631008668767,0.2388181544668648,0.22914157197076337,0.24578396347568432
0.2889567096721621,0.23133652491296716,0.2317582237762195,0.24794854163865124
0.2858259352427602,0.237597116842454,0.23145111478752717,0.24512583312725875
0.28309482170243705,0.23626254175976308,0.23396740225916055,0.24667523427863933
0.288396906801199,0.23765132648648057,0.22813576199406582,0.24581600471825465
0.27995753353317526,0.24280185855160435,0.2370078525479507,0.24023275536726973
0.2841589888754952,0.24116099775413244,0.22831998457272598,0.2463600287976464
0.2917389995679429,0.22821079229583402,0.2301548195195906,0.24989538861663246
0.2844380510154473,0.23571986571390272,0.23302956555065113,0.2468125177199989
0.2841679738382916,0.2341572346136579,0.2323666078255776,0.24930818372247285
0.28868572018527455,0.2341799039766864,0.2296755051564725,0.24745887068156655
0.28194691115192183,0.23743517401465034,0.23653132657877698,0.24408658825465093
0.2899837638150162,0.23253721650108405,0.2276364862964875,0.24984253338741225
0.29243486267916813,0.22514969349533498,0.2315023030891825,0.2509131407363144
0.28416078061149386,0.23725026152387052,0.23351539797593543,0.24507355988870025
0.28551733279810926,0.233566438252795,0.23228426750235062,0.24863196144674507
0.2914512657324869,0.23232854448438017,0.22864990664822388,0.24757028313490906
0.28177434341503804,0.23857634754572535,0.23691051122770074,0.24273879781153584
0.28690478648858014,0.23843941006824246,0.22789217180859458,0.24676363163458293
0.2897399360867245,0.23015001796929993,0.23212281440249746,0.2479872315414781
0.28391540830927675,0.23935547156183626,0.2321491915047871,0.2445799286240999
0.2838440145281685,0.23659287426184064,0.23298594384095284,0.24657716736903806
0.288145736651149,0.23576173141421608,0.22912000043827438,0.24697253149636056
0.28308072176564875,0.23663004602790128,0.23532505708373402,0.24496417512271595
0.28652916491782565,0.23637038232634727,0.22921638217284213,0.24788407058298492
0.2884826579524447,0.23166855167767272,0.23220282822018248,0.2476459621497001
0.28409547330114504,0.23690054612437028,0.23283962374501332,0.2461643568294713
0.2885360717854724,0.22847064256707628,0.23066452297919401,0.25232876266825743
0.29095628865719303,0.23163766637464825,0.22980024337137303,0.24760580159678564
0.27878962067480634,0.2413687609340874,0.23831623024573548,0.24152538814537083
0.28979891001682245,0.23676027165490704,0.22566907249812082,0.2477717458301497
0.29069706736381035,0.22867220895382226,0.2331829897174087,0.2474477339649586
0.2833476274897743,0.23925358263556437,0.23228122107329038,0.245117568801371
0.28651257275005376,0.23498036605995107,0.2312930354007837,0.2472140257892115
0.2858059653469041,0.2366068782744077,0.2314960581957663,0.24609109818292188
0.28249919145225005,0.2422232296863786,0.23323516803623176,0.24204241082513964
0.28328456232535093,0.23946685453908478,0.231924925355124,0.2453236577804403
0.2909102743170603,0.23001711714786421,0.22874565901735408,0.25032694951772144
0.28702778524724,0.2316944395956214,0.2328157539301693,0.2484620212269694
0.283391406297006,0.23616190842349408,0.23289264237245105,0.24755404290704885
0.2870762041525098,0.2385375340873838,0.23037996494887641,0.24400629681122998
0.2816232215568516,0.24074958640175115,0.2353622497235401,0.24226494231785717
0.290461228983156,0.23672161846138304,0.22650897987655635,0.24630817267890462
0.2869528064346316,0.2338563670035305,0.2342294528620231,0.24496137369981483
0.28299082518723917,0.2404045285665408,0.23097691612332072,0.2456277301228993
0.2851663027046418,0.23791578299379557,0.23166422793951622,0.2452536863620463
0.28054806984652325,0.2445094583444124,0.23301181381313424,0.24193065799593008
0.2821965457525377,0.24180549484980385,0.23198213329789732,0.24401582609976102
0.2878125805897972,0.2341160230458132,0.22980303182202574,0.24826836454236376
0.28637227899180673,0.23538463399571638,0.23212942463764474,0.2461136623748321
0.2809828004923291,0.24214096409928884,0.2337276724257714,0.24314856298261056
0.28554243867314527,0.2361254796091344,0.2306659699572476,0.24766611176047276
0.28904263222265775,0.23530146901613244,0.2302180537622513,0.24543784499895852
0.27956079270575457,0.24430008270537582,0.23578166510237084,0.24035745948649884
0.2848110687153624,0.2428228410363636,0.22819945993382063,0.24416663031445338
0.28712183959621773,0.2350107154348051,0.23225381545533993,0.24561362951363724
0.28394423345899966,0.23911407203585378,0.23136153275841478,0.2455801617467317
0.2828918285952142,0.24012634146466746,0.23253015466710086,0.24445167527301728
0.2816006475203628,0.24263175207069984,0.2321013198169586,0.24366628059197873
0.2836332323735043,0.23997114329624375,0.23183206161183242,0.2445635627184195
0.2856178332182995,0.23656220502808903,0.23129528543296524,0.24652467632064634
0.28615353307337366,0.23708572129232644,0.23140069073055983,0.24536005490374013
0.2829473961382154,0.23877064032680884,0.23343584969620026,0.24484611383877555
0.2875906218831031,0.23167219634343025,0.23000224074592854,0.2507349410275382
0.2887685478667994,0.23713932252151682,0.2305672506907822,0.24352487892090158
0.2737847941508152,0.25248203827660126,0.2380881903007714,0.23564497727181213
0.287552657580603,0.23927368680445796,0.22504006886249503,0.24813358675244399
0.2942957448509314,0.22808749951687965,0.23011066575202566,0.24750608988016337
0.27607726981044267,0.2473832707678368,0.2368889722519235,0.23965048716979692
0.2817787437820869,0.24176938562375677,0.22970756465447945,0.24674430593967694
0.28959599365340527,0.23355028754567084,0.2293176426029309,0.2475360761979929
0.27924674442230824,0.2418689790949858,0.23650401953334502,0.24238025694936088
0.2853425064937998,0.23725407262917877,0.22903609248406603,0.24836732839295544
0.2915145254549008,0.22297319051019687,0.2300010244308518,0.25551125960405063
0.2908073744929878,0.2202615957496965,0.2296510838719302,0.25927994588538555
0.2905061858211159,0.21423656852977352,0.2298483754909179,0.2654088701581927
0.2905505171803631,0.2165108400720418,0.2323326305412867,0.2606060122063085
0.28713309048108,0.22365004229735747,0.23674123751816029,0.2524756297034023
0.29403819567554995,0.21821476083240046,0.23018048883269354,0.2575665546593561
0.3010748547169417,0.2091610600378023,0.22804116257842433,0.26172292266683167
0.290690385254068,0.22065791362738219,0.23497652359048432,0.2536751775280655
0.28842780234484205,0.22536136333292958,0.2324486322157908,0.2537622021064375
0.2951496700818768,0.22308544867003507,0.22927553081778898,0.252489350430299
0.2859995579122664,0.22782077522390576,0.2367032108454317,0.24947645601839616
0.2939559020358423,0.22576648657933976,0.2272795649505846,0.2529980464342332
0.2917764395916901,0.22296271281560676,0.23315560486959175,0.2521052427231113
0.2865066145779057,0.23015276214898764,0.23294128042779097,0.2503993428453158
0.29226203930091066,0.22316535044225713,0.22955362667056406,0.25501898358626823
0.28948418518317776,0.2289447463575725,0.23279410164472294,0.24877696681452682
0.2838843627372623,0.23581142052264342,0.2347908646178891,0.24551335212220518
0.2928317088717462,0.23017858474101752,0.22779654257518506,0.24919316381205145
0.2899780494794329,0.23016532232229592,0.23317679845968772,0.24667982973858346
0.28472754053102556,0.2359841629195631,0.23262841657802288,0.24665987997138847
0.29003624183431714,0.23110552567672266,0.22943300124520666,0.24942523124375346
0.28472440308906416,0.2379440408811309,0.23359682213766925,0.24373473389213568
0.281327554057444,0.24001357730961248,0.23366672243639997,0.24499214619654353
0.29190058862993595,0.23046555237173094,0.22741754626401472,0.2502163127343184
0.28693744779662583,0.23020888382186266,0.2342134223162723,0.2486402460652392
0.2845057278418075,0.23790385164321337,0.23133295716792607,0.24625746334705298
0.28665154454121355,0.23206388989993765,0.2326419037652505,0.24864266179359829
0.28875597320760604,0.2358848084765633,0.2298405943213203,0.24551862399451038
0.28228510914165605,0.24204844129129924,0.23513497932395663,0.24053147024308796
0.2853957419090921,0.24013647466126586,0.22900623482524446,0.24546154860439756
0.29095926081898976,0.23017359679955893,0.23022004670999785,0.24864709567145332
0.28480786229536204,0.23545864728515525,0.232677445160416,0.2470560452590667
0.28295209653853864,0.23851990308126023,0.2322434602152514,0.24628454016494974
0.28430521041429646,0.23779316369192208,0.23188725530155996,0.24601437059222162
0.28520930531813377,0.2367487128823156,0.2322982899378987,0.24574369186165193
0.2873763682716194,0.23521611030279632,0.23108033991865665,0.2463271815069275
0.28776942914766096,0.23249229585034598,0.23186899734730465,0.24786927765468852
0.28864530101530306,0.2304485069110646,0.23083334689668608,0.2500728451769464
0.28837931322026533,0.22822305320747313,0.23147447467618656,0.2519231588960751
0.28606542558729886,0.23779660254940124,0.23191403322431892,0.2442239386389809
0.2791683615993782,0.24734947540245936,0.23524845709751102,0.23823370590065152
0.2884838941445532,0.23594373472917307,0.2276958185237512,0.24787655260252242
0.29617845023600353,0.22386141272726767,0.2284645178427421,0.2514956191939867
0.28361182179798183,0.23504919455511547,0.2349021968734344,0.24643678677346836
0.2822346861401548,0.23967000788685835,0.23162340806586415,0.24647189790712276
0.2864402661783085,0.23665776761531093,0.23136395434424253,0.245538011862138
0.2841682102021281,0.2353113637857764,0.23386138280534186,0.24665904320675353
0.2921688510325741,0.22916838629354175,0.22801800739177872,0.25064475528210545
0.28850585238066184,0.22698093622515225,0.23348256391463548,0.25103064747955045
0.28686811618190616,0.2337441442330603,0.23095836560593583,0.24842937397909778
0.28645246731134755,0.22948566284989078,0.23361084995124298,0.2504510198875187
0.29030962579195935,0.23363591617593066,0.22911894593452897,0.246935512097581
0.2836158454525243,0.23724547107359345,0.23620363837260475,0.24293504510127747
0.28893591602322694,0.23430316276204527,0.22801430682781923,0.24874661438690862
0.29311991950483357,0.22512400786195683,0.2304631073155527,0.2512929653176569
0.2843518575230487,0.23563273369576435,0.2335291793281925,0.24648622945299448
0.283750010149644,0.23720853376033313,0.23250741479227613,0.2465340412977468
0.2879627943718986,0.2328706614970245,0.2306313188039923,0.2485352253270846
0.2879718436672408,0.23031337440281988,0.23244071804076705,0.24927406388917234
0.28877447564470404,0.23025561689081456,0.23105405517805558,0.24991585228642577
0.2885378360869263,0.2290709597376875,0.2321309262008493,0.25026027797453687
0.28797759449263494,0.2311733225720855,0.2317856698541117,0.2490634130811678
0.28810793077516195,0.22774994435636708,0.23243282210191407,0.25170930276655695
0.29140178240296816,0.2307675693462555,0.229688897868314,0.2481417503824624
0.28270098924062514,0.23901455390801785,0.2362720634338561,0.24201239341750092
0.2878890313556477,0.23588659550642951,0.22853306810821852,0.24769130502970435
0.29376658803242006,0.22570369031036785,0.2298226011694585,0.25070712048775357
0.2846796504395442,0.23538776276607518,0.23382316394532496,0.24610942284905574
0.2835219301549039,0.23717039241684273,0.2323543062322411,0.24695337119601232
0.28842627914840546,0.23318802445940404,0.23013654294568558,0.24824915344650497
0.28579140373120765,0.23209998067547144,0.23383369805612073,0.2482749175372002
0.2894415412488217,0.22937016484969108,0.22978132061035544,0.25140697329113176
0.28995237026714943,0.22654674743082578,0.23186074131292694,0.2516401409890978
0.28673093383605064,0.22962358822724138,0.2329950747989368,0.25065040313777115
0.2905381513432506,0.223168270032769,0.23050454242090865,0.25578903620307175
0.2920347235538551,0.22742263026203582,0.2310323624497443,0.24951028373436485
0.28183683576829327,0.23996432186583969,0.2367255269020381,0.24147331546382894
0.29086622578348226,0.2324828178701639,0.22742995816418898,0.24922099818216492
0.29636367701805194,0.224161420455338,0.22948792700586587,0.24998697552074423
0.2818196960837852,0.2386633872141858,0.2360782385961762,0.24343867810585276
0.2847492181391121,0.23709939482803313,0.23018372827659273,0.24796765875626203
0.2901051056900285,0.23180942584121253,0.2300632388045352,0.24802222966422377
0.28253180833645025,0.23489350823600622,0.2355844820791255,0.246990201348418
0.29043412963542425,0.22960024655091757,0.22775249080919077,0.2522131330044673
0.28918137771099905,0.2257331931843277,0.23303527345781083,0.25205015564686245
0.28555356270886895,0.23341286092101207,0.23267135801122724,0.24836221835889163
0.2893951200480857,0.22448946102064582,0.23162834008820243,0.2544870788430661
0.2940287134115848,0.22549013770605972,0.22917155416527105,0.2513095947170843
0.2833309910678364,0.23570595131099856,0.23732117204871808,0.243641885572447
0.288671372718402,0.23563398458969567,0.2281793078232882,0.24751533486861418
0.2937171211501686,0.22785880548922213,0.230568081908458,0.24785599145215123
0.28287596361256445,0.2403694831542783,0.23421921274440252,0.2425353404887547
0.2845654369560919,0.2368611616182936,0.23130857888011266,0.24726482254550186
0.29120555793736,0.2289395334692272,0.22852515515881003,0.2513297534346026
0.285241221361066,0.23152101498613345,0.23391230968899523,0.24932545396380518
0.28522337653143326,0.23333361816976825,0.23139825413448997,0.2500447511643085
0.28906634848955165,0.22836206630396785,0.23158501178441254,0.2509865734220679
0.28758912184972485,0.23001229353424388,0.23304206826303553,0.24935651635299577
0.2908026619664535,0.2254272188753579,0.2308683114208298,0.2529018077373588
0.2926696146072523,0.22821076990636563,0.23048892922801892,0.24863068625836304
0.2824973680846674,0.2395942701004646,0.23601241151730304,0.24189595029756492
0.28809815805791966,0.2374071157473362,0.22827703133335883,0.2462176948613853
0.2916405713547113,0.2267399361021873,0.23108708006737846,0.250532412475723
0.28786411194483713,0.23264243439321106,0.23103961546299362,0.24845383819895817
0.2822431356045623,0.2384335736082818,0.23441130533641832,0.24491198545073767
0.28421147437507477,0.24002705485765694,0.2307343816147116,0.24502708915255658
0.2875909932655071,0.2292179845049685,0.2323600646043494,0.25083095762517515
0.2929220944703378,0.22618556916474475,0.22816389896702982,0.25272843739788764
