0.2982470203471436,0.22675259190325717,0.23765382380081737,0.2373465639487818
0.29708790805422375,0.22657690409125586,0.23950270632811657,0.23683248152640388
0.2972069089454018,0.2268593183851853,0.23892666743872273,0.2370071052306902
0.2974200333330815,0.22668978215420058,0.23893720204699861,0.23695298246571933
0.2977959445405688,0.22656903297623313,0.2387878325950333,0.2368471898881648
0.2965489995732471,0.226914121961367,0.23946997280207527,0.23706690566331057
0.29604180855622286,0.22716934962919424,0.2393924743916905,0.2373963674228924
0.29815922366250613,0.22650717548572877,0.23830813230819972,0.23702546854356532
0.2975350173461971,0.22655024653180877,0.23915269032632464,0.2367620457956696
0.29817703896926945,0.22647263619014513,0.23857326924887043,0.23677705559171494
0.29790250069452795,0.2264701590683971,0.2389157269206534,0.23671161331642146
0.29477484505882123,0.22726459643696356,0.24024189067250826,0.23771866783170698
0.29805272516908154,0.2266981757067529,0.2380327721471783,0.23721632697698736
0.2983623336985578,0.2262054527173706,0.23876525037003643,0.2366669632140352
0.2986052814857717,0.22625436249279426,0.2385614803505995,0.23657887567083458
0.29831322641312963,0.22632528252839948,0.23877738390252734,0.23658410715594344
0.2985843232443137,0.22625881689924043,0.2385514732153678,0.2366053866410781
0.29598890219773133,0.226987126428928,0.23988306623232838,0.23714090514101224
0.2976520169709373,0.22678210616890682,0.2384710024052526,0.23709487445490338
0.29774892275162435,0.226502713461798,0.2389302684244408,0.2368180953621369
0.29724255923383847,0.22674701039137007,0.23911257128067198,0.23689785909411953
0.2954092370485909,0.22722329153450666,0.23983757217722024,0.23752989923968226
0.2962004656916288,0.22721665203855174,0.23909760965559707,0.23748527261422242
0.2936052341532525,0.227498224832588,0.24046777357417098,0.23842876743998848
0.298129943885732,0.2267036282504429,0.2377939065277596,0.23737252133606548
0.2977317467422871,0.22639598599368974,0.23914850076505156,0.23672376649897164
0.29852920032927815,0.22634443847362543,0.23842956321618247,0.23669679798091386
0.29856307722700576,0.22620614082224763,0.2386603103088651,0.23657047164188155
0.29802193599072374,0.22644767609976424,0.23890326332833026,0.23662712458118168
0.2955555583266872,0.22713838872771996,0.23992190545073677,0.23738414749485612
0.2984506114630158,0.22648581611546792,0.23798987451737386,0.23707369790414246
0.2981577973074243,0.22628079269793844,0.238944493864045,0.23661691613059227
0.29734850926916156,0.2267151179917283,0.23912087450534456,0.23681549823376566
0.2974972505642696,0.22669784423616016,0.23888409508705236,0.23692081011251787
0.300265368322869,0.22549306482505263,0.23744844292691464,0.23679312392516375
0.29656224194555814,0.22666326812582954,0.24011506235146507,0.23665942757714714
0.2995522680844722,0.22606339508521836,0.23750561542732315,0.23687872140298638
0.2992017724077275,0.22579805399818964,0.23866309450476314,0.23633707908931964
0.2996401806910204,0.2258235084176786,0.2381616503109198,0.23637466058038112
0.29963416977428675,0.22573685547300298,0.23831887465379725,0.23631010009891296
0.29939652226761704,0.22587283100657704,0.2384248099173903,0.23630583680841566
0.2981786861618631,0.2263557160242604,0.2389969619099164,0.2364686359039602
0.29888277036695216,0.22617655605769194,0.23832806459602868,0.2366126089793272
0.29833470320097544,0.2262792453559923,0.23885550862551183,0.23653054281752042
0.2994520314594325,0.22591295073481177,0.23807440784287048,0.23656060996288528
0.29842975405303707,0.22620764551577602,0.23895038609420327,0.2364122143369835
0.2974099163773151,0.22669295115912858,0.2391237435586697,0.23677338890488672
0.2934887937081394,0.22742410801905347,0.24065785314986854,0.2384292451229386
0.2992261858834663,0.22625134935812466,0.23713900352666348,0.23738346123174564
0.2995932536504128,0.22554848938629768,0.23846655312350978,0.23639170383977975
0.30023402990794923,0.22552904682611233,0.23793812408563064,0.23629879918030786
0.29946914239651595,0.22578582367391223,0.2385565639146051,0.23618847001496682
0.2991189470584194,0.22602724134282323,0.2384991044670521,0.23635470713170534
0.2961081268153906,0.22693806142006592,0.23991346784314668,0.2370403439213968
0.2979913382646529,0.22666643691669217,0.23831015802851116,0.23703206679014371
0.2984024240260568,0.2262380881627516,0.23867964284001777,0.23667984497117378
0.298296712741523,0.22635438393685858,0.23874042373853904,0.23660847958307937
0.2966608524985042,0.2268682758049325,0.23949772016421203,0.2369731515323512
0.2986199329809389,0.22635168287236682,0.2381401693620829,0.23688821478461136
0.2962706994719264,0.22686547630583412,0.2398473393584417,0.23701648486379773
0.29916086226657895,0.22618212158677473,0.2377276735175372,0.23692934262910917
0.30020003978805204,0.2253661900974345,0.23798826223293995,0.2364455078815734
0.3002882180369305,0.22543189644183315,0.2380988804665336,0.23618100505470271
0.2992368915523365,0.22591500207167967,0.2386631211290797,0.23618498524690412
0.2978704694409785,0.22649731250189414,0.23907511591993597,0.2365571021371914
0.2955507930810578,0.2271679163805334,0.2398646983627675,0.23741659217564132
0.29871763231407966,0.22636284601357065,0.2378549489372991,0.23706457273505058
0.29878664816543066,0.2260187750091928,0.23868750870544717,0.2365070681199293
0.2989840835345956,0.2260968075801534,0.23844404663033203,0.23647506225491896
0.2974406968915444,0.22659657617570397,0.2392904086504965,0.23667231828225516
0.2993196271823475,0.22602956252525785,0.23791936950876647,0.2367314407836282
0.29530552394686777,0.22699541932201084,0.2404207573781137,0.2372782993530076
0.300076647917508,0.22582777719560368,0.23694660999891057,0.23714896488797768
0.30002982528943173,0.22533777193106383,0.23840169894289734,0.23623070383660705
0.2983569620024692,0.22630329614151368,0.239033423211252,0.2363063186447652
0.2967289907813802,0.22689235743617403,0.23940849046932972,0.2369701613131159
0.2967552646998727,0.22697390720177935,0.23909615780777552,0.23717467029057243
0.2933279869313462,0.22747476627933286,0.24064904533661097,0.23854820145271002
0.2986649700154759,0.22650798562539035,0.2374361551332453,0.2373908892258886
0.2974802368570853,0.22642130339098285,0.23942839445388497,0.23667006529804693
0.2966164353897683,0.22700543107288665,0.239275026720715,0.23710310681663005
0.29669777553565624,0.2269695124619691,0.2391318743891914,0.23720083761318325
0.2982625678916317,0.22642700725266615,0.23840220683237184,0.2369082180233303
0.29475950536982803,0.22718333796140153,0.24040733149632634,0.237649825172444
0.29945466870023535,0.22611982877376183,0.23723366519529132,0.2371918373307115
0.2985580226564626,0.22601159078838176,0.23905004698611382,0.23638033956904173
0.2987144835940744,0.22626690674828118,0.2384826485717764,0.2365359610858681
0.29769900791775983,0.22652164816729944,0.23911209297762218,0.2366672509373186
0.29907323341873426,0.22611017063601754,0.23813042490068786,0.23668617104456038
0.29602608349829107,0.22690492942094492,0.24002505867221294,0.23704392840855099
0.29886680665267346,0.2263397657937263,0.23781967820633262,0.23697374934726764
0.2972821768879685,0.2265433767493425,0.2394738299356477,0.2367006164270413
0.297242903669701,0.22684008778023215,0.23893816235963233,0.23697884619043444
0.29774507507536774,0.22658312026283478,0.23877928947573135,0.23689251518606613
0.29720648896963714,0.22673186683791505,0.23915588302010973,0.23690576117233808
0.29260441995269787,0.2274514035059372,0.24097902282387604,0.23896515371748894
0.29935870312758245,0.22623454843469676,0.2368870067519985,0.23751974168572226
0.2978627176531874,0.22620542480564831,0.23946153165944323,0.23647032588172104
0.29892003324729555,0.2262501989886923,0.2381890229676152,0.23664074479639702
0.298606956496659,0.22614983017296247,0.23874185108384416,0.23650136224653426
0.2983568159701503,0.22634360897277545,0.23872608625386596,0.23657348880320828
0.2970105923020226,0.22677168986458893,0.23934451882761987,0.23687319900576864
0.2983820741988755,0.22642251539265174,0.23834667599896578,0.23684873440950696
0.30013058825791367,0.2254912331495638,0.23778005671577973,0.2365981218767428
0.29761355102230036,0.22643784706616,0.23953388018389188,0.2364147217276478
0.2963102368572937,0.2270883359827175,0.23940089338656628,0.23720053377342254
0.2963123720111448,0.22709755696500147,0.23924516458291498,0.23734490644093875
0.2952151050307407,0.22731307240895854,0.23977407879856344,0.23769774376173744
0.300373811394449,0.2255211592407736,0.2368415838835102,0.23726344548126713
0.2990238872398739,0.22578425542826114,0.23905344279574023,0.23613841453612472
0.3004505045606401,0.22550959785802524,0.23759297130609647,0.23644692627523822
0.2991709997110801,0.22585110449597293,0.2388184517040328,0.2361594440889143
0.2982063841186185,0.22641378931843187,0.23887372883340988,0.23650609772953976
0.29857049791255125,0.22627670188513507,0.23851644457386745,0.23663635562844632
0.29996259695541805,0.2256160873079479,0.23788279862228953,0.2365385171143446
0.298528117892233,0.22614740345843842,0.23902725952819284,0.23629721912113574
0.29711790975727004,0.2267881793559091,0.23926051870184029,0.23683339218498056
0.29838619542566475,0.22640496350061537,0.2383725428474179,0.23683629822630195
0.2985188164935171,0.22621236615736198,0.23867464201571226,0.23659417533340862
0.2963598481897715,0.22692794591204915,0.23968595463129455,0.23702625126688479
0.3001596060789351,0.22566659503376865,0.23718278550803984,0.23699101337925646
0.30010544705403147,0.2253548374570748,0.23833602527083925,0.2362036902180544
0.30058280614963284,0.22535044709685748,0.23784218671811386,0.23622456003539577
0.2989682001800826,0.22598022212022467,0.23890162511420723,0.23614995258548563
0.29847323039705875,0.2263295570095794,0.2386857969348032,0.23651141565855854
0.29830096223691754,0.226348182443888,0.23873413530124063,0.236616720017954
0.2988613724601309,0.22614047203759222,0.2384112110228273,0.23658694447944958
0.2986468650478781,0.22617743990616274,0.23867749014392103,0.2364982049020383
0.2977300773905219,0.22654726942818898,0.23905520215632375,0.2366674510249654
0.29906638193485596,0.22610175610960098,0.23814705647105183,0.23668480548449122
0.2977268503500676,0.22645985973342733,0.23922709621609614,0.23658619370040881
0.2940031764067652,0.22738728205345202,0.24047282150401358,0.2381367200357693
0.3012882011180252,0.22507615510873594,0.2359052467311132,0.23773039704212567
0.3011254628570223,0.22464318178474776,0.23818137599446,0.23604997936377003
0.2982932031728779,0.22629797655757086,0.23929728002610146,0.2361115402434499
0.3000429004365533,0.22571553816281817,0.23763659167526066,0.23660496972536785
0.29963234627937935,0.225651999991965,0.23849014730363668,0.23622550642501886
0.29588131777458015,0.22696625505707116,0.24009900876325493,0.2370534184050937
0.298844844954419,0.2263589152131423,0.237792959393256,0.23700328043918273
0.2979077514512827,0.22633731527823986,0.23916881084730798,0.2365861224231694
0.2959577853631933,0.22710532874903872,0.2396822189694142,0.23725466691835387
0.29153354976457563,0.22755842674121846,0.24112465864142088,0.239783364852785
0.28803488822648626,0.22751570823573194,0.2416440591185911,0.24280534441919052
0.2848563274318205,0.22679745258650685,0.24231420231362738,0.2460320176680453
0.29284082113586446,0.22871375527460827,0.2390971708065479,0.2393482527829793
0.29575169177754723,0.2272613324935632,0.23908561955183508,0.23790135617705457
0.29225685257292366,0.2275635246156037,0.2409667083055314,0.23921291450594134
0.2935387712580228,0.22798429096791822,0.2396792273839717,0.23879771039008726
0.29466108003271696,0.22758576005796338,0.2395803787814785,0.23817278112784127
0.2920986634606044,0.22770268131045948,0.24078860424744447,0.23941005098149154
0.2975842974402823,0.2269777513638639,0.23782961456317198,0.23760833663268177
0.2948521563793519,0.22712705088869556,0.24039323777145716,0.23762755496049537
0.2954968372815258,0.22748128887526198,0.2392447480485131,0.23777712579469903
0.29608536665910085,0.22714863452642964,0.23927093791390222,0.23749506090056724
0.2940216831643637,0.2274927723359546,0.24025135209182832,0.23823419240785323
0.2933587273070697,0.22779625101993284,0.24008035847895243,0.23876466319404496
0.297981513166355,0.22668452300224276,0.23789914141206725,0.23743482241933495
0.29708742683995704,0.22662431718845308,0.23942806494785493,0.2368601910237349
0.2981305974858092,0.22653740455025972,0.23848161410675017,0.23685038385718096
0.2990446232857132,0.22601153761356393,0.2383285633833128,0.23661527571741015
0.2967712573608028,0.22676639955183067,0.23964745578890378,0.23681488729846276
0.29681905974537465,0.22699480070287004,0.23902771320879665,0.23715842634295856
0.29963253775900034,0.2258104887490433,0.23768115357825612,0.2368758199137003
0.29644579048732117,0.2267378690565389,0.2400232358127584,0.23679310464338166
0.29715595272519557,0.22696420237677215,0.2387528065671844,0.23712703833084786
0.2960278833085418,0.22704625592561106,0.2396177122110805,0.23730814855476667
0.29760672933731075,0.22675228917531615,0.23855131482421205,0.23708966666316114
0.29574640103300115,0.22706676755635813,0.23985401741972895,0.23733281399091177
0.3000547932131642,0.2257344527470196,0.23712137040135092,0.2370893836384652
0.30079648449773494,0.22498592461256836,0.23790963951595923,0.2363079513737375
0.2993523710056084,0.22585633780068679,0.23874655214425616,0.23604473904944867
0.29759110137943867,0.22659658863863574,0.23920892677355513,0.23660338320837052
0.29657971931865446,0.22697290163215858,0.23933549263025788,0.23711188641892914
0.2963656382482846,0.22706897158157574,0.23927263897463188,0.23729275119550777
0.2976089974421548,0.22668931686787197,0.2386595936693595,0.2370420920206138
0.2980897052728429,0.2264169341875685,0.23872112100623508,0.2367722395333535
0.29852119387136933,0.22627178460054764,0.2385637122283771,0.23664330929970592
0.2970220061718991,0.22674221136829667,0.23939979131861736,0.23683599114118686
0.2954173919267656,0.22727057880256035,0.23974658895028256,0.2375654403203916
0.2935621558801282,0.22762898589825392,0.24025709423796687,0.23855176398365102
0.2998750967090876,0.22583190931054878,0.23681451124923483,0.23747848273112887
0.3011469161964108,0.2247225615101507,0.2377101441716469,0.23642037812179154
0.2975519373169772,0.22644543861356262,0.2397563060713533,0.23624631799810683
0.29702374470855314,0.22694114480152205,0.2390128369273646,0.2370222735625602
0.2960502801306265,0.2270834021899495,0.23953663497055053,0.2373296827088735
0.29593891048571636,0.22721724652104242,0.2393608952272263,0.237482947766015
0.29897236119042353,0.22616044843646174,0.23786100762761297,0.23700618274550186
0.29631125192500535,0.2268093217362117,0.23994626845867664,0.23693315788010627
0.29677795919913597,0.2270632723204238,0.23892998774718557,0.23722878073325468
0.29449614952948555,0.22735713486635795,0.2402021494228306,0.23794456618132595
0.2967434452359516,0.2271439485291721,0.23865776835924699,0.23745483787562935
0.2940415873658349,0.22737582404471762,0.24044758844312378,0.23813500014632366
0.2995516531760514,0.22606018899243782,0.23706154190612033,0.23732661592539048
0.299124585316175,0.22575482522924062,0.23880254435188805,0.23631804510269633
0.2972375993174855,0.22671808457357007,0.2393532241920654,0.23669109191687887
0.2961753535183239,0.2271004591081406,0.23944189712718628,0.2372822902463493
0.2969622372944756,0.22692736997223434,0.23891573585842574,0.2371946568748644
0.29637118970674214,0.22699523785362197,0.23940830228691795,0.23722527015271808
0.29700583968977795,0.22690813237056567,0.2389323608597884,0.237153667079868
0.2960366609563596,0.2270772745209457,0.23956352867730404,0.2373225358453907
0.2959416571726629,0.22722111476241585,0.23935270542632772,0.23748452263859363
0.2955142591043917,0.22728452718983996,0.23957131973600965,0.2376298939697586
0.2965066557175509,0.22709084845554314,0.239020379169324,0.23738211665758197
0.29366430741959565,0.2274655164288258,0.2404999678119837,0.2383702083395948
0.2989701343374666,0.22634329492436092,0.23733515000428737,0.2373514207338852
0.29956773827042293,0.2255888340463194,0.23839962902810938,0.23644379865514822
0.29760241868051196,0.22654618847081875,0.23933219848248705,0.23651919436618224
0.2969484201198633,0.2268943228668242,0.23914103738522346,0.23701621962808914
0.29740375341434894,0.22673270092653713,0.238867208542994,0.23699633711611975
0.29576457639476145,0.22711548221910247,0.23975485240091518,0.23736508898522105
0.29757218744183894,0.22678775851990127,0.23850385389891474,0.23713620013934508
0.2957275751967843,0.22706474802528787,0.2398669950651713,0.23734068171275657
0.29484068142883857,0.22748665793861234,0.23973978904652432,0.23793287158602475
0.29534104088109375,0.2274147662613077,0.23943154826696258,0.23781264459063603
0.2942694726069045,0.2275266110222042,0.24001997648463616,0.23818393988625514
0.291670098378503,0.22776332785378434,0.24081906914876458,0.23974750461894806
0.2986081828147268,0.22654312618042435,0.2372134249804152,0.23763526602443352
0.29945410982969073,0.2256064896953606,0.23842655361662546,0.23651284685832322
0.29691249560280075,0.22674419359124928,0.23963875781515798,0.23670455299079196
0.29870691761326573,0.22634482546450696,0.2381031425247713,0.23684511439745612
0.29824269510804197,0.22627100091046434,0.23891697437256912,0.23656932960892466
0.2956200385328345,0.2271223031725108,0.23992750922689612,0.23733014906775865
0.29846579814412555,0.2264809562425063,0.23798916156301594,0.23706408405035226
0.29472067143262604,0.22712461521970095,0.2405355470564536,0.23761916629121932
0.29475740960326813,0.22763840224889975,0.2395222691750461,0.23808191897278605
0.2949053500707922,0.22746894665508224,0.23965269784657267,0.23797300542755281
0.29604434706282257,0.22723959051127512,0.23914109554440838,0.237574966881494
0.2918876109778691,0.2275275037128831,0.2411199175143357,0.23946496779491214
0.2979100069269833,0.2269145217072739,0.23758217294321435,0.23759329842252858
0.298521300505039,0.22605708298607757,0.23874247349549607,0.2366791430133874
0.29804515582915514,0.2264604931314205,0.23888485346332058,0.23660949757610386
0.2993807798703439,0.22593925072089582,0.23805516000217386,0.2366248094065863
0.30007667623726936,0.22550433435231124,0.2380466702677814,0.23637231914263784
0.2959059285411146,0.22688562408226573,0.2402479237775223,0.23696052359909733
0.29570021806034424,0.22737870996191678,0.23930707490397446,0.23761399707376446
0.2943204413378345,0.22748389994667353,0.2400625788629568,0.23813307985253518
0.2941762132169465,0.22767573553685802,0.2398134379462872,0.23833461329990832
0.2959094156208828,0.22731617098542525,0.23907714442460398,0.23769726896908794
0.29615389180242985,0.2270981446482052,0.23933363103431438,0.2374143325150506
0.29405123492485874,0.22749356733365214,0.24023452098584486,0.23822067675564423
0.2989952298607928,0.2262840274134787,0.23741801742973376,0.23730272529599483
0.2995937808826693,0.22559520452695442,0.23837671848150793,0.23643429610886832
0.29913327660321687,0.22600048142089335,0.2385654792534168,0.23630076272247283
0.295759703024718,0.22701357389441001,0.2400555291600693,0.23717119392080274
0.29699889035106686,0.22702398809210592,0.23872608076391486,0.23725104079291237
0.2970043955682075,0.22678706321976605,0.23914741523929828,0.23706112597272821
0.2986342588190816,0.2262886474745344,0.23825515740029674,0.2368219363060873
0.2936171332875074,0.2272368993670328,0.24095804690511757,0.23818792044034223
