0.29019261473729824,0.23536264696321113,0.23811525867277425,0.23632947962671635
0.290639933404482,0.23608604950782042,0.2366741055734034,0.23659991151429413
0.29027676597815166,0.23695896629355925,0.23595672823659833,0.23680753949169062
0.2901294355163986,0.23523867646091448,0.23618634575792732,0.23844554226475956
0.2907803023727725,0.2337320964884817,0.2376308630481239,0.23785673809062188
0.29076440165121714,0.2373760114719082,0.23650919565211598,0.23535039122475868
0.2896158343231364,0.23794145889938845,0.2342457381369375,0.2381969686405377
0.28992774546796324,0.23693772826789172,0.2362677910566067,0.23686673520753843
0.289863004967881,0.23737351878005924,0.23554980401224607,0.2372136722398137
0.29025726582315625,0.23260545139058345,0.23707682776362118,0.24006045502263912
0.29137655039967614,0.23570931315897856,0.23867779617371424,0.2342363402676311
0.2896296316355509,0.24006758932076122,0.23331954815972314,0.2369832308839647
0.28939658488489095,0.23811397609083448,0.2349727130964241,0.2375167259278505
0.28960529733435564,0.23755517731518383,0.23569214808437386,0.2371473772660867
0.2898887383361363,0.2376152845574378,0.23606711262327393,0.23642886448315195
0.29002119203084376,0.23428865753005076,0.23653835747685392,0.23915179296225156
0.29106490187578,0.2350539955132987,0.23850239259784836,0.2353787100130729
0.29016777304943353,0.23788954771791387,0.235030599175162,0.23691208005749062
0.29000348739822646,0.23603434757218394,0.23596319248522551,0.23799897254436406
0.2904815670622797,0.2333009001709875,0.23723952858679814,0.23897800417993473
0.29125714220216714,0.23381537617948592,0.23800896660320828,0.23691851501513858
0.290733724990092,0.2320649482058455,0.23656956577194582,0.24063176103211661
0.291345660321933,0.23667327162455623,0.2377110706377003,0.23426999741581045
0.28909457283496515,0.2400204088135101,0.23241622424842415,0.23846879410310057
0.28944141677203905,0.23767141216594104,0.23552171350646586,0.23736545755555413
0.28951583992752145,0.2384988827799979,0.23506681144817734,0.2369184658443034
0.2897122115757168,0.23699602643933002,0.2358136221713248,0.23747813981362853
0.2903049676607511,0.23328133223619382,0.23733301154599337,0.2390806885570617
0.2911372183513891,0.2365221780757132,0.23813250082985063,0.23420810274304704
0.2895881869343891,0.23938651343850964,0.23361516499898816,0.23741013462811306
0.2897541423981765,0.2357743222925314,0.2361674588702845,0.23830407643900764
0.2903762491823674,0.23581774913561332,0.23709441343029794,0.23671158825172148
0.2899903840500511,0.24121739095325012,0.2348480460066199,0.2339441789900788
0.2887178577568351,0.2368598617562791,0.23360204484370756,0.24082023564317825
0.29024165606248303,0.23680438524126665,0.23901120244601815,0.2339427562502321
0.2892895115374281,0.24112108640885097,0.23310538176182982,0.2364840202918911
0.28924309725919145,0.23883946315690022,0.2352458537625802,0.23667158582132808
0.2892739670417933,0.2394811164952834,0.2350378884026659,0.23620702806025742
0.2893860762715116,0.23867837704718722,0.23542794930065916,0.23650759738064206
0.28970998797153213,0.23657516849385565,0.23642738184967607,0.23728746168493625
0.29025307974662645,0.23718631646947294,0.2371782275237719,0.2353823762601288
0.28990922061770796,0.23777110819158367,0.23551330654229724,0.23680636464841126
0.28989472522434223,0.23866291810024481,0.23598527697878516,0.23545707969662777
0.28945611636558066,0.2381884060201818,0.2348722519708916,0.23748322564334587
0.2900647059004672,0.23512612199412458,0.2372710949183541,0.23753807718705422
0.2908928047782505,0.2306395022792948,0.23828499511416873,0.24018269782828602
0.29176479414656914,0.23747429009905294,0.23888795900533547,0.23187295674904249
0.2886464371685023,0.24415012927442883,0.23028880814811892,0.23691462540895006
0.2884121784203417,0.24039148560432408,0.2336767872101303,0.23751954876520404
0.2887536517813372,0.23928299202312528,0.23473368905108583,0.2372296671444516
0.2894923300134549,0.23759830019564113,0.23642183959063662,0.2364875302002673
0.2901142799386872,0.23376736808733797,0.2373684366313789,0.23874991534259593
0.29125328596435823,0.23509709522063582,0.2390325127042171,0.23461710611078895
0.2901232024692078,0.2389683634863452,0.23466706177839838,0.23624137226604863
0.289680076976925,0.2376322645431533,0.23526917094977587,0.23741848753014574
0.28999360973900495,0.23493297990720827,0.23665031075924375,0.23842309959454308
0.2906406590848426,0.23707001779765666,0.23737894918084726,0.2349103739366536
0.2897690911395758,0.23588275947725712,0.2350817439898963,0.23926640539327085
0.29049910717457944,0.23749765715060364,0.23758324327173716,0.23441999240307967
0.2891308900738202,0.2430102153797712,0.232276457820068,0.2355824367263405
0.2884872621258069,0.24109160436685043,0.23307411593698546,0.23734701757035725
0.2888531465408785,0.23824946464912783,0.23538827308871457,0.237509115721279
0.2898643472831028,0.23551163778523723,0.23745251746614202,0.23717149746551797
0.2908364071301775,0.23256962417502097,0.2384338320108751,0.23816013668392638
0.2913400898908859,0.2369362444423597,0.2381090780048757,0.2336145876618787
0.28945823937855736,0.24057441504937788,0.2330271782666766,0.2369401673053882
0.2892984770131316,0.23830488032865313,0.23513707364381284,0.23725956901440248
0.2896520034390677,0.23610633341012835,0.2361790773888982,0.2380625857619056
0.2902970192975594,0.23800154813455007,0.23706489881156367,0.23463653375632693
0.2896126641293604,0.23449367717803857,0.23543762677449592,0.2404560319181051
0.2907711520284651,0.23811842402485445,0.23885085435156464,0.23225956959511584
0.28862160334477904,0.24420154085040335,0.23063374151142896,0.23654311429338873
0.2887259731033879,0.23675230156748783,0.23525156246680148,0.23927016286232275
0.29022897918960705,0.23374232718067844,0.2385235982314342,0.23750509539828027
0.2911611535493921,0.23424905357953998,0.23822888953655583,0.23636090333451212
0.29095425027317806,0.23112984777540174,0.2373597547504359,0.24055614720098425
0.2916449307071551,0.23695287826957936,0.23844056211667075,0.23296162890659486
0.2888789304391118,0.24010142960388958,0.23197792180841742,0.23904171814858133
0.28979309631075023,0.2343434086769925,0.23689505703420893,0.2389684379780483
0.29066450152911716,0.23489995570495523,0.2373839973794848,0.2370515453864428
0.2904445405474904,0.2378649754604561,0.23583716956504092,0.23585331442701257
0.2897551707386718,0.23378957364346364,0.2355346577128969,0.24092059790496775
0.29088665309769995,0.23778999632838405,0.23836561710622292,0.23295773346769297
0.2887789974145984,0.24147348304594735,0.23171397919559647,0.2380335403438578
0.2892937393483276,0.2371033466296903,0.2360668420047197,0.23753607201726232
0.2898145824498974,0.23652178589651607,0.2363066583336615,0.23735697331992517
0.29022093262077464,0.23795892160186755,0.23659464278409253,0.23522550299326528
0.28972887806510683,0.23505671310214304,0.23561136663402263,0.2396030421987274
0.29079531373120365,0.2365209254997094,0.23849086054386576,0.23419290022522113
0.2895883160014265,0.2379092670839831,0.2341836604167525,0.23831875649783785
0.29029989065421674,0.23483944471994306,0.23745882563773366,0.2374018389881066
0.29044644935376357,0.23674283368287796,0.23647392693206376,0.23633679003129476
0.29013023214277456,0.2362949465140657,0.23581651543326482,0.23775830590989486
0.2905865148618964,0.23015492990835568,0.23757738754409846,0.24168116768564948
0.2917687362040713,0.23768294022641537,0.2391415358884007,0.2314067876811127
0.28831848380383507,0.24180963801809952,0.2305939258746269,0.23927795230343862
0.28926026221102114,0.23712597231593122,0.23642057098240624,0.23719319449064136
0.2894876927604873,0.23866010147424377,0.23507870370270598,0.23677350206256295
0.289765916610212,0.23716409695343973,0.23601250239418362,0.23705748404216456
0.29011892949380036,0.2352530615632847,0.23679058235647693,0.23783742658643794
0.2906087142869026,0.23676824857879483,0.23726321520588112,0.23535982192842142
0.28965951956529773,0.2416708652383847,0.2338005190272902,0.23486909616902735
0.28884626642034544,0.23744560747197702,0.23404315033751202,0.2396649757701654
0.29042519545680084,0.23278589457872667,0.23898126118322863,0.23780764878124389
0.2912651824509656,0.23398981748633907,0.23809790909395212,0.23664709096874323
0.29095239341678586,0.23343253795409083,0.2369275903324173,0.2386874782967059
0.29057928752313683,0.24122519943712414,0.23581953597642957,0.23237597706330954
0.2879808179185538,0.2428039888262443,0.23012093996130845,0.23909425329389355
0.2886823207622907,0.23924167139737598,0.23582868971033777,0.23624731812999553
0.2888796289314907,0.23956334930407017,0.2342579474083597,0.2372990743560795
0.28974136606022816,0.23577722406838036,0.23726757036276513,0.2372138395086263
0.29035986711849443,0.23690017490606155,0.23724950268377204,0.235490455291672
0.2898882567358261,0.24033733499414212,0.23495106353155484,0.234823344738477
0.28913714202133434,0.23845031309709314,0.2342879986167247,0.2381245462648478
0.29004859035145003,0.23433108165986738,0.23784701383544893,0.2377733141532337
0.2907619537392406,0.23664869465938657,0.23761506894453494,0.23497428265683795
0.2899402896001634,0.23866863515447453,0.23483652061940868,0.2365545546259535
0.28989837330451956,0.23463433977223375,0.23635426350513927,0.23911302341810745
0.2904768195232009,0.23941119159968394,0.23723107491234136,0.23288091396477378
0.2886155173956499,0.2435354208230253,0.23106323539439674,0.23678582638692813
0.2884881863248932,0.24036400625539858,0.23422468191207638,0.23692312550763187
0.2888907078384289,0.23815642229859632,0.23529005061216143,0.2376628192508133
0.2899726411765238,0.2359165657725004,0.2377939118248217,0.23631688122615413
0.2903535116641462,0.23677493681220368,0.23692953599903324,0.23594201552461697
0.290165078468263,0.23799003258102033,0.23606917350087522,0.23577571544984144
0.28975356521919243,0.23813979581717254,0.23534593201777823,0.23676070694585677
0.2899075012022929,0.23618492074450378,0.23640992330693436,0.23749765474626888
0.29023896355640033,0.23795355864625722,0.236667337296262,0.23514014050108042
0.2896546147714623,0.23739559157228096,0.23500392692584418,0.2379458667304125
0.2905436505420385,0.2309674688069655,0.23817335258371503,0.24031552806728101
0.29109135989441703,0.24168280657197685,0.23789058734949278,0.2293352461841134
0.2872665289584883,0.24920678522841846,0.2262233836657288,0.2373033021473645
0.28772539915263023,0.2358153370042485,0.23517623702875345,0.24128302681436783
0.28979097880165616,0.23759230362029315,0.2389958280242442,0.23362088955380644
0.2894630299058642,0.2406866951572126,0.23387837776464887,0.23597189717227435
0.2897228989016023,0.23321598774615293,0.23710304537809207,0.23995806797415267
0.2911862052746155,0.23589072299364436,0.23964572241255755,0.23327734931918268
0.28974805288828204,0.2388870032089412,0.23396783890051942,0.23739710500225733
0.2901731283331279,0.2334245260715085,0.23725119813200646,0.23915114746335703
0.2913837283045396,0.2284083469402055,0.23879217363570623,0.2414157511195486
0.2925465487764063,0.22472277108760166,0.23838446080747558,0.24434621932851655
0.2916082553341008,0.2228744315584541,0.23509943049616963,0.25041788261127557
0.2920102318457645,0.2313048936027254,0.23565390140993672,0.2410309731415734
0.2883987972466882,0.23955096173603754,0.23105522996089317,0.24099501105638108
0.2885096658551969,0.23288432763969763,0.23333095833126835,0.24527504817383722
0.2911607611040975,0.23107196175835218,0.23779816809421211,0.23996910904333832
0.2907403949509283,0.23421751426915532,0.23552467642846475,0.23951741435145169
0.29026046370571634,0.23116152739792448,0.23552632124452338,0.24305168765183585
0.29127277411286207,0.23654954995733576,0.23724867169810032,0.23492900423170182
0.2887513714268501,0.2365659925618708,0.23273725540180057,0.24194538060947857
0.2906306442467284,0.23283408444335804,0.23791175610214857,0.23862351520776495
0.2906822996527177,0.23532887871564687,0.23616042980180424,0.2378283918298312
0.290411076551036,0.23268636079443675,0.23612569952953386,0.2407768631249934
0.2914181414423417,0.23072991499843384,0.2379031091451568,0.23994883441406764
0.29121358645885653,0.2377895779892748,0.23633054594394026,0.23466628960792854
0.28885170797612847,0.23922167472749845,0.2322435497828531,0.23968306751351995
0.28962533175555044,0.23691204523650092,0.2361210066174667,0.23734161639048193
0.2895591123474308,0.23965602121977092,0.2346107945677125,0.23617407186508574
0.28941622908769016,0.23586862025036026,0.23528157195157798,0.2394335787103716
0.29069762747940414,0.23395514837950912,0.23843151969565113,0.23691570444543564
0.29044780346112414,0.24010571840325845,0.23555982251956234,0.2338866556160551
0.288994608910191,0.23676035993864802,0.23374447031276022,0.24050056083840077
0.29061502257161065,0.23377302125986987,0.2390564950764697,0.23655546109204964
0.2906350546939567,0.23483905502846641,0.23656284438606207,0.23796304589151487
0.2908021491671709,0.2360885942032378,0.236967652726622,0.23614160390296943
0.2900486609134799,0.23505077509011207,0.23551752790982117,0.23938303608658681
0.2903845464138921,0.23981129714408778,0.23656398168805653,0.23324017475396355
0.2883036420037405,0.24551110902521706,0.22991175096543964,0.23627349800560282
0.28809815985281473,0.23889780992381426,0.23370948562533334,0.23929454459803767
0.2895861146060227,0.23473157855198593,0.2380407791823673,0.2376415276596241
0.29092484290427634,0.23368843489618976,0.2385929385442618,0.23679378365527218
0.29118835180463054,0.23410859675498347,0.2377628788413501,0.23694017259903596
0.2908088679444141,0.23653591125060658,0.23652865339320978,0.23612656741176968
0.28994674595625936,0.2381756144789556,0.23487756038044508,0.23700007918433996
0.28967044810282017,0.23820791872800814,0.2351579446102204,0.2369636885589513
0.2897447313510626,0.23585777356167464,0.23590540098833998,0.23849209409892283
0.290727347021113,0.2326856057612397,0.238044847925122,0.2385421992925253
0.29149178245453883,0.23073465873644344,0.23829773501420698,0.23947582379481067
0.2912770377645675,0.24026413294311516,0.2367069803456677,0.23175184894664969
0.2878111415661475,0.24821999759068278,0.2276312974076046,0.23633756343556517
0.28764832107325283,0.2366325456267965,0.23358518050457114,0.2421339527953796
0.2902613597072901,0.23290819189315384,0.2402621005528761,0.23656834784668
0.29112907257872855,0.2340045133051696,0.23774419941345729,0.23712221470264463
0.2911686604693037,0.23374671352408566,0.23749508738975458,0.23758953861685594
0.29063365750565906,0.23899436056860118,0.23584777059454154,0.23452421133119822
0.2891187936059324,0.23679604337800772,0.2337559548453018,0.2403292081707581
0.29057499790714747,0.2337911170844369,0.23845687768658766,0.2371770073218281
0.2907178883109268,0.232861482880781,0.23691854278379235,0.23950208602449985
0.2914013156169747,0.2345136775673953,0.2379519976963037,0.23613300911932622
0.29020147173977295,0.23338431202271365,0.23551345806073612,0.2409007581767773
0.2908321765315748,0.23896140208020303,0.23723162247214785,0.2329747989160743
0.28828585440608695,0.24323618302724434,0.23036809476865755,0.2381098677980112
0.2889678350829302,0.23526968872678233,0.23595569123583754,0.23980678495444988
0.29061780095752116,0.2333277277579547,0.23855545137933512,0.23749901990518904
0.291113667705925,0.2351355452468367,0.23747289967928045,0.23627788736795782
0.29046953585641316,0.23539724644455487,0.23598810407167123,0.23814511362736074
0.29057555339174135,0.23553082961021782,0.23671270820173096,0.2371809087963099
0.2903273264856673,0.2349361280076689,0.23610630470529217,0.23863024080137168
0.2907812403832666,0.23396542174859689,0.23721567587285722,0.23803766199527926
0.290803347592317,0.233956448748917,0.23677070996308922,0.2384694936956768
0.290817114550654,0.23518579111092544,0.23663567447026335,0.23736141986815737
0.29036388209468883,0.23235212150646822,0.23617053749999942,0.24111345889884347
0.291131432618557,0.2379528834095384,0.2376243492444368,0.23329133472746774
0.2885407860546703,0.24392373404129195,0.23044277596619941,0.23709270393783827
0.288633701876134,0.2365776900961363,0.23467261601453743,0.2401159920131922
0.2902657793604249,0.234157322983416,0.23837761814098832,0.23719927951517086
0.29078609501901687,0.23589250877260284,0.23709968214851052,0.2362217140598699
0.290435379464767,0.23430162413975658,0.23639567409549725,0.23886732229997915
0.2909185351410956,0.2357312477198163,0.23751190252046137,0.23583831461862664
0.2900618315918122,0.2351865179742795,0.23539261427873298,0.2393590361551753
0.29098350705022147,0.2321202945117171,0.2379665986318654,0.23892959980619602
0.29130803127896243,0.2334057496491348,0.23741568333782753,0.23787053573407518
0.2908206780165366,0.23286917775673205,0.23638995910836508,0.23992018511836624
0.2912007250375476,0.22941101408031003,0.23727783707019726,0.2421104238119452
0.29160064049100815,0.23816303301005842,0.23729519860526996,0.2329411278936635
0.2880688819202469,0.24507140192069887,0.22915332723257026,0.237706388926484
0.28837654133038154,0.2359372044887462,0.23442370615116268,0.24126254802970962
0.29015636858524757,0.23652486737329403,0.23826251332865467,0.23505625071280375
0.28971583877041873,0.2387463912950135,0.2345057991832996,0.23703197075126814
0.29006622777258007,0.23335938543546134,0.23695493757955619,0.23961944921240233
0.2910685670782937,0.23640353694225888,0.23834238870078417,0.23418550727866336
0.28971241101149137,0.2344722156367594,0.2349684767776565,0.2408468965740926
0.29147162218645783,0.2310453973531627,0.23934544118488246,0.2381375392754971
0.29135531132319603,0.23329085186747658,0.23707047359468447,0.2382833632146429
0.29086264187642746,0.23502905778432243,0.23618386152168533,0.2379244388175647
0.2903070765171838,0.2305829084883584,0.23611434296533185,0.24299567202912595
0.29171092538687704,0.2359810226412846,0.23858957512574058,0.2337184768460978
0.2887751303806886,0.24246933937630974,0.2310420647415717,0.23771346550142988
0.288863190278986,0.2375961223295619,0.23441627498170434,0.23912441240974772
0.28954849281581085,0.23893064624653396,0.23586907810299595,0.23565178283465926
0.2891175986394839,0.24142510753661994,0.23348613300255808,0.23597116082133815
0.2891546327185268,0.23428101518290673,0.23580802528032588,0.24075632681824052
0.2913834483454458,0.23141407634335137,0.24043974954386205,0.23676272576734086
0.2914823698107669,0.23218100870619704,0.23765914594615495,0.23867747553688096
0.29157256389146485,0.23173279582596118,0.23767913875132857,0.2390155015312453
0.29119004829467804,0.23470505708979408,0.2366038562684363,0.23750103834709163
0.2901831946305282,0.2360592033206123,0.23499684148447228,0.23876076056438722
0.290306071273462,0.23254312058350626,0.23630772841221617,0.24084307973081556
0.2909354075133786,0.23843602676136588,0.2370512777973158,0.23357728792793983
0.28852295796621596,0.24374200185779626,0.2305480147402456,0.23718702543574216
0.2884877870354724,0.2388711304543051,0.2340273852803063,0.23861369722991618
0.289631189112285,0.23343716866669634,0.23728528410284783,0.2396463581181708
0.29137915265628234,0.23370426050436935,0.23942265576918773,0.2354939310701606
0.2906198323505334,0.23650617269574406,0.23581257917469026,0.2370614157790322
0.29017513405811823,0.23825761716614619,0.23557652753725702,0.23599072123847858
0.28962594796079805,0.23247547284991976,0.23579348456557594,0.24210509462370625
