0.2877573102744643,0.24120498959461475,0.20830938626695888,0.262728313863962
0.28321678001146483,0.24191765983329014,0.21133149545970886,0.2635340646955362
0.2834917883824318,0.24018038213182077,0.21157558651862024,0.26475224296712724
0.2849062029794204,0.23938652079771022,0.2103026893744506,0.2654045868484189
0.28577604087354547,0.2421922833222476,0.20906323230918714,0.2629684434950197
0.2825926736167219,0.24117544627234516,0.2136135135744429,0.26261836653649007
0.27808644731308985,0.24334157664084838,0.21154508444654518,0.2670268915995166
0.2851707062798588,0.24293224633422483,0.20773013145937613,0.26416691592654024
0.28493075103814164,0.2382262771616637,0.21165185988622057,0.26519111191397415
0.28537937584199735,0.2426371947744222,0.20697432229475735,0.2650091070888231
0.2869027259622177,0.2420051080821775,0.21120233406061834,0.25988983189498643
0.27387147442999166,0.2440704964181294,0.2149458740444249,0.2671121551074541
0.283043693878266,0.24422203515311403,0.20662288684198954,0.26611138412663055
0.2833562954834123,0.24498515470140905,0.20719102729576652,0.26446752251941213
0.28606050904251823,0.2401850172883173,0.20928254976553445,0.26447192390363
0.2845752068986677,0.24245398955542646,0.2075606122546294,0.26541019129127635
0.28800280967638786,0.24145999531313467,0.20936827008303954,0.261168924927438
0.27920420964715403,0.2413963139616436,0.21404924913521975,0.26535022725598245
0.28574011738920885,0.23852304463264942,0.2098977212565641,0.26583911672157756
0.28701640981191817,0.23918582487697465,0.20968479137836096,0.2641129739327463
0.2891356212032551,0.23455124283781348,0.2139357419219775,0.26237739403695387
0.2809502148572422,0.2411913500414359,0.21292556244799082,0.264932872653331
0.28475184046836205,0.24021313824746476,0.214354069633119,0.2606809516510542
0.27182604292507184,0.24392570467254704,0.2155001415345215,0.26874811086785966
0.28442148217753943,0.24445821496414538,0.20592763568314335,0.26519266717517187
0.2821698311617213,0.24399532119345166,0.20917839124615414,0.26465645639867286
0.2862079699123497,0.2394548394714032,0.20882216687072058,0.2655150237455265
0.28560570694852505,0.24363043433513523,0.2065914660438674,0.2641723926724723
0.2860879562816656,0.24211904587077032,0.21115065782701378,0.26064234002055026
0.27651071545096967,0.2421700079325936,0.21406908487423185,0.2672501917422049
0.28579827483161757,0.24228960472090602,0.20630397078362162,0.2656081496638548
0.282868143598246,0.24741625287997857,0.20700634277509733,0.262709260746678
0.28199939207212005,0.2413600049999248,0.21315062066220658,0.26348998226574866
0.2770524132073879,0.2476333509267267,0.20567454332125687,0.2696396925446285
0.2904508167105045,0.24542971274531758,0.20399104163265083,0.2601284289115271
0.2741485610477653,0.24755878500718262,0.21148612280614928,0.26680653113890285
0.2835812394162781,0.24756508576715186,0.2033437633930005,0.26550991142356944
0.2822157287843152,0.24753521255416067,0.2056213355533516,0.2646277231081725
0.28439317676981507,0.24484307821577614,0.2056062613882935,0.2651574836261153
0.284794895834545,0.2457573749739338,0.20477750768851044,0.2646702215030106
0.2859984314391738,0.24405236939983865,0.2071283467080282,0.26282085245295933
0.2804266193374695,0.24645934095876365,0.20792516115385534,0.26518887854991147
0.2841264387454151,0.24453819812733119,0.20738565412619056,0.263949709001063
0.28234585705964876,0.24313776231965786,0.2082764688419478,0.26623991177874556
0.29092062685846426,0.23607000047243343,0.20781526327187183,0.2651941093972303
0.2856078146689775,0.24460825728674673,0.2066193037589463,0.2631646242853295
0.28471875618057885,0.24372673338218098,0.21296680295730192,0.25858770747993814
0.2659855915372057,0.24819339891574518,0.21531860143670653,0.2705024081103425
0.28296799535311357,0.24795787614191334,0.2020838734701802,0.2669902550347929
0.28332329251414556,0.24756193625267695,0.20398316687265658,0.26513160436052097
0.2885344298147868,0.24103088260976657,0.20576753563411693,0.2646671519413299
0.28636667242081065,0.24337791031587955,0.20562297898364293,0.264632438279667
0.2881496786494484,0.24265760051962268,0.20867707394436155,0.2605156468865673
0.27742299663997466,0.2434883177838426,0.2135516905071523,0.2655369950690304
0.2840884157776947,0.2411445973023155,0.2085689537750307,0.2661980331449591
0.2844933542123434,0.24443400988350641,0.20656206701427735,0.26451056888987284
0.28713707842032166,0.23977188581800982,0.21100940551001793,0.2620816302516506
0.2781685747501522,0.24531036341946175,0.20961827036674952,0.2669027914636364
0.28484949716107244,0.24688147503322314,0.20670508588129025,0.26156394192441423
0.2730391384499361,0.24896490446015115,0.21128056854466465,0.2667153885452481
0.2809674226392987,0.24772226751694748,0.2038830139063406,0.2674272959374132
0.2863029038114143,0.2448703971987465,0.2033415368388084,0.26548516215103085
0.2901782303337629,0.23958955181376873,0.20590327166307515,0.2643289461893934
0.286791981785733,0.24385481226176642,0.2064782848039122,0.26287492114858835
0.28460274989540396,0.24311053437041086,0.2116634894840273,0.26062322625015794
0.2740004959048436,0.24533571330196385,0.21294190194934923,0.26772188884384335
0.28493730081449514,0.2430423939712906,0.20602187963148128,0.26599842558273307
0.28339330953207853,0.24652270633393278,0.2054376246605758,0.26464635947341275
0.288258047541697,0.23896939117974458,0.21011593304090817,0.26265662823765035
0.27816986114857783,0.24788036312036435,0.2066247416388207,0.2673250340922371
0.28744267021151393,0.24636563484546148,0.20688451873542824,0.2593071762075964
0.27063335849214315,0.24577126966602536,0.21438805487341567,0.26920731696841577
0.28804493095212624,0.2422282729038045,0.2017886901312937,0.26793810601277557
0.2909581559003972,0.24111875029547353,0.20550064699775863,0.2624224468063708
0.28972699660642476,0.2347801396042301,0.21278344556604065,0.26270941822330446
0.2825855856701563,0.24254374267219914,0.21029142727698039,0.2645792443806642
0.2860121951390463,0.23987276108018613,0.21461352613857584,0.25950151764219176
0.2719503498234261,0.24099629567500122,0.2171069791402645,0.2699463753613083
0.2890248894316659,0.24050751092614064,0.20510177315933956,0.2653658264828538
0.2847956150480924,0.24277918776202428,0.2103815246039544,0.262043672585929
0.2838616815375967,0.2373733710087681,0.2146961300597384,0.2640688173938968
0.2794680706361334,0.2456799548193911,0.2077492101342801,0.2671027644101954
0.2873268672498136,0.24307358090072473,0.209964965700157,0.2596345861493047
0.27118644865363656,0.24546874218039974,0.21398499541553018,0.26935981375043344
0.2875462391287629,0.24331123668529933,0.20368793846165673,0.26545458572428093
0.28332526476131636,0.2458822146407387,0.2069218044538268,0.26387071614411806
0.28661030816966326,0.23999421169795826,0.20999808471048753,0.2633973954218911
0.2806956101339332,0.24510617147346492,0.20755220287910672,0.26664601551349515
0.2892487693086342,0.24117156094892114,0.20868093889762337,0.2608987308448213
0.2776226596218738,0.2421288330840648,0.21302965480545252,0.2672188524886089
0.28775531191421333,0.2421342961221072,0.20622442758146772,0.2638859643822117
0.2835864217921988,0.2413564615857831,0.2118085446176169,0.26324857200440127
0.286331928363989,0.2346398799767586,0.21289105642531705,0.26613713523393534
0.28458277232036494,0.24480566011252958,0.2061879349217531,0.2644236326453522
0.2869865219026784,0.24061673785429075,0.21474532306419367,0.25765141717883716
0.2660789156144225,0.2453119764146852,0.2165716347341432,0.2720374732367491
0.28794454664135494,0.24483731570496228,0.2024629992937636,0.2647551383599192
0.2815369917701487,0.24493809719316237,0.20913374091501022,0.26439117012167873
0.2856126145031535,0.2418271808507152,0.20748053741045258,0.2650796672356786
0.2847053163729339,0.2439086910052136,0.20712273322189306,0.2642632593999594
0.28309687620860424,0.24678745640364946,0.20780081743160297,0.26231484995614335
0.2790046442762979,0.24339287507659269,0.2124968449364958,0.26510563571061374
0.2829841116287137,0.241484231091518,0.20663079426271516,0.2689008630170531
0.29280399064288065,0.2397741565573862,0.20483073606916755,0.26259111673056557
0.2874235729137639,0.23716586479614787,0.21343697066866113,0.2619735916214271
0.27944909268002266,0.24597052440622252,0.21015126980340887,0.2644291131103459
0.2804780474901077,0.24421128422434787,0.21389716664939507,0.26141350163614946
0.26838509046486847,0.2499192258838782,0.20988987173359966,0.2718058119176535
0.28782199529395175,0.24718193176079864,0.2008452368477036,0.2641508360975461
0.2817020783691278,0.24568764766031354,0.20669484709640526,0.2659154268741535
0.28783248759114777,0.24492995936388837,0.20308474080888783,0.264152812236076
0.2837134445844927,0.2472657483905249,0.20654581950002254,0.2624749875249598
0.28091229976134763,0.24489443424965968,0.20977469806296326,0.2644185679260294
0.28236872275124425,0.24291501005318789,0.20715086564264554,0.2675654015529223
0.28853958670436963,0.24414612108676612,0.20375611989562398,0.2635581723132403
0.2850501426676866,0.2436282068279833,0.20962761953384437,0.2616940309704859
0.2811795394895646,0.2406059836910863,0.2123379202508599,0.26587655656848913
0.28216231206171366,0.2477483103483541,0.20448989505122994,0.26559948253870225
0.28381248467546427,0.24709527142188134,0.2085487493852421,0.2605434945174123
0.27068478365507065,0.2502029501167101,0.21001310961122077,0.2690991566169985
0.2847615184710595,0.24725679659581454,0.20179649487188184,0.2661851900612442
0.28475429084901865,0.2461491595741142,0.2035710422997326,0.2655255072771345
0.2885925952557242,0.24432701603515306,0.20399975996358588,0.2630806287455368
0.2838380326508153,0.2449649713240067,0.20785330378372524,0.26334369224145276
0.28271286871031676,0.2445666077490214,0.2084917695896306,0.2642287539510312
0.2827686012554864,0.24332530469755534,0.20847834632599666,0.2654277477209615
0.28392267189918363,0.24559903381473314,0.20582351873846008,0.2646547755476233
0.28520175401317455,0.24285436484865006,0.2090477454933691,0.26289613564480635
0.28433631152919475,0.23734444602810942,0.211301605619968,0.2670176368227277
0.2841362483964502,0.25033876975417807,0.2017730259133309,0.26375195593604095
0.28200782815177655,0.24840542100084065,0.21194485442555158,0.2576418964218312
0.26312725869465614,0.24697398465162768,0.21576789140790223,0.27413086524581387
0.28779412166507234,0.2501014143265671,0.19376373324106333,0.2683407307672972
0.29021428192032306,0.24761255227359855,0.20303913793923872,0.25913402786683953
0.2806929703722187,0.2411536876811858,0.2115595505830965,0.2665937913634989
0.2866292994298726,0.24542404847865498,0.20177184235829568,0.2661748097331767
0.2902227455068858,0.24216943264725121,0.20851955133158812,0.2590882705142747
0.27762467777463545,0.2400597114925262,0.21501232564451916,0.26730328508831924
0.29218777589902856,0.23276544299225602,0.2081212105221102,0.26692557058660515
0.2956890477756704,0.2271038751659911,0.21282246963858725,0.2643846074197513
0.29728379638995583,0.22143898654834923,0.21921103018343274,0.26206618687826233
0.28815276816222374,0.2268205827913131,0.22524200111473366,0.25978464793172956
0.2803083284761568,0.2295941572586899,0.23107073139340542,0.259026782871748
0.26854919394613824,0.2309913718187775,0.2318590020594069,0.26860043217567736
0.28222198547281996,0.23402937059306558,0.21380120490648974,0.26994743902762486
0.2910655428177764,0.23446888022800771,0.21406866157384194,0.26039691538037396
0.28198612088579683,0.23146324691616957,0.22307324967384196,0.2634773825241916
0.28036032964834773,0.2389795550930049,0.21458477030706932,0.266075344951578
0.2859096134671942,0.2353908514849229,0.21842356630013826,0.2602759687477446
0.2737299260228093,0.238075565990266,0.21817485929000052,0.2700196486969242
0.2905038638600156,0.23795020380704116,0.2085643205971819,0.26298161173576134
0.28358417085829235,0.2354114173578358,0.21781582141477343,0.2631885903690984
0.2854666026945495,0.2339169335852398,0.21452262879915496,0.26609383492105587
0.28611011791516117,0.2399083884049159,0.21207178676576197,0.26190970691416093
0.28049657667009464,0.23884604562485304,0.21934012402443834,0.26131725368061387
0.27233199436345185,0.2429145842214507,0.2149213313425531,0.26983209007254433
0.2849855094105698,0.24505025878348155,0.20578830783841653,0.26417592396753214
0.28180204010116544,0.2418145682711841,0.21189301694928278,0.2644903746783677
0.28394819907027496,0.24146885646611047,0.20756046306339154,0.267022481400223
0.2870901375852838,0.24558732238569542,0.20564174364539248,0.26168079638362846
0.2818567310156091,0.24050361247585544,0.21498942648701178,0.26265023002152377
0.27895365804541833,0.2422896535439051,0.2091599157917148,0.2695967726189617
0.2929127476181544,0.23898825423845077,0.20621611374678955,0.2618828843966053
0.2816388800695951,0.2414263013356139,0.21310945406191378,0.26382536453287725
0.2858562821510601,0.23811230725725188,0.21260446471988337,0.26342694587180476
0.2777461740060793,0.2465215676055645,0.20965927541233675,0.26607298297601956
0.2816136130833715,0.24808989983540858,0.2088349303053837,0.2614615567758363
0.27064376370014753,0.24801181485257723,0.21225409773841578,0.26909032370885944
0.2854664424507093,0.24467668187811273,0.2012878194981612,0.26856905617301685
0.2917456833247969,0.24151433165832042,0.20331147627526414,0.2634285087416187
0.28919696587921195,0.23957534674605974,0.20896084682527785,0.26226684054945043
0.2847829468058886,0.24086950037457688,0.21144726506631834,0.2629002877532161
0.2818783357633022,0.24196464104254384,0.21261149778186825,0.26354552541228565
0.2792587118749174,0.24378715372328566,0.21134600644007853,0.26560812796171845
0.2833256102190339,0.24180317099434503,0.20951599584473019,0.2653552229418909
0.28601574502994853,0.2390509701517044,0.20911615164201933,0.26581713317632777
0.2910955702502607,0.235036063546967,0.20997011166099397,0.2638982545417782
0.28372417521567855,0.244460776613189,0.20973761106345376,0.2620774371076788
0.27787429889140475,0.2468557652037225,0.21485924278422674,0.2604106931206459
0.2667725361390139,0.24482179403814763,0.2169976165416411,0.2714080532811973
0.2865153944454144,0.2435661412546623,0.19915542191213256,0.27076304238779075
0.29631683848686446,0.23969312180677435,0.20355299931539272,0.26043704039096843
0.28545529917353585,0.23840250012343678,0.21349174703395965,0.2626504536690677
0.2829637921987482,0.2429114703852887,0.2106360442812508,0.2634886931347123
0.2821904250641678,0.23953995207182885,0.21535093828138296,0.2629186845826203
0.2785539287242023,0.24128066630630837,0.21108840770914922,0.2690769972603402
0.2926340286561229,0.2365475643569082,0.20795267968097642,0.2628657273059925
0.28344902890619034,0.2395175458603425,0.2131273390198199,0.2639060862136473
0.2883876604417747,0.23476222640614913,0.21476389286213043,0.2620862202899458
0.2764974603671636,0.24439590771284062,0.21264625394008563,0.26646037797991007
0.28371792974291166,0.24355349370679005,0.21215683047288827,0.2605717460774101
0.2707212389903339,0.24333207784231117,0.21560915190870383,0.270337531258651
0.28945676900709383,0.24067576248776895,0.20266816661587395,0.2671993018892633
0.28990103419471275,0.24080321539101687,0.2077154515733415,0.26158029884092876
0.2852237852990522,0.238874763121727,0.21343509501899177,0.2624663565602291
0.2816972671607647,0.24016571746925963,0.21289801478634895,0.2652390005836266
0.28549130711949433,0.23872179115301262,0.2119059286755962,0.26388097305189684
0.28361971119893803,0.2386975935717318,0.21268810492039117,0.2649945903089391
0.2868707407174258,0.2374766620724938,0.2120481061656608,0.2636044910444195
0.28386999274397795,0.23878238659265086,0.21360440053381513,0.26374322012955603
0.2858994712809945,0.23479190341085965,0.21548372738345992,0.26382489792468605
0.28022680560932567,0.2432351427889879,0.21097146402328026,0.2655665875784062
0.2833568432643097,0.24389787314495426,0.2126596918217402,0.26008559176899587
0.27014138285849254,0.24358976447821545,0.21678244336399646,0.2694864092992955
0.2861398065043274,0.24239547172049733,0.2031667546794673,0.268297967095708
0.29020531645499054,0.24201014116322533,0.20598527467270336,0.26179926770908096
0.285519473947036,0.23858753800561963,0.21293708659585617,0.2629559014514884
0.282682667878344,0.24130542440323555,0.21068032646215532,0.2653315812562651
0.2871870719632733,0.23812464478780013,0.2123040338975292,0.2623842493513973
0.28213349439310575,0.23724880426735034,0.21418152111062636,0.2664361802289174
0.28939406166990056,0.23681092579595067,0.210421421173366,0.2633735913607829
0.2862464803048584,0.234948024886847,0.21639203032142285,0.2624134644868717
0.2857810023856582,0.23150336130900434,0.2174611156729847,0.26525452063235266
0.2838349082416659,0.24088168909863106,0.21196557596591395,0.26331782669378906
0.2804904603377017,0.24208705573530415,0.21799952351656854,0.25942296041042573
0.26690294216974325,0.24212461162874294,0.21972280419432716,0.2712496420071867
0.28442635105695113,0.24578208251475514,0.20121162209233748,0.2685799443359562
0.2893931328123925,0.24376243259121763,0.20656237242695963,0.26028206216943034
0.28080786930362583,0.23969416373416033,0.21342765775203318,0.26607030921018066
0.28566346486848476,0.24373919845768444,0.20517667956670474,0.265420657107126
0.2896397540764925,0.237082340110432,0.21255581044302188,0.2607220953700536
0.2805200136031915,0.23732239699781624,0.213974476214112,0.2681831131848802
0.29321089235798187,0.2356733088370488,0.20928533682320555,0.26183046198176385
0.2826906704781727,0.23717480102272173,0.21770930209411132,0.2624252264049941
0.2850833554723554,0.2320540314402145,0.2181059778662487,0.26475663522118137
0.2814602916206271,0.2407392370425817,0.21189155736508244,0.2659089139717087
0.2857968797273789,0.2407332295836403,0.21463310955619433,0.2588367811327865
0.2681941504746332,0.24304583537601626,0.2193473400775273,0.26941267407182334
0.28221350626523733,0.24653413221642864,0.20393152716966365,0.2673208343486704
0.2828703717216015,0.24817557283510017,0.20626286016078552,0.26269119528251283
0.28176532213479955,0.24132144170195358,0.21076419345824443,0.2661490427050025
0.2873169085798114,0.23995875414115592,0.2046819815884128,0.2680423556906199
0.2959368388265633,0.23562662680856794,0.20780283089423396,0.26063370347063475
0.2853942076750012,0.23472321289144724,0.21692457847201663,0.26295800096153493
0.28567688772871297,0.2363296800473391,0.21486518654975262,0.26312824567419535
0.2822636178885284,0.23721149265623234,0.21759128667805142,0.26293360277718786
0.2814193162322077,0.23539250641448642,0.2172002135783164,0.26598796377498946
0.28199367465277503,0.24333196159129228,0.2095629022238681,0.2651114615320646
0.2821282456734577,0.2442136137517419,0.2132506127277093,0.2604075278470912
0.26946978113092185,0.2462145817915077,0.21478117530155527,0.26953446177601503
0.2864268216217936,0.24087949666131578,0.20471514350282147,0.2679785382140692
0.2889371420074683,0.2419279236649132,0.20461064283386632,0.2645242914937521
0.29035944270778624,0.23985951070073644,0.20956809004267182,0.26021295654880544
0.2783588202514949,0.2430074101303638,0.21397453061675406,0.26465923900138727
0.28545033757198107,0.23615149409127242,0.2132754336537616,0.26512273468298503
0.28423078619001035,0.23891965837628595,0.2092400027963162,0.26760955263738745
