0.3328977773765188,0.23383525125678484,0.23405442214636965,0.1992125492203267
0.3282202670504935,0.23236430903633915,0.2283524349264969,0.21106298898667036
0.319179018104984,0.2272181583534559,0.22755487634136326,0.2260479472001968
0.3320083720237608,0.2360503328610968,0.2345643903770894,0.197376904738053
0.33445602443207323,0.23226261626777525,0.22930637398684214,0.20397498531330935
0.33321062951816627,0.24023330731395426,0.232828593556176,0.19372746961170348
0.33509009963251674,0.2355116621279912,0.22936427033744478,0.20003396790204742
0.2924301744737504,0.21681887707622666,0.2140735797424405,0.27667736870758247
0.32456573146000045,0.23113187440852428,0.23928244151494268,0.20501995261653264
0.3366699576680251,0.2329859147865901,0.2315343576189853,0.19880976992639937
0.33421484224227915,0.2342120095976533,0.23094741218022113,0.20062573597984645
0.3337453841753091,0.23611910696654975,0.23145041952726358,0.1986850893308776
0.3341364029959943,0.23082775818548165,0.22960347798822991,0.20543236083029406
0.314167265032528,0.22288965383730713,0.2244287748527445,0.23851430627742032
0.32738811982912164,0.22762779914711898,0.23407365457371646,0.210910426450043
0.33352549959981304,0.23419737378591673,0.23260012431540047,0.1996770022988698
0.3321695193027508,0.23183567393886292,0.22955265364839209,0.20644215310999423
0.3147157885105822,0.2320936171029918,0.22789203628156554,0.2252985581048603
0.32645877843313464,0.23255484952834288,0.23081963951764314,0.2101667325208795
0.2804807593231392,0.21378888413456143,0.20763648432336787,0.29809387221893147
0.32260937900800774,0.23487019741870918,0.24252700784863346,0.19999341572464957
0.3380410763684045,0.23697507590023192,0.23113074628224756,0.19385310144911594
0.3350564425417578,0.2369465490934948,0.23056937980052936,0.197427628564218
0.33496654234026196,0.23845985712154358,0.23134691751142533,0.195226683026769
0.3332157104735496,0.23198979018814334,0.2285953808677375,0.20619911847056951
0.3131324183969144,0.2279204676011721,0.22440671143632593,0.23454040256558747
0.3308309186134069,0.23079492703570667,0.23406345224188288,0.2043107021090036
0.33460404671161137,0.23800925756797262,0.23225718982588284,0.19512950589453323
0.33153332656910883,0.23267060462609168,0.22810761791234918,0.20768845089245028
0.3309631641547746,0.23912578524446446,0.23229370453106285,0.197617346069698
0.3370112118118864,0.23441011683115792,0.23036218558831875,0.19821648576863682
0.3219753138801651,0.23145671167794352,0.22503210230806484,0.22153587213382667
0.33247029051807775,0.23504576046189157,0.23358241851495928,0.19890153050507148
0.3358562585649745,0.23162986049566583,0.2302377774686762,0.20227610347068345
0.33391944936161694,0.23085825846541366,0.2308443554158128,0.20437793675715654
0.33455517737917956,0.23468893570232105,0.23228535617663998,0.19847053074185936
0.3348617778291731,0.22951222572495103,0.22969161867922563,0.2059343777666501
0.3299302528202279,0.22983763347963365,0.23037648063055244,0.209855633069586
0.3323011747630243,0.22721312003629354,0.2307442817021389,0.20974142349854336
0.3320029304346013,0.23200809781694812,0.23190134703476856,0.204087624713682
0.334952696343238,0.23032981313906284,0.23106584402777253,0.20365164648992662
0.33351470570390795,0.23778274115986275,0.2325677187406419,0.19613483439558752
0.3306159885938129,0.232159613719178,0.22807439590666564,0.2091500017803434
0.233412799984797,0.17985736182093287,0.1882771901922273,0.39845264800204283
0.30969390778610834,0.22568842654180232,0.2550684357613688,0.2095492299107205
0.34183329525862083,0.2290959280866701,0.23271328093326135,0.19635749572144776
0.33532221875985163,0.23519718258922348,0.23218594176863028,0.19729465688229467
0.3355206632015816,0.2353567422226431,0.2311702906783994,0.19795230389737595
0.33385034674311337,0.22863778816765298,0.22920471952196078,0.2083071455672728
0.3119924092115124,0.2215345261494562,0.2238392668366533,0.242633797802378
0.32774946770870267,0.22699470665224078,0.23447683387590587,0.21077899176315062
0.3344069599801773,0.23436933018119577,0.23301279013182022,0.19821091970680677
0.3347609846405338,0.23422692342139917,0.2305070585499239,0.20050503338814313
0.32708877830313476,0.23727363027425932,0.2298766825571986,0.20576090886540738
0.33475857153303645,0.23564812863899193,0.2311591367007187,0.19843416312725298
0.3218794556799222,0.22975801760746478,0.22409960262841336,0.2242629240841997
0.33145559037909667,0.2327422454942826,0.23337481899123777,0.20242734513538294
0.33621633045026666,0.23403224306238285,0.23181216250913164,0.1979392639782188
0.33554324259927215,0.23128803466687706,0.23048758846324777,0.20268113427060305
0.333700584193633,0.23507005364430536,0.23207937064958942,0.19914999151247226
0.3300479988082316,0.22717854652311767,0.22814714147783033,0.21462631319082037
0.30470051821649946,0.2192649642542151,0.22115064297367243,0.25488387455561307
0.32796959957602817,0.22710985074784076,0.2363149471548562,0.20860560252127489
0.33555796721606695,0.23694192448946022,0.23353037898885393,0.19396972930561882
0.33613694296439184,0.23371256233709392,0.22999181392116747,0.20015868077734675
0.3293497378877318,0.23624578947258823,0.23072565468578626,0.20367881795389375
0.33496069078649265,0.23167873340335263,0.23041960591225225,0.2029409698979024
0.29893331888221836,0.21655628398727667,0.2156043882887226,0.26890600884178223
0.3263792503653217,0.22854104233160155,0.23857731082338982,0.20650239647968674
0.3371318553036816,0.23250526830043955,0.23262126258406304,0.19774161381181576
0.3321697067265118,0.22891364272419987,0.22941239220719803,0.20950425834209038
0.319406992194535,0.22810248902229985,0.23138245635229773,0.2211080624308674
0.32640201699652643,0.22507267226722483,0.2293397672247036,0.2191855435115451
0.2548897514773256,0.19551198234771014,0.19585845475213304,0.3537398114228313
0.3154094993094639,0.2301778429229318,0.2495657610406178,0.20484689672698653
0.339116695120155,0.23684831373681423,0.23212736839185966,0.1919076227511711
0.32755743901184387,0.23391710142400435,0.22802032240146747,0.21050513716268443
0.3288054079064112,0.24064393111585544,0.23254529722785047,0.1980053637498828
0.335831878625344,0.23255264996745878,0.2290333641860123,0.20258210722118483
0.2979170804301994,0.22489239366353364,0.21613965269137986,0.2610508732148872
0.32828376271516957,0.2333424519778427,0.23756000612942596,0.20081377917756155
0.3367600332056288,0.23539452096159133,0.2313937194592969,0.19645172637348313
0.333960330771713,0.23197296716126323,0.22977370412962206,0.20429299793740158
0.33060245190923504,0.2348384469934804,0.2315041436236939,0.20305495747359062
0.3348232510026935,0.23035876649182782,0.23025941695695648,0.20455856554852228
0.3173290247652306,0.22560006997985008,0.22508901670178796,0.2319818885531313
0.3305156344970203,0.23019852102139615,0.2342286905686304,0.20505715391295323
0.3321150871066507,0.2343791332245754,0.2307905695735705,0.20271521009520346
0.3306182101047978,0.2294391266380217,0.22907645096898918,0.2108662122881913
0.332339161360486,0.24199072806160352,0.23417530308352444,0.19149480749438613
0.333538419970488,0.23202079395247616,0.22694983628539375,0.2074909497916421
0.18952554358659002,0.1526032432415193,0.1663298068699892,0.49154140630190146
0.2976214627970545,0.22719940503089392,0.2687569343648878,0.20642219780716378
0.3448727640178526,0.22646413523186065,0.2308098816392682,0.19785321911101866
0.33359291874070207,0.2410704928836511,0.233745949382815,0.1915906389928318
0.3366598859856642,0.23547736236240327,0.2295729076950428,0.1982898439568896
0.332028602124461,0.23141696163298078,0.2290901348783164,0.20746430136424188
0.32524842359871553,0.2275148810733098,0.2283300436103771,0.2189066517175976
0.33136096323310316,0.22930687098810076,0.23233093843672248,0.20700122734207357
0.3354480561201597,0.23611386711022816,0.23328885845059005,0.19514921831902213
0.3323903056882691,0.2308779968237157,0.22855779661163028,0.20817390087638496
0.317480358954969,0.2344974847494067,0.23009244774846194,0.21792970854716243
0.326543681857451,0.22838786974435613,0.2283131070047099,0.21675534139348301
0.30808577350466226,0.22673751660183541,0.2203479766344952,0.24482873325900706
0.33073790822416205,0.23703218518202998,0.23691155891266608,0.19531834768114179
0.33750668077790413,0.23515167732987602,0.23038186871805474,0.19695977317416496
0.33563295218207195,0.23677660940753228,0.23151929935435525,0.19607113905604065
0.3347978468802606,0.23209934582969288,0.2297892356808981,0.20331357160914845
0.32963617115588,0.22774662440974083,0.22872609893368998,0.21389110550068927
0.33172133648659535,0.2295354870781344,0.23195022244830918,0.20679295398696107
0.33461329439916926,0.22976777709408513,0.2316177064877717,0.20400122201897403
0.33303431532332833,0.23439258784351302,0.23161182771316113,0.2009612691199975
0.3282078604034395,0.2300780456949822,0.22859899093450603,0.2131151029670723
0.3328444814170048,0.23676395339972067,0.23318448039211692,0.1972070847911575
0.3351465291508033,0.23180343947100754,0.22933606892906264,0.2037139624491265
0.317273193531184,0.23027401912909654,0.22496987155041087,0.22748291578930868
0.332676418136893,0.23364619740879458,0.23408503995824465,0.19959234449606786
0.3362861854113123,0.23130219283215414,0.23070629108599827,0.20170533067053525
0.33484968366396284,0.23328142221744877,0.2317615821365589,0.20010731198202938
0.333408345957739,0.23075300293028564,0.23034043102032647,0.2054982200916489
0.33128384396812843,0.22885099104072076,0.23011240185271503,0.20975276313843594
0.331526717578105,0.22794735152306178,0.23072329053773513,0.20980264036109805
0.33246111479802876,0.22885494148437385,0.23140162925793287,0.2072823144596645
0.3337284993398887,0.2367223981816621,0.23285430377704658,0.19669479870140272
0.33376430758000136,0.23111349074353338,0.22898484181660425,0.20613735985986106
0.3338759529662066,0.23903417708764993,0.23321241866005563,0.193877451286088
0.33292683324078176,0.2340987321027965,0.2278852423290783,0.20508919232734352
0.2540749454940147,0.19872399620205097,0.1970734023907324,0.3501276559132019
0.3168917228313757,0.2296349089234328,0.24878266941293944,0.20469069883225205
0.3406850732535549,0.22854848055836824,0.23157942072753873,0.1991870254605381
0.3265142487275861,0.22896286789725037,0.22969488548695755,0.21482799788820595
0.3336177334756664,0.23224396201258424,0.23312977134558577,0.2010085331661635
0.3342372211554874,0.22342307055463373,0.22879284603773337,0.2135468622521455
0.27650840856766157,0.18890212139270898,0.2133098164679109,0.32127965357171856
0.3185188030484964,0.22065968281428952,0.24602566379101895,0.21479585034619497
0.3354799400209837,0.22353259951071253,0.23193508108925556,0.20905237937904808
0.32057790873772696,0.22518244415477165,0.2299715032763539,0.22426814383114752
0.0931064608813277,0.06751301090031561,0.12214140698638537,0.7172391212319713
0.014334553776606949,0.010875952365291227,0.03308892265531711,0.9417005712027847
0.00784534271146038,0.008425849600865896,0.023147785266166565,0.9605810224215071
0.21466882443207103,0.21716192081589647,0.32490060403794907,0.24326865071408343
0.3620309207919684,0.23736079302129562,0.23838359309014268,0.16222469309659313
0.25566408371090255,0.21536543480315026,0.20747014076558218,0.321500340720365
0.2751494430206593,0.22418176845889634,0.2404379567836141,0.26023083173683015
0.32515767789906136,0.22885507884110295,0.23284926233796993,0.2131379809218657
0.22605454165254532,0.18163242851014183,0.18254399691522938,0.40976903292208355
0.30820077799843826,0.23861024334640624,0.25881746860797467,0.19437151004718084
0.3310247413748786,0.23172701102978518,0.2243929662290957,0.21285528136624057
0.31915715450262855,0.236290985887706,0.23105409285703937,0.21349776675262608
0.3310383807023701,0.24370501535599687,0.23282772116893277,0.19242888277270018
0.30175736490466093,0.22548982719097008,0.21265973579861516,0.2600930721057537
0.2692172901318423,0.21009900257153197,0.21678180455519833,0.30390190274142737
0.3253877316425504,0.23698597369321464,0.24445182798018522,0.19317446668404978
0.33778783942809903,0.23711171418084848,0.22952222313230317,0.19557822325874943
0.3339140067205607,0.23953114574053613,0.23123920953128782,0.19531563800761545
0.3364315516914596,0.2405247321881194,0.23127004342877064,0.19177367269165047
0.32575159426657446,0.22670758813916514,0.22434558283552863,0.22319523475873188
0.3235309286735447,0.23183902328709563,0.23218567244748728,0.21244437559187232
0.3352037831770844,0.23026066715186333,0.2318684384811894,0.20266711118986275
0.324889965907951,0.23423050747845947,0.22763567731597859,0.21324384929761084
0.329940193877203,0.23609384908188194,0.2318561024600148,0.20210985458090025
0.32672186234753176,0.23473841513739255,0.22818072060138064,0.2103590019136951
0.33133441793591556,0.2345562189502865,0.23044750497493346,0.20366185813886448
0.3176577349579964,0.2294996601705921,0.22406745172795542,0.22877515314345612
0.3322939790129929,0.23438666154252855,0.23448880358406915,0.1988305558604095
0.3369727956282645,0.2331742767655141,0.2311143283606604,0.19873859924556114
0.33403628839696947,0.23282113262908974,0.2307830484967366,0.20235953047720426
0.32754138070430217,0.23008484638353643,0.23033461644761,0.21203915646455132
0.32224272954144145,0.22308190695702515,0.22726894859397603,0.22740641490755747
0.3203386955041679,0.22490189210371728,0.22896293909887414,0.22579647329324073
0.3298477908472766,0.22939770524177552,0.23278101980213461,0.20797348410881336
0.3342930379696317,0.23808971703012463,0.23315435946800958,0.194462885532234
0.3365856774375042,0.23726048432221522,0.23070617560041565,0.1954476626398648
0.32920444655744974,0.2367323841150817,0.22954426878458897,0.2045189005428795
0.3035411592085575,0.22057596988351263,0.21955308750934413,0.2563297833985857
0.25339476500044456,0.1901828974818532,0.20289563094318017,0.3535267065745221
0.3172654531595777,0.22915202823979142,0.25064860244220605,0.20293391615842496
0.3416705130494932,0.23291847123343296,0.23263855789052398,0.19277245782654992
0.3250922633300127,0.23074940110434697,0.22908318668606753,0.21507514887957283
0.3186170302687691,0.2268593625182631,0.23229875615888437,0.2222248510540835
0.3201004217074735,0.21841320015796034,0.2263891113204762,0.2350972668140899
0.31708421163021044,0.2264162165761719,0.2291336019085288,0.22736596988508898
0.33304606767541145,0.23167408306812837,0.23429316567117425,0.20098668358528585
0.3277673128664053,0.23816839256574496,0.2293703613465085,0.2046939332213412
0.3299446002330477,0.2344276741131315,0.23004809359019865,0.2055796320636222
0.3011937461000719,0.2219257993195666,0.22096752764936087,0.25591292693100065
0.3240834663765558,0.23135711988936017,0.23486224733695918,0.2096971663971248
0.2949624375780341,0.21973698979008044,0.21448158917677998,0.2708189834551055
0.32716032095066067,0.23606515697280234,0.23997867915925783,0.19679584291727925
0.33883251923478463,0.23561162463444507,0.2310848129561069,0.19447104317466343
0.3256482351455452,0.23105172168819,0.22824913931669372,0.2150509038495711
0.3176875413724312,0.2252789229223241,0.23013041478821616,0.22690312091702852
0.32814497851543023,0.2266294102555668,0.23148253036386648,0.2137430808651366
0.32647267899284765,0.23071067205570261,0.22996331099002285,0.21285333796142683
0.3297240830111423,0.2320232280704147,0.23132847637039364,0.2069242125480493
0.32654354916543654,0.23780747192474935,0.230128574357595,0.20552040455221915
0.32829987309400244,0.23373640531724552,0.22869306220840932,0.2092706593803428
0.32205729395079624,0.23645873432792575,0.22897182259367538,0.21251214912760255
0.3292078131928412,0.2367168136801433,0.23000476322617738,0.2040706099008382
0.27783870898600793,0.21289159446072448,0.20666821940746863,0.3026014771457989
0.32280345366771573,0.23464426536421135,0.243344495642827,0.19920778532524594
0.33995353595972516,0.23522449053199257,0.23159386209776925,0.193228111410513
0.32931810977390097,0.23202295559224959,0.22875400892967507,0.20990492570417443
0.3234255158705777,0.22927325331867868,0.2311948231523976,0.21610640765834602
0.330471213882105,0.2270088367252091,0.23053952635163316,0.2119804230410526
0.31717766445543916,0.22327628839434746,0.2258463207546501,0.23369972639556333
0.32863303340017047,0.23121160707730073,0.2346716792062238,0.205483680316305
0.3254787460101051,0.23354301486635515,0.22838717388563162,0.21259106523790822
0.3159381875703576,0.22939545478561757,0.2269093149380807,0.22775704270594418
0.3216585848836616,0.23685150401637836,0.23222920198361835,0.20926070911634162
0.306720382844953,0.22978857915788478,0.2174654580211942,0.24602557997596794
0.1988967667101166,0.169061341806066,0.17181375511131555,0.46022813637250176
0.30270222912591505,0.23402505839047533,0.26458718253603913,0.19868552994757047
0.34705293676728205,0.2338342365735,0.23163058679100212,0.18748223986821574
0.3230218018635611,0.23183544845256882,0.2278540602447949,0.21728868943907506
0.332592960745499,0.23749592160977057,0.23392285534543752,0.19598826229929286
0.33476114050441574,0.2266185998347445,0.2279225431919004,0.2106977164689393
0.306458922225189,0.21979271177134235,0.22351513621377522,0.2502332297896935
0.32886856882513166,0.22964456569385922,0.2367554920686147,0.2047313734123945
0.305803674590834,0.2217362772136091,0.2179079316956047,0.2545521164999522
0.304966510847185,0.2236086391796378,0.2300768613053221,0.24134798866785506
0.32013248813644796,0.23486994091136773,0.23306127176052605,0.21193629919165818
0.33037054284518336,0.2387955000529979,0.2300207350717527,0.2008132220300661
0.21913349708081908,0.18880949558650406,0.17777568229490456,0.41428132503777226
0.3076574399732738,0.2351857198126818,0.25680276173187205,0.20035407848217224
0.34383827493230074,0.23320799508395504,0.23095304296125882,0.1920006870224852
0.33183379452397965,0.23393108017245698,0.22968029943807364,0.20455482586548984
0.334669730929344,0.23541283281440384,0.23203840511389287,0.19787903114235944
0.33580253920888165,0.23001654312919131,0.22996825842557894,0.20421265923634813
0.3079419718367483,0.21799870245786948,0.22386135826123413,0.2501979674441481
0.30234461252322237,0.2131604903290989,0.23178844658528483,0.25270645056239394
0.3034154829402267,0.21936947413561397,0.22492565034570874,0.25228939257845046
0.3071806094162463,0.226153382404135,0.22640133571690912,0.24026467246270952
0.3276124690327602,0.24489850314953476,0.23629663602005724,0.19119239179764777
0.33235931385936773,0.23774432824967714,0.22670232509980057,0.20319403279115464
0.2831296177498336,0.2192993533055018,0.21163989720730766,0.2859311317373569
0.3257323284742533,0.2346310211808447,0.24087141389274808,0.19876523645215394
0.3391612504788625,0.23593210955612903,0.2316826058188157,0.19322403414619277
0.33465984638750046,0.23339445191761612,0.2300630827707729,0.20188261892411066
0.29670175968667367,0.21202151637454886,0.22390144291901787,0.26737528101975966
0.32242338124167524,0.22229717990873055,0.23638790990994066,0.21889152893965358
