0.40756151939154706,0.20171714890799733,0.17748562583469593,0.21323570586575952
0.40736021899083896,0.2026107704198965,0.17789730537978307,0.2121317052094814
0.4073111067058334,0.20254925124772685,0.17782205720545718,0.2123175848409824
0.4073750040254778,0.2024104928203553,0.17778493453686844,0.21242956861729861
0.4074567751657424,0.20227912543977328,0.17772665120570727,0.21253744818877718
0.4072033576746727,0.20285087400864837,0.17796539982540482,0.21198036849127413
0.40709193805236404,0.20293578153432873,0.17801486196272645,0.21195741845058075
0.40754928414741204,0.2019380500339385,0.1776100960477831,0.21290256977086627
0.407421141684721,0.20245722528694135,0.17780712509130167,0.2123145079370361
0.40753523488109816,0.20213763014487102,0.1776458886837679,0.2126812462902629
0.4074877240631263,0.20230877465073457,0.17772076677873594,0.21248273450740335
0.4069207575900629,0.20350941999164432,0.17825948739958705,0.21131033501870572
0.4075118718393384,0.2018959067685794,0.17757398502121752,0.21301823637086473
0.40763390696360474,0.2020251342736433,0.17764353177622175,0.21269742698653002
0.4076497414359782,0.20203050743322454,0.1775885337811392,0.21273121734965814
0.4075803171557027,0.202181880438467,0.17764311840741712,0.21259468399841316
0.4076414723248797,0.2020234912950333,0.1775805873845743,0.2127544489955127
0.4071166310797886,0.20315122268282623,0.1780722190035029,0.21165992723388222
0.4074041080791859,0.20222317172669524,0.1776909240234893,0.2126817961706296
0.4074654194604136,0.2022913080963573,0.17774624350411,0.2124970289391191
0.4073339978344897,0.2025748638063171,0.17783923995293185,0.21225189840626127
0.4070003614811583,0.20322561486728905,0.17814097058645154,0.21163305306510113
0.4071147207222538,0.2027630554013613,0.17795678789922093,0.2121654359771639
0.4067535257382736,0.20369739281256286,0.1784248451670186,0.21112423628214488
0.40755473742659304,0.20171722082030322,0.17753473350846388,0.2131933082446398
0.40749557237721246,0.20232385889969867,0.1777782361476422,0.21240233257544663
0.4076223336918351,0.20200310939898106,0.17758410949299047,0.21279044741619357
0.40765059194885755,0.2020341699508622,0.17759515938297946,0.21272007871730086
0.40750783150367875,0.20232530394378406,0.17770258872857775,0.21246427582395944
0.4070331636486259,0.2032562652328564,0.17812752515283395,0.2115830459656838
0.40761136815165894,0.20177272234107455,0.1775192083268367,0.21309670118042986
0.4075774018581162,0.20218621260864977,0.17769304644386386,0.21254333908937018
0.4073536744315226,0.20259128151115807,0.17782227529242678,0.21223276876489267
0.4073816036391477,0.20241426245884003,0.17776616922812974,0.21243796467388246
0.40817925132951755,0.20092582106760884,0.17718835200762414,0.21370657559524936
0.40727640833958517,0.2031141364427028,0.17801841291842044,0.21159104229929163
0.40789419101119967,0.20135484842529106,0.17729090799694208,0.2134600525665673
0.4078603767719156,0.20179447533608516,0.17749344639848955,0.21285170149350977
0.4079263133453543,0.20162000154323936,0.17737789882901264,0.2130757862823938
0.4079417069313898,0.20163734675287825,0.177384785907745,0.2130361604079869
0.4078635576125011,0.20178887133117693,0.1774371923239586,0.21291037873236346
0.40754779206406094,0.2023613652070666,0.17767712735034713,0.21241371537852538
0.4077112161958909,0.20186833758875952,0.1775032145484817,0.21291723166686796
0.40759360914502424,0.2021963410410345,0.17764947783396856,0.21256057197997263
0.4078779660931595,0.20157711487596,0.17739541817959897,0.21314950085128156
0.407624187692592,0.2022244231372716,0.17764449303759766,0.21250689613253862
0.407363091340932,0.2025992775587767,0.17780279084550465,0.21223484025478645
0.406752385788613,0.20385727381274224,0.17843891818337732,0.2109514222152673
0.40787776552487454,0.2011085100853455,0.1772731177067709,0.21374060668300907
0.40802104578721454,0.20149386412984766,0.1774164486081572,0.21306864147478063
0.40812081918348014,0.20133882256552674,0.17725775168661506,0.21328260656437797
0.40789697879034253,0.20181970794821058,0.1774297053220249,0.21285360793942212
0.4077763373190312,0.2019280194880828,0.17748254482236644,0.2128130983705197
0.4071418001677671,0.20317332264057106,0.17804701686540123,0.21163786032626045
0.4074813591864873,0.20208351856384532,0.1776199283112847,0.21281519393838277
0.4076271567428658,0.20201651031076487,0.17762425293987472,0.21273208000649454
0.4075752254388822,0.20217703545080581,0.17765186088531312,0.21259587822499892
0.4072249750582805,0.20286958776661895,0.17794604685391427,0.21195939032118627
0.4076491987384327,0.20180999106443592,0.17752123226442387,0.21301957793270743
0.4071800890375803,0.20302588508876387,0.1780407070660935,0.2117533188075625
0.4077962869147076,0.20149687576663858,0.17739163662603155,0.2133152006926224
0.4081729610020664,0.20116287188988094,0.1772638451871956,0.2134003219208571
0.40815125429401017,0.2013692474497241,0.17726307770871882,0.21321642054754694
0.40782313602633585,0.20197105326628015,0.17747592840633403,0.21272988230105
0.40746954906536825,0.2024945134179719,0.17772198793065444,0.2123139495860054
0.4070264886869307,0.2032491134361677,0.1781132549220956,0.21161114295480604
0.40768912493513976,0.20162425153486205,0.17746247562275014,0.21322414790724817
0.40774264869331467,0.2019069848669735,0.17757264600488576,0.212777720434826
0.4077460533100152,0.20190072902661108,0.17751460530717766,0.212838612356196
0.40738761519528854,0.2026249672502444,0.17781575890414203,0.212171658650325
0.40783856317780465,0.20153917303808092,0.17739119302018164,0.2132310707639328
0.407042176845172,0.20345107317577826,0.17821045548638043,0.21129629449266915
0.40810625708098536,0.20084665029406998,0.17713176536240166,0.21391532726254306
0.40814687388691745,0.20137627535571323,0.17732992852245388,0.21314692223491558
0.40759635240422437,0.20240235713383758,0.17765635781995298,0.21234493264198517
0.4072281599462316,0.2028689151607484,0.17790593814425357,0.2119969867487664
0.4072242541133495,0.20267111990303877,0.1778826152980643,0.21222201068554727
0.4067274258984412,0.20383637261582047,0.1784688906016325,0.21096731088410597
0.407706834913398,0.20141012416754803,0.17740214333349716,0.21348089758555694
0.40745460429265146,0.20249469579464863,0.1778403317572018,0.21221036815549815
0.4071980983386454,0.20283955770071715,0.17793370431198072,0.21202863964865662
0.4072183532527875,0.2026662958224538,0.1778958588518029,0.2122194920729557
0.4075741604211306,0.20196273406516743,0.17761362481599252,0.21284948069770945
0.40693858052245724,0.2035300687904178,0.17828619443566707,0.21124515625145787
0.4079135772945136,0.2011422986617313,0.1772679182481559,0.21367620579559915
0.40770967734934155,0.2020968917648456,0.17763932055072643,0.21255411033508656
0.40766167880548415,0.20203758112014095,0.17755561474613188,0.2127451253282432
0.40744101217725637,0.2024715488880831,0.17775923427279175,0.21232820466186877
0.4077692323805099,0.20170118723144445,0.17745816770198214,0.21307141268606353
0.40714162565844825,0.20317693147917276,0.1780832385640742,0.21159820429830473
0.4077083133905319,0.20163878229812185,0.17743971897449706,0.21321318533684927
0.4073849782305324,0.2026298130772786,0.1778661414794072,0.2121190672127818
0.40731633229234204,0.2025539164454233,0.17781191681759106,0.21231783444464367
0.4074465146205772,0.20226963670602208,0.1777222263483286,0.21256162232507225
0.4073321242187959,0.20257506327743496,0.17784799964698444,0.2122448128567848
0.4066600594504102,0.20408734084443161,0.1785769411878957,0.21067565851726244
0.40794280888613843,0.2009307412931083,0.17720654732077692,0.21391990249997644
0.4075700609996776,0.20239636792067037,0.17778287849219454,0.2122506925874575
0.40770994911047215,0.20186203116154555,0.17749156718300704,0.21293645254497526
0.40766827441886705,0.20205155128944918,0.17759070923174658,0.21268946505993738
0.40758309631766027,0.2021833278666967,0.17763454246096352,0.21259903335467947
0.4072910034245263,0.20273492993311434,0.17788178557633008,0.21209228106602943
0.4075860520905616,0.20197028853183863,0.17758207125431963,0.21286158812328015
0.4081317161291029,0.20112220821818755,0.17725412240582958,0.21349195324688003
0.40745861376664066,0.20269198792417512,0.17781994716131136,0.2120294511478729
0.40713784628725214,0.20297425365190433,0.1779639608226499,0.2119239392381936
0.40714375342990733,0.20279317001515215,0.17795423703774133,0.21210883951719917
0.406965943037647,0.20319532811252144,0.17816389957889278,0.2116748292709388
0.4082770827017205,0.2005267738384738,0.17707536083757322,0.2141207826222324
0.40785090125509826,0.2020072308540742,0.1775657317444207,0.21257613614640672
0.40817348174337903,0.2011492520298792,0.17717138122245527,0.21350588500428638
0.4078306466877489,0.2019827291661958,0.177502430524898,0.21268419362115729
0.4075398415852694,0.2023509464680348,0.17765763910584254,0.21245157284085317
0.40763457001003656,0.20201649471101074,0.17756697585079692,0.21278195942815573
0.40805408085128003,0.20128320832240057,0.17729196890746704,0.21337074191885222
0.4076560180588335,0.2022531322910673,0.17763717945636645,0.21245367019373285
0.4073022182375886,0.2027412535678069,0.1778499619290955,0.212106566265509
0.4075892090556716,0.2019737830185747,0.17757781059520802,0.21285919733054576
0.4076457348867924,0.20203168086887324,0.1776092356768156,0.21271334856751864
0.40717579698352524,0.20301635979686372,0.1780084347019705,0.2117994085176405
0.40813623489911144,0.2008801961902769,0.17715801213705418,0.21382555677355755
0.4081503416828345,0.20137685953066511,0.17731617232258248,0.21315662646391806
0.4082312455472113,0.20120502614865501,0.1771786418747454,0.21338508642938828
0.40776289689403233,0.20213468322239386,0.17753704748390023,0.21256537239967366
0.4076001602071529,0.20219596867070908,0.17759434523025583,0.21260952589188215
0.4075724038463987,0.20217468785839007,0.1776326984455365,0.21262020984967475
0.4077170055054535,0.20187625183376318,0.17752407183208352,0.21288267082869974
0.4076679223472804,0.20204959627919208,0.17758654639897054,0.21269593497455688
0.40744061110443064,0.20246965775488568,0.1777556384555342,0.21233409268514958
0.4077693309694589,0.20170144470878057,0.1774585653474562,0.21307065897430444
0.40746189428426904,0.20249341875917862,0.17777827237630975,0.21226641458024265
0.40681494821444775,0.20374895860105732,0.1783635276946283,0.21107256548986653
0.4087253343048763,0.1996676088347094,0.17674709000841254,0.21485996685200184
0.4086150894766433,0.20084827510011818,0.17709188930552855,0.21344474611770986
0.4076089291273867,0.20261530543398387,0.17765918256397517,0.2121165828746543
0.40804583454196547,0.2012669503028238,0.1772095003434366,0.2134777148117742
0.4079677689261415,0.2016660366512527,0.17740284364905434,0.21296335077355127
0.40711720656115297,0.20333258044012,0.17809186596670373,0.2114583470320233
0.4077041289167474,0.2016339770543121,0.17742343284516346,0.21323846118377698
0.4075236507587787,0.20234822516721201,0.17774699344731607,0.21238113062669334
0.40709123052959484,0.2031230866294289,0.17805797932058026,0.21172770352039583
0.4065381901595186,0.20426915769126824,0.17869108995069796,0.2105015621985152
0.406257758881048,0.20478513769919313,0.17906270804566887,0.20989439537409
0.40612892688820396,0.20518856233880606,0.17938939597449066,0.2092931147984994
0.40663869683018194,0.20321332633048042,0.1782253403487884,0.21192263649054935
0.4071188582291938,0.2025838917009824,0.17800346342249312,0.2122937866473307
0.4066201843250812,0.2040537337581041,0.1786383932948325,0.21068768862198234
0.40669648886010434,0.203458020155132,0.17831375509176456,0.21153173589299923
0.4068811717053572,0.20311561457178856,0.17819505845847056,0.21180815526438362
0.4065755291174653,0.20400935480409846,0.1786281467574906,0.21078696932094573
0.40744192673396523,0.2018277265628609,0.17759989288288444,0.2131304538202893
0.4069717182073118,0.20339207835092932,0.1782833874262325,0.21135281601552638
0.40698260433827,0.20301518245656452,0.17806284660073357,0.2119393666044318
0.40711533170242636,0.20276958458336405,0.17799359116386554,0.212121492550344
0.40680056163200345,0.20357128364789118,0.178361504851225,0.21126664986888036
0.4066877718301278,0.2036259303858503,0.1783955540706373,0.21129074371338452
0.4075458603035026,0.20171373023716388,0.1775646486060599,0.21317576085327378
0.40735428903096343,0.2026031544947813,0.1779024950422979,0.21214006143195718
0.4075206512219357,0.20212203745950566,0.17764355111606348,0.2127137602024952
0.4077867506505754,0.20172183581498854,0.1774873944811534,0.2130040190532826
0.4072648006322879,0.20290834001528024,0.17795254964623894,0.21187430970619295
0.40722788295734064,0.20267075738149407,0.17786602393532264,0.21223533572584266
0.4079775001045413,0.20121273261513792,0.17731242299787042,0.21349734428245035
0.40723983812002296,0.20308128272551787,0.1780343745578274,0.2116445045966319
0.40728652031760626,0.20252155539064753,0.17778654436450703,0.21240537992723926
0.4071125547378056,0.20296145475284438,0.17803993015641645,0.2118860603529335
0.4074048780696111,0.20222732716922706,0.17772064937249601,0.21264714538866575
0.40707390258422693,0.20311452712919828,0.1781109159566334,0.21170065432994145
0.40811579422324024,0.20086117414388618,0.17717303111746568,0.21385000051540792
0.40840970757377953,0.20090243325829726,0.17714880734496843,0.21353905182295488
0.4078682344736957,0.20201065352750733,0.17747060436031115,0.2126505076384858
0.4074085404675559,0.20263935894466392,0.17776345498096693,0.2121886456068133
0.40719442661873456,0.20283931624783924,0.17792528632887372,0.21204097080455236
0.4071541731777751,0.20280326903190699,0.17795797302153835,0.21208458476877948
0.4074149414929069,0.2022395122293898,0.177732216927426,0.21261332935027719
0.4075375710918813,0.20214516030421176,0.17768038628412858,0.21263688231977837
0.40763318336357574,0.2020167744791744,0.1775986334826142,0.21275140867463554
0.4073002835748798,0.20274450644716463,0.17789218292062534,0.2120630270573302
0.4069929142618623,0.2032163261782324,0.1781253397698057,0.21166541979009965
0.40672765472299244,0.2036672972039752,0.17839240524311598,0.21121264282991636
0.40813852321257643,0.2006406119316797,0.1771324180125289,0.214088446843215
0.4085995365556084,0.20058825790797458,0.17705879087778095,0.21375341465863595
0.40747326200762546,0.20289814104653003,0.177824123475262,0.2118044734705825
0.4072658713117603,0.20270158534251126,0.17780647929913482,0.21222606404659383
0.40710857123090766,0.2029559078578964,0.17801886927450383,0.21191665163669215
0.40707493657314764,0.20292104012959888,0.17802682840410958,0.21197719489314393
0.4077806276479334,0.20148867340826804,0.17743806414532762,0.21329263479847102
0.40720394203207794,0.20304891479211454,0.1780505610601335,0.21169658211567396
0.407214161390939,0.20265559713309328,0.17786275914663502,0.21226748232933274
0.4068723767218637,0.20346728637427763,0.17828750794152856,0.2113728289623301
0.40721845481624314,0.2024611843991948,0.17783608717884766,0.2124842736057146
0.4068232001505065,0.2035970993896953,0.17837758589039224,0.2112021145694061
0.40797724484396697,0.20096763146511282,0.17723255529249618,0.21382256839842398
0.40787583218077267,0.20181146056432342,0.17752740378190301,0.21278530347300076
0.4073409546093007,0.2027764621937885,0.1778520840001239,0.21203049919678682
0.40711823432164024,0.20295909181649313,0.17798568535754633,0.21193698850432022
0.407269797330985,0.20251450520939104,0.17784042244700826,0.21237527501261574
0.40716945659778964,0.2028208624021619,0.17798476189388993,0.21202491910615862
0.4072777319475285,0.2025211911277369,0.17784627076419707,0.21235480616053748
0.40710855380736594,0.2029559717886902,0.17804263192822758,0.21189284247571635
0.4070738836883403,0.20291920453936194,0.17802685380034006,0.2119800579719577
0.4070094993997403,0.20305030624699275,0.1781038947386684,0.21183629961459863
0.40718166199430644,0.20263205381781377,0.17791945422925387,0.2122668299586258
0.40676542354142975,0.2037084008843755,0.17842493461651962,0.2111012409576752
0.40779665080292177,0.20126641697705905,0.17735089044060043,0.21358604177941876
0.40800498159680487,0.2014781076976779,0.17741643646350125,0.21310047424201603
0.4074319304938826,0.20266296634300063,0.17780360298051553,0.2121015001826012
0.40726028686908766,0.20270159496801504,0.17785394636734642,0.212184171795551
0.40736575431886096,0.2024013092013028,0.17777687991433452,0.21245605656550182
0.40706546620634443,0.2031043980242875,0.17809621801292289,0.21173391775644504
0.40739510349158936,0.20221673989142902,0.17771294454844558,0.21267521206853612
0.4070727199920514,0.20311425668400487,0.17811536191119406,0.2116976614127495
0.40689275170856526,0.2033014662942645,0.17819822351859743,0.21160755847857293
0.40697407380824524,0.2030148279655284,0.178099499657289,0.21191159856893738
0.4068250208599459,0.20342106239568308,0.1783039773629749,0.21144993938139614
0.4065232526252687,0.2041071349613441,0.17866155998137395,0.21070805243201318
0.407748405207485,0.2012198329172155,0.1773617391915861,0.21367002268371338
0.4079970195282167,0.20147300382715244,0.17743752775108468,0.21309244889354628
0.4072994671122112,0.20293589862006972,0.17792847857892968,0.21183615568878947
0.40766152484469037,0.201818012634485,0.17748949948597226,0.21303096303485225
0.40758650723514567,0.20219299908547697,0.1776715468670606,0.21254894681231687
0.40704663767370036,0.20326796709835185,0.1781243966773801,0.21156099855056754
0.40761359532906855,0.2017741724491651,0.17751351227048953,0.21309871995127683
0.40694893178255853,0.20354377299072018,0.17830293473900943,0.21120436048771174
0.406865591437248,0.20326995744724796,0.17816995834445065,0.21169449277105348
0.4069136145573532,0.203145679114708,0.17817372602848183,0.211766980299457
0.4070997887337702,0.20275272580711018,0.17799424068405875,0.21215324477506087
0.40657862827929536,0.20416584185701384,0.1786813638061019,0.21057416605758877
0.40751613771530854,0.2016749573153646,0.17751552849918367,0.2132933764701432
0.4077134716012272,0.20188515289170775,0.17761557032243888,0.21278580518462617
0.40751663305595026,0.2023316228719231,0.17770667937132614,0.2124450647008003
0.40786346670975987,0.20156359081315128,0.17739757861240069,0.21317536386468816
0.4080972319034536,0.20132389471671383,0.17729317781245862,0.2132856955673738
0.4071418556489596,0.2033576939615539,0.17810537955284178,0.2113950708366447
0.40701681683016583,0.20304631991897948,0.17801803070385375,0.21191883254700106
0.4068352572315242,0.20343130798665257,0.1782866001169403,0.21144683466488295
0.4067955846208667,0.20338822266686807,0.1782820788826685,0.21153411382959678
0.40707680242545063,0.20272994688346863,0.17799234331582772,0.21220090737525302
0.40713292044981136,0.2027875237191022,0.1780089344080892,0.21207062142299718
0.4068026313500069,0.20357167351063232,0.17835366735518232,0.2112720277841787
0.4078056462884271,0.20127709284190243,0.17736054149979205,0.2135567193698785
0.4080059436161367,0.20147814062642275,0.17741221721729572,0.21310369854014485
0.40779398001960243,0.20194394359735574,0.1775021145893288,0.212759961793713
0.4070860907659323,0.20330451500771973,0.17810098361878113,0.2115084106075669
0.40725980582855736,0.20249865185237365,0.17779793066529512,0.21244361165377373
0.4072999099855284,0.20254810719144953,0.1778681700461954,0.21228381277682662
0.40766428305668917,0.20182696097742608,0.17754765938197084,0.21296109658391396
0.4068094826154189,0.20391549199145928,0.17846675210716534,0.21080827328595644
