0.2819348369165102,0.2408757415598329,0.24579481447364876,0.23139460705000817
0.28411707957143323,0.23824641736890667,0.25189484063557877,0.22574166242408134
0.28313186677844254,0.2393829688561895,0.2507230914626622,0.2267620729027058
0.28715904351972604,0.2357561334356792,0.25391942745403195,0.22316539559056295
0.2851326275208771,0.2359499359920905,0.252127284537554,0.22679015194947838
0.27970391880383777,0.24031606793241692,0.24887394478275454,0.23110606848099072
0.28713661877068053,0.23543133332952224,0.2550514168934876,0.22238063100630961
0.2805453034652647,0.24378439795162263,0.24630313827390246,0.22936716030921017
0.28435330768171235,0.23992468183226806,0.25183679514458357,0.22388521534143593
0.2907582613437718,0.23201982578553318,0.25686797095531205,0.22035394191538293
0.2757486714921312,0.2440576391609418,0.2439754400823315,0.2362182492645955
0.286110267569831,0.2352673957483847,0.25638337182894827,0.22223896485283598
0.2810890787866789,0.2445311447342375,0.24625831259886272,0.22812146388022075
0.28283993760554016,0.24338676022894892,0.24920843071988488,0.22456487144562595
0.2809945040050379,0.2447614738054486,0.24774940588185987,0.22649461630765358
0.2895468868271349,0.23500068106903932,0.25602206058588284,0.2194303715179429
0.2785887831027545,0.24334381523836865,0.24569285086675482,0.23237455079212208
0.28556837010512226,0.23597862871721295,0.25503454782163526,0.2234184533560295
0.28462560517280816,0.2387644088895016,0.25076997092401376,0.22584001501367643
0.2883288160083463,0.2335491520710525,0.2550388009804872,0.223083230940114
0.2830055667265547,0.23572731196521413,0.25132193242557865,0.22994518888265256
0.29233197208300893,0.2244194554280782,0.2611715759659577,0.22207699652295534
0.274748259520509,0.24175863034948844,0.2438800896092445,0.2396130205207581
0.2893819619375791,0.2313313601006634,0.2590869453986991,0.2201997325630584
0.27947003580369445,0.24554420865484206,0.24404045190470258,0.23094530363676077
0.28284511465759526,0.24275282639906254,0.25007754020026335,0.22432451874307882
0.28340589650230424,0.24238114358102972,0.24967172979358224,0.2245412301230838
0.2888220187509815,0.2349605903793767,0.2550915471183638,0.22112584375127792
0.2760158753612491,0.2450591718200268,0.24427957976653977,0.2346453730521845
0.2868756043110752,0.23576863299963605,0.25625887087885046,0.2210968918104383
0.2839921737586575,0.2410772851754162,0.24886400541345305,0.22606653565247328
0.2827032365861516,0.24088429734747713,0.24976692662189495,0.22664553944447624
0.2746010738457318,0.24927105791324355,0.24365761601339622,0.2324702522276284
0.29374295318139243,0.23331107224674766,0.2597103942790705,0.21323558029278958
0.2704663177659433,0.256023850743201,0.2346530251715341,0.23885680631932166
0.2856742193732184,0.24012782942788713,0.25578444371874814,0.21841350748014624
0.2774094851371052,0.2512704720784831,0.2420299173865241,0.22929012539788748
0.27992335725230405,0.24929419216920565,0.24644075572499408,0.22434169485349612
0.28005158374447414,0.24912959393084233,0.24608925024077982,0.2247295720839037
0.28352394819500626,0.24472866804202761,0.24943047842212454,0.22231690534084153
0.2786231064698914,0.24785853580340395,0.24530522204434715,0.2282131356823575
0.2840758455248657,0.2417417765815738,0.25173597710575607,0.22244640078780445
0.2774436535654542,0.24905507350597375,0.243915182740289,0.22958609018828305
0.2849449696397018,0.24220918807170422,0.2518716672663806,0.22097417502221334
0.28345728109677953,0.24284223198032315,0.24882841175274067,0.2248720751701567
0.29223134001514206,0.22911667080373796,0.259439670104041,0.21921231907707897
0.2699262239658569,0.24805443313392883,0.23979432670163994,0.24222501619857448
0.2867712930003111,0.2360538359939149,0.2580772107115797,0.21909766029419425
0.2759368476573813,0.2539399209639254,0.2390827474770084,0.23104048390168488
0.2814010598596342,0.24947064938177296,0.24696666216806393,0.2221616285905289
0.2796200998862923,0.24989620891708808,0.24515122726109823,0.22533246393552145
0.2891109742045307,0.23734399266654624,0.25541434735157414,0.21813068577734893
0.2772789963375735,0.2454208146589272,0.24457599060884047,0.23272419839465897
0.28433531721138333,0.238004728336555,0.25420484567673923,0.2234551087753224
0.28256182565620463,0.24264830461361966,0.24849511638485214,0.22629475334532348
0.2868246336986568,0.23803055259786454,0.2528683055172819,0.22227650818619674
0.27745808258620575,0.24561279143677545,0.24501537289025804,0.23191375308676077
0.2912201445657083,0.23193137369004885,0.2590406883980049,0.21780779334623782
0.2738226995523848,0.24962249358201044,0.24006735211569455,0.2364874547499103
0.28086932836589973,0.24457950081253643,0.2507439958324193,0.22380717498914446
0.27835193211044573,0.25196395733916016,0.24323257130509704,0.22645153924529707
0.28113899230076544,0.2501635845803403,0.24584387429071705,0.22285354882817726
0.2831452901232196,0.24544701511328829,0.2487623301087685,0.22264536465472376
0.2878375349908356,0.23602094825614542,0.2548194093414979,0.22132210741152125
0.2753882439850767,0.2453992805930096,0.24440254917241613,0.23480992624949745
0.2855637802923042,0.2377412690612286,0.2550742395025301,0.22162071114393717
0.27991042212209344,0.24725063341402512,0.24466036067421068,0.22817858378967082
0.28595340451971657,0.24077439491078412,0.2520194912555535,0.2212527093139457
0.2758474308925858,0.2494214279552973,0.2428326423170332,0.23189849883508376
0.2944870062561195,0.23006606610010205,0.2615840641254772,0.21386286351830142
0.2674242062850996,0.25620293687323764,0.23361923861761547,0.2427536182240474
0.28582266802118084,0.24016685130026735,0.256733922321938,0.21727655835661383
0.28265699751924855,0.2475563679310353,0.2452873470577337,0.22449928749198236
0.2846227148779468,0.24229728575045933,0.25013395088083984,0.22294604849075414
0.2834628363896871,0.23830559975184373,0.25188121331270924,0.22635035054575992
0.29280572834383234,0.22561090363142988,0.26106103098362154,0.2205223370411162
0.27203363110465895,0.24489681388288403,0.24148706017535845,0.2415824948370986
0.29199473970683915,0.22925279823931624,0.26182250161439746,0.21692996043944718
0.2836759476261158,0.2406242159955941,0.24719856766981296,0.2285012687084771
0.28425911733526915,0.23721866134189554,0.25223721636585383,0.22628500495698148
0.2807842748347733,0.2401426214580696,0.2497107405643515,0.22936236314280561
0.2935099114676304,0.22866624028338167,0.26001773620434687,0.21780611204464123
0.2701756526550969,0.2512306399103932,0.23731278243768825,0.24128092499682152
0.2896070780255947,0.23439952287111096,0.25959477686806,0.21639862223523437
0.2787704318206572,0.24882464865593062,0.24219703124153427,0.2302078882818779
0.2850328358452889,0.24119381381567562,0.25192990146056304,0.22184344887847246
0.2777221149282795,0.24732397340943982,0.24489043572771996,0.23006347593456072
0.29163200275905005,0.2331186765361754,0.258539040485254,0.21671028021952052
0.2739067536713646,0.24951222579816398,0.24018032686548568,0.23640069366498573
0.2901705312513054,0.23326802883154768,0.2592223075820175,0.21733913233512953
0.28170309065281096,0.24232093909124028,0.24671937190610999,0.22925659834983883
0.28299064931413825,0.2394979043019753,0.25136497862032053,0.22614646776356584
0.2855719283200243,0.23715362266476064,0.2529647365627175,0.22430971245249742
0.2939036636935024,0.22623322558110606,0.2603404806011199,0.21952263012427162
0.26795017073786137,0.24909980321723196,0.23783941809018713,0.24511060795471962
0.29387915658962144,0.22816035106274357,0.2643730515291849,0.2135874408184501
0.27604343553678073,0.2509592140510175,0.2385435554125759,0.23445379499962582
0.28380574878324855,0.24260143147919788,0.25159368831434353,0.22199913142320996
0.28187668317453973,0.2444052336359643,0.24798716412270524,0.2257309190667907
0.2858585664661335,0.2392259543811988,0.25238543169229993,0.22253004746036775
0.27896222186084874,0.24443874926447093,0.24643545667202177,0.23016357220265857
0.2778656578873692,0.24689732705166703,0.24702049983713475,0.22821651522382908
0.2888940606682035,0.23920681644594372,0.25420146228901574,0.217697660596837
0.28342346335634944,0.2422080859590357,0.24792413697992258,0.22644431370469234
0.28465462464244423,0.23563614488645684,0.25381113716121645,0.2258980933098825
0.2883174924901985,0.23005259681789322,0.2569505459341662,0.2246793647577421
0.26976581815725753,0.25014840336789224,0.239543087935303,0.24054269053954722
0.29015641591319347,0.23638995292657825,0.2584496413403346,0.21500398981989374
0.27156574790290494,0.25911039978075157,0.2339363080125731,0.23538754430377037
0.2845568238402376,0.24557881407630353,0.25174338415104874,0.21812097793241014
0.2812710918187086,0.24747753776986103,0.24603384322732935,0.22521752718410104
0.2802573120800666,0.24587530897297916,0.24760332182528508,0.2262640571216692
0.2774694882189439,0.2485741245043795,0.2457532539723522,0.2282031333043245
0.2854779361004304,0.24276737516574168,0.25162818797413866,0.2201265007596893
0.2836733940835876,0.24335066130465202,0.24840971634970369,0.22456622826205674
0.2792453323510219,0.24447532297861024,0.24735500145826986,0.22892434321209815
0.2835707889763752,0.24042424421605932,0.25207148046583694,0.2239334863417285
0.2879948418187319,0.23687354989328355,0.25351774879117533,0.22161385949680934
0.2707264585819737,0.25326294409678607,0.23837223654701437,0.23763836077422587
0.28420232121374506,0.24286081886857827,0.2536850428362235,0.21925181708145305
0.2747456952745665,0.2568821981606481,0.23822572116075405,0.23014638540403118
0.2834640718204079,0.24797613213251085,0.2489879887467742,0.219571807300307
0.2799790811729651,0.24880163744264236,0.2453305082038443,0.22588877318054829
0.2821546454689985,0.24380221330987997,0.24983744365554453,0.22420569756557715
0.2802961709525085,0.24514089711760004,0.2477204278952435,0.2268425040346479
0.282584214439267,0.24366046704886118,0.2495089278942481,0.22424639061762364
0.28401972806534265,0.24213379807011398,0.25002296249745376,0.22382351136708978
0.27792059508422146,0.24728779568466788,0.24511361920579083,0.2296779900253199
0.28698320892416024,0.2385056411892943,0.2543631219657284,0.22014802792081717
0.29068297207423194,0.2323105769823244,0.25606021991423195,0.22094623102921154
0.26183398307272804,0.2587200552399962,0.23222784787219028,0.24721811381508538
0.2874462747708907,0.24037085437539749,0.25905226565200906,0.21313060520170266
0.2823556173551129,0.25156101444984025,0.24208361303727433,0.22399975515777248
0.27195823437226874,0.25873491945112714,0.2371071925694207,0.23219965360718353
0.28323673387518894,0.2447468662194721,0.2527065349777447,0.2193098649275943
0.28940841965026404,0.23839274488185025,0.2536623044875616,0.2185365309803243
0.27338826531156935,0.25057637595059173,0.2403103534225947,0.23572500531524412
0.28858298847944125,0.23462718119636006,0.2585850195573962,0.21820481076680254
0.2865547883135625,0.23766738314774635,0.2511358339073221,0.22464199463136902
0.2928096695424099,0.22452567978087698,0.2609441270621246,0.22172052361458847
0.2871819005745569,0.2148959469989855,0.2622278963216864,0.23569425610477135
0.27872023388665695,0.20417425276815912,0.2637464194194797,0.25335909392570427
0.27318727121443853,0.2159535254797857,0.2543712723531689,0.25648793095260675
0.28771707335969743,0.21775631437770399,0.26138188516763855,0.23314472709495998
0.29553460693291084,0.21965020264466778,0.2605833794983755,0.22423181092404593
0.2832215089561618,0.22848331683102496,0.2518241765664414,0.23647099764637178
0.28695532344604235,0.22352445734113102,0.25906267862144416,0.23045754059138243
0.29264475973849535,0.21958007184203057,0.26126421141339085,0.22651095700608317
0.2748675094349875,0.23812017379822756,0.2450205258844715,0.24199179088231337
0.2965558794543562,0.22132708051177696,0.2653812180051689,0.21673582202869804
0.28228853080392996,0.2365470836296605,0.24735321495265894,0.23381117061375067
0.28611670967046504,0.23071412084122866,0.2562359388610913,0.2269332306272149
0.2909778495812503,0.2261141051015812,0.2587193810063163,0.22418866431085224
0.2869861090054267,0.2269386894996419,0.25565221784385334,0.2304229836510781
0.27699025116301773,0.23669348849887759,0.2487640372632392,0.23755222307486548
0.29086403741783456,0.22935199150760036,0.25939737636974103,0.22038659470482405
0.27940237322563927,0.2445818220859995,0.24393498881419187,0.23208081587416954
0.28114788875164765,0.24335199761473644,0.2493753668914005,0.2261247467422154
0.2887556969233084,0.236836851399208,0.25459912928879996,0.21980832238868372
0.28190605395613455,0.2414140691053232,0.24786768227878775,0.22881219465975441
0.2763786565497706,0.2455500480020235,0.2465051564010151,0.2315661390471907
0.2931304462048321,0.23210379115659005,0.2595928446885064,0.21517291795007146
0.2790220074725245,0.2450432373336521,0.2434839304699198,0.23245082472390352
0.2886686762337101,0.23177433491409005,0.25810026480867104,0.22145672404352876
0.28036407234147287,0.23989559933884383,0.24813973565351483,0.23160059266616848
0.2905054952252959,0.23045880662935847,0.2583050865209267,0.22073061162441887
0.27064092187330246,0.25144501192206625,0.23833302361884617,0.2395810425857851
0.2817395608381749,0.2451253853622144,0.2516388511475175,0.22149620265209322
0.2816031030328789,0.2504771390327574,0.24447119919154087,0.22344855874282277
0.28311292657025405,0.2467017469028818,0.24753388495259915,0.222651441574265
0.28463754776927813,0.23945947607980222,0.2521934780567464,0.2237094980941733
0.2848739462396587,0.23563036066124174,0.2534601515431134,0.22603554155598624
0.2819754949058806,0.23814999480825838,0.25072029375571087,0.22915421653015022
0.2836321863626743,0.23864928995502702,0.25163497886719555,0.22608354481510312
0.28169507772516117,0.24294433303769195,0.24823433831653913,0.22712625092060784
0.28683887369043304,0.23816862316694923,0.25306522811132826,0.22192727503128942
0.28683765688393853,0.23529719377571112,0.2533027654234631,0.22456238391688735
0.2890501447743447,0.227648904189261,0.2579424547429123,0.22535849629348195
0.2695034332091341,0.24670322994503655,0.24119324864937666,0.24260008819645276
0.28229148087917616,0.24257829353313726,0.25346851153083433,0.22166171405685234
0.28820585525530634,0.24387298911715735,0.24949099425512938,0.21843016137240684
0.27992302231915855,0.24789124470543047,0.2439085377410844,0.22827719523432652
0.28722096322390545,0.23363934150931112,0.2571218360043263,0.22201785926245715
0.28512337021102524,0.23385760035400083,0.25335489656054183,0.22766413287443196
0.2772005217525561,0.24266254241871824,0.2466996483819402,0.2334372874467854
0.29275232300036796,0.23076215484274895,0.25965595974041894,0.21682956241646412
0.2806888406669838,0.24220674639735873,0.2455410462635754,0.231563366672082
0.29127968172564933,0.2277419542726018,0.2602694850376582,0.2207088789640906
0.27998632403462376,0.23721955011780507,0.2485182454971687,0.2342758803504024
0.2937146947316604,0.2236739176455742,0.2625094801411554,0.22010190748161
0.2699564790749041,0.24877542323288623,0.23826835118097384,0.24299974651123574
0.28872889019675085,0.2353867778311512,0.25859283494859864,0.21729149702349934
0.2844418073027411,0.24358398913980614,0.24691523379576455,0.22505896976168824
0.28490940367124656,0.2390247275800736,0.251441163499357,0.22462470524932263
0.28292100102681567,0.23698797043139433,0.2521197057710109,0.22797132277077908
0.2871700686459952,0.2328909304870023,0.25549267024752587,0.22444633061947672
0.28304819979529366,0.23754019356312103,0.25035334589222946,0.22905826074935598
0.2879348705724488,0.2325111924598484,0.2557551139577242,0.22379882300997853
0.28507117704026136,0.2344291966232371,0.2524576114745307,0.22804201486197076
0.287087813187936,0.23102515577733373,0.25563766990959275,0.2262493611251375
0.28369340782626207,0.23423913976871436,0.2522356564214877,0.22983179598353584
0.2927485141543214,0.22496900033282585,0.26054933609711295,0.22173314941573982
0.27177520559974233,0.24580089454329945,0.2407675848828057,0.24165631497415246
0.285800621523056,0.23697504349295312,0.2564943300390794,0.22073000494491143
0.28554218277687,0.24274975525049017,0.24842997954752474,0.22327808242511507
0.28280525239059395,0.2427641138355779,0.24831138693888416,0.22611924683494405
0.2830858309054338,0.23865612045161472,0.2519910442461761,0.2262670043967754
0.28884378168263475,0.232282418683335,0.2564259464086361,0.2224478532253942
0.27965420824570236,0.24075214721960914,0.2472766713240992,0.2323169732105892
0.2908616341795364,0.22968976226835555,0.2591322966717936,0.22031630688031434
0.28613169938861593,0.23288596190429167,0.2527193124827055,0.22826302622438682
0.28544184862608635,0.2305026161211306,0.25510071608980633,0.22895481916297689
0.2894793404223932,0.2258328182750299,0.2585509514675044,0.22613688983507238
0.2908730104448217,0.22149106079993303,0.2598705825890036,0.22776534616624164
0.271441080104269,0.24075247953051765,0.2435224656382603,0.24428397472695287
0.28717156150780554,0.23356745503395407,0.25833361896652934,0.22092736449171105
0.28744288677218494,0.24038306012014357,0.2495002561665568,0.2226737969411147
0.2759871226678519,0.24975987444587583,0.24170720774800972,0.23254579513826243
0.28586880062078557,0.23829948127603495,0.2551241931720651,0.22070752493111437
0.28861588007857175,0.235669961967561,0.2537874979372173,0.22192666001664987
0.27581956149518305,0.24587091024509633,0.24369357546132966,0.23461595279839084
0.2957629327918031,0.22553471672421296,0.2640402775207723,0.21466207296321163
0.2829932373293881,0.2354254053640496,0.24908649094969948,0.23249486635686287
0.2872727139265981,0.22721138073242073,0.258266801458374,0.22724910388260716
0.2845987189204986,0.23095623249920583,0.25383319409328353,0.23061185448701216
0.29521411404938214,0.22040687343634882,0.2629363336883627,0.22144267882590635
0.27236028580177013,0.24179214259265297,0.2420031528628323,0.2438444187427445
0.2881664315200719,0.23104130188570937,0.2597017039232235,0.2210905626709953
0.2830227100118853,0.2428772858554772,0.24664806742558057,0.227451936707057
0.27749721956322604,0.24893370126354827,0.2439079869839526,0.22966109218927314
0.27942755561593347,0.2479984109282773,0.24736361036053886,0.22521042309525027
0.29178305893837553,0.23632281099726749,0.2563783721468155,0.2155157579175414
0.28172821777340773,0.24080879514360265,0.2475832829762531,0.2298797041067366
0.2895891924114371,0.22669455714340483,0.26029983100680154,0.22341641943835666
0.2864594054904154,0.2276443180863958,0.2556901885779157,0.23020608784527313
0.28383595922333904,0.23026627373414044,0.25403681508824943,0.23186095195427114
0.2872008845932012,0.22979213140759444,0.25601823907342713,0.22698874492577717
0.29054826515485904,0.22747330297877746,0.2573478587918329,0.22463057307453055
0.2729234867255917,0.24484265757934562,0.24234942605612736,0.2398844296389352
0.28529037906747845,0.2378489790622414,0.25551845809771784,0.22134218377256246
0.2806602886412344,0.24843873133089164,0.24402812192675435,0.22687285810111957
0.2895542372968157,0.23759893595501355,0.2546187554250367,0.218228071323134
0.2795635890884089,0.2421060807637456,0.24704187598716665,0.23128845416067886
0.28636147743508555,0.2334020758588191,0.25642019233658436,0.22381625436951086
0.279426930675962,0.24278799539609783,0.24683650258082906,0.23094857134711103
0.2965623734223529,0.226121501591327,0.26263959550369675,0.21467652948262342
