0.29392809535992853,0.2373954768921165,0.22456468198564117,0.24411174576231376
0.29565940346708613,0.2469140366669292,0.22034899100085323,0.23707756886513154
0.29426008060080516,0.23994937768829314,0.2221203182120707,0.24367022349883097
0.2953335297297571,0.24355426423750354,0.2213869352857855,0.23972527074695385
0.2941305783599522,0.23840628116513804,0.22347623749906695,0.2439869029758429
0.2942207762924341,0.23332145835973964,0.2257619681552613,0.24669579719256504
0.2969599812198909,0.25269921811954144,0.21783417909967379,0.2325066215608939
0.29467455098331174,0.2419426562976102,0.21979669815463132,0.2435860945644467
0.29645984765725675,0.24465376687730533,0.21936725325490805,0.23951913221052995
0.294367262332256,0.23898226505569026,0.22299155553237546,0.24365891707967835
0.29633197645084886,0.24081540966363066,0.2209108298570333,0.24194178402848723
0.2952330157255342,0.23734031340327952,0.22307309877555023,0.2443535720956361
0.2975507227103966,0.24708391459275203,0.21798735107779046,0.23737801161906083
0.29591153116007823,0.24206300814940587,0.21961877132129634,0.24240668936921947
0.29641882820366433,0.24128164766812796,0.2203069757119119,0.24199254841629578
0.2939958970229972,0.23550969183739867,0.22517618001924525,0.24531823112035878
0.2951056149060264,0.24020020699445224,0.2233645246503407,0.24132965344918073
0.29270322737722804,0.2349003379895462,0.22694809330827465,0.2454483413249511
0.2960174660659401,0.25444334505211164,0.21798486006984044,0.23155432881210783
0.2914926673591329,0.23776977254651396,0.2246995154692512,0.246038044625102
0.29440636943855875,0.24263260920678942,0.22314315745958987,0.23981786389506202
0.2923634508678765,0.2392177189446048,0.22567663900667545,0.2427421911808432
0.29488133892351154,0.23849950523832625,0.22303179711171622,0.24358735872644616
0.29447717002019513,0.23759817458827917,0.2243775659922825,0.2435470893992432
0.2976082530703598,0.2501640365663819,0.21677462120622687,0.23545308915703145
0.29565332628604907,0.24196528616527346,0.21932375336715276,0.24305763418152473
0.2963112049344572,0.2406387652166111,0.2206968600499229,0.24235316979900892
0.29497988416093585,0.23977107183886376,0.22287167703427394,0.24237736696592652
0.29785906691338976,0.2513912135811746,0.2157124031086056,0.23503731639683012
0.2943508455799887,0.23456988815363586,0.22276449998633782,0.24831476628003754
0.2989389859083951,0.252671265178098,0.21532142005450902,0.23306832885899792
0.29561623586241287,0.2398498704172571,0.21942714915692135,0.24510674456340864
0.2996102310229987,0.2484312966216902,0.2147246453062631,0.2372338270490479
0.29731966075045985,0.24509263420348443,0.21700702279298215,0.24058068225307352
0.2988140803432556,0.24072376552316485,0.2167798427097439,0.2436823114238357
0.2987549765720371,0.24296950768944686,0.21747986673789754,0.2407956490006185
0.2995526084934702,0.24631558060519418,0.21479086144475584,0.23934094945657977
0.29867385742058933,0.24281876214270504,0.2163822204071922,0.2421251600295135
0.29981113803530196,0.24900832736058764,0.21389881479740763,0.23728171980670285
0.2973919220760743,0.23997724931261782,0.2182259669341198,0.24440486167718825
0.29801876058047444,0.23964586102823074,0.21935056582771784,0.242984812563577
0.29559866942618696,0.23291208333826371,0.22421036860651403,0.2472788786290352
0.30043240047911657,0.2623173645032134,0.21056083076793636,0.2266894042497337
0.29546932179877733,0.24555467059228667,0.21616187203112883,0.24281413557780718
0.2977600725133435,0.24631165814502218,0.21671640192722597,0.23921186741440836
0.29486950490718655,0.2371686709958662,0.22269449335743957,0.24526733073950774
0.2980241634693979,0.2403334482642021,0.2193018013966509,0.24234058686974913
0.29717742985347434,0.23926040519651037,0.22030909094945808,0.2432530740005572
0.29990856639808205,0.24970236779681745,0.21397294350889126,0.23641612229620915
0.29809861531906495,0.24516217691279382,0.21570950889111512,0.24102969887702605
0.29819379821447173,0.24351672789862477,0.21703643494434618,0.24125303894255737
0.2954418379108469,0.23641995342384844,0.22283155865474832,0.24530665001055627
0.2974773536680388,0.24575822596982533,0.21874132622663617,0.23802309413549974
0.29475704016054205,0.2369774595913978,0.22274389304241035,0.24552160720564978
0.2984091838877938,0.2534108426592202,0.2151541988561615,0.23302577459682441
0.2957766850607388,0.24544643033340288,0.2175647700894382,0.24121211451642013
0.2978345886345609,0.24418281619810814,0.21701471176498904,0.24096788340234188
0.2966641592408089,0.2405489026087468,0.21994897278337214,0.24283796536707214
0.29787992573131333,0.23750236143890197,0.21967483001177673,0.24494288281800797
0.29815418512190983,0.2394794324620033,0.21966943665695324,0.24269694575913356
0.300551791919861,0.2558178970925007,0.2113393482077064,0.23229096277993191
0.29743009612071625,0.24411981958941306,0.21559004602198067,0.24286003826788988
0.2980025588764428,0.24384488075544383,0.21751690326133838,0.24063565710677484
0.29518298168070145,0.2355571871768302,0.22323438479045668,0.24602544635201154
0.29837332385019427,0.24793123846005072,0.21711097883754732,0.23658445885220755
0.29483829679791684,0.2343206445480796,0.22291242255114907,0.2479286361028546
0.3008464341491009,0.26201708000082524,0.2099477511123191,0.22718873473775483
0.295620478274072,0.24250971767469223,0.21693162142438868,0.24493818262684702
0.2981091777521803,0.23910939766751266,0.21888967277902943,0.24389175180127767
0.2957705736205071,0.23722372716332782,0.22313168589416782,0.24387401332199726
0.2977665287775479,0.2395815527919666,0.21974832108864137,0.24290359734184394
0.29604652862503705,0.2380498234011681,0.22229021866744433,0.24361342930635058
0.2990081915517164,0.25905182062446525,0.2123918898215148,0.22954809800230358
0.293250344412733,0.23615177610764307,0.22221741722912022,0.2483804622505037
0.2950065519032829,0.2385787974787538,0.2242077083385188,0.24220694227944442
0.2921162087022021,0.23751253819713247,0.22741766111738915,0.24295359198327646
0.2952925579755892,0.24401356325463905,0.22122055555801187,0.23947332321175993
0.29272358002380383,0.23565551670650783,0.2259874801316514,0.2456334231380369
0.29726883642187824,0.25520476486580923,0.21602752566189873,0.23149887305041383
0.2932309683431463,0.23727888814564363,0.22251599762330687,0.24697414588790315
0.2969881659446299,0.2447271595487166,0.21952842862851144,0.23875624587814195
0.29398758527310787,0.23771908753904494,0.22377770577165734,0.2445156214161899
0.2980045552310788,0.24532410383210954,0.2176843230236547,0.23898701791315696
0.29539145670291567,0.237603840058301,0.22200138914705353,0.24500331409172965
0.29900662398126593,0.25128665595604727,0.21492695953127003,0.23477976053141675
0.2950862091371001,0.23705841057072263,0.221291395251866,0.24656398504031132
0.29759063247257894,0.24280116937425988,0.21946466072777748,0.2401435374253836
0.29524464912144444,0.24270008554295222,0.22130454825898774,0.24075071707661558
0.2958601553119584,0.23858226416614178,0.22133946808612,0.24421811243577982
0.29346296004912126,0.23230183033729146,0.22729898402618998,0.24693622558739736
0.29829952225775125,0.26147196025871877,0.21337434131529118,0.22685417616823889
0.29258570433279407,0.23689517897692963,0.22212006130255652,0.24839905538771984
0.2968344469307199,0.2477194689531359,0.21906478655086287,0.2363812975652812
0.29268325481308793,0.2368613324668728,0.2250083987427531,0.24544701397728605
0.296703390664773,0.23973228865656554,0.22100107027102273,0.24256325040763876
0.2958059509951991,0.24312279122355687,0.2210596849296646,0.24001157285157945
0.29756285599896026,0.24506939850093964,0.2172479638605989,0.2401197816395012
0.29837074287498966,0.2510804177644129,0.21449055084834454,0.2360582885122529
0.29605335130404714,0.23609996123043622,0.22035243338211966,0.24749425408339681
0.296649456919453,0.23775242957968104,0.22245359015498836,0.24314452334587752
0.29626734302509516,0.23960047204862034,0.22170422766556586,0.2424279572607185
0.29636548416718567,0.24095247236254486,0.22082493869373188,0.24185710477653755
0.2990507349198281,0.26480316687185634,0.2099326348117236,0.22621346339659187
0.29345092506403664,0.23573252688008844,0.22080177034182158,0.2500147777140532
0.29786706276267616,0.2481584778471436,0.21805842335187725,0.23591603603830308
0.2944555075507827,0.23664477416025045,0.2226629772444041,0.24623674104456286
0.2986016476110642,0.24129521938722945,0.2184310904671758,0.2416720425345305
0.2988324776658107,0.24933515261110067,0.2152098046442478,0.23662256507884083
0.2999423804182094,0.24887385404744494,0.2121740883240572,0.23900967721028837
0.29845985516960594,0.24142867730388565,0.21671782212017449,0.24339364540633393
0.29803092038515805,0.23809204923370256,0.21954331371178187,0.2443337166693575
0.2986147675805073,0.2455744781782341,0.2172719918780948,0.23853876236316385
0.29814779427714333,0.24529378327495302,0.21626167458102247,0.24029674786688127
0.2966007966696844,0.2384490804927335,0.2203769345332921,0.24457318830429
0.29907174570571443,0.25441755678066424,0.21390230957098963,0.23260838794263175
0.2964744302199411,0.24240824518794615,0.21734126772822587,0.2437760568638868
0.29911158803442484,0.24903279760553979,0.21481856156562423,0.23703705279441112
0.29649946743461564,0.23717288288555544,0.2199975513804833,0.24633009829934568
0.29961556422595315,0.24155671794292113,0.21723436705896765,0.241593350772158
0.2995827755485419,0.24749662078075632,0.21482914240982784,0.23809146126087388
0.29995917434684743,0.24713496110935712,0.21317895739029896,0.23972690715349643
0.2988849894526762,0.24394778877149742,0.21581106434472566,0.24135615743110075
0.29792044389626593,0.2393497684025455,0.21880359911181052,0.24392618858937812
0.29866288064511126,0.24729747002404406,0.21649574006549505,0.23754390926534963
0.29670826996925753,0.2392255839361515,0.21943413967022818,0.24463200642436272
0.29602496991219296,0.2339281735535036,0.22351149820550006,0.24653535832880336
0.301397162013705,0.27296521722837486,0.20555439892366817,0.22008322183425194
0.2956135474702801,0.24349785621400205,0.21431128224961468,0.24657731406610306
0.2976333206587982,0.2374606437758589,0.22007175083656533,0.24483428472877752
0.2977103531403255,0.24438890606915883,0.21890581773487053,0.23899492305564515
0.2993215516404224,0.24186148429899101,0.21570891334670647,0.2431080507138801
0.29928799500513104,0.2420464887898795,0.2168567663103271,0.24180874989466233
0.3004019562644521,0.2510914911881201,0.2126501156048126,0.23585643694261524
0.2979718681547982,0.23835998587985743,0.21745979076495703,0.2462083552003873
0.2981956678101342,0.24107153084466823,0.21929320496854374,0.24143959637665377
0.29364889628013274,0.2298461513703486,0.22719760792463836,0.24930734442488028
0.293358351606769,0.22971588775104132,0.22965721109649898,0.2472685495456907
0.2893579271866993,0.23239357321328366,0.23420137379664788,0.24404712580336918
0.2895644728929019,0.25007605257042176,0.22766841757939277,0.2326910569572836
0.2838754297564789,0.23937971028860416,0.23467493851940804,0.24206992143550893
0.28050491261369087,0.2243606192905091,0.245201385569077,0.24993308252672292
0.2790431770016029,0.22912998602450269,0.24891125581156978,0.2429155811623246
0.2813955355828659,0.23176630573649434,0.24295399385900607,0.24388416482163366
0.2838171176022241,0.23287851152527228,0.23938044750688525,0.24392392336561833
0.28823180051621783,0.25096385582564973,0.22840227881363082,0.2324020648445017
0.2854954261018601,0.22734197919012894,0.23498930243061023,0.2521732922774008
0.28987786633498686,0.23988511712853222,0.23149319952178665,0.23874381701469427
0.28736998591683277,0.2361715298370528,0.23290794893846795,0.2435505353076466
0.2900527695908881,0.2322260205973844,0.23103551203565983,0.24668569777606758
0.28962202606567755,0.2383368284037271,0.23143735612683475,0.24060378940376057
0.29204048393173615,0.2478664158319898,0.22374087265941714,0.236352227576857
0.29024238959092424,0.23701202831332308,0.2276312177347802,0.24511436436097256
0.2921463533315303,0.2426816542431813,0.22598450847460977,0.23918748395067865
0.29151219381136584,0.23905482332542344,0.22646983347430327,0.24296314938890737
0.29331869327666327,0.23467805319294102,0.22605912793590774,0.24594412559448817
0.2949984272858354,0.2439638499353589,0.22259474026917847,0.23844298250962714
0.2968283345548997,0.2501307573615222,0.2163597056306333,0.23668120245294488
0.29496040608726354,0.23503989613889167,0.2220934177901157,0.24790627998372913
0.296783890370986,0.2441934715991593,0.22059954485635486,0.23842309317349994
0.2940231648191835,0.23482975729298083,0.22443784329312827,0.24670923459470734
0.2974528234088449,0.24832385844471963,0.21825986087955515,0.23596345726688023
0.2931695258458729,0.2376149222811215,0.22409947899768287,0.24511607287532286
0.297631537052598,0.25417640519679136,0.2156073389799077,0.23258471877070294
0.2946524827090899,0.24532172653896384,0.21884228884717813,0.2411835019047681
0.2961074483710764,0.23841985030514892,0.22070165053765028,0.24477105078612435
0.29572613325952235,0.23673885750797047,0.22326069902974496,0.24427431020276227
0.297703009988668,0.23847194094155236,0.22023500658121697,0.24359004248856272
0.2987260177302435,0.24714645792615242,0.21648299944406407,0.23764452489953997
0.2980447086404877,0.24743740648385354,0.21549488013314078,0.23902300474251797
0.29657853970487896,0.24214670713294517,0.21897173264657996,0.24230302051559585
0.29592760049568273,0.24188566318326027,0.2208725519811501,0.24131418433990684
0.2942607104248807,0.23611422830432818,0.22441574530023778,0.2452093159705534
0.29461954321516737,0.23645938194920382,0.2249377591925744,0.24398331564305434
0.2939177090962382,0.23615866110881312,0.22578796695534467,0.24413566283960414
0.29870160718285094,0.26570190740070654,0.21066383298688937,0.22493265242955307
0.29463031687757396,0.2486200830929058,0.21553306542865633,0.24121653460086398
0.2941071443968776,0.23138438536798053,0.224709904439633,0.24979856579550888
0.2946272951479019,0.23592639043467625,0.22634142582646183,0.24310488859096008
0.2959518990770297,0.23763149414910556,0.22258466610915448,0.24383194066471026
0.29811640847854476,0.24966355341286234,0.21647875320326398,0.2357412849053288
0.29746686128616323,0.25300797818191445,0.21399434963807953,0.23553081089384276
0.2941491812438424,0.23186786325869932,0.22349032896369803,0.2504926265337604
0.29549309903928145,0.24180426610410416,0.22366649929366966,0.23903613556294473
0.2918954991637463,0.2324814285872939,0.2281417408398019,0.24748133140915785
0.2958997809112446,0.24774099097896352,0.22062271641270623,0.23573651169708554
0.2911941708086,0.2347270582982232,0.22734801382459563,0.24673075706858127
0.29673382530975584,0.2571406493361388,0.21620744814512607,0.22991807720897928
0.2913115408970674,0.23848447449427715,0.2242723434610454,0.24593164114761012
0.2939963470307743,0.23524663607197052,0.2254944644836779,0.24526255241357728
0.29267321031972515,0.23635339112205275,0.2277030562073892,0.24327034235083295
0.2958247997404406,0.24163646638571132,0.2214148653558573,0.2411238685179908
0.29560295131324194,0.2449554689261228,0.22025877980224545,0.23918279995838967
0.2952451635016063,0.242002995919367,0.22080613368309193,0.2419457068959348
0.2936481260781374,0.23566182502017216,0.22535155809145185,0.24533849081023848
0.29389910205094993,0.2391065264879699,0.22522711799324716,0.24176725346783295
0.29249115949230137,0.2383298553432137,0.22640620883012283,0.2427727763343621
0.2933419004691794,0.2416637980824824,0.22442162996097753,0.24057267148736058
0.2908630909180255,0.2325041048957318,0.22951571539756596,0.24711708878867675
0.2952679299202339,0.25572128809235045,0.218879450148965,0.23013133183845064
0.29173780751480594,0.24178565871729146,0.2228488279188648,0.24362770584903787
0.29351313920989647,0.23592051230448852,0.22527185635839825,0.2452944921272167
0.29297424261079785,0.2368389069726327,0.22701969731357804,0.2431671531029913
0.2955790260008504,0.2404396021309323,0.2220290479114262,0.241952323956791
0.2956592290167418,0.24210821732279658,0.22119853230009295,0.2410340213603687
0.29644505549156414,0.24678696576487352,0.21852471497885792,0.23824326376470448
0.2937253361390359,0.23400402223753486,0.22463947505545723,0.24763116656797213
0.2943919031257423,0.23794477305272713,0.22542867441410452,0.242234649407426
0.29247792829085345,0.23943934463168592,0.22641908195468197,0.24166364512277874
0.29205806199827794,0.23549423004284092,0.22746836979438378,0.2449793381644972
0.29008455216287177,0.23320339439528828,0.23171653639086054,0.24499551705097947
0.2935226091234165,0.2567507083745916,0.22039386073873332,0.22933282176325862
0.2901775560649897,0.2415073661426417,0.22456221807321233,0.2437528597191562
0.29094414358323545,0.2335160319161366,0.22922961798033012,0.24631020652029778
0.29208549790772154,0.24095684526299324,0.22725247007769261,0.2397051867515925
0.2940113355910552,0.23811920998859462,0.22358924099141506,0.2442802134289351
0.2955422016472197,0.2408429701415324,0.22212216573260196,0.24149266247864604
0.2970067516628563,0.24958527746665393,0.21718521437888635,0.23622275649160343
0.29419428465011144,0.23069939154527322,0.22417958740243618,0.25092673640217916
0.2962589860549592,0.24321671766055927,0.22246181651129132,0.23806247977319017
0.292350581257051,0.2373725882946762,0.22608335470158353,0.24419347574668931
0.2941773421496719,0.24171046270671234,0.2235907030860133,0.2405214920576025
0.28932699173823695,0.23103467002755096,0.2320995521560845,0.2475387860781275
0.2934227454195946,0.25129644889669367,0.22274673556200808,0.23253407012170363
0.28974519881458444,0.23995299039319862,0.22672844869401965,0.24357336209819724
0.2923725801690849,0.2398100277573638,0.22577870739296818,0.2420386846805831
0.29206439523457634,0.2424114044113926,0.22564552789444442,0.23987867245958666
0.2951170187043517,0.2417581490478421,0.2209848828624775,0.24213994938532876
0.29478961199990006,0.23518927250266836,0.22395631506584404,0.24606480043158746
0.2967398589794121,0.2403020981463812,0.22139238062861968,0.24156566224558698
0.2956685494080209,0.2365506089980461,0.22274520899548364,0.2450356325984493
0.29643221618014565,0.24306258092717845,0.22086035843071175,0.23964484446196424
0.2937133492619734,0.2438271101086951,0.2228023294811419,0.2396572111481896
0.2920029588495198,0.23638845882575782,0.22662418656608396,0.2449843957586385
0.28986177069250757,0.23292148197723667,0.23197352234957738,0.24524322498067844
0.29278638830836345,0.2521414113787445,0.2228513506414247,0.23222084967146728
0.29123370256229164,0.24166158902656587,0.22399774128338906,0.24310696712775356
0.2938530153065693,0.24159689537114076,0.2232079373979912,0.2413421519242987
0.2920645795637026,0.23034161095225708,0.2285696187412454,0.2490241907427948
0.2967439227590341,0.2430926204488822,0.22131471668975705,0.2388487401023266
0.29613042134495643,0.24616811771009553,0.2188172048660083,0.23888425607893968
0.2976093468323772,0.24938616014685216,0.2154808949979703,0.23752359802280043
0.29294399244996333,0.22885845432886334,0.22662320624121857,0.25157434697995484
0.29581157357468224,0.24235180016142727,0.22345982171676235,0.23837680454712798
0.2924498599731426,0.23947027893884,0.22550112887929205,0.24257873220872542
