0.4679708032964155,0.1678802920205016,0.24761702730223795,0.11653187738084497
0.39210925407968805,0.19828186566701295,0.33393130302065055,0.07567757723264842
0.46530747832687297,0.1719576589007124,0.2327131662461214,0.13002169652629328
0.45464003522012536,0.19746001603756724,0.19908786773193193,0.14881208101037546
0.4339319512651395,0.2122525994135866,0.2256377881847579,0.12817766113651594
0.402006108468864,0.20491914107917558,0.2994179487762248,0.09365680167573574
0.46261613043128813,0.1867297937325423,0.23830633219524722,0.11234774364092237
0.356690184675541,0.19278300410100227,0.3905847039872491,0.059942107236207735
0.4772266797372146,0.11330853907307611,0.06981709201109645,0.33964768917861277
0.2932518598944191,0.28501938265644483,0.2328989398984189,0.18882981755071712
0.4106423479451692,0.2100832880556706,0.1717480697617315,0.20752629423742877
0.3346069547142175,0.23437071029661657,0.325916535039365,0.10510579994980081
0.49750734674650826,0.1617146433421098,0.11322129868752064,0.22755671122386126
0.29697520535266664,0.24165160333409497,0.3800200143280541,0.08135317698518438
0.46028803792374157,0.1307167915811551,0.09161302940559897,0.3173821410895044
0.27288449060460745,0.27803656233241536,0.3176892156431475,0.13138973141982963
0.43165196289322477,0.19388577723107434,0.22186245878570368,0.1525998010899972
0.31034965368767264,0.2023419930091521,0.42679899087766154,0.06050936242551369
0.4446298171203308,0.16545841184390928,0.28051635750518855,0.10939541353057138
0.35607511498143385,0.18739290206494627,0.3943214385508992,0.062210544402720745
0.4454270477979334,0.11701779221156776,0.08192735257615275,0.35562780741434596
0.18802738368998378,0.26718298129562074,0.4709997472743471,0.07378988774004848
0.47880971539406264,0.1653348373015619,0.21364885552537996,0.14220659177899553
0.3986779862506179,0.2113436122917732,0.29913402231841163,0.09084437913919721
0.46688846150626234,0.1855814867973639,0.2326443759790147,0.1148856757173591
0.33422256404990763,0.1908225957235555,0.4236569994956933,0.051297840730843564
0.5224040821146168,0.1410763056654802,0.12132848287909818,0.21519112934080478
0.3143830541981904,0.23966150757226481,0.36687059858617993,0.07908483964336481
0.40939064323802404,0.17788089144273211,0.33371366705054734,0.07901479826869645
0.40018887024486516,0.17872515742682937,0.3546588709748568,0.06642710135344858
0.5545991898433501,0.15244009047948254,0.10714277313153878,0.1858179465456287
0.28846435384537733,0.22072206789676047,0.43870099224503895,0.052112586012823245
0.5287703816022143,0.15056504847394594,0.14879111081019508,0.17187345911364466
0.4433572637081607,0.2222949790025684,0.19339144194741187,0.14095631534185898
0.49264434016418257,0.18595619717147843,0.1115186285302402,0.2098808341340986
0.32346210455257746,0.24046808127253672,0.3509350624982204,0.0851347516766656
0.47749396027454416,0.17937245364373702,0.21836437350985885,0.12476921257186005
0.4011301673975931,0.20485358382253846,0.31250858626973255,0.08150766251013579
0.5288663775771453,0.14137750747821703,0.07827893640362694,0.2514771785410108
0.29796781950170786,0.2570559886414598,0.35625120054402315,0.08872499131280923
0.5132310511667479,0.16650177927321147,0.1374664323029307,0.18280073725710977
0.32553318236047735,0.2261794479703627,0.3784231100470897,0.06986425962207019
0.41864662860349694,0.17433073274140878,0.32821149740555206,0.07881114124954229
0.3594698227718254,0.17348758957682137,0.41547774202561744,0.05156484562573577
0.4188151021096917,0.08531588593551202,0.03883358232001433,0.45703542963478183
0.1978217961637183,0.3274122350787843,0.308051350758501,0.16671461799899637
0.4168875728964431,0.2017558398805727,0.19098576117330757,0.19037082604967678
0.3385421546662685,0.22725074535007314,0.3441420828440041,0.0900650171396544
0.49001379834481495,0.1774036696035929,0.18774089114905654,0.1448416409025357
0.3296063780431375,0.2059169736362631,0.4059152317077193,0.058561416612880036
0.5187246133175851,0.14523067976537155,0.12535897683834707,0.21068573007869626
0.3777716798589316,0.2418626348655232,0.2554254014449023,0.12494028383064289
0.4207411141598827,0.20213267367123006,0.2698121012789025,0.10731411088998491
0.3420667305567774,0.18673365195075298,0.41644016077330404,0.054759456719165524
0.49916027306543925,0.16358986072433213,0.21358329740750745,0.12366656880272124
0.3728864107640694,0.20159236752714957,0.35880435194180493,0.06671686976697622
0.5265767393337581,0.13229469219962287,0.07851432294742844,0.26261424551919055
0.3590130496985836,0.26370190356516054,0.22409786236069754,0.15318718437555817
0.4687123162248826,0.19459000909861854,0.13302561451624412,0.20367206016025483
0.29647564202961973,0.22997998607131126,0.4044585984997831,0.06908577339928597
0.45917032929294854,0.17215937063457115,0.26317239418058486,0.10549790589189545
0.3691382863323926,0.19013356985410484,0.37938378514571713,0.061344358667785336
0.48266437441196586,0.104798541597657,0.04789030628030763,0.36464677771006937
0.22359919572579567,0.2933442222225425,0.3771032337267035,0.10595334832495822
0.4601325929460018,0.1816024664499755,0.20702200721066832,0.15124293339335437
0.3295728937016284,0.20708010803219606,0.3995688924275085,0.06377810583866696
0.5317941731283338,0.13103387669915123,0.07818293992784005,0.258989010244675
0.26624818964758656,0.25123667216568374,0.4094199972218552,0.07309514096487445
0.40825714856031786,0.08588063562275675,0.032303988385327734,0.4735582274315977
0.19145507880520926,0.3335847116818021,0.30070466372489635,0.17425554578809221
0.3897195970191559,0.20965501093846942,0.23568592782650236,0.1649394642158724
0.3178978506811441,0.2082483411761124,0.4005145032350371,0.07333930490770624
0.48273944971962446,0.1588399156108839,0.1696070468776404,0.18881358779185115
0.2778922956421308,0.21336145459780181,0.4525560544373474,0.05619019532271999
0.3747379219322966,0.08274290468988761,0.043633327116031594,0.4988858462617841
0.10395253242256594,0.27671084847583693,0.5563851927320969,0.06295142636950028
0.406101216424802,0.15885725349679466,0.3416916465401654,0.0933498835382379
0.3797776113868392,0.18073626461414152,0.3731498311764407,0.06633629282257854
0.5322430209815621,0.14837805728398337,0.11208833011294023,0.2072905916215143
0.2680439385660075,0.2239161331491121,0.45472528013540603,0.05331464814947427
0.48038933738318973,0.1082155064767758,0.06193190740626011,0.34946324873377427
0.24481710754875266,0.29130883930974494,0.348430055717361,0.1154439974241413
0.4844516753051287,0.16866546384520786,0.12637186713636564,0.22051099371329774
0.29204315052087104,0.23639787621952676,0.3955039662449582,0.07605500701464397
0.5204515887709092,0.148835789663551,0.10851213209527041,0.22220048947026938
0.2820258205035537,0.23600704780312387,0.41605762841533445,0.06590950327798793
0.4444172566019775,0.10165211328492509,0.05229104495165847,0.40163958516143894
0.16097915015360173,0.27749154907411994,0.48948042578981754,0.0720488749824608
0.45452521510085475,0.16491297336273594,0.24763507903815196,0.13292673249825726
0.3846689706505166,0.20368535384521594,0.3276101268021547,0.08403554870211287
0.420538953416709,0.18275079216894863,0.31430420453800095,0.08240604987634145
0.3563195406593209,0.17505356305058317,0.4168249721238063,0.051801924166289544
0.4330077733365178,0.08945394393788335,0.041358645103140065,0.43617963762245876
0.1861866913478233,0.3138226400127922,0.37717084628651687,0.12281982235286773
0.3779931668637318,0.1899071107753563,0.3271570302634241,0.1049426920974879
0.4045224182851406,0.1892971444507704,0.3230195465556328,0.08316089070845628
0.5032443454333742,0.17524185667940362,0.18074204278495884,0.1407717551022634
0.38299453987076437,0.21226135200854382,0.3239805115615057,0.08076359655918626
0.5166263657581217,0.1509804132113942,0.10647935864764584,0.22591386238283845
0.38593621503458414,0.24836605791027203,0.22193318160134326,0.14376454545380052
0.34762142467783885,0.20701529161227036,0.3708000972969735,0.07456318641291737
0.35329659137937824,0.16899068465417377,0.4252742874892971,0.05243843647715101
0.46114933263061614,0.16495978801322225,0.28068482749442947,0.09320605186173199
0.4023259570152125,0.18594122377397065,0.3360868389495169,0.07564598026129994
0.5302701030306308,0.137666843098252,0.07475485784233298,0.25730819602878413
0.2767283948770947,0.2552000807450751,0.39184328504483507,0.07622823933299519
0.5160820859755417,0.1648683884256058,0.155338732059404,0.1637107935394484
0.3896067423992683,0.22436089795302075,0.29281406267161025,0.09321829697610061
0.4256522906125694,0.18887463886489408,0.2973370094359206,0.08813606108661581
0.4534741231416024,0.18694310697928548,0.2650077364126609,0.0945750334664511
0.5403598631628457,0.14994577659484715,0.07421616975226171,0.2354781904900455
0.2857758591918727,0.24716966271222088,0.3961965422210513,0.07085793587485519
0.38713119368345494,0.17108534909443118,0.3737715740470472,0.06801188317506662
0.4397717379650429,0.1746494761887589,0.3044769582117163,0.08110182763448191
0.4905529670951542,0.18156618551931425,0.21544155250223473,0.11243929488329686
0.373163138562597,0.1971072997968937,0.36645702708867794,0.0632725345518314
0.5437930974457681,0.14752470627464032,0.10527742773904955,0.20340476854054212
0.43362435991281273,0.23272058183475824,0.16706072849242384,0.16659432976000507
0.4671394344701701,0.20289169437276408,0.12823532027178255,0.20173355088528327
0.29542281970429507,0.22930451858991485,0.4067707583444021,0.06850190336138805
0.4289803527852287,0.17239452370085367,0.3134472355466632,0.0851778879672544
0.5087816484101615,0.1783367788192714,0.1818173691566008,0.13106420361396634
0.4915457777551869,0.1830755272775481,0.11744478551236527,0.20793390945489978
0.28988661995889903,0.23140458410555825,0.41277748289782723,0.06593131303771546
0.42325226326129456,0.17130354538815637,0.3265106185277535,0.0789335728227955
0.47734682661455846,0.17950893420736955,0.2332154575759064,0.10992878160216563
0.4096545636775,0.19866907517020313,0.3134511161529747,0.07822524499932221
0.3671914809634673,0.17555587375154907,0.4029741732216692,0.05427847206331452
0.45335636850173266,0.07411677370428466,0.02206963736341407,0.45045722043056874
0.2548883961520225,0.2684077548440947,0.08872210440779553,0.3879817445960873
0.22921119390806646,0.29530130517570585,0.28799422146306536,0.1874932794531624
0.3934023222519711,0.15970309756757803,0.08193477818128997,0.36495980199916106
0.2762997953440754,0.1960938143243489,0.05913765232854144,0.46846873800303435
0.19697104382288183,0.25221009972821345,0.13895041706444242,0.4118684393844624
0.10552431292539334,0.0878111132438687,0.03153929764247835,0.7751252761882595
0.07069220061543846,0.3135261487650393,0.15777692088142248,0.4580047297380997
0.1701360768508619,0.28639960710699297,0.28993302308584085,0.2535312929563042
0.20569868055331803,0.20183165340695056,0.4714810539011612,0.12098861213857019
0.10404821293676002,0.05840926639677678,0.2229666348723154,0.6145758857941478
0.02496841219083441,0.1230354732024693,0.598331946622062,0.2536641679846342
1.27718556576145E-09,1.8477122116451085E-09,7.498186944984805E-08,0.9999999218932328
0.018452477146032476,0.3168941384968415,0.5191383710211731,0.14551501333595282
0.2760182726229074,0.16927353655829172,0.4729506022815647,0.08175758853723608
0.3343289206184559,0.15487953948671954,0.4187739904401789,0.09201754945464574
0.4220128563082853,0.1590353718000168,0.21415909385829046,0.20479267803340748
0.26838509248172043,0.21032551038905517,0.4443226081190984,0.0769667890101259
0.3018590200863763,0.08431298209528014,0.06814929995854822,0.5456786978597954
0.08420814214510326,0.2716735357835716,0.5805232730638472,0.06359504900747796
0.38709697959549866,0.15434916539796112,0.35738883133371196,0.10116502367282822
0.3792727442952758,0.18175943528736863,0.3611755287064482,0.07779229171090747
0.3904021553256347,0.17480920538550476,0.3669983051907256,0.06779033409813473
0.3889334495787196,0.16675272925581514,0.3698524394693179,0.07446138169614733
0.4330325037945867,0.11456800786732906,0.07413327356840894,0.37826621476967515
0.1669330433454139,0.2665523500126079,0.49849494220393303,0.0680196644380451
0.4863008627718057,0.15685534653426608,0.1916669306900554,0.16517686000387286
0.3941230265736174,0.22094559570047587,0.2798188035681141,0.10511257415779258
0.4047898743306768,0.192756868515555,0.31798827711836253,0.08446498003540569
0.42111957447590265,0.18247933605240846,0.3149545072536161,0.08144658221807265
0.5252444001365183,0.12011494907391003,0.04530593475386263,0.309334716035709
0.20484843914316725,0.2552103185190317,0.48137457389828847,0.058566668439512484
0.40080261331710687,0.16229274968264712,0.3588003051063632,0.078104331893883
0.39988941216711205,0.176124378330941,0.3553907894845617,0.06859542001738526
0.489881384449724,0.1680198447760231,0.200297960242894,0.141800810531359
0.3656284736348598,0.20775135138181683,0.3506316003466578,0.07598857463666567
0.5162414362653278,0.11999652288048826,0.05339889535504619,0.3103631454991377
0.36602632299015264,0.24125778616153384,0.09823201414479364,0.2944838767035198
0.3049893051166286,0.27120818374475664,0.26388639139437636,0.15991611974423828
0.29738528212574483,0.20060069158530913,0.4351235630789591,0.0668904632099869
0.4287491285303442,0.16806992607040225,0.3087173896643267,0.09446355573492672
0.4951186364637598,0.17052180589665358,0.16248471545255047,0.17187484218703622
0.43014326563770316,0.16964451683126028,0.0886048023382805,0.3116074151927561
0.2558930131268171,0.27320128476987404,0.359428294775718,0.11147740732759091
0.3881660158417928,0.18849887945478294,0.330951964463455,0.09238314023996937
0.3918664111495728,0.18296883896110944,0.3534332653707334,0.07173148451858434
0.44459205210264785,0.17357303387097764,0.2846273826085959,0.09720753141777864
0.3980780820438832,0.1813789090258089,0.3265058922522787,0.09403711667802908
0.38863705581894553,0.086615874661785,0.029168734202225745,0.49557833531704365
0.20578758645666922,0.32981092947611135,0.19630706684180982,0.2680944172254096
0.25746935153684497,0.243732067425183,0.3876453152005658,0.1111532658374064
0.34928203592705787,0.18080302620167707,0.39222097610830975,0.07769396176295537
0.48015972734937196,0.14791225954461512,0.13573393947368456,0.23619407363232847
0.3256908599378253,0.24257586747637086,0.30204630905294205,0.1296869635328618
0.42884181022990653,0.12086960135065582,0.046381863669857325,0.40390672474958045
0.13936115378372704,0.2611346479522598,0.5423026511643753,0.05720154709963784
0.4253397241608718,0.15833677263417442,0.3139318872724266,0.10239161593252713
0.3792675683538226,0.1843196581179129,0.36318205721229907,0.07323071631596532
0.45175373137944397,0.1356329997720242,0.11826963886863173,0.2943436299799001
0.22383172169960158,0.24686427668122077,0.45219280345662666,0.07711119816255096
0.4339892709501614,0.10147897341036513,0.049771968414606856,0.41475978722486667
0.24111801910860745,0.3139732612436142,0.24917662078070815,0.19573209886707038
0.3593522543757514,0.22125410448752816,0.26837188143747365,0.15102175969924672
0.34130977731578355,0.2032198103620244,0.36658146707018757,0.08888894525200444
0.46384642070744525,0.15878651465258767,0.1558152378536263,0.22155182678634072
0.34962164836227755,0.23960425568201055,0.28245199685324557,0.12832209910246634
0.4498860886541856,0.1660912402359402,0.12435255854953135,0.2596701125603429
0.24865108287795257,0.2417775433343134,0.43557923631810647,0.07399213746962748
0.4150898766157695,0.17058916823587245,0.3211207916477529,0.0932001635006051
0.3969613467010304,0.18229044398793934,0.3395057369430594,0.08124247236797076
0.4816540728801024,0.16370857720089038,0.17539191948149813,0.17924543043750915
0.3127634800905285,0.21571159592376224,0.4000599759453255,0.07146494804038372
0.40338445772834985,0.09296801323402207,0.04751358014701681,0.4561339488906114
0.23340365792151235,0.30699647654021767,0.17012826285649707,0.28947160268177297
0.30171175997078925,0.25502182344744556,0.24837421163377815,0.19489220494798706
0.31668697716035943,0.2172380575522186,0.34996701514230955,0.11610795014511235
0.4542107758778774,0.167618237560102,0.14855654708123583,0.2296144394807847
0.3617156223582017,0.23833545770587142,0.23740567024834214,0.16254324968758474
0.3761013353930393,0.15034951353017711,0.09071977040891817,0.38282938066786537
0.16097097962828866,0.2632756157397737,0.5025297285028981,0.07322367612903959
0.3743512375422582,0.16284272494938945,0.38313967668958365,0.07966636081876874
0.40589302744717115,0.17114122901604784,0.3223461621489661,0.10061958138781474
0.3999886713076066,0.18344713114074976,0.3227254380517827,0.09383875949986084
0.3486779736058128,0.17590044508073138,0.4144815120676906,0.060940069245765144
0.24147783817981822,0.052590310784673966,0.029495168736540563,0.6764366822989671
0.09266543752957863,0.3638937236929712,0.35134907958246964,0.1920917591949806
0.3534176469510695,0.20818308675614705,0.2671447544979972,0.1712545117947864
0.40693300247980335,0.200287407438216,0.19155990443300755,0.20121968564897316
0.42230340680868095,0.1971662021511233,0.11224697436706729,0.26828341667312844
0.25143908115153274,0.24837464722133512,0.4175343115033499,0.08265196012378224
0.4171235016582939,0.10663626678003842,0.05660053161682135,0.41963969994484634
0.12736454717989237,0.25687413706017315,0.5609812949353101,0.05478002082462436
0.41264076139236017,0.1537972448317748,0.3284662387692987,0.10509575500656647
0.40281734999743135,0.18310842579237505,0.3101023882510503,0.1039718359591433
0.43321351472643166,0.18386059093598303,0.2459147060509284,0.13701118828665682
0.3024924169284532,0.1915038834829458,0.4550446703352867,0.05095902925331432
0.30808030502761147,0.0759165366670041,0.06519071491110043,0.5508124433942841
0.15822133439139877,0.32995951457043404,0.2414464503658773,0.27037270067228986
0.32363912740162715,0.23025091744597428,0.1953403906992228,0.2507695644531758
0.3555750264112166,0.2317491982773254,0.1847802918865991,0.22789548342485888
0.40504657968971686,0.207778115514261,0.11234387260910639,0.2748314321869157
0.23571479949276888,0.2465446030747296,0.4437457781112508,0.07399481932125082
0.45017624489324154,0.13651499597321606,0.1412766142946963,0.27203214483884625
0.23630478693258242,0.24070311085427848,0.4423240469996554,0.08066805521348379
0.3637692572747199,0.16717064416794175,0.38553093761005186,0.08352916094728642
0.38647327637205436,0.17345510158132132,0.36367544163424986,0.0763961804123745
0.5104311807738899,0.1514706109529946,0.13487195100961222,0.20322625726350316
0.28281519686174766,0.2226674460566312,0.4295172757291635,0.06500008135245759
