0.2903470324512661,0.22266369692205848,0.2409775432440364,0.24601172738263896
0.28802431590452093,0.22366152340214607,0.2420685770642993,0.24624558362903365
0.2879693441065932,0.22304058558065584,0.24278930184432174,0.24620076846842923
0.28916117011488124,0.22239096105242792,0.24209653162606853,0.24635133720662228
0.29038464290057847,0.2221719366075291,0.24043993592632748,0.24700348456556492
0.28720910401877714,0.22419222987390044,0.24219792694093578,0.24640073916638666
0.28667230270062105,0.22340191489709488,0.24383348306121416,0.24609229934107
0.2895804026485095,0.22191851327439246,0.24267798920382525,0.24582309487327278
0.2880009442217878,0.2234528840411317,0.24318197390312626,0.2453641978339543
0.2909891494007923,0.22134937085311004,0.2406747157345574,0.2469867640115403
0.2892828599357805,0.2233327288928873,0.24058452657662402,0.24679988459470806
0.28448459655348307,0.22523504491175275,0.2445204040377027,0.2457599544970616
0.28893237076762024,0.22154236387231488,0.24396512231722528,0.24556014304283963
0.2889128467016181,0.22284698647663492,0.24344008130761344,0.24480008551413351
0.2886347112913855,0.22287402025745437,0.24338408415927185,0.2451071842918882
0.289857880925177,0.2220958201543582,0.24193875285874147,0.24610754606172325
0.29020747882422376,0.2225151113173984,0.24069606926785395,0.24658134059052397
0.286126952791742,0.22461772916055525,0.2433133796866401,0.2459419383610626
0.2891921295626188,0.2218384878258371,0.24254008010044262,0.24642930251110137
0.29058145257758633,0.22207619467369202,0.24057604783714032,0.24676630491158133
0.28960893780554287,0.2229629368314763,0.24003518670192123,0.24739293866105974
0.2887927152480223,0.22295387972961642,0.24038299273230684,0.24787041229005446
0.2879525791580602,0.22331754403438178,0.24112838085754834,0.24760149595000974
0.2843181841522127,0.22498999127973568,0.24471986426934975,0.245971960298702
0.28975086419394724,0.22114855704998596,0.24327564361135942,0.24582493514470746
0.2878862998075382,0.2236072187907949,0.2438283037239889,0.24467817767767794
0.28895501650843086,0.22236543812644985,0.2432803055290694,0.24539923983604983
0.29092200702856486,0.22174702729724774,0.2408748086818596,0.24645615699232779
0.2887074463226361,0.22356935127736147,0.24137240017605932,0.24635080222394318
0.28524381187800696,0.2245893040243473,0.24452542209932984,0.2456414619983159
0.29032842080586896,0.22105784897345204,0.24249668510654349,0.24611704511413549
0.28948676690804265,0.22301928477907249,0.2417374619940515,0.24575648631883337
0.28596963381549523,0.22450132292132718,0.24475589908932904,0.24477314417384854
0.2876697093704733,0.22217070444362902,0.24489090055508778,0.2452686856308098
0.2917695617989481,0.22122866161249885,0.2418358467942388,0.24516592979431417
0.28468706982707775,0.22567628916421734,0.24560204446501932,0.24403459654368564
0.2892343050347427,0.22131357946846045,0.2449564043120767,0.2444957111847201
0.28822396877588186,0.22318258428820997,0.2451780874081884,0.24341535952771975
0.2886439752511308,0.22252458630875502,0.24492774436797798,0.24390369407213616
0.28972092090899826,0.22217611640286167,0.24351286267338956,0.24459010001475054
0.2892747288271303,0.22283255426640872,0.24302874878865838,0.24486396811780248
0.28767941745349396,0.2234039191393859,0.24391427013310552,0.24500239327401466
0.2885068523287404,0.22264476398971292,0.2441060195155773,0.2447423641659693
0.287869547753651,0.2230642236644507,0.24451451523149106,0.24455171335040732
0.29083565338598155,0.22150241340438467,0.24204843283676658,0.24561350037286717
0.2918909387126735,0.22175124009324437,0.23913218034356923,0.2472256408505128
0.28740211826355166,0.22444017930495086,0.24127627428621054,0.24688142814528702
0.28240567857006,0.22586737312223176,0.2466757610388895,0.24505118726881883
0.28921868826912256,0.22081205940031545,0.24615665904768702,0.243812593282875
0.28885622400314953,0.22278011375420978,0.24544035635589473,0.2429233058867458
0.28972111157737546,0.22217730769219646,0.24409467477301997,0.24400690595740826
0.29071803700367976,0.2219310555919999,0.2417287815664977,0.24562212583782264
0.2901910912630346,0.2227458936748769,0.24071948971439025,0.24634352534769832
0.2855449885723933,0.22491212353618448,0.24395852372005886,0.2455843641713634
0.28861661422647894,0.22195415400699237,0.24375882719398137,0.2456704045725473
0.2901853548648161,0.22208660403501143,0.24193490946979548,0.24579313163037697
0.28874355599091195,0.22330507488774146,0.24215641872444826,0.24579495039689828
0.28746050696361886,0.223301087277764,0.24312803626628451,0.24611036949233256
0.2895443758077265,0.22217949136482815,0.24236022270519564,0.24591591012224975
0.2844833267360836,0.22530282950044253,0.24628295231723912,0.24393089144623467
0.2878504687025723,0.22185529351940633,0.24688782455536543,0.24340641322265588
0.28987265570859294,0.22186755377347545,0.24507075623463578,0.24318903428329586
0.29077949871979075,0.22199462454969815,0.24258392481518717,0.2446419519153239
0.29119860245642365,0.22208890258922154,0.24022613111939886,0.24648636383495612
0.28796364004641906,0.22401119607990763,0.24168969887749128,0.246335464996182
0.28481072697883486,0.22462449472220378,0.24521123976213482,0.24535353853682643
0.28930590305908366,0.22145278012518316,0.24429690371187743,0.2449444131038557
0.2896750855287641,0.22247816192884104,0.24288785027512147,0.24495890226727343
0.2887547763636411,0.2231004918870305,0.2430687306030192,0.24507600114630917
0.2884287080570271,0.22265929252215896,0.24292388397877812,0.24598811544203575
0.2896910520937905,0.22236133203823616,0.24231339090775272,0.24563422496022075
0.28305904886426825,0.2259993931712253,0.24721493848483939,0.24372661947966717
0.2910806136521417,0.21992416595284217,0.24433604154271868,0.24465917885229754
0.29222089286930736,0.2218816684270155,0.2406116958526833,0.2452857428509939
0.2893227459498097,0.22348218710717452,0.24062891597704583,0.24656615096597004
0.28997727049652877,0.22220911358407985,0.23991335734158722,0.24790025857780407
0.2878401058825458,0.22372471580733894,0.24110578291282675,0.24732939539728852
0.283776791598573,0.2251548014027575,0.24515296903719858,0.24591543796147092
0.29218482085544933,0.21981488165256322,0.24113616105541189,0.24686413643657562
0.2893531695747704,0.22366886731319,0.24080618898283104,0.24617177412920846
0.2868616775632978,0.2239561507792149,0.24280973502510525,0.24637243663238198
0.2891359294130849,0.22192714575895447,0.24205206808142465,0.24688485674653604
0.2891619375910064,0.22286830852139672,0.24181373284837834,0.24615602103921846
0.28382363779088693,0.22541623424470264,0.24590226018984213,0.2448578677745684
0.29087976704375734,0.2204113341592096,0.24341487468178474,0.24529402411524834
0.28913430391071,0.22326233181109942,0.24280304995963367,0.24480031431855684
0.28841286283288914,0.22306031368696166,0.24325160488466385,0.2452752185954854
0.28868873588357163,0.2225489598538308,0.2428795349498256,0.24588276931277198
0.29018824951001476,0.2222097529223453,0.24157466468258348,0.2460273328850565
0.2858937264749768,0.22459188659292995,0.24408185118353432,0.24543253574855886
0.2911554445912176,0.22085163004127878,0.24136756312107308,0.24662536224643059
0.28799748998252955,0.22402473540285658,0.2422683678063772,0.24570940680823675
0.2881630737998785,0.2228260341121111,0.242666220717161,0.24634467137084948
0.29229479173039247,0.2207762792373503,0.23912900964298928,0.24779991938926796
0.28746471516060723,0.22452940068545071,0.24107021809426302,0.24693566605967898
0.28244048082880124,0.22568739974478488,0.24618129083796753,0.24569082858844637
0.2916484725244923,0.219796405124589,0.24297824320160433,0.24557687914931448
0.2875547382142604,0.22430508230644808,0.24397768674262857,0.24416249273666304
0.28904242120642476,0.22218299226312352,0.2434296203053982,0.24534496622505353
0.2898186081731273,0.22235973364904457,0.24212848903931614,0.24569316913851197
0.2888341189221246,0.22314082762173082,0.24221170499850192,0.24581334845764258
0.2855204569116246,0.2245480837232043,0.24543169067634232,0.24449976868882883
0.28847657441742464,0.22176012313464283,0.24489408123441464,0.24486922121351784
0.2935191565479014,0.2205471537902672,0.23967489458063737,0.24625879508119397
0.2889140817448185,0.22414987407257547,0.24030126586005238,0.2466347783225536
0.2885854273368928,0.22286488167441396,0.2408081594780002,0.24774153151069309
0.28584269748807234,0.224464969604547,0.24390856690389076,0.2457837660034899
0.2840154036178285,0.2242252443156073,0.2473859331677436,0.24437341889882058
0.29099511372889353,0.22047873546166497,0.2450279900733469,0.24349816073609445
0.28749657897999586,0.22383572981405517,0.24565153238320914,0.24301615882273989
0.2910598461226868,0.22116613361676768,0.24287137464147934,0.24490264561906622
0.2890236412823745,0.2233741400266269,0.24276486972295666,0.2448373489680418
0.28661243941102604,0.22392588004087538,0.24502906296512544,0.24443261758297308
0.28798646098124686,0.2223862494129021,0.2451835060184326,0.24444378358741842
0.29196668119682817,0.22104424884845061,0.24146133296450448,0.24552773699021663
0.28861305417544314,0.22387521538521393,0.24202865318801903,0.24548307725132382
0.2865422106758487,0.22383259135732023,0.24413983203514017,0.24548536593169087
0.2902830677835009,0.221366724884239,0.2421497474644376,0.24620045986782244
0.28803242451366573,0.22377127485461884,0.24331016232855937,0.24488613830315611
0.2840414836787357,0.2248631247442522,0.24732982538359688,0.24376556619341527
0.28938253051948604,0.22106969263066173,0.24656556447140693,0.24298221237844528
0.2893426441912281,0.22246189171849,0.24516882668188217,0.24302663740839978
0.2909019097760382,0.22181001586384927,0.24269147710436215,0.24459659725575045
0.2886049375784732,0.22345074704149245,0.24295365304603161,0.2449906623340027
0.2879999983029157,0.2231120572544512,0.24371832009088354,0.2451696243517495
0.28805305803467984,0.22291553371078507,0.2441416671027532,0.24488974115178197
0.2896369283380131,0.22213147493093954,0.24288776435814666,0.24534383237290072
0.28852019547766705,0.22324228591403847,0.24320733431389704,0.24503018429439752
0.2876236425209357,0.22316942219710448,0.24393951180101042,0.24526742348094938
0.2930630578329133,0.22030798978091742,0.23930744191592704,0.24732151047024223
0.28569638028745536,0.22570626982600722,0.2436103478581974,0.24498700202834
0.2809145327736722,0.22586421362677306,0.2499191240284617,0.24330212957109312
0.29351730222731354,0.21830043295397383,0.24455034542381007,0.2436319193949026
0.2910663503009758,0.2231974548499468,0.24270447445211218,0.24303172039696513
0.28541645568578616,0.22480439433931765,0.24597754272462805,0.24380160725026814
0.29209276189316946,0.22002725692748426,0.24192802939393995,0.24595195178540635
0.2904540526163305,0.22313277842194237,0.24083349737265153,0.24557967158907562
0.2849545464389149,0.22511864831738776,0.24447574816694498,0.24545105707675233
0.29180504836429183,0.22021763369049294,0.24102205484696665,0.24695526309824853
0.2933769028096223,0.22139640043966632,0.23714471903533346,0.24808197771537785
0.2936868716375491,0.22139182004162805,0.23469694837126545,0.25022435994955744
0.29135267511448254,0.22247017398624924,0.23584026827935511,0.25033688261991305
0.28407929811596744,0.2253855909984529,0.23962117300826816,0.2509139378773115
0.28140888027778527,0.22574667532156098,0.24384298854668898,0.24900145585396483
0.28981003967200636,0.22009450404963316,0.2413996487266081,0.24869580755175233
0.2924372324998777,0.2213656163370573,0.23729892303009084,0.24889822813297421
0.2858072811051328,0.22545678074587988,0.24057924157095406,0.24815669657803313
0.289208330287333,0.22155662857383332,0.2400699358828285,0.24916510525600502
0.2875507608609379,0.22367270599099967,0.2407106806190282,0.24806585252903426
0.2848531627655235,0.2244073503414108,0.24372832033247444,0.24701116656059136
0.292734966407804,0.21983633255631385,0.23905653416380448,0.2483721668720777
0.2871064194124521,0.2250079113777367,0.24103673519649088,0.24684893401332034
0.2891282368197709,0.22199308923349653,0.2406205128016714,0.24825816114506113
0.29137904637649475,0.2216730710571869,0.23824131949502828,0.24870656307129005
0.2853985413231805,0.2254545701525073,0.24164352114995274,0.24750336737435935
0.2847935616693755,0.22390114504384978,0.24461901173350933,0.2466862815532654
0.2904455941767764,0.22104355853348387,0.24239087382441832,0.24611997346532147
0.2868274918755242,0.2243803325954204,0.24411823170943628,0.24467394381961913
0.28911517589097313,0.22186494925293088,0.24317772049988218,0.2458421543562138
0.2916021645450936,0.22164494315071215,0.2402480719709176,0.24650482033327653
0.2857432297480478,0.22530908306841602,0.24370469105068776,0.24524299613284845
0.2872705918675518,0.2223717632371869,0.2444618367842941,0.24589580811096715
0.2930597379574907,0.220511339995236,0.23981502965428952,0.24661389239298387
0.2875976551458844,0.2246593412425605,0.24143444101327433,0.24630856259828077
0.2885156074193062,0.22260798034611196,0.24172405957115176,0.24715235266343005
0.28804735146695526,0.22312232511961658,0.24219442222829335,0.24663590118513473
0.28761183687350117,0.2233099633267049,0.243432520350243,0.24564567944955082
0.2834876021692522,0.22520594947885442,0.24793315292673623,0.24337329542515726
0.2898493388459012,0.22054480203134372,0.2462307480963072,0.24337511102644774
0.2924570585649413,0.2213289727694349,0.2418397070979842,0.24437426156763964
0.2904366445533863,0.2229643831348903,0.24051567887718503,0.24608329343453836
0.28895225444678574,0.2231819473866921,0.2408235199725419,0.2470422781939803
0.28760291543898436,0.22356123982437826,0.242114016033639,0.24672182870299825
0.28700433998273417,0.223452139632033,0.24355005256195347,0.2459934678232794
0.2882067287365986,0.22264672137346556,0.24372398173881193,0.24542256815112393
0.28934471536481593,0.22231562634459406,0.24266954103895763,0.24567011725163243
0.2914565384886876,0.22164687917145798,0.23990239089914556,0.24699419144070892
0.29080380443214127,0.22254207103102644,0.2385997942958413,0.24805433024099094
0.2849418801456972,0.22547444317965268,0.24282247927140244,0.2467611974032476
0.28184954091901454,0.22553654173698906,0.24855902623205414,0.24405489111194223
0.29126438218549155,0.2194123864867616,0.24521904659222113,0.24410418473552573
0.2947297762956221,0.22090375686063607,0.23891311619882435,0.24545335064491747
0.28806704196604876,0.22479373944592226,0.24067410522091398,0.246465113367115
0.2891278256806706,0.22238784169442277,0.2406649504596498,0.24781938216525684
0.2864527596218894,0.22433713670872005,0.2430434503415768,0.24616665332781373
0.2870103331650959,0.22285029560579087,0.24403656047327424,0.24610281075583906
0.29246853632631337,0.2206598269758587,0.23994139572409406,0.24693024097373378
0.28875982060321337,0.22386089313824475,0.2404408241544486,0.24693846210409334
0.2890901693190909,0.2226477572715929,0.2402821680213098,0.2479799053880063
0.28761004301608495,0.2234692320486237,0.2414898299787649,0.2474308949565264
0.2876165009497453,0.22314064360018826,0.24245250426569354,0.24679035118437292
0.2833465976074027,0.2253442402199399,0.24665173664908674,0.2446574255235707
0.29211932907032256,0.2196317670317029,0.2425937393870785,0.2456551645108962
0.2916816850019266,0.22247293660826367,0.2398017815990192,0.2460435967907905
0.2881063558358302,0.22396249582506508,0.24105436407814887,0.24687678426095586
0.28780058714114015,0.22311882733801738,0.24202071663189262,0.24705986888894985
0.28906784896444204,0.22250172357286513,0.24153939464067006,0.24689103282202288
0.28848111157714096,0.22307167052788687,0.24165612608741718,0.24679109180755496
0.28979284950289685,0.2222566691003082,0.24054901304562096,0.247401468351174
0.2887201477882514,0.22318920732296924,0.24070684925250652,0.2473837956362729
0.2882595129052766,0.2231246382396273,0.24115542754019284,0.24746042131490323
0.28927704097108226,0.22234024448433917,0.24062251212773697,0.24776020241684163
0.28765342910433933,0.22362214282386259,0.24169053490699494,0.2470338931648031
0.282960306831929,0.22567027822523375,0.2464429903797029,0.2449264245631343
0.29069286666716654,0.22014487360697327,0.243853241589407,0.2453090181364533
0.29201842942098605,0.22192681912888487,0.240425153879051,0.2456295975710781
0.28797684785132727,0.22412254253383024,0.24168233559156224,0.24621827402328023
0.28880359163615166,0.22248741427002283,0.2416337469668231,0.24707524712700243
0.28920575898388406,0.22275446618700084,0.24122526772366829,0.24681450710544675
0.28750236093191844,0.22353092305395517,0.24229136434153012,0.24667535167259633
0.2916306263100779,0.2210529924590526,0.23929672082022183,0.24801966041064763
0.2886256895770167,0.22382281812156576,0.23991780658639236,0.2476336857150253
0.2883564737384008,0.22292205477170776,0.24048187965902226,0.24823959183086905
0.29138562007603835,0.22131322299191528,0.2382569980143745,0.24904415891767182
0.2854978832153782,0.22530288902701834,0.24140323279218395,0.24779599496541935
0.2819403355559069,0.2257228980684845,0.24664194914610768,0.24569481722950098
0.2913279801037158,0.21962581142331167,0.24337299326972386,0.24567321520324867
0.29086831021733167,0.222738549620017,0.24140727221478556,0.24498586794786578
0.2859552515055997,0.2246996691820067,0.24414624524557604,0.24519883406681753
0.2912976265558554,0.22066550203530408,0.24121916207852964,0.24681770933031097
0.2892113032922144,0.2235144025538421,0.24120260816600783,0.2460716859879357
0.2869999857858995,0.22354909319809477,0.24278001498234023,0.2466709060336655
0.2935418313590896,0.22004722283520384,0.23782317708289463,0.24858776872281185
0.2874421986432391,0.22501511306040772,0.24002916327511822,0.247513525021235
0.28742009086345716,0.2230943018690553,0.24124843811987215,0.2482371691476154
0.2901806263736765,0.22162560624820002,0.23992805987876134,0.24826570749936214
0.2883297664286526,0.22344457970166737,0.24017242892127677,0.24805322494840334
0.28248663304345695,0.22623544270300183,0.24531502976594255,0.24596289448759867
0.2897597133030864,0.22057133259217584,0.24378795890829655,0.24588099519644102
0.2887791022137127,0.22326729153863345,0.24366505645471712,0.24428854979293682
0.28621517003583935,0.2239590725271901,0.245972353458288,0.24385340397868255
0.2908326881482806,0.22075206534179462,0.24295997767705146,0.24545526883287325
0.29403554371513785,0.22100717082892601,0.23776791735436148,0.24718936810157455
0.2880601846266258,0.2246640195833943,0.23975291347671637,0.24752288231326347
0.28958219053614315,0.22212441560255672,0.23935057636486393,0.2489428174964362
0.2873949899644654,0.22392027482199295,0.24073710123300487,0.2479476339805368
0.2868435364578528,0.2234694586532203,0.24216031803270668,0.2475266868562201
0.2902878496516171,0.22149574096472444,0.24029521338521673,0.24792119599844184
0.28711988197647836,0.2242420929056801,0.2419525175715288,0.24668550754631288
0.28325550784006637,0.22529210070464795,0.24647288386350594,0.24497950759177986
0.28963751055996334,0.22079964593311807,0.2451471493800732,0.24441569412684544
0.29204328294526066,0.22139098985026776,0.2411640493611616,0.2454016778433099
0.29091549954847,0.22272768595746154,0.2395393135562179,0.24681750093785054
0.28627136611050075,0.22473595276344474,0.242400012788014,0.2465926683380405
0.287676094946225,0.22273882624685018,0.24332563966312734,0.24625943914379755
0.29001606011706904,0.22165656536523887,0.24159619537864577,0.24673117913904638
