0.3036420270435615,0.23019838773691031,0.2214723931111867,0.24468719210834156
0.30340973352407774,0.23054577310122548,0.22363244688387932,0.24241204649081755
0.304037245331251,0.23006878721899607,0.22228269566821338,0.2436112717815395
0.30179938964270026,0.23117140352173743,0.22074328442719593,0.24628592240836641
0.3001132744625004,0.23177887909167277,0.22280830859147427,0.24529953785435263
0.3027115471803287,0.23009652700571095,0.2248964390792949,0.24229548673466547
0.30481322356072177,0.2316400830767881,0.22356552668433513,0.23998116667815503
0.3067930206882735,0.22920709220001115,0.22210803460346684,0.24189185250824846
0.3048466874131552,0.22925897781564544,0.2207483853352134,0.24514594943598586
0.29994416815127467,0.23279160712258282,0.22129064503789814,0.24597357968824443
0.30205155036383474,0.22948708276925894,0.2251197799603986,0.24334158690650767
0.30555459668532825,0.23153923054735567,0.22606818968164308,0.23683798308567303
0.30946344827489064,0.22911077258365195,0.22170858937496504,0.2397171897664924
0.3090968798178285,0.22893256777714038,0.22286709138110594,0.23910346102392524
0.3081305122674545,0.2279460555102878,0.22110685618352918,0.24281657603872844
0.30329959177846044,0.23135935873593105,0.22133550083480052,0.24400554865080804
0.30299515641020563,0.22934856649611504,0.2232382624673751,0.2444180146263044
0.30353456911360843,0.23104485128089533,0.22417332528747122,0.24124725431802505
0.3032847538058139,0.2302534880143108,0.21998274119053796,0.24647901698933739
0.2987080537793746,0.23202271314412326,0.2206204531766615,0.24864877989984063
0.2955997002169898,0.2310887087306711,0.22067052993037684,0.2526410611219623
0.2933022872338699,0.23600985255623938,0.22327318384058223,0.2474146763693085
0.2993989318316925,0.2304164284992002,0.2256097992624095,0.2445748404066977
0.30379688702917296,0.2330157715454152,0.2256364489700382,0.23755089245537367
0.308615154826636,0.22913614071253727,0.2217721424421935,0.2404765620186332
0.3087847001767695,0.22892547610995675,0.22316482336302698,0.2391250003502469
0.3070500546838038,0.2286506702129987,0.220113304206687,0.2441859708965105
0.3020981889351031,0.23169423809401848,0.22201329044111112,0.2441942825297673
0.3040064612438967,0.22891436071587018,0.22489530630702448,0.2421838717332087
0.3055869262614856,0.23107054133838206,0.22402434643907748,0.23931818596105478
0.3060144030338645,0.22991482475535688,0.22056094979860014,0.24350982241217836
0.30586729661198847,0.23046208900002682,0.2252600959766318,0.23841051841135288
0.31029062500384824,0.2268443208460869,0.22424306497671267,0.23862198917335217
0.30836512315520886,0.2320108422883791,0.22234872504969638,0.23727530950671571
0.3107802483315864,0.22635641175148324,0.22291470299950064,0.2399486369174298
0.3113734249240225,0.22963177215562922,0.22627763841422024,0.232717164506128
0.3148146573747513,0.22729674003056052,0.2222030817969334,0.23568552079775482
0.31474752806232503,0.22711956714048,0.2234167737464417,0.2347161310507533
0.3140704637886316,0.22685392497079748,0.2217399327960979,0.237335678444473
0.31098727062969456,0.22828527230510862,0.2221993319612807,0.23852812510391616
0.31007770499234893,0.22754643022953328,0.22298651689665117,0.23938934788146676
0.30955074959870016,0.22949577280522626,0.2242689539643199,0.23668452363175357
0.31159489877920427,0.22743686603300425,0.22297104505214102,0.23799719013565038
0.31007830122750235,0.22874517029615374,0.2217229753347521,0.2394535531415918
0.3051754813398947,0.22817945309560775,0.21791567969649778,0.24872938586799978
0.2973739749520874,0.23391512932003639,0.22292771884396168,0.24578317688391452
0.3034656717228186,0.22888941637986077,0.22818153375342995,0.23946337814389057
0.31027589709097425,0.2315886827779856,0.22822910675740996,0.22990631337363013
0.3173190178336468,0.2268080930614095,0.2209338219512066,0.2349390671537371
0.3158296206847034,0.2267567755707405,0.22223192292709085,0.23518168081746527
0.31285476702556714,0.22604298242443616,0.2197955490724997,0.241306701477497
0.3052998683891936,0.23027793418677606,0.22128553878086166,0.24313665864316863
0.30451889944067945,0.22877121386290963,0.22394942254660674,0.24276046414980426
0.3061213234160193,0.23050001544377033,0.2253495931718941,0.2380290679683163
0.30774212024196634,0.22911026046144903,0.22079294385866155,0.24235467543792308
0.3049553682098764,0.23070497847857493,0.22231638416456187,0.2420232691469868
0.30539585232111294,0.22804022878616595,0.22265799752394355,0.24390592136877756
0.30374143902461004,0.23269861667281264,0.22387951554791077,0.2396804287546666
0.3085158020043247,0.2285776532682708,0.2251943053947225,0.23771223933268193
0.3133729868571787,0.22898021824671594,0.22716526637050793,0.2304815285255975
0.3178495282864809,0.22676219548644316,0.22164278078104926,0.2337454954460267
0.31550349621353047,0.2262488254376471,0.2202968237078279,0.23795085464099455
0.30906210699893466,0.2271940806827745,0.21928266029724663,0.24446115202104418
0.3021561537395044,0.2312226146369353,0.22267600346586708,0.24394522815769312
0.3047367348722029,0.2289434677545813,0.2259899334057974,0.2403298639674183
0.3083460381953696,0.23080029995601758,0.22553685177342678,0.23531681007518587
0.31119187916114954,0.22790365583591987,0.22057955506676621,0.2403249099361644
0.3083738061577781,0.22971629117601483,0.22296649870749635,0.23894340395871067
0.3085492123282789,0.2265117184216066,0.2214735842908488,0.24346548495926565
0.30415660368180253,0.23324174377848103,0.22387934790006456,0.23872230463965202
0.3098697780229962,0.22691019474431776,0.22562672847792684,0.23759329875475924
0.3128000723337538,0.2293837676256438,0.2256571599586402,0.23215900008196233
0.31304579002580313,0.22736610459290252,0.2175781352556672,0.24200997012562717
0.30525735072005783,0.228585375590743,0.22043118018427238,0.24572609350492677
0.29928994607616183,0.22964271989420862,0.2203324340117132,0.25073490001791643
0.2947024613777002,0.23547673495035984,0.22301923202611607,0.24680157164582378
0.3004163919027442,0.22926920054705768,0.22600386574459802,0.24431054180560005
0.30263935052763014,0.23332113307158725,0.22382423629242346,0.2402152801083591
0.30333312603235785,0.23032591623522564,0.21895734585008259,0.24738361188233393
0.3013672307576233,0.23105330793759832,0.2240330944137705,0.243546366891008
0.30253793608853474,0.2294751605051328,0.2224789418797162,0.24550796152661622
0.3007159983214164,0.23426334001154994,0.22302302203095314,0.24199763963608045
0.3061291637058747,0.22768533069264674,0.2251157621252526,0.24106974347622595
0.3083554519507038,0.23149921994833336,0.22544615903057583,0.23469916907038707
0.3110126945708292,0.22768341560736896,0.21981900831003712,0.24148488151176475
0.3080647620626113,0.229455440904092,0.2235334195498291,0.2389463774834676
0.3083682849758546,0.2272900157652659,0.22181890724522949,0.24252279201364987
0.30451973595222487,0.23208698211083909,0.2226462187421258,0.24074706319481023
0.3062844265532343,0.2274873683166179,0.22273668091297244,0.24349152421717546
0.30451608870693764,0.23165681998360865,0.2232602405335258,0.24056685077592788
0.30462806664277103,0.2297617560894917,0.2210961219225535,0.24451405534518375
0.3038463642548686,0.22993855870543572,0.22352751565561962,0.24268756138407604
0.3012024701364379,0.23017751745953985,0.21903578734879547,0.24958422505522682
0.2954406198782077,0.23540044609958855,0.22233152925827232,0.24682740476393145
0.3017274267021154,0.22806238555518127,0.22730512465492383,0.24290506308777962
0.3055372483965533,0.23385509115310765,0.2261762292156953,0.23443143123464374
0.31097285702767063,0.22779172651896232,0.2202549661530426,0.24098045030032458
0.3096219108137571,0.22874354804009164,0.22374051423590718,0.2378940269102442
0.30884828632166333,0.2283231963766138,0.22108860426952207,0.2417399130322008
0.30565812667988984,0.2301599683482654,0.2224212857996729,0.24176061917217195
0.3072573776784036,0.22950216124325806,0.22557569097795435,0.23766477010038395
0.3114326420142803,0.22768691456755244,0.2245711875376353,0.23630925588053203
0.3094309686106056,0.2296001873074309,0.21906083777549898,0.24190800630646467
0.3031124086847028,0.22905463626017075,0.21939912000413883,0.24843383505098757
0.2980582451755155,0.23086649837380752,0.22216089468213857,0.24891436176853837
0.29871394023109715,0.23439864444197286,0.2258995173053251,0.2409878980216048
0.30790488632835117,0.22796950051940185,0.22770273149378387,0.2364228816584632
0.3126356235355187,0.23142580490819567,0.2255201548776746,0.23041841667861113
0.31766095170881903,0.22528110524677256,0.22056111562478833,0.23649682741962003
0.31440107411026297,0.22733385663860678,0.22232221987280065,0.2359428493783296
0.3112749937829284,0.2275608843781323,0.2211221690685048,0.24004195277043455
0.30982551410343007,0.2284909690757055,0.2249327678547882,0.2367507489660762
0.3124941585624796,0.2273932122600711,0.22435865054772405,0.23575397862972516
0.3114661297854493,0.2285414964522603,0.22058531461796335,0.23940705914432697
0.3072980417289165,0.22893035425409453,0.22112292397026642,0.24264868004672244
0.30654828637260895,0.22868493490932845,0.2245381745727414,0.24022860414532124
0.30691203180050286,0.22936186198532493,0.22254784931336583,0.24117825690080658
0.3056938650438225,0.23161971259753678,0.22326439113072713,0.2394220312279137
0.3108166421040202,0.22725530714726974,0.22652175906159838,0.23540629168711175
0.3150091730194215,0.22940252629833377,0.22653189515246822,0.22905640552977635
0.31936632887389405,0.2254143784106064,0.22048269500863438,0.23473659770686522
0.3153099809550409,0.22674263897193542,0.22120397746126472,0.236743402611759
0.3113668281567358,0.22698709693700025,0.22151794160151397,0.24012813330475016
0.30891772350163915,0.22864272778809366,0.22386055058650872,0.2385789981237583
0.3096799158962851,0.22850407934780517,0.22366182755549802,0.2381541772004117
0.3097068601200376,0.22861376161482524,0.22229425587061397,0.23938512239452317
0.3083460896255065,0.2294792463566494,0.22271525841693712,0.2394594056009069
0.30906898462227206,0.2276979778347295,0.22317817532306247,0.24005486221993588
0.3056480399977082,0.2294787785073305,0.21949604821941374,0.24537713327554755
0.30099883610463435,0.23361777229990957,0.22429773350543386,0.2410856580900222
0.3106356056268788,0.22668082618838423,0.2308329455620915,0.23185062262264555
0.3169120327945572,0.22951930074046736,0.22545171495036595,0.22811695151460956
0.3178960764601765,0.22686585623173883,0.21802365268606408,0.23721441462202056
0.3151913698803693,0.2246974609913044,0.2237462932728726,0.23636487585545382
0.312835889056144,0.22716805780689497,0.22209773588605256,0.23789831725090846
0.3070205535206,0.2303589550308002,0.22030164904237773,0.24231884240622203
0.3064453593104963,0.22707430669550846,0.22385378708847473,0.24262654690552052
0.30486302410620303,0.23092393681119924,0.22301562576010528,0.24119741332249242
0.2997775492676689,0.23022314616621567,0.21569035035166848,0.25430895421444694
0.28407798948639174,0.23491815383724998,0.21445093918001779,0.26655291749634036
0.268153521755418,0.23948847470557727,0.21300020549361523,0.27935779804538957
0.2617113207976581,0.24626378013280084,0.21814906523113414,0.2738758338384071
0.2717771228778682,0.24079294134668666,0.22803660720332897,0.2593933285721163
0.28236542480414223,0.2389203123424926,0.22612777070190662,0.2525864921514585
0.28652091381788164,0.23904750977347214,0.2164431040790083,0.2579884723296379
0.28579714532288625,0.2349095638179335,0.22037751547662654,0.25891577538255367
0.28534337876972177,0.23575824883678867,0.22243882121349173,0.25645955117999786
0.28733637725094585,0.2388677113620588,0.22199446218518762,0.25180144920180775
0.29361127083767374,0.23105909425181775,0.22463999266448062,0.2506896422460278
0.2941979881677035,0.23685652253445783,0.22191264458847412,0.24703284470936454
0.29564501028606543,0.23218417970805613,0.2197276819074478,0.25244312809843056
0.29403749215264774,0.23272998589252183,0.22256906908310112,0.25066345287172925
0.2909322410569887,0.23507557266551776,0.21883126967584243,0.2551609166016511
0.2900935331602598,0.23572920492041996,0.22287265141950047,0.2513046104998198
0.29674655382259507,0.23150870750484528,0.2274361120622403,0.24430862661031932
0.30210940939933245,0.23399671000360506,0.22426943099508104,0.23962444960198148
0.30684034737859683,0.2297216012643893,0.22238952800847808,0.24104852334853585
0.3081813598548626,0.2284861811989971,0.22326824705267065,0.24006421189346963
0.3054621820247208,0.23066777316684914,0.22020005285840757,0.2436699919500225
0.30377173473118085,0.23038016925524094,0.2236976384010802,0.24215045761249795
0.30690012906931774,0.22783126871895845,0.22512384190126394,0.24014476031045992
0.3050958037167919,0.2323022513802894,0.22061939276019688,0.24198255214272177
0.30281999304859114,0.22860483343050703,0.21977490629344332,0.24880026722745865
0.2994731032682541,0.232487515847703,0.22401432014330097,0.24402506074074184
0.30102121717292585,0.2301337618558024,0.22211414578277386,0.2467308751884979
0.3014460576318135,0.2338166079080322,0.22510710666958758,0.23963022779056672
0.3096318237493304,0.22846409576955667,0.22733529840815087,0.23456878207296214
0.3157131966380885,0.22851753217559548,0.22592508116750135,0.22984419001881462
0.31729751546271406,0.2264581705557912,0.2182384991898627,0.23800581479163205
0.30969642868933467,0.22694545468035504,0.21933223154341153,0.24402588508689876
0.3025671711844109,0.22951526268505035,0.22147405932869565,0.2464435068018431
0.30004523904182345,0.2315219369657687,0.223393902495857,0.2450389214965508
0.3022724598186346,0.23100248004014085,0.22460330236941833,0.24212175777180617
0.3055560768200518,0.2308005154751077,0.22427871823146003,0.23936468947338038
0.3076075861156827,0.22904610321449076,0.22187399783968834,0.24147231283013829
0.30428131714205797,0.2300137603066408,0.21979148284003652,0.2459134397112646
0.2973974235000332,0.23104112695994702,0.2185165563586801,0.2530448931813396
0.2942226170265479,0.23523194126252409,0.22499806377375622,0.24554737793717177
0.30494045016817184,0.22998564622673456,0.23132863183572316,0.23374527176937043
0.31420088272823427,0.22910413725058973,0.2257226967712073,0.23097228324996874
0.3140491801474516,0.2282727231686514,0.21619981745070332,0.24147827923319373
0.30534063359961877,0.22693640883215788,0.21945107792271604,0.24827187964550732
0.29879665936631183,0.23136562946048606,0.22277120126299366,0.24706650991020843
0.2990833542425479,0.23284898311517543,0.22428813407565454,0.24377952856662205
0.30362117065332606,0.22913395998698247,0.22467663441655647,0.24256823494313517
0.30285003939564775,0.23292185934699605,0.22102632165830458,0.24320177959905162
0.3005663172763709,0.22927552330255072,0.2188482528409566,0.25130990658012187
0.2952397937103006,0.2340428152093051,0.22246513104864765,0.24825226003174658
0.29553066754318474,0.23093873511327342,0.22152995571307973,0.2520006416304621
0.2956998907513123,0.2364183947908678,0.22502828904384503,0.24285342541397484
0.3048169730261673,0.2288572193331297,0.2266520788492123,0.2396737287914908
0.3087824163694265,0.23106379752509948,0.2243300456699223,0.23582374043555174
0.3081916165122404,0.2287782903113217,0.2173687142470624,0.2456613789293756
0.30157839448625523,0.2299710083381162,0.22152330840132492,0.24692728877430356
0.29977122432727143,0.23077537750008245,0.22330226776224377,0.24615113041040232
0.29963069404510334,0.23249705333212387,0.22278097359876117,0.24509127902401165
0.30027699527203494,0.23094735004184525,0.2217531470003128,0.24702250768580708
0.29856653800862665,0.23241640794957275,0.22156900890677922,0.24744804513502142
0.2970987214919135,0.23197349906493422,0.2210406477982391,0.24988713164491308
0.29589721796820556,0.23323942661934005,0.2225469138596597,0.24831644155279467
0.29573117039505675,0.23176569191125643,0.22109352904680254,0.25140960864688433
0.2948125325223234,0.23603216183712403,0.2234599292666407,0.2456953763739119
0.3028342625113702,0.22979984048899602,0.22744478336872562,0.23992111363090826
0.3087054925238234,0.2307212730046326,0.22566765611288658,0.23490557835865736
0.30978309691644973,0.22912273215887424,0.21814346247959387,0.24295070844508226
0.30458166530158415,0.22891009987684374,0.2213364107075498,0.24517182411402236
0.30187380839288475,0.22987433186959227,0.22261957533509616,0.24563228440242688
0.2999165578028854,0.23272849217820826,0.2223081189228276,0.2450468310960787
0.30071783723667306,0.2298238610803331,0.22218050567673417,0.2472777960062597
0.2976474106029456,0.23315604991011357,0.22080227922711756,0.24839426025982336
0.2946496452791344,0.23274050118443193,0.21981258389294112,0.2527972696434927
0.2921875568754554,0.2331266182929844,0.22185229836443315,0.252833526467127
0.2886430010095376,0.2349725043613251,0.21899640137474052,0.25738809325439677
0.2876051628203038,0.2380895082002995,0.22281248159835876,0.2514928473810381
0.29794487053882446,0.2313159296342813,0.23011218260990413,0.24062701721699
0.30632961721657354,0.23201038642626823,0.22591933146580795,0.23574066489135043
0.3089103682851076,0.23046463637053846,0.21909930107106224,0.24152569427329168
0.3080296742296485,0.22725437487594952,0.22308274694951333,0.2416332039448887
0.30611604998955594,0.2296127377618507,0.2223760275304001,0.24189518471819327
0.3029383361025892,0.23171076655004202,0.22108004457741345,0.2442708527699553
0.30267760337979094,0.22772995910320182,0.22226451500398084,0.24732792251302652
0.29678237440668165,0.23457086366952337,0.2199921856429354,0.24865457628085955
0.29331416862445275,0.23206915478329246,0.21916788707018478,0.25544878952207006
0.2915343175192426,0.23448284189538665,0.22394831300764984,0.25003452757772104
0.29197984302561053,0.2329796711958183,0.22038687494825493,0.25465361083031635
0.28985311732134555,0.23801466095717028,0.22166627484230134,0.2504659468791828
0.297114233637779,0.2309442592793038,0.22685964339547082,0.24508186368744636
0.3036489259856615,0.2329474382839467,0.22715220765476296,0.23625142807562888
0.3093228004157697,0.23017530218726456,0.22140212373352214,0.23909977366344354
0.3115560127829607,0.2279869214676388,0.22490479122355977,0.2355522745258407
0.3132002257001719,0.2267020599892099,0.2217869178583066,0.23831079645231157
0.3059545570577714,0.23030130030782975,0.2176947213347613,0.2460494212996375
0.2977090763139209,0.22937377829097394,0.21911419412188743,0.2538029512732177
0.2910182183533264,0.234200726370052,0.221626213424899,0.2531548418517226
0.2902059720659978,0.23498649652812983,0.22180416478739295,0.25300336661847933
0.29292002132580763,0.2337895174761625,0.22410074858803922,0.24918971260999073
0.29470825618220914,0.2335649187702526,0.22146382396429562,0.2502630010832427
0.29543417900565666,0.23540623205432656,0.22294383131506,0.2462157576249567
0.30315897089150434,0.2298911826281491,0.22782017198968776,0.23912967449065867
0.3099425839255927,0.23087257960224492,0.22652277771862733,0.23266205875353496
0.3130562216891956,0.22712819118203942,0.2179178493601106,0.24189773776865425
0.304518049723582,0.23003598101429718,0.2197499755029565,0.24569599375916448
0.3009687291986837,0.22938300986890997,0.22269846153173967,0.2469497994006665
0.3014957893679798,0.2322977619788219,0.22568928152184406,0.24051716713135413
0.3040406433871724,0.22868773773339104,0.2206053595632055,0.24666625931623104
0.2968151175937217,0.23454330523022,0.21881210017341093,0.24982947700264735
