0.3281473124315404,0.2912465204478086,0.23897323074958116,0.14163293637106994
0.31343227101376514,0.27121152173552066,0.22747282662417934,0.18788338062653492
0.29621193244224064,0.2699728160512931,0.2368354525429503,0.19697979896351597
0.3148867685648775,0.25951823477946195,0.25131032385129876,0.17428467280436183
0.35309258655300146,0.2634801803982999,0.22948588829644131,0.15394134475225738
0.28164619285752285,0.2693096961887299,0.23674915503869018,0.21229495591505698
0.22051946587452792,0.2604560543998448,0.24086875400801896,0.27815572571760827
0.3493219999092737,0.2805726023083242,0.22120644628738073,0.14889895149502136
0.3179787390130609,0.25669772860929363,0.2504404600670804,0.17488307231056502
0.35605639302836023,0.25212744526020703,0.24333752495399769,0.1484786367574351
0.3756555066518422,0.2677194338687641,0.21325240835890735,0.14337265112048614
0.10784301407716829,0.2096343704548071,0.22034068056128123,0.46218193490674325
0.3185387010707311,0.2896006512692534,0.2391833300145178,0.15267731764549772
0.37396177304619177,0.26794631210465875,0.21667271614969733,0.14141919869945216
0.373573125367303,0.26090017565155377,0.22430170223296375,0.14122499674817937
0.36334658105592477,0.2572797466659547,0.23095877970118775,0.1484148925769328
0.39322645193560124,0.27061473964814187,0.20240695303762746,0.1337518553786296
0.17633503934968695,0.24792952219256434,0.2197037240593519,0.3560317143983969
0.294455636044902,0.28500090837572406,0.23793548203051354,0.18260797354886035
0.3235273785841408,0.2695146660497765,0.23386189761521053,0.1730960577508723
0.3001995854970521,0.25975228433685715,0.2547492224313847,0.18529890773470606
0.17114685544009373,0.24044996575429228,0.2681418012136442,0.32026137759196965
0.26360002776416813,0.280025891157638,0.24614222755925652,0.21023185351893736
0.041087450567585,0.14002064533498126,0.17360650605753236,0.6452853980399014
0.30310742404355817,0.31332156324276256,0.233208188227497,0.15036282448618218
0.336713798052977,0.27047153981850486,0.2293876711875198,0.16342699094099836
0.3618638615029686,0.25465230201115624,0.2395142766026844,0.14396955988319068
0.38178150477992195,0.2557627831133398,0.22443100052786075,0.13802471157887755
0.37398785940480567,0.2728805838956069,0.20707741804688629,0.146054138652701
0.16386080915600018,0.2359936557167085,0.24915999384848164,0.3509855412788097
0.3409332244417046,0.2657468220269181,0.25041333952386435,0.142906614007513
0.3814745663876302,0.26551114798278375,0.21273721063646403,0.14027707499312192
0.32646639868600125,0.26394075848762355,0.23720592687738107,0.1723869159489942
0.3235505007143269,0.24755984114263294,0.2600140928104449,0.16887556533259535
0.4306452856792578,0.25713541968552084,0.20030244712053494,0.11191684751468654
0.2672776186485255,0.2564825800082312,0.245680709712624,0.23055909163061922
0.39491413205723136,0.2636216767433648,0.21878683646929625,0.12267735473010756
0.406266920364584,0.2586209930364114,0.21042271089704867,0.12468937570195589
0.4082451931771573,0.254907129861692,0.21483545339254778,0.12201222356860285
0.4090810419502786,0.25249808294532294,0.21648153991550462,0.12193933518889395
0.40954694857892443,0.2556557666360987,0.21219800637780953,0.12259927840716718
0.36863033974749915,0.26365335969076936,0.21791343816745104,0.14980286239428048
0.3986319972032475,0.2730800483527292,0.1975964430612603,0.13069151138276294
0.34939428308589476,0.26865296335804695,0.2191161953057556,0.1628365582503027
0.37378593878828587,0.2428705019713879,0.2528799498063814,0.13046360943394492
0.369661326366358,0.24128717244376768,0.2467450972257417,0.14230640396413272
0.364400092422401,0.26968860828387076,0.2143268794250032,0.15158441986872506
0.03258295012823959,0.12212798547781806,0.14500386394325546,0.7002852004506869
0.31456445455440024,0.3179470085790467,0.23223370555057118,0.13525483131598184
0.4028566632048092,0.2642669730865839,0.21307013944143183,0.11980622426717513
0.4141758425725818,0.25219759057847413,0.21557106070501286,0.11805550614393126
0.39887994268093846,0.2492938356171136,0.22438800373101578,0.1274382179709321
0.41216799749345384,0.26502211357674765,0.198790465902371,0.12401942302742763
0.20382736642976218,0.2559265115181517,0.23133426821020314,0.308911853841883
0.32606643373513,0.2725571892573902,0.2442251544161277,0.15715122259135195
0.37309063130127806,0.26061620260506735,0.22511545503849117,0.1411777110551635
0.3684247493996076,0.25564245963130855,0.23422371593837588,0.14170907503070798
0.28675342783372965,0.2453795391022092,0.2704832568689208,0.19738377619514053
0.398380321285449,0.261471218798107,0.21282747943127633,0.1273209804851678
0.26664580304050084,0.2652265304785975,0.22988747662796544,0.2382401898529362
0.3850999477294994,0.27333334907164913,0.21308445795061423,0.1284822452482371
0.41963006527759084,0.259113557335876,0.2060315982981362,0.11522477908839696
0.40926006054411473,0.24611284035059988,0.22557947816444182,0.11904762094084359
0.3978892280052631,0.25003428687666635,0.22301816036460054,0.12905832475347004
0.36860446485022885,0.27064191749794203,0.21083210071315503,0.14992151693867414
0.16899967858965714,0.24197195653422268,0.23500594661351784,0.35402241826260233
0.3510957526598421,0.2761900097422208,0.23490347479096887,0.13781076280696825
0.3868327134756694,0.26071092673054896,0.218229989510865,0.13422637028291678
0.3834968018007333,0.24922462570572662,0.23595513140989927,0.13132344108364075
0.33138365084822535,0.2477869466513562,0.2512009444436356,0.16962845805678284
0.42971157508685165,0.27170583871992016,0.18421001642096332,0.1143725697722647
0.09186923722759699,0.1845673099044783,0.17536818153002928,0.5481952713378954
0.33959621389513983,0.30223388072274254,0.2288417676666504,0.1293281377154673
0.41080885357585256,0.26258544208768264,0.20938173119589273,0.11722397314057202
0.3474203730536114,0.253727230405113,0.24256650802775773,0.15628588851351788
0.27019920594484664,0.26060095726533566,0.2484324942281111,0.2207673425617066
0.29897725382436385,0.28596551364465156,0.22015604276865486,0.19490118976232976
0.009211077166377394,0.06152153002015385,0.08427406144692094,0.8449933313665479
0.2788192987701341,0.3317474102497587,0.24324549914718388,0.14618779183292324
0.32325136737790217,0.2727563000996142,0.23621185135040954,0.167780481172074
0.2642829309060043,0.25509147423212336,0.26369323200631317,0.21693236285555925
0.28653743893105704,0.25548068973276167,0.26089114234633287,0.19709072898984822
0.3912416321961558,0.27214461596069106,0.20512301598572583,0.13149073585742727
0.08970847836784139,0.18811635998864565,0.20316957079978576,0.5190055908437272
0.3401474513054339,0.2923878817635465,0.23541527978636526,0.13204938714465445
0.3779775487326209,0.2639565673674454,0.21945402607796805,0.1386118578219656
0.3808177070337017,0.2604746737315589,0.22158073251958701,0.1371268867151523
0.3351690519408415,0.26093341269585113,0.23259059789258338,0.17130693747072412
0.40350241853530083,0.2693039288962409,0.20340629545576058,0.12378735711269769
0.19477590193692404,0.2436521441724328,0.2436451629709405,0.31792679091970266
0.36804851674826333,0.2827560105680504,0.21409392969350038,0.13510154299018595
0.2949279642212383,0.2746066335793129,0.2234143497625377,0.20705105243691102
0.2816013710721751,0.2501568909310622,0.27743795650612696,0.1908037814906358
0.344288311525549,0.25268620103713,0.2461109510736236,0.15691453636369745
0.3506164340525928,0.2762927092623869,0.2137725430374548,0.15931831364756563
0.0033541506338248582,0.03514380547023307,0.05341214894859228,0.9080898949473498
0.28828081370376535,0.34695039581041626,0.23055116661870892,0.13421762386710953
0.33712683653507297,0.26758104357147167,0.23925038100870435,0.156041738884751
0.3764971180538167,0.2512847789035431,0.23632553654482946,0.1358925664978106
0.38392501845882143,0.24993395410775984,0.23043631772855172,0.1357047097048669
0.39403271036391785,0.27115428669644986,0.1983427839985865,0.13647021894104577
0.2832982556945134,0.274554616742398,0.2174409808431038,0.22470614671998473
0.3384714131647421,0.2677085570601478,0.23538159086939242,0.15843843890571765
0.4095233454305579,0.2546483074156725,0.21799788404531872,0.1178304631084508
0.32291837087762293,0.2464746823637261,0.2622228493687811,0.16838409738986998
0.26973746089074196,0.25726352377848277,0.25880718356067006,0.21419183177010515
0.2996618850694569,0.274066478877263,0.23657918021779614,0.189692455835484
0.17078785464603644,0.2349881400715556,0.24349610658266058,0.3507278986997475
0.390396911956343,0.27806798827941065,0.21416999903905276,0.11736510072519347
0.38111765470413095,0.25014598495119333,0.23440557919063298,0.13433078115404282
0.41991454779442833,0.24726123046722906,0.21676842648065434,0.1160557952576884
0.4143632824709585,0.26275502879574175,0.1989830110226116,0.12389867771068815
0.3630917867431368,0.27081405474626924,0.21245260918555672,0.15364154932503724
0.362357971072621,0.2547440596952785,0.23866986717545563,0.14422810205664494
0.4206363351785047,0.2554104008294321,0.20729642328688613,0.11665684070517719
0.3831832466741342,0.266283097056453,0.21101632590967256,0.13951733035974023
0.2969347489270319,0.24914913467501137,0.2666219983178402,0.18729411808011656
0.36995217482160125,0.24591161570492853,0.24521476086551197,0.1389214486079583
0.4082904407469726,0.26163700906052345,0.20412467014333824,0.12594788004916577
0.25571976562414295,0.26003161391773827,0.23310460088380858,0.2511440195743102
0.39885807693618586,0.267466881483488,0.21632336142167177,0.1173516801586544
0.41417403252721724,0.25055459761141696,0.217334807832496,0.11793656202886978
0.4283438893996999,0.2515551181584961,0.20711551029343087,0.11298548214837291
0.3964821396022419,0.2601941888175348,0.21142230390593758,0.13190136767428584
0.3763698916284866,0.2641005617114665,0.21769572890960018,0.14183381775044654
0.36743267414769226,0.258651998250115,0.22912307716923264,0.1447922504329603
0.398787079778292,0.2664132869954171,0.20365606769994765,0.13114356552634332
0.37834252224462517,0.2681635968457617,0.2134316628361871,0.140062218073426
0.31053134009845607,0.2270328131068769,0.29909624121688716,0.16333960557777996
0.40252996643143657,0.24092941528545936,0.22725582813148953,0.1292847901516145
0.393930922987714,0.2804826742116164,0.18817230104093882,0.13741410175973082
0.034819397833722926,0.11175917872642435,0.13989242989984907,0.7135289935400035
0.3241551524457238,0.3108245762703446,0.23828617889890508,0.12673409238502653
0.43967165250747214,0.26666942103516394,0.19075020644068544,0.10290872001667846
0.3302296483999553,0.25510397798724055,0.23990166271502614,0.17476471089777806
0.4078148692158174,0.255946546178367,0.2157933583004838,0.12044522630533196
0.4339772913832466,0.2750230660397554,0.1761671867106586,0.1148324558663395
0.046302757857642186,0.12528433971847766,0.11052771547286765,0.7178851869510124
0.2557282264751819,0.33678723667341764,0.2126309395098021,0.19485359734159832
0.23576952161286244,0.2726491103481975,0.23019491623942567,0.26138645179951436
0.09494392789695257,0.20398273698469002,0.2834883961610317,0.4175849389573256
0.0002233525393762279,0.01279330786254864,0.07733543875106234,0.9096479008470129
1.2121355213434413E-10,7.031890847455695E-06,7.276093420171829E-05,0.9999202070537373
1.7616697907074358E-18,1.2721726703157013E-10,7.015329447784598E-09,0.9999999928574533
0.02100698551511482,0.148457928695829,0.15128182669829243,0.6792532590907637
0.18745601139183882,0.3134722248399318,0.25196612299971294,0.24710564076851638
0.0016209221573265148,0.028422618254951553,0.05894686116282428,0.9110095984248976
0.024008329906005967,0.16525304133995247,0.16996976577138903,0.6407688629826526
0.10767715463002836,0.270166201889464,0.2330493261958675,0.3891073172846402
0.0004490469845092101,0.012035514547791549,0.022322933002780734,0.9651925054649184
0.24326706959673955,0.3655246174087946,0.22481368512959826,0.16639462786486758
0.07411509673077049,0.1918510901054615,0.21243460934362773,0.5215992038201401
0.13892194646075046,0.24652133438446985,0.2900236926921046,0.32453302646267507
0.24116583692519492,0.26857562907397386,0.2652179531264239,0.22504058087440731
0.08019210724050403,0.20321341241142948,0.22397963140768032,0.4926148489403862
0.032810536356780676,0.13991187256188228,0.1762239903604014,0.6510536007209357
0.3043575142454777,0.31693704778405,0.22934654656024386,0.1493588914102284
0.29779823288965673,0.26567723843141805,0.24703568575089827,0.1894888429280269
0.34628117205178927,0.25132800450269366,0.24989090347853918,0.15249991996697793
0.4137762163504969,0.2656164328786092,0.19735556735485152,0.12325178341604234
0.27002352439413246,0.27343067673424126,0.221327818874102,0.23521797999752428
0.24273751367620716,0.2588732792326775,0.25483123890700266,0.24355796818411257
0.39730500186549267,0.267791746753679,0.213699910552567,0.12120334082826141
0.23306030591698187,0.25806656633772945,0.24755438944121408,0.26131873830407465
0.29284791625030065,0.25485441893432975,0.2764386921733759,0.1758589726419937
0.2686446990812476,0.24671509495726263,0.2729634012625408,0.21167680469894887
0.3765340600953646,0.2753015442447078,0.20566880758649617,0.14249558807343143
0.18222226581416387,0.2438744041738645,0.21436647436873016,0.3595368556432415
0.3700254950166712,0.27918791084895594,0.22638760159847363,0.12439899253589932
0.42631707439915695,0.2547910496812935,0.20786199979390263,0.11102987612564696
0.3953676979517283,0.25563648977618236,0.2185540755909129,0.1304417366811764
0.32860606479647364,0.26265138198441845,0.2360377546784002,0.1727047985407077
0.2795953187589707,0.26877438067293363,0.23918213760792295,0.21244816296017272
0.2533136189634557,0.2716994687954025,0.23226858357477134,0.2427183286663704
0.3198576392998559,0.28198847263552385,0.2197213309557751,0.1784325571088451
0.3309084624862753,0.2645108264936751,0.23871347838259038,0.16586723263745917
0.34188289965076946,0.23273320824860344,0.28026448116319413,0.14511941093743294
0.322568380315561,0.24742429015163708,0.2565294413150383,0.17347788821776353
0.226946227088718,0.2799744654695834,0.21275591177435543,0.2803233956673432
0.01005280283692788,0.05825767344457311,0.06594776971322669,0.8657417540052723
0.28453344627041127,0.330079193897733,0.24693901561706327,0.1384483442147925
0.4188608451786107,0.25792532521547284,0.21547937132620545,0.10773445827971094
0.3032769543495651,0.25655081369830496,0.24576351606877467,0.19440871588335534
0.2942941300624986,0.2750521636463813,0.2293046572640942,0.20134904902702588
0.2183541820268691,0.2697621152308927,0.22763087972202584,0.2842528230202124
0.16221623080546302,0.24367653457521812,0.23833521777585032,0.35577201684346854
0.3582834311205028,0.2821081502639096,0.22517453173371188,0.13443388688187574
0.2084505244677709,0.2541947475527554,0.24961415805767906,0.2877405699217946
0.2655613809337613,0.2603611917870996,0.277589461842394,0.19648796543674515
0.11749842056279164,0.21510098758502824,0.25798543670659446,0.4094151551455857
0.2969547753859059,0.30024799898102406,0.21987608463355363,0.1829211409995165
0.026088868199446003,0.10045619561640545,0.11456174367005761,0.758893192514091
0.29829138999064997,0.3179560844823801,0.24531395344525825,0.13843857208171162
0.38902869002506446,0.2629420996856856,0.22148092336215736,0.12654828692709252
0.2971228524474331,0.2687331871113895,0.22919131580224367,0.20495264463893378
0.20941770292979373,0.26137929509742047,0.2393903132217298,0.289812688751056
0.2769079564422738,0.2797629309672531,0.2382569780356309,0.20507213455484238
0.22955794600047766,0.2628654283602451,0.2455573094237657,0.26201931621551144
0.281134440989838,0.2755962979902822,0.23864929051235947,0.20461997050752037
0.1979349017395369,0.2601767489217764,0.24408447821469165,0.2978038711239951
0.20768385983163726,0.2516431805053613,0.2912902300049696,0.24938272965803196
0.21021467327234858,0.24639267576890883,0.28109072496127485,0.26230192599746766
0.3085072407834128,0.28578952136319,0.21839932953485494,0.18730390831854224
0.01967455280877502,0.0894378958588696,0.10361651935626062,0.7872710319760948
0.28553741484147,0.3213345730477703,0.24747453656759183,0.1456534755431679
0.4021129149981398,0.2640105766074569,0.21522581492220336,0.1186506934722
0.31907574287087864,0.2659660514530159,0.2286777687045972,0.18628043697150817
0.2714352960361887,0.27089673716018486,0.23214831524465127,0.22551965155897516
0.3103863419155446,0.2824824650582187,0.22257223657807826,0.18455895644815842
0.1447742199926074,0.23019492805663136,0.2292413490266614,0.3957895029240998
0.2896455097951951,0.2935349951919308,0.2296726091633158,0.18714688584955827
0.1391618348823398,0.23992780263437508,0.23065009349813728,0.39026026898514776
0.09943143333582954,0.20988414277464673,0.3042476771579482,0.3864367467315756
0.18691707801486054,0.24992068579436233,0.29545753943355935,0.2677046967572178
0.1234143016220884,0.24485123104218376,0.2234891572970053,0.40824531003872244
0.000638146649481905,0.014820216269464004,0.024872482263945794,0.9596691548171082
0.2649935056101463,0.34459213203991745,0.24572814160027132,0.144686220749665
0.40498440576841954,0.27060750108702614,0.2097771744864163,0.11463091865813796
0.2570995939772669,0.2556737763751639,0.24029250413461584,0.24693412551295338
0.3670159543403597,0.27654185490693634,0.21435414930166505,0.14208804145103893
0.3650203399704705,0.2788042664472366,0.20484866781723712,0.15132672576505582
0.10485571051896364,0.19925008578362308,0.21703944446096748,0.47885475923644577
0.3241960286744677,0.29923818037161404,0.2269549302157173,0.14961086073820096
0.05005011145558746,0.16163664757052534,0.17096389948809473,0.6173493414857925
0.08163065816484227,0.22437980655749634,0.26687203546325877,0.4271174998144026
0.14067171956149982,0.23906803485531414,0.29827775001017975,0.3219824955730063
0.2713225823702339,0.28178137965588196,0.2413618809916723,0.20553415698221192
0.002439889157406538,0.03357751098790791,0.05688569446227321,0.9070969053924124
0.26201709500970505,0.33644528876465873,0.24875028086724274,0.15278733535839342
0.38833692709990597,0.2778900020934525,0.20583124341209486,0.12794182739454685
0.3328209131802059,0.2722260917741016,0.21269290509345293,0.18226008995223952
0.37924234394417106,0.26595620323039026,0.21916216821506646,0.1356392846103723
0.42214355644645485,0.26509620840983494,0.19742481678210885,0.11533541836160141
0.13973832671763334,0.22868297087340894,0.2383608135692041,0.3932178888397535
0.15308308737141507,0.25892550988752217,0.24979126783770125,0.33820013490336154
0.06080588920204121,0.18848406680780308,0.20425263080405676,0.546457413186099
0.07546024889273437,0.2077833789064792,0.2728579384754155,0.443898433725371
0.23352398975793767,0.263898875215045,0.2873739131657989,0.21520322186121843
0.2969410790924891,0.2788167563642298,0.22475850248978502,0.19948366205349619
0.03321573956770598,0.11821240862863752,0.12164283354675347,0.7269290182569029
0.29169650164149313,0.3152520117735737,0.24760615211022882,0.1454453344747043
0.3874285706414623,0.2509909961211183,0.23761109909138883,0.12396933414603059
0.40906619478192074,0.26290172144704504,0.20076344623396566,0.12726863753706863
0.13485530331185705,0.23247928347752772,0.19783945998161062,0.4348259532290046
