0.3998517505646754,0.2448127446698532,0.17248183105337703,0.18285367371209427
0.35829749564625785,0.24359427478725104,0.19052932152981072,0.20757890803668047
0.3690455937625714,0.24083460010048569,0.1876018482107832,0.20251795792615968
0.4221125823911522,0.241483366879436,0.16503807634628548,0.17136597438312637
0.39006155814177357,0.2455432594398253,0.17635180001855336,0.1880433823998477
0.38732494433313897,0.24421852735502195,0.1785274853704665,0.1899290429413727
0.3807614207458828,0.24351800988141392,0.18138568689364068,0.19433488247906258
0.3231631086512277,0.2388552751447083,0.20637042836505148,0.2316111878390126
0.4188804311934228,0.23789586343440097,0.16848592733735115,0.174737778034825
0.41850063178561014,0.2443272870540164,0.16478051262198462,0.17239156853838875
0.3965175917581494,0.24608115541856698,0.17370788164097523,0.1836933711823085
0.3894003784331041,0.24485144488578775,0.17730583245145848,0.18844234422964967
0.40993778233551004,0.2441053236326652,0.16905293227367507,0.1769039617581497
0.3695971166445761,0.24472270122683848,0.18526139631983782,0.20041878580874758
0.41622747367214863,0.24259975438758805,0.1672733968405755,0.1738993750996878
0.4160911506396247,0.24535462033193103,0.16560368997574115,0.1729505390527032
0.37776809820055274,0.2458033686438907,0.18155844711296895,0.1948700860425876
0.330818029002292,0.24003701336830632,0.20306527289404472,0.22607968473535692
0.37294598514831095,0.23814943656776225,0.18734328116357793,0.2015612971203489
0.3195004780341391,0.23647433455486447,0.2084721479688639,0.23555303944213246
0.4217358863415653,0.2370217526072368,0.1676926737305016,0.17354968732069642
0.39704774983124913,0.24446269887850558,0.17362473595463848,0.18486481533560675
0.38814303735807903,0.2444690996250435,0.17804957127855806,0.18933829173831931
0.3923248057710511,0.24388671999490358,0.17647543454910125,0.18731303968494392
0.3939492134766452,0.24406145922751887,0.17569106510452773,0.18629826219130816
0.34548768878127434,0.24207832074667934,0.196186826171133,0.21624716430091337
0.4184970433151048,0.24023019052384217,0.1674789404749108,0.17379382568614227
0.4050538576189024,0.2450495026868047,0.17023233608050922,0.17966430361378363
0.3579477796606487,0.24401368978683027,0.190454126045592,0.2075844045069289
0.3808845555847039,0.24136669658603863,0.18257583058611626,0.19517291724314112
0.4319953839278964,0.24213691128344242,0.16045840726289307,0.1654092975257682
0.3324331543847709,0.24324026928318795,0.20046846178365815,0.2238581145483829
0.4179997244181066,0.23962305539799944,0.16823392636613663,0.1741432938177574
0.419189379647258,0.24467423245956876,0.16438246745922921,0.17175392043394416
0.41577249581959647,0.24609645675434208,0.1656328799831953,0.17249816744286597
0.40978255683686593,0.2462903471317604,0.16805527149746505,0.1758718245339086
0.41115749793566064,0.2458963009493755,0.1676970352234455,0.17524916589151837
0.39483003049119997,0.24592655737597202,0.17447254639116516,0.18477086574166302
0.4217233003013751,0.24454804638528582,0.16390795535390984,0.16982069795942917
0.41922186355288815,0.24616283193912436,0.16401172567729386,0.17060357883069363
0.4182833181095852,0.246411124408782,0.16442848750211547,0.17087706997951738
0.38392601358864203,0.24639723073487932,0.17875902542955058,0.190917730246928
0.35555401257251557,0.24266263242194755,0.1921455416862458,0.20963781331929113
0.2979067597227684,0.23347863589665277,0.21842415732546958,0.2501904470551093
0.4438272858621431,0.23412910247564866,0.15963410797471245,0.162409503687496
0.4299815795910835,0.24482404014342196,0.15941361110995927,0.16578076915553527
0.4078832097872552,0.24701861986834148,0.168568755004303,0.17652941534010042
0.3944069366792491,0.24597025821595153,0.17470028887681843,0.18492251622798095
0.41185210783000203,0.2447162413692653,0.1679960054346902,0.1754356453660424
0.3687135898616675,0.24497905265432063,0.18551988348813225,0.2007874739958796
0.4188054494125282,0.24255322037396737,0.16621901608497336,0.17242231412853118
0.4195535903029364,0.24545242503296802,0.1640793610227443,0.17091462364135118
0.3861941373989207,0.246299284186955,0.17787273715740337,0.1896338412567209
0.3358872217217611,0.24126959515412613,0.20050400241557506,0.22233918070853778
0.4058815567782828,0.2394816352671156,0.1731619946753057,0.18147481327929574
0.35886888245619547,0.24268546934512708,0.1901780317794783,0.20826761641919905
0.42540433423593615,0.2411557778871489,0.16410654901205426,0.1693333388648606
0.4335208119107192,0.24512034118768994,0.15818743281625966,0.16317141408533123
0.415959096569512,0.24722006675401373,0.16498485776361244,0.1718359789128619
0.3883012912765174,0.24652396458391196,0.17696638435775164,0.1882083597818191
0.3857403027949144,0.24430068927506365,0.17912840738596428,0.19083060054405757
0.3697212296517858,0.2430201476547711,0.18612131536755602,0.20113730732588708
0.43089117766755486,0.24180977876190277,0.16129047865719637,0.166008564913346
0.41870392823880426,0.24614466271937677,0.16406861996286906,0.1710827890789498
0.3848575903716318,0.2463864367819085,0.17843570714341683,0.1903202657030427
0.35591020012227154,0.24274929236465492,0.19194269609452064,0.2093978114185529
0.42197736764255495,0.24104306433237693,0.16551694607839784,0.1714626219466702
0.3537463883987473,0.24394560305110496,0.19169369555268664,0.21061431299746114
0.44345677112126386,0.24040905150143968,0.15679453086922635,0.15933964650807006
0.43355204862816177,0.24619785968039304,0.15757493156757946,0.1626751601238658
0.37288752198056846,0.24712734631476252,0.18297390932392543,0.19701122238074376
0.3587081211676953,0.2422415004855872,0.1911999142449879,0.20785046410172964
0.40395183491293524,0.2413185335007366,0.1729009728561412,0.1818286587301869
0.33809376179926703,0.2414819753844555,0.1990888652556083,0.2213353975606691
0.4323499293021016,0.2392158288351172,0.16215183384094525,0.1662824080218359
0.3916881352057737,0.24572396101155594,0.17534275364840546,0.18724515013426482
0.32942751871257053,0.24090746520487144,0.20323733530153543,0.22642768078102254
0.3662257474371486,0.23795560991719494,0.1902090982892413,0.20560954435641504
0.41252839991153323,0.24074100431498094,0.16927425143619199,0.17745634433729396
0.31976795445637785,0.2400859534283186,0.2067655506842832,0.23338054143102047
0.4303032694527696,0.23769535406624578,0.16388988482542252,0.1681114916555621
0.40913519625820705,0.245226005001554,0.1682157739500598,0.17742302479017918
0.38900551092867014,0.24554763950079533,0.17717662054135547,0.18827022902917906
0.38407891290642715,0.24406492298200405,0.17984902033013214,0.1920071437814368
0.4240090419628086,0.24327604544208425,0.16348232182933364,0.16923259076577357
0.35969546452372503,0.2450396590242813,0.18898818929906955,0.20627668715292408
0.4253231268802392,0.24178601017368598,0.16390935888334585,0.16898150406272897
0.40122586902091706,0.24593316382683045,0.1714675470888535,0.18137342006339904
0.3789169942947398,0.24491048131352025,0.18163079285799458,0.1945417315337454
0.39271196686674414,0.24334393073346555,0.17665386740137637,0.1872902349984139
0.37410350855053387,0.24346174188218686,0.18405125748928325,0.1983834920779959
0.26877907822904756,0.2299260888849997,0.23041165518035078,0.27088317770560194
0.44436108514516104,0.23133896315422559,0.16105337037022188,0.16324658133039155
0.40132604102163955,0.2446671050889639,0.1712980625184462,0.18270879137095042
0.3847601243288521,0.24476620130094456,0.1793977440556499,0.19107593031455344
0.38341542229773906,0.24354354360026562,0.18031970205387118,0.19272133204812406
0.40559276756984036,0.24338641620231494,0.1711905921833938,0.17983022404445087
0.38599671030196797,0.24475755543316932,0.1785473890585956,0.1906983452062671
0.4245868600247338,0.24356678557771244,0.16316389381655474,0.16868246058099906
0.4348717751120849,0.24559778893155565,0.15753952040576547,0.16199091555059394
0.34778315018009415,0.24566657627748506,0.19359813606717854,0.2129521374752421
0.33116462394680085,0.2378557069296319,0.2042408337505872,0.22673883537297995
0.37384345338567476,0.2376588779968989,0.18699885092383836,0.2014988176935881
0.36895267485119887,0.24044216225126308,0.18732990918940234,0.2032752537081358
0.440985919454829,0.24072436040358516,0.1574031371915356,0.16088658295005026
0.3933378139100278,0.24675498235689422,0.17432570258848912,0.18558150114458888
0.40637222781903376,0.24489366752726024,0.17036423599070186,0.17836986866300425
0.3979843348363646,0.2453493756823155,0.17335369281009805,0.1833125966712219
0.4048765528716146,0.24487491332620825,0.17083232347063318,0.17941621033154392
0.4161737920617976,0.24511719839766366,0.16587833513238165,0.17283067440815697
0.432447805271541,0.24549280964593787,0.15875896372667697,0.16330042135584416
0.3939670876441301,0.24735343445491492,0.17409257277261267,0.18458690512834244
0.35557036621338184,0.24364349675843736,0.19169953045437058,0.2090866065738103
0.40755932278692775,0.2414385302307519,0.17146151239694823,0.17954063458537217
0.4005464953830935,0.24457659387138764,0.17245506552693873,0.1824218452185802
0.3467807697021011,0.24279926897028514,0.195405901222026,0.2150140601055878
0.43640874787582334,0.23997031135443844,0.1599643105106219,0.16365663025911634
0.4266832075291451,0.24585453118951253,0.1606732731901137,0.1667889880912287
0.41471735120320236,0.2469416917184959,0.16571648557378013,0.17262447150452156
0.38932186436540667,0.2463791056994841,0.17658386436962292,0.1877151655654863
0.40936381471894895,0.24448580573468062,0.1692081092675485,0.17694227027882187
0.41207762761293165,0.24540279301356352,0.1674166867617046,0.17510289261180026
0.4218675019228114,0.24562980696452383,0.1632528750923452,0.16924981602031955
0.4108850189703139,0.2465951412756774,0.16740648076523326,0.17511335898877536
0.36858732699590296,0.24538700103062958,0.18552904276988597,0.20049662920358144
0.4037075599547754,0.24280022549919308,0.1724535172883589,0.18103869725767244
0.37378156185546124,0.24410451897212795,0.1837620440004358,0.19835187517197503
0.2988781353140829,0.2353326534361006,0.21724768595089355,0.24854152529892296
0.4561553758021069,0.23398537737886285,0.1544128264877296,0.1554464203313006
0.43724319963145486,0.24535044168120126,0.15603302872332775,0.16137332996401615
0.33515156872908447,0.24474037649829988,0.19910615834781767,0.2210018964247979
0.4274812419554086,0.2399519430787938,0.16400622152131925,0.16856059344447835
0.43805681569389066,0.24476816966077267,0.15629733360667905,0.16087768103865766
0.38720886518080866,0.2474908562562249,0.17685668221186673,0.18844359635109967
0.44332721192790286,0.24355485360397908,0.15523140658212561,0.15788652788599244
0.43683121868121577,0.24681446487032027,0.1560641676901415,0.16029014875832262
0.37530473255930613,0.24760981704673973,0.18175235793023606,0.19533309246371816
0.26682281557890297,0.2306861216283998,0.23102653471128842,0.27146452808140886
0.26426752722532765,0.21818783952478837,0.23817011260552118,0.2793745206443627
0.23667261894134103,0.20863837159434384,0.2505679031846808,0.3041211062796344
0.4023254407216638,0.22482970731554608,0.1816662292922395,0.19117862267055058
0.3851334909181335,0.23982070248383422,0.18001807800608088,0.1950277285919515
0.1965266913051825,0.21019247229350987,0.2622544297625733,0.33102640663873445
0.2908086032700292,0.2132685410413166,0.2322635603840631,0.26365929530459115
0.37327024184144025,0.22870931661936533,0.1901464037653273,0.20787403777386712
0.2992430813249138,0.23140752911433593,0.21806598712741504,0.2512834024333353
0.4191099436622846,0.2344663027221912,0.17010033143820452,0.17632342217731978
0.34234365197959477,0.24118190113512736,0.19695235413470416,0.2195220927505737
0.33297671495125775,0.23651030387739364,0.2041591288082875,0.22635385236306113
0.36458337018955095,0.23700966856286415,0.19092664576226645,0.2074803154853184
0.3114274683434074,0.23458255498928401,0.2124670270175035,0.24152294964980506
0.30186400313827927,0.22884550156252326,0.21930132828492566,0.2499891670142718
0.42688430871226657,0.2338662882581722,0.1666892427513789,0.17256016027818225
0.3764159886162454,0.24360811386748163,0.18233426961766816,0.1976416278986048
0.37103028929256215,0.24224503803286362,0.18620369640956566,0.2005209762650086
0.4092425576309388,0.24216684709538683,0.17019609536365307,0.17839449991002132
0.3691975553391015,0.24415948969355478,0.18558215409182607,0.2010608008755177
0.39044368278547575,0.24243444432342248,0.17812627761415073,0.18899559527695112
0.43587415484315095,0.24290465329659994,0.15843696077606442,0.16278423108418483
0.35933201689554267,0.2457979591790277,0.18876385597925094,0.20610616794617864
0.35447594761314505,0.2406598171724082,0.1937323818834307,0.21113185333101606
0.35372055383965884,0.2389364743246446,0.19438862205212223,0.21295434978357422
0.39757358381928903,0.24012429957038378,0.17605261303566488,0.1862495035746623
0.35435094652008353,0.24196783821355178,0.19245825693001964,0.21122295833634505
0.4403081019315316,0.24012477498921594,0.1581710402555877,0.1613960828236648
0.433743888287641,0.24590135270321115,0.15764624597359206,0.16270851303555592
0.3859520832411779,0.24744170724792436,0.17746542469207216,0.18914078481882549
0.36419464218886877,0.243575578707711,0.1883094693956104,0.2039203097078098
0.3926901097846107,0.2419597546367477,0.17732613713314746,0.18802399844549417
0.40188019616057347,0.24365203231160854,0.17245420272971254,0.18201356879810546
0.41714188358532284,0.24458764657515183,0.16570928346796188,0.17256118637156345
0.4111498680123181,0.24599569408940933,0.16754268445127402,0.17531175344699862
0.3849190286549056,0.2457989945640766,0.1786544893014271,0.19062748747959055
0.3341817449886362,0.24088661517768545,0.20131169006766872,0.22361994976600977
0.33513067231377064,0.23603423056813447,0.20334994918597651,0.2254851479321185
0.3497133827701959,0.23609564280035278,0.1972493575369886,0.21694161689246266
0.45107417595982496,0.2378539170382262,0.15429512607081367,0.15677678093113515
0.4369163242011655,0.24596274256027967,0.15618574146744088,0.16093519177111393
0.3014022245453867,0.24086403178574395,0.21365664233542836,0.24407710133344102
0.36700791235441194,0.2360071596549588,0.19127016532338986,0.20571476266723945
0.4079877256054474,0.2403417010600971,0.17114798661120406,0.18052258672325128
0.4059393917847347,0.244337532094937,0.17039793003522213,0.17932514608510614
0.4273768099852874,0.24477379288043674,0.16129777255015926,0.16655162458411665
0.35911390267765086,0.24564120452532354,0.18903779513162475,0.20620709766540082
0.3487858305952857,0.2402029749286666,0.19616300118437155,0.2148481932916762
0.3258218241395043,0.2359624879584028,0.20666783527693489,0.23154785262515795
0.39990306118921304,0.2374569887748984,0.1764732958961065,0.18616665413978203
0.3371337179400594,0.2401002143003634,0.19984066970816602,0.22292539805141115
0.4380800599915604,0.2386039278912754,0.15997217677735717,0.16334383533980698
0.408451045789047,0.24601630834835234,0.16819953142102606,0.17733311444157462
0.3454892004559041,0.24365820895973353,0.1956418610168021,0.2152107295675604
0.36680294355480597,0.23982505106940635,0.18909670611391693,0.20427529926187069
0.416923217177777,0.2411815057738369,0.16731447424764495,0.17458080280074123
0.39290592776467975,0.24513366055679398,0.17538419685369866,0.1865762148248277
0.39032877296595647,0.244372686444605,0.17717239106270014,0.18812614952673828
0.3722902844665493,0.24347983799359885,0.1848511642841871,0.1993787132556646
0.35504019770299566,0.24103714540168,0.19301099845003075,0.2109116584452937
0.34495095174535917,0.23843138187863588,0.19818127479991163,0.21843639157609332
0.37522108138343324,0.23884258691910001,0.18586247304248896,0.20007385865497787
0.3134709977010118,0.2360873919606837,0.21101620451579678,0.2394254058225078
0.434903655781456,0.23615639093915555,0.16251802176509358,0.16642193151429496
0.4232280248514304,0.24491133181081806,0.16236283702385743,0.16949780631389408
0.3493352807942988,0.24475024254164174,0.19351756508096163,0.21239691158309779
0.37576523103012494,0.24076613780392983,0.1850775870846145,0.1983910440813307
0.4196724506142014,0.24198572986751038,0.16574848848128032,0.1725933310370079
0.3862908225401504,0.24542771987896558,0.17801460553103635,0.19026685204984775
0.4136944128351592,0.24398811731070102,0.1676403050447513,0.17467716480938847
0.3765418988198556,0.24523291401434147,0.1821593037222072,0.1960658834435957
0.3304010115563776,0.23976147419712357,0.20336899364451028,0.22646852060198874
0.3491584644986458,0.23666262859952522,0.19753107303530362,0.21664783386652528
0.32692184926186696,0.23520435220012267,0.20638390327407485,0.23148989526393543
0.26484250372585055,0.22363745064958918,0.23465124593473505,0.27686879968982536
0.43945771652682447,0.2297976041258118,0.16366888115998018,0.16707579818738358
0.4204146441980495,0.24373321642747692,0.1637319630908027,0.17212017628367077
0.31136309530259154,0.24043269900877282,0.21018282014774667,0.23802138554088906
0.4139465104783537,0.2375329478465324,0.17096771896663857,0.17755282270847542
0.42363223793882016,0.243763928560582,0.1628242734916412,0.1697795600089566
0.3683410878710163,0.245590067829076,0.1854384710708891,0.2006303732290186
0.4236861294288133,0.24256297506277313,0.16416352462752726,0.1695873708808863
0.36175781651902644,0.2449431836814893,0.1881129585384018,0.20518604126108242
0.3401969749941226,0.23952971076793939,0.1998280681178817,0.2204452461200562
0.3569584917708692,0.23784026422270288,0.19371501688041595,0.21148622712601192
0.3695256607088406,0.2393059465571805,0.1877858103837029,0.20338258235027604
0.23199747023937917,0.2199043171692814,0.24693807767169393,0.3011601349196455
0.4183319180334406,0.2272202659050313,0.17455661874796782,0.1798911973135603
0.4155917392376993,0.24169314524637964,0.16648447581439765,0.1762306397015233
0.3821419101598515,0.24498092495485707,0.18018506380957716,0.19269210107571427
0.42172699452893914,0.24342530923229486,0.16444876062530306,0.1703989356134629
0.43455647217082505,0.24537716891604386,0.15777937962514324,0.1622869792879878
0.3433737785062771,0.24524594461387295,0.19551269131946986,0.21586758556038022
0.3743984212620466,0.2404160376978306,0.18592091173665956,0.19926462930346325
0.37958743924156757,0.24158719854927505,0.18254952222380624,0.19627583998535106
0.34838520738264595,0.2406205680957366,0.1957119452852943,0.21528227923632315
0.35933590890057654,0.23885702305078646,0.19237024040727893,0.20943682764135813
0.34863426031477085,0.23846906935677104,0.19651546889149993,0.21638120143695821
0.3100062748875716,0.23361979735369742,0.21374806035543234,0.24262586740329872
0.4340618477800292,0.2353575554530951,0.16311787578710743,0.16746272097976828
0.4227630106732103,0.24466996582043762,0.1626612298842259,0.16990579362212616
0.380312336916684,0.24619803951999522,0.18037460478744646,0.19311501877587442
0.3390057386246843,0.24109300416221283,0.19939679024288873,0.22050446697021417
0.41751665859524817,0.23955355248807594,0.16818057432468808,0.17474921459198775
