0.2955072907937175,0.23887824027230856,0.21937986560919634,0.2462346033247776
0.2905559131591504,0.24243463429303755,0.22140585211585742,0.2456036004319545
0.2929486757199362,0.2399246982930723,0.2205602385561424,0.24656638743084916
0.2918805491207909,0.24101368924073643,0.22061528562410346,0.24649047601436921
0.2869023013775145,0.24360033128213873,0.22156493389212129,0.24793243344822555
0.2874168199513833,0.24298928953521845,0.2220463687249171,0.2475475217884811
0.2930273714295561,0.23923228354234843,0.22045378676785074,0.24728655826024465
0.29789063346214845,0.2386517804473517,0.21922040306065962,0.24423718302984027
0.29607503489851394,0.23935632713360844,0.22028092628235427,0.2442877116855235
0.289266242130927,0.24217046595435843,0.22098629990994018,0.2475769920047744
0.2862451486242722,0.24460815125499868,0.2221964706933407,0.24695022942738842
0.2909463052063122,0.23974021489798802,0.22147645794442128,0.24783702195127855
0.30267536324370603,0.23567150768773032,0.21790592136472314,0.24374720770384053
0.3009231774589313,0.23784524510829774,0.2192935570341348,0.2419380203986361
0.30048995770870995,0.23739309943629677,0.2192535517950756,0.24286339105991775
0.2941540234934377,0.24029338935195863,0.2204648096389034,0.24508777751570032
0.2903570125984529,0.24259672826513576,0.22111568644348267,0.24593057269292856
0.2898737952890166,0.2412128839961989,0.22164064975054582,0.2472726709642387
0.2948461363718033,0.23920921807716544,0.2197166949127672,0.24622795063826405
0.2875846398409326,0.24350875975616723,0.22147197031639518,0.24743463008650513
0.2819276902415323,0.2456657413353694,0.22270830568793495,0.24969826273516335
0.2746576613788958,0.24758545281603692,0.22341148526475213,0.2543454005403152
0.2810520789840479,0.24593850601625003,0.22314758305176655,0.24986183194793546
0.2887335572253474,0.24022936123295513,0.22168051085527474,0.24935657068642283
0.3013573994450787,0.23652945554780025,0.2179925562025739,0.24412058880454707
0.2997757324923479,0.23816026816269725,0.21965668150817258,0.24240731783678238
0.3002400130433324,0.23723589571204146,0.2191893414944917,0.24333474975013436
0.29177938448014384,0.24173910861886494,0.22080313574406202,0.245678371156929
0.2895001053681967,0.24284159533025132,0.2215881755357882,0.24607012376576368
0.29350243999743947,0.2388825565504474,0.22079589121048512,0.2468191122416281
0.2989465888168793,0.23783785118761902,0.21882741544413864,0.244388144551363
0.29341935121828383,0.24134994202754018,0.22077130358248545,0.2444594031716906
0.29968781030373165,0.23706421585350798,0.21941313387240402,0.24383483997035627
0.3017488042905679,0.23577149884998289,0.21910256060883035,0.2433771362506188
0.30280018117245694,0.23790987654338994,0.21826588861134985,0.24102405367280333
0.30082046051687994,0.23640854404320577,0.21999509656292945,0.24277589887698475
0.3104983672658219,0.23247304584940176,0.21655883107927135,0.24046975580550495
0.3090654326205561,0.23431601289137743,0.2178387875943464,0.23877976689372007
0.30926853639942803,0.2335378608888517,0.21764108096659437,0.2395525217451259
0.3049481398248101,0.23604913356145524,0.2186115833789621,0.24039114323477254
0.3016937871149363,0.23748489198677933,0.21909128892194873,0.24173003197633575
0.3001173010239468,0.23734676559236734,0.21951821546796893,0.2430177179157171
0.3039459614404351,0.23589475598402515,0.21827734797882978,0.24188193459671004
0.30348669077248475,0.23595368928460103,0.21887722072906612,0.24168239921384807
0.30004390389151364,0.2381265223957867,0.21922934755487836,0.24260022615782134
0.2835933105201765,0.2453278233713696,0.22217633541712387,0.24890253069132998
0.2841895777622075,0.24528742080698634,0.22317128508369824,0.247351716347108
0.2971347619711127,0.23559169045692874,0.22013286160239476,0.24714068596956387
0.31575006947038187,0.22998803819280955,0.2149803467733581,0.23928154556345052
0.31216805676915527,0.23331943805297134,0.21753604290096937,0.23697646227690405
0.3088840499584387,0.2341303959463269,0.21781971380866416,0.2391658402865702
0.2977271212385081,0.23937014549682004,0.22013542838835992,0.24276730487631193
0.29187844567071325,0.24209498043257108,0.22096347109809958,0.24506310279861604
0.29265494299070943,0.23986841879644394,0.2211620677890695,0.2463145704237772
0.3006760091928361,0.23655364226113193,0.21858532681691603,0.2441850217291159
0.2956688177756609,0.24013582374752604,0.22017590709368362,0.24401945138312947
0.2942284611060731,0.2405518830773307,0.22053262783680058,0.24468702797979558
0.29147749995132516,0.24047255316501687,0.2210404051824204,0.24700954170123757
0.2969556173323374,0.23936617145798147,0.21942901314604668,0.2442491980636345
0.30312566201997604,0.2350275799246178,0.21901202381975762,0.24283473423564853
0.31564899929861984,0.2297809544761278,0.21568232021970116,0.2388877260055512
0.3132287344739388,0.23280319650272638,0.21714871035203007,0.2368193586713047
0.30441382667216366,0.2366053135873535,0.21892264051094065,0.2400582192295422
0.29109611354382736,0.24226813203143516,0.22116088594563113,0.2454748684791063
0.28924510458330777,0.24279404771234148,0.22174730313156504,0.24621354457278577
0.2964027200704375,0.23733787435199957,0.22013318568814388,0.24612621988941913
0.3062635425676323,0.23453957822456123,0.21737212251146867,0.24182475669633777
0.3004089264522906,0.23820709408816687,0.21957854627554718,0.24180543318399533
0.3000512155765728,0.23796405262521272,0.21928513096691601,0.24269960083129843
0.2930715635109851,0.2401411085844991,0.2208702734460737,0.24591705445844206
0.2978993807735377,0.23950152978967706,0.2193327559526749,0.24326633348411042
0.3039450667599192,0.2338494034307574,0.2191671973004473,0.24303833250887613
0.3127602044289897,0.23178321560996068,0.21634263136590806,0.2391139485951415
0.29830582138296513,0.24038013491041577,0.22014193962125758,0.24117210408536147
0.28798000006174557,0.24318478423896248,0.2219429938670326,0.24689222183225945
0.27791323534318096,0.2465426962039828,0.22273610096927596,0.2528079674835603
0.28207188480833145,0.24599492296374412,0.22327393087720304,0.24865926135072144
0.28918523662317974,0.23958035219141363,0.22165153804293122,0.24958287314247538
0.29708428577339674,0.23879392769626362,0.218682173350698,0.24543961317964166
0.2871773006438188,0.2443580302957467,0.22218796634587853,0.24627670271455598
0.2899878463003996,0.24109207915993605,0.22137013730096997,0.24754993723869442
0.28815503221583455,0.24193389012970906,0.22104119018329765,0.24886988747115862
0.2923872903033668,0.24191565846705576,0.22072235679220917,0.24497469443736825
0.29687529394434853,0.2368932825511423,0.22046438419534878,0.24576703930916027
0.30706870932576424,0.23439843115593648,0.21699678795383728,0.24153607156446205
0.29891649925696323,0.23914651226223288,0.2200509432987212,0.2418860451820827
0.29964241032781774,0.23768638230297767,0.21933515758791866,0.24333604978128576
0.2946871371360312,0.23967008387278826,0.22046118115525806,0.24518159783592255
0.29558781108671156,0.24037259096868596,0.21991033766409324,0.24412926028050938
0.2929722473392071,0.23974511345494184,0.22117818783962076,0.2461044513662303
0.2961011856607323,0.2393249534848864,0.2193505437840751,0.24522331707030617
0.29128529687757726,0.24195029700656057,0.22137667786562126,0.24538772825024094
0.2925447564473537,0.24004693006367903,0.2205707799771649,0.24683753351180224
0.28131952305121244,0.2457302132685814,0.2218837481544881,0.25106651552571807
0.282355425591543,0.24654085978865575,0.22378841288276166,0.24731530173703956
0.2913497728689292,0.23776404483072844,0.22137628125043637,0.24950990104990597
0.30684333476132036,0.23463833526894612,0.2165183046728091,0.24200002529692435
0.30058087479380946,0.23820401646930647,0.2199176811060016,0.24129742763088233
0.3019477485317419,0.23634487757245798,0.21878298765030937,0.2429243862454908
0.29638960268227227,0.239793402601346,0.22009194375476412,0.2437250509616177
0.29468732118845364,0.24024871480262094,0.22040636028567562,0.24465760372324982
0.30166915728673915,0.23593797500689567,0.2189951672194927,0.24339770048687262
0.3059283634724232,0.2343072702713474,0.21814401337745515,0.24162035287877437
0.2963913283487201,0.2407475086197829,0.2199160409621117,0.24294512206938532
0.28386842163592124,0.2452383623725685,0.2228715242236435,0.24802169176786676
0.2803018421929088,0.24522932515458715,0.22265368402282576,0.25181514862967835
0.2920832476814746,0.2408073577420042,0.22102897052714127,0.24608042404937985
0.3049319502261074,0.23270618935771512,0.21836459135060615,0.2439972690655713
0.3158333101411972,0.23127205169907608,0.2152533293981476,0.23764130876157918
0.3096780501898462,0.2339012590289939,0.2183484134336982,0.23807227734746175
0.3064448036903395,0.23526554913024478,0.21810478917528053,0.2401848580041352
0.29981057737443495,0.2386381586174412,0.21968298611747591,0.24186827789064802
0.3036324627671002,0.23542936514295784,0.21860960696926166,0.24232856512068024
0.3069721906975895,0.2340836393684929,0.2179981611853974,0.24094600874852007
0.3008670479094127,0.2382999764782425,0.219175740866463,0.2416572347458817
0.29431517806804364,0.24085367155715162,0.2208113569018694,0.24401979347293543
0.2970544261593167,0.23793720496442683,0.21995967502249775,0.24504869385375883
0.296357064960761,0.23913738627969716,0.2196765417284957,0.24482900703104618
0.29852907556464137,0.23906445858974593,0.21963725533216258,0.24276921051345007
0.30715635219263154,0.2324148266121838,0.21813987069893148,0.24228895049625315
0.318530931807468,0.229334423769844,0.2150041913852238,0.23713045303746427
0.3124514487913425,0.23314429496675088,0.21769138908238994,0.23671286715951653
0.30577657230086935,0.23595896443112999,0.21843822344113467,0.2398262398268661
0.29929841498113424,0.23847380905892057,0.21981555878684242,0.24241221717310277
0.3003942749128141,0.23722493202992148,0.2192125987102643,0.24316819434700016
0.30209098602204226,0.2365277676985799,0.21888706431354918,0.24249418196582867
0.3002859698088458,0.23774302290017488,0.21925016128786554,0.2427208460031138
0.29959795113234694,0.23821354372561648,0.2194382575094907,0.24275024763254588
0.2988870007694572,0.23756503884357907,0.21970430210631908,0.2438436582806448
0.28898079244152136,0.24287721289980596,0.22088244257056314,0.24725955208810962
0.2926786565538068,0.24189411121652443,0.22163488229169828,0.2437923499379705
0.3123413879446419,0.22756194467236412,0.21699980039769853,0.24309686698529553
0.32184934846916985,0.22882041709270368,0.2150996360102481,0.2342305984278784
0.30870108318720146,0.23635280181314733,0.21816159109400718,0.23678452390564406
0.30647097001950835,0.23381188418997664,0.2187172928118188,0.24099985297869625
0.3024530628555109,0.23689962820644758,0.2188004097098978,0.24184689922814376
0.29463364007991705,0.24179109358048456,0.2206284619136679,0.24294680442593047
0.29350222582802427,0.23898183962295355,0.22116635657977984,0.24634957796924242
0.2952322240413659,0.23955479888877554,0.21940104087527976,0.24581193619457878
0.27389188468902004,0.24968519022951127,0.2231732972885041,0.2532496277929647
0.24971360786398927,0.2574528049920832,0.2238741332119084,0.26895945393201925
0.2281430850583596,0.26396808845869574,0.22189151080440206,0.28599731567854264
0.23180689721946496,0.2664201488028332,0.23258274183155478,0.2691902121461471
0.253090489806861,0.2526082740433755,0.22967731777417333,0.2646239183755902
0.2733026927252101,0.24558821138062814,0.2208332868564951,0.2602758090376667
0.26740680043803433,0.25284587271261,0.22423880509611124,0.2555085217532443
0.2629465568260459,0.2521882085301417,0.2268163376669607,0.25804889697685174
0.26595497473904306,0.2496631966978899,0.22336769711373172,0.26101413144933533
0.2734068290166302,0.24969856484080222,0.22503545425178959,0.25185915189077807
0.2775441113555727,0.24422846972430362,0.22330789804318485,0.25491952087693875
0.28404010553356646,0.2445357582781092,0.22081284118675898,0.2506112950015655
0.27687387894420584,0.247860078476833,0.2243509264293592,0.250915116149602
0.277046217097092,0.24576597070874298,0.22255413363192986,0.2546336785622353
0.27045810323789793,0.25041360698309917,0.22359188401233335,0.25553640576666947
0.27427272031183547,0.2484396811314766,0.2255472093583442,0.2517403891983437
0.287596674454942,0.23983480334964646,0.22118845182856967,0.25138007036684185
0.2981511508668878,0.23860449782416096,0.2186637625072378,0.24458058880171343
0.2981868810137768,0.23845762259182118,0.22006036370495827,0.24329513268944383
0.2985565803928276,0.23759047521600205,0.2194402323506781,0.24441271204049222
0.2922262118303043,0.24214471180066172,0.2206207060925771,0.24500837027645705
0.2934792433829292,0.24021699255687365,0.2211567746502447,0.2451469894099524
0.2976563369807293,0.2369893412326485,0.2195639421950208,0.24579037959160138
0.2948283971843944,0.2412811795788862,0.21979461341368273,0.24409580982303666
0.2838245768626213,0.24470008516976183,0.22298121577663266,0.24849412219098432
0.2882363477985588,0.2420891844851897,0.22119486648418227,0.2484796012320691
0.2861879004866321,0.24303653554648844,0.2217748486567913,0.24900071531008813
0.2959157682546719,0.23936654026841303,0.21983571562439647,0.24488197585251864
0.30855070619491676,0.23163626855856057,0.2176577208698911,0.24215530437663157
0.31819076270076013,0.22939622850920682,0.2155809255844949,0.23683208320553817
0.30602147487658315,0.23693307767345542,0.21878768782232808,0.2382577596276334
0.29222634698159355,0.24183132660729548,0.22121323991370953,0.24472908649740152
0.28554262914802686,0.2439168435910689,0.2220978686725579,0.2484426585883462
0.2872562127108541,0.24272113885075394,0.22176718643578625,0.24825546200260562
0.2932184997059148,0.23963171637778552,0.22043530047417545,0.24671448344212432
0.29915105897830924,0.2376056675818018,0.21913459715783862,0.24410867628205024
0.2968589501154579,0.23908458025444476,0.2199193816992414,0.24413708793085595
0.28812801797279686,0.24330818919393174,0.22132945905231063,0.24723433378096063
0.27461015246194004,0.24868981983894584,0.2234979693811697,0.2532020583179445
0.28270527606143003,0.2450288774645061,0.22389102934850183,0.24837481712556211
0.30666316740508537,0.23040397366358106,0.2174962939456435,0.24543656498569008
0.3169486873038744,0.23027726977022595,0.21603131248102736,0.23674273044487237
0.29955960396888126,0.24056340756898634,0.21988167995551336,0.23999530850661902
0.2842504315012467,0.24466158897519438,0.2229867488343276,0.24810123068923132
0.2829095629166677,0.24439299068658088,0.2220910742715884,0.25060637212516307
0.2890001209196368,0.24212682332013963,0.22168028286270272,0.2471927728975209
0.2933558448695978,0.23881091531983487,0.22032821209248277,0.24750502771808447
0.29237111552335426,0.24190099137900542,0.22013741889352345,0.2455904742041169
0.2792113319263461,0.2466655974474663,0.2233917000698523,0.25073137055633526
0.28046656290690075,0.2457700958876051,0.22278419667296903,0.250979144532525
0.27605428721488257,0.24675500904564288,0.22336084269489342,0.25382986104458105
0.2883890478392688,0.24264404001778242,0.22149296730892057,0.24747394483402835
0.29893586552961643,0.23552576328798533,0.21978280458478824,0.24575556659760994
0.30626090470810646,0.23491112647593576,0.2173786330235244,0.24144933579243336
0.2911885407227773,0.2432822860275662,0.2213724711497242,0.24415670209993243
0.2848358908333135,0.24403913205167477,0.2225474571124445,0.24857752000256705
0.28551440441762366,0.24302257208101694,0.221808487232128,0.2496545362692315
0.28785801304176456,0.24270241897674738,0.22127230822679358,0.24816725975469442
0.2855495177306372,0.24347939961783677,0.2219246178854728,0.24904646476605302
0.2839479730421114,0.24440066267094873,0.22193008798423614,0.24972127630270377
0.2799080221572184,0.24602925314930996,0.2229307515329225,0.25113197316054925
0.28143600980818273,0.24508869829412092,0.22264176011848116,0.2508335317792152
0.2771826163943232,0.24649569210512753,0.2227514156397593,0.25357027586078984
0.28429743059627166,0.24485199346255795,0.2226946575916656,0.24815591834950482
0.2970653055296853,0.23602321835643836,0.22010381979789995,0.24680765631597634
0.30783211845829805,0.23373434682160027,0.21703062093230385,0.2414029137877978
0.2960572829779763,0.2412487790442376,0.22037230262480606,0.24232163535298004
0.28902166494381165,0.24238897072978144,0.22186430409613278,0.24672506023027407
0.28696250643594573,0.24258340021006525,0.22143130592476595,0.24902278742922312
0.2878081155666847,0.24323503030235646,0.22149621491513538,0.24746063921582348
0.28504261036419004,0.24317969847710977,0.222128694758507,0.2496489964001932
0.28216653774701556,0.24527127032127388,0.22176814451472096,0.2507940474169897
0.2748992141166579,0.2486197383416921,0.2241276993031186,0.2523533482385314
0.2731872841027075,0.2477725082764745,0.22363917992534102,0.25540102769547696
0.26614557898192154,0.25121303336182227,0.2235298269927788,0.2591115606634774
0.2724815171155465,0.2500129271464044,0.22638482563875645,0.2511207300992927
0.29310535595936776,0.23614624252626984,0.22057399030742572,0.2501744112069367
0.3065900437829323,0.23436715676338107,0.2169743190205985,0.24206848043308807
0.29849223168914424,0.24036880847801506,0.21992910167102767,0.2412098581618132
0.2960420011811128,0.23836388997465485,0.2206250643044174,0.24496904453981486
0.2944134549802408,0.23994543433318175,0.21981215903092677,0.24582895165565066
0.2904059345908233,0.24302226804231017,0.22145842214010225,0.2451133752267642
0.2848650757162583,0.2426786166297604,0.2222098432517245,0.2502464644022568
0.2812729821424155,0.24618203882131176,0.22166691855300674,0.25087806048326605
0.27064173419658943,0.2503249930124375,0.2252546365140282,0.25377863627694486
0.276482314624004,0.24613942946156905,0.22334866447355817,0.25402959144086873
0.2714430499458745,0.2487076158791243,0.22293989403493286,0.25690944014006845
0.27574508916075585,0.24891761861683004,0.2246253371060862,0.2507119551163279
0.2866127351284225,0.24026557391507672,0.22249654959341975,0.25062514136308117
0.3037337270519326,0.23486644460802467,0.21721028177127916,0.24418954656876365
0.30249118564742206,0.23773972519471728,0.21899261844278622,0.24077647071507438
0.30712953176797736,0.23351531746659115,0.21800714786843678,0.2413480028969946
0.30296796433782514,0.23653987758759304,0.2189691238670304,0.2415230342075514
0.2882048786842263,0.24452229950025003,0.2214362430710788,0.24583657874444492
0.27325577310776933,0.2489694427569473,0.22453658253027103,0.2532382016050123
0.2715646731042193,0.24877302496870035,0.2236304956403403,0.25603180628673994
0.27263162488405684,0.24897132609404138,0.22457126224495425,0.25382578677694756
0.27923328854042023,0.2448753066733172,0.22289366749657105,0.25299773728969155
0.2792239714719198,0.24584734223630825,0.22207273519295131,0.2528559510988208
0.284383354693154,0.2448858052348383,0.2229186527093997,0.24781218736260796
0.2982159726836676,0.23543682952756873,0.21970087448931672,0.24664632329944697
0.311729846675282,0.23204241832995212,0.2161714678675582,0.24005626712720773
0.29862784650600877,0.23972476511957172,0.22012535378155137,0.2415220345928682
0.2879542665496445,0.2438513554604468,0.2217937990709066,0.24640057891900213
0.28463803728843956,0.24355602991129283,0.22267368557726386,0.2491322472230038
0.2945951986400654,0.23903495041599662,0.219810655906984,0.24655919503695406
0.28741167696793946,0.2427447799163712,0.22134441827179965,0.2484991248438898
