0.32091644816999493,0.22216545847547559,0.21936798883748704,0.2375501045170425
0.32101744526999754,0.21709542685872923,0.22326352214904102,0.2386236057222322
0.30034460481320646,0.22692608332642636,0.22125539960788465,0.2514739122524825
0.31641739214075193,0.2271391865606382,0.21606748645500967,0.24037593484360015
0.32242789684289475,0.22131870828058717,0.22045960067226866,0.2357937942042493
0.3203527934192262,0.21836975948079915,0.22603030098286428,0.2352471461171105
0.3320925167335379,0.21268955223615324,0.22464495567205972,0.2305729753582492
0.31583054476728534,0.21891983786286967,0.2213811082583818,0.24386850911146318
0.306196158129965,0.22962003163096367,0.21971916738495995,0.24446464285411126
0.3185151018676469,0.23123419865672723,0.21473902214079507,0.23551167733483092
0.3239348158671726,0.2162144202420798,0.2250391203149489,0.23481164357579873
0.3202927231847603,0.21661234188230719,0.22602736136364185,0.23706757356929067
0.3257729599233221,0.21347943793264482,0.22409147189664996,0.23665613024738316
0.31548851405618655,0.2164008885714383,0.2207893629788023,0.2473212343935729
0.3046040605736391,0.22255164505206007,0.22048512807609794,0.25235916629820293
0.3196605748328486,0.22304625242939236,0.21664236580298035,0.24065080693477875
0.325052176967912,0.21208929001703108,0.22528123429481844,0.23757729872023842
0.3130584895020078,0.21985788916276747,0.22422918584985213,0.24285443548537247
0.32146542079857177,0.21812555436452602,0.22070415867313609,0.2397048661637661
0.2998005091534551,0.23359048170030378,0.21577711067379574,0.2508318984724454
0.29974427218299726,0.2377145022973453,0.21699591575726865,0.24554530976238886
0.3166024304543651,0.2324512932789379,0.21552953165392902,0.2354167446127679
0.32217318388671806,0.21612114079381378,0.2268077852488159,0.2348978900706523
0.32167235001161,0.21804597446804033,0.22548733787224784,0.23479433764810181
0.33181263924793003,0.21065650639551667,0.22395807463395515,0.23357277972259816
0.3240919270665573,0.21460799687141766,0.22209783348630613,0.23920224257571893
0.31478606205485005,0.2242971638834405,0.22225368144097304,0.23866309262073646
0.3272911638176824,0.22500847357260614,0.21745575285583385,0.2302446097538776
0.3297185078359538,0.21178501948768436,0.22568239961119602,0.23281407306516574
0.3145647855392181,0.22484522984282534,0.22322069283934193,0.23736929177861463
0.3387133777858516,0.21595873774576804,0.22236590096498873,0.22296198350339164
0.3285571956968293,0.21755680445225958,0.22264893919368325,0.23123706065722777
0.3215582651965172,0.21755061191494568,0.22700948398300777,0.23388163890552938
0.3328838859520174,0.21989757920367048,0.2195316073063139,0.22768692753799816
0.3328961907774291,0.2131727251270605,0.22516232796950544,0.2287687561260049
0.3358602626822126,0.21038478090900478,0.22713233531659657,0.22662262109218617
0.34092619366459614,0.2064184251525075,0.22663521632430614,0.22602016485859008
0.32802263056445663,0.21282844070810408,0.22481592633474415,0.234333002392695
0.317844762643836,0.2180821592859906,0.22255691568388514,0.2415161623862882
0.3283536225402656,0.21706066233660035,0.21831556601021973,0.23627014911291433
0.3375987258916655,0.2081470769188764,0.22743311375231232,0.2268210834371458
0.3377721233407977,0.2096810429795794,0.22709664036823574,0.2254501933113871
0.3414225029811301,0.20446240875314084,0.2268806958608274,0.2272343924049017
0.3065813476195217,0.22585028327126824,0.22023074616444224,0.24733762294476788
0.30589015241856365,0.23760242536716814,0.21501831513302394,0.24148910708124424
0.3196998997624212,0.2392914582739265,0.2121681099764611,0.2288405319871912
0.3316297739487741,0.20978026505955316,0.23095747894354945,0.22763248204812325
0.33477006541513754,0.20654960398132052,0.22985800851508104,0.22882232208846087
0.3389434882985103,0.20410879116560954,0.22721575769780591,0.22973196283807432
0.3278165697886732,0.21050067576552728,0.22227741337916845,0.23940534106663097
0.3159423405548514,0.219890430187362,0.2212282874365143,0.24293894182127218
0.32456119021516666,0.2251903269123081,0.21689153478819834,0.23335694808432678
0.3365135563164327,0.2102194617983345,0.22577605578713414,0.22749092609809868
0.3238555082040228,0.21658659239233113,0.22646569972208475,0.2330921996815613
0.33063919903255745,0.2167431964045069,0.22340270674524826,0.22921489781768747
0.3175925123373549,0.22624826262049624,0.21832299233532557,0.23783623270682328
0.30785543642484414,0.22971523209075848,0.22030762703689283,0.2421217044475047
0.3281630761584503,0.22437972694460254,0.21873223663055874,0.22872496026638844
0.3401820147025048,0.20647484531043792,0.22940799645991392,0.22393514352714336
0.3400901003827185,0.20300249342413482,0.2310548298762933,0.22585257631685338
0.338303440282637,0.2038380118937938,0.22704937754136295,0.23080917028220624
0.3218237620592328,0.21612665597522895,0.21965844738113152,0.24239113458440684
0.311875977373099,0.2281114270383886,0.21842294733788636,0.24158964825062607
0.3264638644508852,0.2277509964893079,0.21609942218742662,0.22968571687238037
0.3391572861811338,0.20618807699096878,0.22977140379059413,0.22488323303730332
0.31946966675610633,0.21801592733321773,0.22682264263839474,0.23569176327228114
0.33118531022205294,0.21443970474163732,0.223003566581886,0.23137141845442377
0.3125169076848318,0.22348316471768903,0.21733211532440666,0.24666781227307236
0.30458311449257025,0.2281053861170601,0.22090252908836064,0.24640897030200912
0.33319030312149894,0.21994365088496365,0.21914911046959296,0.22771693552394437
0.3372802753092098,0.19947968901605484,0.2326340277835757,0.23060600789115962
0.3151881453534791,0.21443377069501207,0.2279282132019667,0.2424498707495421
0.32629928837146804,0.21234010921067137,0.21945805205798316,0.2419025503598774
0.3031943359082915,0.22720238892100678,0.21356171433635393,0.25604156083434776
0.29959699456273287,0.23565686467769237,0.2181150883020417,0.24663105245753303
0.3236881234506627,0.22751468786917145,0.21640881095557687,0.23238837772458906
0.32331172134213226,0.21047725758101213,0.22870234400225237,0.2375086770746032
0.3089415844238976,0.22701499914921416,0.22310341132506423,0.24094000510182398
0.3281053836721705,0.21930519882392702,0.21958159762083673,0.23300781988306565
0.31082840726577277,0.22673583028217545,0.2185309258531926,0.24390483659885917
0.31027751585278845,0.22741796315633123,0.22282219978084622,0.23948232121003404
0.3271627815568095,0.22525518124791802,0.2175213165496711,0.23006072064560137
0.3287987854427542,0.20913753880807567,0.2287020610535618,0.23336161469560832
0.31657934788516945,0.2190351612586791,0.22449622496316002,0.23988926589299142
0.3333469375931016,0.21163187713909726,0.22262717110443753,0.2323940141633637
0.31729212377913507,0.21879769073201774,0.2212610817992807,0.24264910368956644
0.30609938153816363,0.2237705605946045,0.22314740202231506,0.24698265584491677
0.32756043367345644,0.21876661934350505,0.21706129835308302,0.23661164862995543
0.3229033847141868,0.21174180346924423,0.22650777854831725,0.23884703326825169
0.3187748464265657,0.22258336828488365,0.22295949660042041,0.23568228868813013
0.3358211385538658,0.21028011630010499,0.22254670912945976,0.23135203601656942
0.29659923381069264,0.22896466487508282,0.22025388896869888,0.2541822123455257
0.30860797426781805,0.23452480140810178,0.2171392092357577,0.23972801508832245
0.3211097491733101,0.23457281338043062,0.21341184716233458,0.23090559028392463
0.3288404101025004,0.2109207661306673,0.23002213421227136,0.23021668955456098
0.32616237695489153,0.21537074057659314,0.22664151799857354,0.23182536446994173
0.32623756426348766,0.21562915967911497,0.22246594766585143,0.23566732839154603
0.3178151844407735,0.2175626124273194,0.22110054608701335,0.24352165704489379
0.30881029994749065,0.2250254882861486,0.21896017297610462,0.24720403879025604
0.3368434235540486,0.21580399117373245,0.221751143572978,0.22560144169924085
0.34074752394355917,0.20326517295300517,0.22985714729841017,0.22613015580502552
0.32566927218806385,0.21218781357499703,0.2282380663338958,0.23390484790304325
0.32787153417913945,0.21662340659354154,0.22065217265169315,0.23485288657562595
0.3002599848071842,0.23980740251020968,0.2130042576974441,0.24692835498516189
0.3176525299750733,0.23448071138954413,0.2172718096295998,0.23059494900578273
0.33100665850721434,0.22358125479989333,0.22076002090823937,0.22465206578465288
0.33379931371854,0.20720364243525288,0.23281183104329395,0.22618521280291315
0.3352312754709772,0.2095724205558398,0.22636629534953934,0.22883000862364367
0.33486064573437,0.20730016263492895,0.22390509475884196,0.23393409687185898
0.3270520475912471,0.2154740387766342,0.22282770747055541,0.23464620616156331
0.32799807382000906,0.21861726206129806,0.22206260515409415,0.23132205896459876
0.34060570036327514,0.20790465762852053,0.2249263492349985,0.2265632927732059
0.33455975886231476,0.20603394360439098,0.22863147114112028,0.23077482639217398
0.3298877157462831,0.21782182258737035,0.22330065762998952,0.22898980403635708
0.3363109867586418,0.2164609137434116,0.22100953139797844,0.22621856809996813
0.3136646196103062,0.22492712104113,0.22141528165216567,0.2399929776963981
0.32162286644417304,0.22468109083224677,0.22129687710106788,0.2323991656225123
0.3332076281313036,0.22237681262372938,0.21960810238261863,0.22480745686234838
0.33980673209201934,0.2052901215078332,0.23103012097293993,0.22387302542720744
0.3376679405899751,0.2048043963894823,0.22898239431082731,0.22854526870971525
0.3379684813658708,0.20574252033896523,0.2253566434733936,0.23093235482177035
0.3291044499664004,0.21440638777322638,0.22252066765485362,0.23396849460551944
0.3158997785746393,0.22264359460495006,0.22088241046713622,0.2405742163532744
0.33906706237146567,0.21082430728282073,0.22188575116691917,0.22822287917879447
0.33973137229815453,0.20643792158099628,0.22869999073555014,0.22513071538529905
0.3251795723072564,0.21923629872481476,0.22605089638705972,0.22953323258086913
0.3427573880342447,0.20982749030584316,0.22149214096806455,0.22592298069184763
0.30735138533752837,0.22538296624144685,0.22050320862857364,0.24676243979245122
0.30816037325924095,0.2392228889378799,0.21740716686374242,0.23520957093913666
0.3388787689669902,0.22605994396946338,0.2171695262645228,0.21789176079902361
0.33355951760146463,0.19890081411628116,0.2362717271125267,0.23126794116972746
0.3210646971448731,0.2134309116187905,0.22853534298479258,0.2369690482515439
0.3307235950604509,0.21284166798268367,0.22013689407094741,0.23629784288591796
0.29369197061918567,0.2136559684180191,0.22076342084367068,0.2718886401191245
0.28303647099532675,0.22244716444519352,0.2169563734787683,0.2775599910807114
0.3048050406556774,0.21721935715764376,0.21311963355337732,0.2648559686333016
0.3129082483964268,0.20227127976769493,0.22753338926807326,0.25728708256780497
0.28401793902883554,0.21838780636761135,0.22515976168036475,0.27243449292318833
0.2770041169985267,0.222731589449388,0.2097862042634631,0.2904780892886223
0.24653293788990294,0.23950269267658447,0.19513476942158722,0.3188296000119254
0.24005522617739666,0.2730279021546153,0.19665928121593826,0.29025759045204974
0.28714641431532445,0.2594903092029665,0.20626746824962172,0.24709580823208727
0.2856468888561586,0.2277659337880404,0.226762231521069,0.2598249458347321
0.2730236470674177,0.24170079988773704,0.2220029867666786,0.26327256627816675
0.3023538328587502,0.2316922787534694,0.21357328874407996,0.2523805996437004
0.273812780116386,0.2404949176650532,0.2135952634821807,0.27209703873638014
0.2874527071462726,0.24184301012187331,0.21621175850748356,0.2544925242243706
0.31032359491917844,0.22762487337465773,0.21546258787287298,0.24658894383329086
0.30136171797320627,0.22105943045226104,0.22571791385802661,0.25186093771650603
0.3095811990604121,0.22908645953647855,0.22014470583500842,0.241187635568101
0.3178009932869043,0.21964764940891898,0.2183784972491095,0.24417286005506708
0.28340074971265483,0.23897413214757085,0.21904397353868643,0.2585811446010879
0.3020502950138012,0.24223589317621264,0.2132550765865411,0.24245873522344502
0.31927452382632027,0.23141956204650502,0.21565658651409436,0.23364932761308044
0.3082388750600585,0.2226353953890266,0.22834388241831408,0.24078184713260084
0.3230873074554662,0.22091471293358908,0.22299830474979143,0.23299967486115325
0.32496881557518603,0.21203962225423684,0.22273512855536123,0.24025643361521598
0.30809911694814174,0.22186772910084493,0.2215562592324338,0.24847689471857953
0.32297858672543484,0.22161094882719193,0.22045555104935888,0.23495491339801447
0.3305124297946447,0.21473364744787274,0.22113488559897132,0.23361903715851123
0.3321972964497108,0.2070822455937609,0.22944009194821569,0.23128036600831262
0.3171046309506121,0.22535342645139478,0.22155307500473317,0.23598886759325988
0.3200966120253767,0.2248388946837197,0.21861988390651696,0.23644460938438658
0.30184466604333077,0.23438586033624728,0.2166530051688466,0.24711646845157534
0.30917470715451584,0.2332122377040535,0.2179369968984707,0.23967605824296
0.33140241226938727,0.22043587923626767,0.22192281932477909,0.22623888916956603
0.34046237143063446,0.20018297441016403,0.23245891804360333,0.22689573611559813
0.3348077574763518,0.20297059773502435,0.23038475040557413,0.23183689438304977
0.3251489431086046,0.21205875659769138,0.2225122393955149,0.24028006089818912
0.30843628327057987,0.22613370202264,0.2159739910935678,0.24945602361321229
0.301818709016124,0.23153101993625225,0.21557574779883734,0.2510745232487864
0.3226140813253517,0.22234012272626655,0.21807036368105642,0.23697543226732531
0.3387712693943508,0.20768335653468808,0.22898932305728012,0.2245560510136809
0.32448732347560755,0.2147971044990982,0.22809505557277435,0.23262051645251985
0.31849432878619915,0.21791972468318407,0.22171880747760478,0.24186713905301213
0.2913970633277055,0.2334853143860686,0.21269578273912018,0.26242183954710574
0.2980742453511406,0.24912362338980815,0.2089116575863062,0.24389047367274505
0.3316027577905434,0.22614381903727604,0.22104960879011712,0.2212038143820635
0.33117540728155603,0.19995258441165636,0.23566774437805385,0.2332042639287337
0.31564277300990506,0.21329273182383243,0.22875222151930097,0.24231227364696148
0.3163711302399121,0.2172659994813156,0.2168756263253564,0.24948724395341587
0.3015716014167953,0.2307720452934301,0.21130845257497083,0.2563479007148038
0.30783763253363666,0.22864752425172621,0.21986384195792166,0.2436510012567154
0.32352690549219715,0.21773452457178,0.22079156200486927,0.23794700793115361
0.32747269617551517,0.2080468933872432,0.2288642194370392,0.23561619100020248
0.30276588311184105,0.2292289861378771,0.221200465746453,0.24680466500382886
0.31166412100221036,0.22598349135984197,0.216550375055385,0.24580201258256273
0.2945634936432661,0.2376199930949173,0.21269333130373846,0.25512318195807804
0.3048384031323732,0.2348811299873693,0.2181916502299442,0.24208881665031337
0.32522462944106256,0.2229279339478722,0.22107107403379758,0.2307763625772676
0.3228664619476954,0.20702211709888804,0.22990297197919188,0.24020844897422475
0.3089008300041748,0.21834023962879878,0.2241897550862477,0.24856917528077874
0.31291208060749426,0.22163461550347402,0.21674426789620665,0.24870903599282498
0.30900222086077,0.2258659276998333,0.2164747508965324,0.24865710054286422
0.3024115963504809,0.22477772212887906,0.22175618000587557,0.25105450151476455
0.3170113823497346,0.22040115738272983,0.2187036653438584,0.24388379492367707
0.3220806040138194,0.21575096227314097,0.2229595560278445,0.239208877685195
0.3041493256578733,0.2301235512902062,0.221585347647367,0.24414177540455365
0.3142173239046597,0.22583055537854618,0.21877009366473985,0.24118202705205422
0.2972586646330067,0.2330565435118069,0.21539516222089558,0.25428962963429064
0.2989588096639339,0.2384027216246028,0.21701148790819166,0.2456269808032716
0.3243669201536054,0.22776772653503485,0.21835370273275206,0.22951165057860767
0.32308247159865805,0.20833307383725538,0.2299778819306802,0.23860657263340634
0.3064381225531166,0.21864251314458616,0.22581211413511715,0.24910725016718016
0.3182230476024149,0.21737496670380693,0.21801240143039435,0.24638958426338395
0.3023052307430868,0.2237520324415014,0.2172479259754008,0.25669481084001106
0.2962173055762125,0.2266753196371909,0.22019304860538635,0.25691432618121035
0.3189534500699675,0.21728488871674256,0.21717874880047558,0.24658291241281435
0.3166175830748232,0.21433084915601447,0.22408035050454125,0.24497121726462104
0.3009594127579679,0.23136314144451228,0.22185911720846824,0.24581832858905167
0.3155546465056292,0.2241094102730172,0.21606089835315348,0.24427504486820004
0.2856139497755753,0.23835953464314766,0.2148478100579005,0.26117870552337663
0.28857469441106987,0.2518413763148189,0.21310665791303565,0.24647727136107567
0.32346265777414407,0.23487052486160268,0.21537247836212697,0.22629433900212614
0.3113216903948289,0.21344487779830482,0.23116250854526763,0.2440709232615986
0.30529156132572,0.22351980527695164,0.22486273042641267,0.24632590297091575
0.3263944062343777,0.21418690313416222,0.21935629091855435,0.24006239971290572
0.30776906616646,0.21616818445837507,0.22136800379072785,0.254694745584437
0.30470593936453294,0.22256354252105884,0.22293904182571367,0.2497914762886946
0.31784965823265243,0.21725563894207817,0.21603157448735572,0.2488631283379138
0.3120269169500825,0.21393529549197346,0.22288357962283784,0.25115420793510607
0.29842297174357996,0.23530426979159716,0.218007496394847,0.24826526206997585
0.32031868630304416,0.2241156741197741,0.21690360274650064,0.23866203683068116
0.297837822510328,0.23416893021153234,0.21827820441878698,0.24971504285935278
0.29103303187405766,0.24353507568666585,0.2190592554045883,0.2463726370346881
0.3119039150314523,0.2405500618998945,0.21309010457418212,0.23445591849447106
0.3090516093249365,0.2210958689789196,0.22418141758815185,0.245671104107992
0.30697530634499626,0.22185150549378221,0.2240142565820517,0.2471589315791698
0.33356579573134126,0.20927273088373538,0.2243893275932037,0.23277214579171962
0.325612407178409,0.2034168220187139,0.22768635195494366,0.24328441884793348
0.3045085435212471,0.21525024469664686,0.22487469751309277,0.2553665142690133
0.3151642932124114,0.22060611962312518,0.21272523252731007,0.2515043546371534
0.30746877423969615,0.22737758166065494,0.2153911487303168,0.24976249536933215
0.3013168095245845,0.23790195083088758,0.21884783998530538,0.24193339965922253
0.3095784926181373,0.23012600378686407,0.2196985337060607,0.2405969698889379
0.29262789896834573,0.2350352596098016,0.21693544218085586,0.25540139924099675
0.30564267314495225,0.235167270230092,0.21673339323431245,0.24245666339064317
0.3245657848044728,0.22854468332177777,0.21844368380551973,0.22844584806822965
0.32432264613371325,0.20897817994668572,0.23154055470191037,0.23515861921769085
0.3119264129536474,0.21445364499493202,0.22522078233314535,0.24839915971827503
0.31556173806385174,0.2140702605506731,0.21922043892627988,0.25114756245919534
