0.2824498886872489,0.2352912967757574,0.23406278546864645,0.24819602906834706
0.2812485219721752,0.2339314796608309,0.237096414800833,0.2477235835661609
0.2816084686093303,0.2334134214660256,0.23813169693764602,0.24684641298699814
0.28125274440045034,0.23488517904659725,0.2348677144963766,0.2489943620565758
0.2807467922295921,0.23558558133530333,0.2335170171713647,0.25015060926373994
0.2808122544265365,0.23253541201475872,0.24014624232191972,0.24650609123678496
0.2805043143753399,0.23298156030863754,0.23912935911609562,0.24738476619992691
0.2833699580669047,0.23377579390019126,0.23728531725821955,0.24556893077468442
0.2822423266505009,0.2336446739694062,0.2376787282577957,0.24643427112229707
0.280777775129185,0.23691373758255918,0.23044868920578296,0.25185979808247283
0.2816589969456346,0.2335696243081598,0.23815586496535585,0.24661551378084978
0.27934871367175784,0.2313009373491654,0.24324053003872745,0.24610981894034928
0.2838839018442505,0.2332185604889574,0.23834216195118768,0.24455537571560446
0.2837304498256436,0.23386854586774675,0.23715223726646684,0.24524876704014278
0.2838102956445114,0.2336168438106795,0.23774123619427423,0.24483162435053504
0.2818233614227792,0.2359878536813763,0.23248629762399944,0.24970248727184488
0.28238086411308677,0.23452361613154799,0.2360375960892012,0.247057923666164
0.28013286638412216,0.2327179164550642,0.23986015372216254,0.24728906343865115
0.2820632616070437,0.2343091660956738,0.23605251565411786,0.24757505664316468
0.2805971426090819,0.2361722804664972,0.23216070224601207,0.25106987467840874
0.2797404912106467,0.23503307742700535,0.23482392768510443,0.2504025036772436
0.27665387739897984,0.2362777839800663,0.2319198219121291,0.2551485167088247
0.280118911235018,0.23223514686379068,0.24079881504780581,0.24684712685338547
0.27820821057350115,0.23143341951217108,0.2430636637004522,0.2472947062138755
0.28407460832138687,0.23343099236394596,0.23788914031993816,0.24460525899472899
0.2831349238567337,0.2331552820467629,0.23875729128052633,0.24495250281597702
0.2835043362137174,0.23417169781908673,0.2364545119200798,0.2458694540471161
0.281652304229473,0.23655586560344782,0.23132628192641827,0.250465548240661
0.2822476242555469,0.23319214549404493,0.2388863950666248,0.24567383518378338
0.28008321835794836,0.2320158641595254,0.24153863266226788,0.24636228482025838
0.283333119429268,0.23482541633959783,0.23489329895754082,0.24694816527359334
0.2824380560372787,0.23451315540816003,0.2358704122234811,0.24717837633108009
0.28332455823931596,0.2304437063024859,0.24471561416457724,0.24151612129362085
0.2819285374208488,0.2349230639216597,0.23474822887736688,0.24840016978012464
0.28649548812753667,0.23399412232754854,0.23744295531091045,0.24206743423400434
0.2815158176097108,0.23159148673957583,0.24273848204293863,0.2441542136077747
0.2861868897729218,0.23317134100843612,0.23852275879377866,0.24211901042486336
0.2854920893415857,0.23301996990717333,0.2390766988327043,0.24241124191853677
0.2857093014699035,0.23352904399774332,0.23791719662460936,0.24284445790774384
0.2848823782319782,0.23488508371410013,0.23497542307981967,0.24525711497410194
0.2846766059097084,0.23386420553906248,0.23733028758781935,0.24412890096340972
0.28299211475087727,0.23355247392530154,0.2379216360058364,0.24553377531798473
0.284768778702592,0.23278464394247078,0.23952392813983092,0.2429226492151064
0.2835565429153221,0.23363065647385073,0.2376957612033311,0.24511703940749607
0.28409141554997175,0.2354915955209656,0.23367196773499996,0.2467450211940627
0.27958588066041723,0.2381245827446963,0.22803901789188633,0.2542505187030002
0.2816920497745239,0.23161525849311235,0.24236945530211873,0.24432323643024492
0.27847077602317966,0.22908224375461686,0.2490380026456624,0.24340897757654117
0.2870711828299056,0.232399355265296,0.2400018326700456,0.2405276292347528
0.2862887663459093,0.2337060306901478,0.23754114870334814,0.24246405426059472
0.28625266210788475,0.23438328091442298,0.23613980455025632,0.24322425242743598
0.28308455745678945,0.23670218262199988,0.23104125722037056,0.24917200270084017
0.2829841907607824,0.2345241566485571,0.23615060072088362,0.2463410518697769
0.2805680486299086,0.23204001920266393,0.24142531113220625,0.24596662103522135
0.283290414781627,0.23344938636557414,0.23790795298074702,0.24535224587205196
0.2825345643011156,0.23550654661960743,0.2335573605658684,0.24840152851340852
0.28305629556674955,0.2332717520553398,0.2386218288570171,0.24505012352089367
0.2802193897100614,0.23466884550036973,0.23545298755928526,0.24965877723028354
0.284088779818253,0.23290041495841,0.23939662599273062,0.2436141792306065
0.28203158760823466,0.2299914541059969,0.24614514941781426,0.24183180886795416
0.28631180807369644,0.23212059892352685,0.2407939672532369,0.24077362574953967
0.28691681542794556,0.23440504803790765,0.2359645244648508,0.2427136120692961
0.2853398159101261,0.2357478412777135,0.23324393942521776,0.24566840338694276
0.2818277840691842,0.2369783353665879,0.23061440482885184,0.25057947573537603
0.28210932076753426,0.23269809085258458,0.23994267726369534,0.24524991111618571
0.28042479802373305,0.23125690970294163,0.24328232487641324,0.24503596739691202
0.2849621461452107,0.23332915190602393,0.23812619693922257,0.24358250500954268
0.2836150313696035,0.23508263321541553,0.23450764200847857,0.24679469340650248
0.28448578220434867,0.23300074452254863,0.239204480354302,0.24330899291880068
0.28059817022566647,0.23603138469595372,0.23239176345497353,0.2509786816234063
0.28529318600207826,0.23225211464515472,0.24107320839065272,0.2413814909621144
0.28041127151285694,0.22971182934780696,0.24747046384032542,0.2424064352990107
0.28672218464638594,0.2351651288854475,0.23399774093503814,0.24411494553312832
0.28423030568134494,0.23677664948414945,0.23118835288676026,0.24780469194774524
0.28125881381026857,0.23523820817876606,0.23446308405665298,0.2490398939543123
0.2776211967921709,0.23717292470150939,0.22997205659180225,0.2552338219145175
0.2808148743320085,0.23191111739132833,0.2416137403610952,0.245660267915568
0.27766153607006616,0.2315972046280484,0.24297512345787997,0.24776613584400545
0.2832947940398805,0.235775306596063,0.2328688672038088,0.24806103216024777
0.2809337559626667,0.23489859540008412,0.23510647219699313,0.249061176440256
0.28103476376169073,0.23244632090863104,0.24031473039194703,0.24620418493773125
0.2796164764923732,0.23602727713533317,0.23226831819179172,0.2520879281805018
0.28361104353064076,0.2322151483664883,0.24103720483181068,0.2431366032710602
0.2794425052065065,0.23122082292742507,0.2438218011793782,0.24551487068669017
0.2858212760060422,0.23427670675264534,0.23610571639991754,0.2437963008413948
0.283333415071787,0.23469515084256218,0.235452466672738,0.24651896741291277
0.28399551823032276,0.23305452707390392,0.23902346175290903,0.24392649294286425
0.28130171095411227,0.23555285945727522,0.2334226579299119,0.24972277165870066
0.2840754421876228,0.23358741882794606,0.2380894742866331,0.24424766469779793
0.28006087683219894,0.233344712167648,0.2386140810904833,0.24798032990966978
0.2832534483900498,0.23519442840239863,0.2342922887102595,0.24725983449729194
0.2815262479033309,0.2336199887157594,0.23781793469275922,0.24703582868815052
0.281300586099766,0.23405172007805478,0.23671910099722818,0.24792859282495114
0.27866405562619556,0.23833990367436828,0.22736699750424205,0.25562904319519425
0.2816095657075882,0.23131451544305556,0.24307238301589446,0.2440035358334618
0.2768571618729914,0.23085477693272521,0.24529265656283508,0.24699540463144826
0.28615727349357667,0.2341032713646258,0.2365223043651595,0.24321715077663808
0.2832264188140935,0.23328711481471823,0.2385807555187217,0.2449057108524667
0.2840854324934255,0.23406900005788298,0.23669370274180773,0.2451518647068837
0.2827501068204223,0.2352766077836249,0.23411932331035076,0.24785396208560206
0.28295755939011097,0.2335719738680482,0.23794028300919667,0.24553018373264404
0.2828639500607496,0.23046364208970677,0.24477841986140428,0.24189398798813938
0.2836339151522661,0.23450783561211636,0.2355553266640013,0.24630292257161615
0.2839273505869097,0.23713932636402266,0.23046139565063514,0.24847192739843252
0.28012991897719486,0.23522398151806678,0.2345012485863678,0.25014485091837046
0.27840729997949226,0.2353216368687499,0.23401608337771132,0.25225497977404665
0.28244614962889353,0.22933948516094663,0.24696584708177755,0.24124851812838244
0.2804101220132626,0.23092855559470962,0.24446237334267304,0.24419894904935485
0.28864180959100616,0.2332503798000626,0.23845037737413463,0.23965743323479646
0.2849166036109851,0.23354074136439915,0.23805966997391095,0.24348298505070487
0.285905428758379,0.23549322111477902,0.23372298586699655,0.24487836425984538
0.28409543557735356,0.2340770746533223,0.236914491488286,0.24491299828103824
0.2839685938733741,0.2315461167405986,0.24233437664044766,0.24215091274557965
0.2840810735982802,0.23367383462090296,0.23750994212208432,0.24473514965873253
0.28460181683875196,0.23622421865487364,0.23216762625223872,0.2470063382541355
0.2829754542851777,0.23373377412320598,0.23769799147692394,0.2455927801146925
0.2818674020505049,0.23254870570233555,0.24014946505808132,0.2454344271890782
0.2824194589831531,0.2356868097909081,0.2330381406939718,0.24885559053196693
0.2846039609527961,0.23151735249296573,0.2424378925819936,0.24144079397224455
0.28182717588656314,0.2302175373239036,0.24590265289420302,0.24205263389533016
0.2881060503628727,0.23271628262021812,0.23945823843659772,0.23971942858031156
0.28641311587910684,0.23462256827729336,0.23555254109869353,0.24341177474490625
0.2860088607154366,0.23534718327697568,0.23418965670148142,0.2444542993061063
0.28360339258060263,0.23417707784802178,0.23666154008114776,0.2455579894902277
0.2835899995098186,0.23310785718530827,0.2388649997162391,0.24443714358863408
0.28358051944745566,0.2333090110849563,0.23837011696925142,0.24474035249833664
0.283685385591355,0.2347268275916293,0.23526115172950413,0.24632663508751154
0.2840077164203086,0.23306633424160306,0.23901182983671354,0.24391411950137484
0.28229570996380415,0.23390724064168697,0.23710088108958663,0.2466961683049221
0.2810928632472681,0.2381067188025167,0.22798545574880583,0.25281496220140937
0.2842634754305969,0.22876710430111136,0.24839353432936992,0.2385758859389218
0.27843944034659474,0.22734793255463476,0.2543647766058187,0.2398478504929519
0.28966604496955106,0.23665052886841287,0.2306470769735625,0.24303634918847355
0.288091366725883,0.23447671475887352,0.23658371436701675,0.2408482041482268
0.28340833533422727,0.23217054481054394,0.24130746714364598,0.24311365271158283
0.284223184456609,0.2372530655627024,0.22960451052505404,0.24891923945563457
0.28429400285311046,0.23409383397927538,0.23729215862066813,0.244320004546946
0.2799632374835121,0.23253044645386442,0.24055589138586989,0.24695042467675354
0.28259176894167964,0.23634992555856688,0.23163382528487717,0.24942448021487632
0.2770728848966858,0.23927791694681322,0.22572490145449106,0.25792429670200995
0.2697156202905431,0.24050903687461725,0.22349961256320008,0.2662757302716396
0.2623405115123482,0.24084355891855605,0.2226600767544353,0.2741558528146605
0.26601801187406526,0.23348313444982535,0.23804134281087094,0.2624575108652384
0.2701133955717064,0.22942880130562804,0.24793742943883873,0.2525203736838269
0.2753574948375794,0.2361075159539828,0.23176117461046158,0.25677381459797616
0.27585018823609614,0.23673828972220573,0.23137319683943483,0.25603832520226333
0.27410164545574006,0.23382532331259914,0.23742775683386982,0.25464527439779094
0.27411767434449386,0.23652540135335795,0.23121526854085386,0.2581416557612944
0.2782409277972209,0.2319608162775794,0.24134815403080176,0.24845010189439803
0.2754935102422496,0.23366363029327097,0.2381252224978041,0.25271763696667526
0.28029740499514083,0.23605694496865515,0.2325754767653948,0.2510701732708091
0.2777883911287426,0.23386845328778252,0.23730836538817765,0.2510347901952972
0.2772700553466365,0.23593031766762002,0.23254479741513256,0.25425482957061096
0.27630662061950745,0.23686957602014633,0.23082634749434527,0.255997455866001
0.27795384574027293,0.2310481524681227,0.2433504382046611,0.2476475635869433
0.27787631840810967,0.23195224698222683,0.2417391619866976,0.2484322726229658
0.28361640494998197,0.2338203147426712,0.23711617436115168,0.2454471059461951
0.2826156159326358,0.2321024355905377,0.2411188029969004,0.2441631454799262
0.28250316212377974,0.2351381638744397,0.2342258637185283,0.24813281028325232
0.2826826343468406,0.23578898668526976,0.23327826504788163,0.24825011392000804
0.28203803585181425,0.2308717653141729,0.24386217404709729,0.24322802478691555
0.2809550700999172,0.23456091335507,0.23558299885752873,0.24890101768748402
0.28377962717095934,0.235991809202164,0.23301456718544464,0.247213996441432
0.2792577499699312,0.2348359762032282,0.23524364018739868,0.25066263363944197
0.2810713245696475,0.23349574214330593,0.2379772601507457,0.24745567313630096
0.2792783805503379,0.2347958608231977,0.23510800227104367,0.25081775635542075
0.283708207284072,0.23089276503845077,0.24362986306148576,0.24176916461599157
0.2816474013990535,0.22885448798992708,0.24908291723851464,0.24041519337250464
0.28749147772991823,0.234154291890285,0.23617830558805727,0.24217592479173952
0.28626016742359256,0.23665366996774828,0.23140101896489898,0.24568514364376018
0.28243107744484,0.23617138037974542,0.2325018535406899,0.24889568863472464
0.2802624586201122,0.23505667113462292,0.23472883074027412,0.24995203950499076
0.28047247736444453,0.2331343907437547,0.23879188141175467,0.24760125048004628
0.2811267453495958,0.23255752015919393,0.2400055741334193,0.24631016035779105
0.283017768157033,0.23298485799344335,0.23898682074521257,0.24501055310431122
0.28250262249457014,0.2349262161879823,0.2347767393911073,0.24779442192634032
0.2811106660869109,0.23663361119744036,0.23129685956946386,0.25095886314618504
0.27739370104599526,0.23720245524732966,0.23014383919333592,0.2552600045133391
0.2806808233777733,0.22926484121627722,0.2471819709438695,0.24287236446207988
0.2792041054428877,0.22683859936832615,0.25441192288163106,0.23954537230715522
0.28703648811866345,0.23596317013600765,0.23193160484122038,0.24506873690410846
0.28566146364157347,0.23760468005965527,0.23004859675106967,0.24668525954770168
0.27984583501230476,0.2354617521997691,0.23401178085689514,0.2506806319310311
0.279453106217203,0.23505187184708218,0.23463064224127525,0.25086437969443964
0.28105362736932415,0.2311927279796204,0.2430118650277623,0.24474177962329305
0.2799965443610224,0.2341974264661144,0.23642851189151426,0.24937751728134896
0.28282809273771736,0.235832556499195,0.23318182784479397,0.24815752291829374
0.27811278173791665,0.23613177376331698,0.2323584426225935,0.2533970018761728
0.27951398996336113,0.234124924167714,0.23674658605566012,0.24961449981326475
0.2765354697764355,0.23548336082737656,0.23367678306468748,0.2543043863315005
0.282226043472551,0.23085227401661992,0.24371966194427963,0.24320202056654952
0.2792010052524466,0.23012793242508692,0.24644036648601148,0.24423069583645507
0.2853945260823989,0.23591469606731516,0.23241406427439026,0.24627671357589562
0.282382485345393,0.2365759750932315,0.2316561346420519,0.24938540491932357
0.28024777486321595,0.23425397157706895,0.23651213070104687,0.24898612285866822
0.2794469293064189,0.23419346178993253,0.2364393729968911,0.24992023590675755
0.2807644219243905,0.23408568678056307,0.2366524312609821,0.24849746003406437
0.2796185732977943,0.23471230091607864,0.2352946432396075,0.2503744825465195
0.27984685155115097,0.23515028465002624,0.23439470515525904,0.2506081586435636
0.27851798032069136,0.2349770027590015,0.23477817815261803,0.25172683876768903
0.27909947775923144,0.233917437413343,0.23705019380542997,0.24993289102199562
0.277207221766941,0.23629695986777788,0.2317730707211871,0.2547227476440941
0.2812466849621698,0.231440793955974,0.24253118174192928,0.2447813393399269
0.2790011289079494,0.2292371351301299,0.24839799617196492,0.24336373978995574
0.28507782455495195,0.23509207386432737,0.2340615886149176,0.24576851296580304
0.2837847167409218,0.23623200615883838,0.232385224587081,0.24759805251315886
0.2811616024339629,0.23410036607421691,0.23684755009928016,0.24789048139254
0.27987556757317417,0.2352388317520542,0.23412560771289126,0.2507599929618804
0.2813019671961041,0.2337698051713905,0.2374686845926183,0.247459543039887
0.2788935483345502,0.23465254610089997,0.23548010187823495,0.2509738036863148
0.2795041994884146,0.23648013476093668,0.23158337594061834,0.25243228981003035
0.2776038340777474,0.23496244335022815,0.2349256704614519,0.2525080521105724
0.27644661941850013,0.23537629110072575,0.23385507968468922,0.2543220097960849
0.27463527742557753,0.2377454728984954,0.22877526552960314,0.2588439841463238
0.2784228104589799,0.23030437537194698,0.24492840680858174,0.24634440736049137
0.27707867614197457,0.22824924015255563,0.2510967066599489,0.24357537704552087
0.2846835130422696,0.23557626190039832,0.2328814065286082,0.24685881852872382
0.2849358228748628,0.23440748326584093,0.2364391431906315,0.2442175506686647
0.28136094271488055,0.23282416414732102,0.23971414168692134,0.24610075145087706
0.2821533044732425,0.2365337407081589,0.2312161948682749,0.25009675995032377
0.2826220818905052,0.23341528345284157,0.23845687314335376,0.24550576151329956
0.2781951091400069,0.23548513838004176,0.23374673227625842,0.2525730202036928
0.27974738925827214,0.23714357084239934,0.23054560577808528,0.25256343412124316
0.2762785810126004,0.2348488088492453,0.23522661623332217,0.2536459939048321
0.27756291899925556,0.23362288144728716,0.23764101411894148,0.25117318543451583
0.2755466308282346,0.23738733122807978,0.22933802680062634,0.25772801114305927
0.27934069545081686,0.23240357579869053,0.2406218222548225,0.24763390649567008
0.27684451619518446,0.22959421802201543,0.24772544628769735,0.24583581949510283
0.28398884992157836,0.23384110196896732,0.23680905417853843,0.24536099393091598
0.284731716370556,0.23284840582496158,0.23945116183519435,0.242968715969288
0.28410093674810105,0.23141578259490173,0.24266796809636423,0.24181531256063288
0.2837623794159899,0.2368067434493164,0.23047459904052486,0.24895627809416881
0.2821973174086567,0.23756087980371476,0.23002445301733934,0.2502173497702892
0.27682003132284166,0.23598924904005214,0.23279997030852334,0.25439074932858297
0.27647531504432266,0.23584617348463982,0.23292051966713934,0.25475799180389824
0.27686760776330777,0.23357055736953852,0.23783266987645568,0.25172916499069803
0.2776635196695787,0.23328687050957111,0.2383891220726105,0.25066048774823957
0.27799827440541874,0.23620972094793158,0.231898752676697,0.25389325196995277
0.2810540980903541,0.23121654243079676,0.24298895685955751,0.2447404026192918
0.27946831040374714,0.22940514443244495,0.24786804579248417,0.24325849937132377
0.28601143450766814,0.23352698854978382,0.23755370286575364,0.24290787407679432
0.2836253461584922,0.23728426302115996,0.229763292966894,0.24932709785345386
0.28202229090719283,0.23558387114887844,0.2339933880645885,0.24840044987934023
0.2791249662445091,0.23333682279361798,0.23851920681591535,0.24901900414595757
0.2821090833224853,0.23228640392861138,0.24050683595583433,0.24509767679306896
0.27944183364729797,0.23718032931978295,0.22970218875082035,0.2536756482820987
