0.3741561269783378,0.19019167186434488,0.181177179527902,0.2544750216294153
0.27074716559062706,0.2550518217668199,0.24085175428818884,0.23334925835436401
0.3203822347002102,0.22304909493818478,0.22590298134098596,0.23066568902061907
0.3369474966490186,0.23236832971173135,0.22653180446839863,0.20415236917085144
0.34803030641741595,0.234560108565235,0.23371620670639356,0.18369337831095542
0.3103265762600043,0.24509919729349167,0.2460341183618834,0.19854010808462053
0.2403994083018608,0.24068674280188954,0.24675761583837522,0.27215623305787456
0.3472518374950578,0.21304538372479456,0.20607489905410784,0.23362787972603996
0.33362255142757824,0.2391012512334033,0.23045808453898387,0.19681811280003464
0.3668376041762755,0.2294966580942219,0.23102621259636633,0.17263952513313624
0.3451249927950972,0.24291022793697514,0.24234404454618563,0.1696207347217421
0.2818194676835307,0.25036424602838336,0.2546585118731043,0.21315777441498165
0.34414596027819294,0.22135629692931874,0.22236491416892334,0.212132828623565
0.3310487365686885,0.23942215312700063,0.23326307913521765,0.19626603116909339
0.34283888275458374,0.23257194270726628,0.23357238832050933,0.1910167862176408
0.34130112928038403,0.23587679196701375,0.23625158468207386,0.1865704940705283
0.3120101999228346,0.2397038766722275,0.24267732243587425,0.2056086009690636
0.21146925687371448,0.24529176685288703,0.24890420625901002,0.2943347700143884
0.25319919467265106,0.20633566881035986,0.20524207004606235,0.33522306647092676
0.32580715281777495,0.21738665489885725,0.2007252914697699,0.2560809008135979
0.32695042485320197,0.2340763573694196,0.2279547945512688,0.21101842322610967
0.319774053823083,0.2384037901348965,0.2389065601322853,0.20291559590973524
0.33276631821534086,0.23585112125420574,0.23496628344549864,0.19641627708495477
0.25420854019844885,0.2511108732640879,0.25216324023703734,0.24251734630042593
0.3450267381351738,0.21429944266813133,0.21348867283935877,0.22718514635733605
0.32325913594513594,0.24193427973081477,0.23243779321996152,0.2023687911040877
0.35786461477084514,0.22798057696989338,0.22923213000047224,0.18492267825878933
0.3505023220906149,0.23793988756965254,0.23739442762242405,0.17416336271730856
0.32454412436443614,0.2423691213169997,0.24478317309378625,0.1883035812247779
0.3286809565770691,0.2381038138643056,0.23841312961225833,0.19480209994636707
0.36560241255022324,0.22806032166867024,0.22835116053987997,0.17798610524122657
0.35610809658158865,0.24101334023466223,0.23860793163365396,0.16427063155009525
0.34438409529490244,0.24031918981058556,0.24257163665457943,0.17272507823993252
0.3698852827493139,0.23281684353426088,0.2336693633182344,0.16362851039819068
0.38300455134940364,0.23531853347445478,0.23446175238937664,0.14721516278676486
0.3352195852319673,0.24860733633579152,0.2509916501463867,0.16518142828585441
0.37700023320497694,0.22843523795569318,0.2313308091738652,0.16323371966546468
0.3591399390340524,0.24161613206132285,0.23971060410648937,0.1595333247981353
0.3653432708225358,0.23498459156268175,0.23781010182566423,0.1618620357891182
0.37309548660919645,0.23598519645800706,0.2362463390595799,0.15467297787321654
0.36401947079950747,0.2389154020835389,0.24086635333335527,0.15619877378359853
0.3338845307767407,0.24311511121022183,0.24652138654757436,0.17647897146546312
0.28508123177489486,0.239115643197352,0.24424176950818902,0.23156135551956408
0.3397160343612556,0.22512019580441273,0.22047634968434468,0.21468742014998707
0.38278650162214034,0.22787973507859746,0.22276261003849532,0.16657115326076685
0.3761563566906755,0.23899876425460892,0.23892429912664734,0.14592057992806817
0.3563322714478796,0.24316355656944957,0.24632056567277807,0.1541836063098927
0.27756294257520214,0.25523780059222917,0.25963891852811766,0.2075603383044511
0.37415517074279714,0.21533303205609713,0.21588467971518266,0.19462711748592304
0.34772158674522047,0.24259243796598465,0.23511944483722888,0.1745665304515661
0.3691687698679396,0.2306425440287513,0.23342750072092958,0.1667611853823796
0.3641162019576341,0.2376421774435743,0.23815771456328583,0.16008390603550574
0.3402161255810577,0.24107093587972556,0.24501511677102633,0.17369782176819035
0.29012802012323907,0.2476633205712381,0.2502817166216656,0.2119269426838571
0.3378903793429694,0.22366985007016085,0.22499096265339694,0.21344880793347276
0.36025311592993636,0.23352670013388804,0.22751252637613226,0.17870765756004334
0.36873182497440365,0.2361588909358089,0.23568046965178802,0.15942881443799936
0.36602534883854165,0.23907781213007834,0.2405603835157232,0.15433645551565675
0.3740998586375689,0.2366950040136377,0.23839526263272898,0.15080987471606438
0.30566996549035796,0.2524789257885969,0.2550024603554466,0.18684864836559856
0.3396211345427446,0.22621522461333274,0.22901855831911416,0.2051450825248084
0.3675401172137608,0.23097146637116175,0.22508977023305654,0.17639864618202092
0.37310119364349204,0.2345254733125482,0.23452897879468934,0.15784435424927043
0.3687287604680828,0.2379752686202489,0.24030334287431301,0.15299262803735525
0.33007864498910094,0.24578429494230178,0.24948461306618966,0.17465244700240756
0.3084468618821537,0.24285909698959168,0.24545987018803073,0.20323417094022397
0.3479008963266006,0.2253596701541789,0.22585965645867911,0.20087977706054136
0.3663303473896428,0.23494336483685277,0.2295153728789435,0.16921091489456097
0.37447739579567635,0.2356080827165807,0.2360751930759554,0.15383932841178763
0.35542997293867595,0.24148793787369136,0.2444633873276409,0.15861870185999172
0.3484819057746006,0.23901908425765986,0.241577303326888,0.17092170664085152
0.19946071866357806,0.2571309327939052,0.2615766132325571,0.28183173530995975
0.35050178947307853,0.19352679842518658,0.1922222550618736,0.26374915703986124
0.35476997141163663,0.23613458527574432,0.21959399959801496,0.18950144371460398
0.334515497872888,0.2378316602181838,0.24230745919477378,0.18534538271415438
0.30777006809506857,0.24052219404931013,0.24527115273662006,0.20643658511900118
0.2790280152549707,0.24047206906156007,0.2412047701054038,0.2392951455780655
0.20894167371239178,0.2395615137419787,0.23877110824763578,0.3127257042979937
0.36254491759130525,0.1982463644683789,0.19168145897353972,0.24752725896677608
0.3321865688591759,0.24556130739665627,0.2311409315997813,0.19111119214438657
0.3334629336162609,0.23562487435048113,0.23979748852254865,0.19111470351070928
0.3545089011785477,0.23387909102794027,0.23326621233076292,0.17834579546274917
0.34672289513044247,0.23957443513817955,0.23918923614892096,0.1745134335824571
0.28258453052296123,0.25065712902838705,0.25300106801756816,0.21375727243108356
0.37484987090267047,0.215492805358041,0.21619459216440448,0.19346273157488403
0.34418106524781616,0.24478511722972415,0.23822034530006772,0.17281347222239193
0.34343852210337417,0.2350910871922608,0.23968149660088198,0.181788894103483
0.32607487542806185,0.23964397007673968,0.24100717875491534,0.19327397574028302
0.352745737570338,0.23116093202139879,0.23117782317814994,0.18491550723011324
0.27280905028891367,0.2506277778458424,0.2522444288227514,0.2243187430424925
0.29946386322685986,0.2196004428225283,0.22508676420997534,0.2558489297406364
0.3102182749848498,0.23488180688659882,0.22405412403518785,0.2308457940933635
0.3426406907381259,0.2275325566179608,0.2260362990748407,0.20379045356907266
0.36785617766160733,0.23255599797923654,0.230002248286984,0.16958557607217215
0.3329563129578871,0.24627198083483332,0.2467726688636681,0.17399903734361147
0.2234506603559289,0.2551224554286438,0.261681202160137,0.25974568205529014
0.3950831300851113,0.20073877716065722,0.19720861334481157,0.20696947940942
0.3239997414557631,0.25323233429980285,0.24201193347231587,0.1807559907721181
0.3804608995539205,0.22499917578716877,0.22947724847625503,0.16506267618265577
0.35847854593809464,0.2418097017634698,0.24064117085137857,0.15907058144705702
0.3208929763592324,0.24403193184538136,0.24908271371538504,0.18599237808000124
0.25100386258265345,0.2447424856615986,0.2474839755953797,0.2567696761603681
0.307413531258451,0.21446217642482876,0.212910212734556,0.2652140795821643
0.3917103819648551,0.22073080753177066,0.20844818885935926,0.17911062164401506
0.35307532489340365,0.2449771102330836,0.24384492479406417,0.15810264007944855
0.36537352284213126,0.2363215926993705,0.24046000959348382,0.15784487486501436
0.3437259383981913,0.24433722033137537,0.24484638552259225,0.16709045574784104
0.30685068179575653,0.24508450798927844,0.2484900299556479,0.1995747802593172
0.39172978782971984,0.2199086557150468,0.21809318335604114,0.1702683730991922
0.36320340061734685,0.2438508086035883,0.2395755264969491,0.1533702642821158
0.38070944629103376,0.23244166883133338,0.23678910227052,0.15005978260711297
0.34368615905466837,0.24493328929794858,0.24667391100941305,0.16470664063796997
0.33092304267331196,0.23988375696950556,0.2428605877120331,0.1863326126451493
0.36067311035062305,0.23040390904429195,0.23021688371863086,0.1787060968864541
0.36016508061236685,0.2352865046543688,0.23560917908333298,0.16893923564993144
0.35709771864943635,0.239355831249609,0.23946729108802445,0.16407915901293013
0.3622239721062608,0.23712002754272962,0.23875718937615625,0.16189881097485342
0.3846774420769703,0.23374388333628837,0.2343003815084897,0.14727829307825158
0.36382967902569796,0.24280161577905257,0.24381168463717764,0.14955702055807193
0.3161478411827338,0.2480532934645456,0.251925391332816,0.18387347401990467
0.38391661690788165,0.22277950742735025,0.22306058055904562,0.17024329510572264
0.3677041713699341,0.24036195700866667,0.236958327574902,0.1549755440464972
0.3752715771284847,0.23459532375606684,0.2379447368522431,0.1521883622632053
0.34653671923549084,0.24299744643328425,0.24531453931589872,0.16515129501532624
0.35476185936004645,0.23613533542082468,0.23845022259988954,0.17065258261923938
0.3472292851269908,0.23822514662551697,0.23919663665292307,0.17534893159456927
0.3054237955074827,0.24005703569373246,0.24488325876146505,0.20963591003731966
0.3747656580918147,0.22526551013845256,0.22138384260421853,0.17858498916551413
0.3799100136130377,0.23700681081062813,0.23381874457972499,0.14926443099660916
0.3791637011950821,0.23716984884843284,0.24071992622627583,0.1429465237302093
0.34765227400169163,0.2470813513317368,0.24824613419983232,0.15702024046673926
0.2915294233519959,0.24922655121426543,0.25335081036578405,0.20589321506795466
0.4016247938368963,0.21275979143176021,0.21241040122474114,0.17320501350660236
0.3621646979598335,0.2462709450510478,0.2395533748491866,0.15201098213993208
0.32620814366644657,0.2421534733010221,0.2487774365112002,0.18286094652133103
0.3645340237997254,0.22657706860688429,0.2291953186982499,0.17969358889514037
0.2511744511357393,0.2477461106956929,0.2524649879257667,0.24861445024280102
0.007328210334104014,0.09644332136201507,0.10978269680841307,0.7864457714954678
0.023190648936137006,0.053758955449096396,0.0429640131976106,0.8800863824171561
0.0528455411846934,0.0897105434475874,0.06424549136035493,0.7931984240073643
0.15298748032100976,0.1367656718517199,0.10349641130470931,0.606750436522561
0.036045363238249646,0.12739080660843716,0.1171291175488831,0.71943471260443
0.0006097402972645914,0.03304869847631513,0.02793881032717209,0.9384027508992482
1.3710656301756406E-05,0.00818716797554728,0.005816196040242331,0.9859829253279087
0.04642349877327291,0.08489961172891534,0.05341645900224744,0.8152604304955643
0.25569215358976854,0.15038331979832634,0.10355856280013491,0.4903659638117702
0.08893306562543081,0.20087511844952863,0.17707501362221292,0.5331168023028278
0.16929680885532014,0.16988601300657444,0.15103183252975416,0.5097853456083513
0.18558066902567902,0.1964502143028799,0.16628994132174824,0.45167917534969293
0.051208386304529285,0.1601017608011907,0.1508630718922127,0.6378267810020674
0.2492745285395297,0.15280284589921875,0.12260716775422725,0.47531545780702433
0.19534755677568258,0.22167133911448852,0.18766201220747034,0.39531909190235853
0.30403901615344947,0.20137899494023073,0.18975640289795387,0.3048255860083658
0.3341474503368361,0.2301479025874263,0.21544854117461007,0.22025610590112749
0.2772797494073476,0.2491350890638062,0.2471778020198814,0.22640735950896487
0.2406566429991262,0.2359163492237419,0.2391595042591552,0.2842675035179767
0.3555811195013184,0.21119253632049925,0.20268275377906142,0.2305435903991209
0.3320274295498733,0.2433737212765647,0.23293948122031732,0.19165936795324456
0.34792195576466267,0.23042999942148945,0.23458046550726758,0.1870675793065802
0.34734273566251184,0.2372047466826995,0.23610184041383608,0.17935067724095255
0.2404652922636697,0.2524778858319788,0.2564029539947733,0.2506538679095782
0.31349757015022567,0.21642135514160035,0.21588988911880616,0.2541911855893677
0.35642588477243076,0.22479957157046437,0.21673932381403943,0.20203521984306555
0.32602730929870566,0.24494587019474517,0.24194011335873447,0.1870867071478147
0.3806111495826359,0.22711999245271447,0.22822042488076874,0.16404843308388092
0.357656901375554,0.24380452915348932,0.2428479429002152,0.15569062657074148
0.3424358189636599,0.24159652064009599,0.24516221427411658,0.17080544612212742
0.23772028540511045,0.25275002155714815,0.2558473223193866,0.25368237071835487
0.37585280639155116,0.2038228852913673,0.20082433111467043,0.21949997720241102
0.36248180033090455,0.2384132529225573,0.2282052055279775,0.17089974121856058
0.3513574828396624,0.2373450524015647,0.241995310372512,0.1693021543862608
0.3410461732485019,0.23983242294304657,0.24223405239087048,0.17688735141758108
0.30554269277152174,0.24365438639085837,0.24708724946447874,0.20371567137314123
0.2520836923586208,0.23997908465208706,0.24341202549571506,0.264525197493577
0.23038635663324858,0.21996586562821094,0.2187481056748001,0.3308996720637404
0.36221153712760656,0.20809877361554335,0.1927925417933533,0.23689714746349674
0.3851254734169379,0.2332948484251558,0.22284014771030913,0.15873953044759714
0.3551706669329849,0.24292530918812238,0.2474555743802207,0.15444844949867204
0.25828191058429256,0.25845432951714004,0.2633330306080486,0.21993072929051874
0.1261167876369555,0.22559285488210604,0.2308199313531386,0.41747042612779994
0.3915828221631066,0.17294077061450905,0.15536905673889975,0.2801073504834847
0.3709862979458364,0.24160502674142695,0.21967587288230578,0.16773280243043084
0.3029882401712889,0.24642491565114996,0.25688680207501485,0.19370004210254618
0.30186822772554694,0.23537778421232408,0.23910811849308103,0.22364586956904794
0.19269636959650735,0.24071210395895254,0.24222992733158227,0.3243615991129578
0.2462714051059358,0.20762464438885347,0.20083611533084522,0.3452678351743656
0.3217968527348309,0.20891737308039018,0.19578269231459594,0.27350308187018296
0.3111041256098234,0.2387721698382739,0.22750662387117715,0.22261708068072544
0.35857295762679814,0.22706070771279352,0.2264010475862684,0.18796528707413993
0.291661390943669,0.2510203158740172,0.2520527033718599,0.20526558981045379
0.2915478037574074,0.23461893675195425,0.23716677381420478,0.23666648567643342
0.1718791938609927,0.24065286569390193,0.23879680993085775,0.3486711305142476
0.3887749482336525,0.18619635899524106,0.1760761844383736,0.2489525083327328
0.3318190846812937,0.2478050089427291,0.23290224153201441,0.1874736648439628
0.27273492605469934,0.24245333060366062,0.252066894883447,0.23274484845819318
0.24567161458121617,0.231782701234009,0.2332464440413724,0.28929924014340236
0.2674565800508381,0.22003080595296282,0.21453771095934615,0.2979749030368529
0.26120626966270716,0.22709719387319943,0.21872592601860522,0.2929706104454883
0.23661933923399972,0.22143738020116893,0.2195133265497948,0.32242995401503655
0.3009002562470927,0.21909804120690396,0.20639298792305724,0.2736087146229461
0.34929545792788813,0.22716185968885175,0.2173913186261187,0.2061513637571414
0.33034809932684156,0.24090369188650765,0.24029730178836683,0.18845090699828393
0.3007589312303958,0.24346601143618476,0.24516617070518631,0.21060888662823307
0.18353808360547466,0.2459282936274272,0.24806561843238636,0.3224680043347117
0.3729916789438712,0.191185999052777,0.1834396337666267,0.2523826882367251
0.34624531449025026,0.24215247513759494,0.2268870977723487,0.1847151125998062
0.27842638390596575,0.24418585702158851,0.2524521379676305,0.22493562110481513
0.24561978382685343,0.23079098585823166,0.235047396401035,0.28854183391387983
0.25341780259711255,0.2208610433808908,0.21507113025945446,0.31065002376254236
0.16228436767606153,0.2181098901209595,0.21469329337422988,0.40491244882874916
0.18900148653978008,0.1836853785162013,0.1766243139775304,0.45068882096648827
0.2395170258193854,0.2068973480993461,0.1799805982966489,0.3736050277846198
0.33602470619861213,0.2127458047340333,0.19584040382453172,0.2553890852428229
0.3285159596787996,0.2373945257895505,0.23132030454734426,0.20276920998430578
0.2704711391567456,0.2503685724933887,0.25036945979022285,0.2287908285596428
0.1871560228985113,0.23918799295086715,0.2411099360304714,0.3325460481201501
0.38281687094638,0.1918240783201831,0.1817090464067708,0.2436500043266662
0.34813824431030643,0.2455034475791365,0.229478752660066,0.17687955545049103
0.24258918423488465,0.24696912121993064,0.25783205156911354,0.252609642976071
0.30999564849044586,0.21406332559439553,0.21415282033943017,0.2617882055757285
0.24790350640333356,0.23721516157568737,0.22988653967699757,0.28499479234398145
0.197144003959504,0.22198463128026671,0.22255523746689065,0.3583161272933387
0.2714229454509759,0.19639103856799361,0.19078170077401085,0.3414043152070196
0.18084985271211104,0.2349730883092015,0.21850996920500124,0.36566708977368634
0.3010073245051915,0.20239242759551074,0.19207973547282955,0.3045205124264682
0.33076161168786566,0.22989805877168415,0.21563702947311772,0.22370330006733238
0.34055517686294373,0.23691570748928104,0.23312896930370192,0.18940014634407337
0.27033385296730283,0.2532540143477825,0.25375821295395284,0.22265391973096177
0.3705950712755703,0.2146523074197435,0.21527768680472129,0.19947493449996487
0.3015175160754866,0.25014328236820316,0.24356517053399906,0.20477403102231118
0.2289005999519287,0.23343973569883578,0.23932864197347317,0.2983310223757623
0.3031913699088264,0.20506089310448875,0.20024129885365002,0.29150643813303484
0.33382756381636725,0.2237732094285926,0.21329071655522044,0.2291085101998197
0.21363897920231903,0.24809751310107758,0.25180964534145345,0.28645386235515
0.20053912826371653,0.21224678875748526,0.21688816579278672,0.3703259171860116
0.2540956983902341,0.21503161098404777,0.19659647643672618,0.33427621418899184
0.33042861691657904,0.21922276847250288,0.20459784460046468,0.24575077001045345
0.36444861343454205,0.2310843402486356,0.22356181600921607,0.1809052303076063
0.28418006818921915,0.2530090771949418,0.2547638599407905,0.20804699467504864
0.17504778367710744,0.2410995451444957,0.2460456201710129,0.337807051007384
0.3783972383651288,0.18938402604642518,0.17814111042726627,0.2540776251611798
0.3636710502284488,0.24010077317848794,0.224148980860501,0.1720791957325623
0.3077258759940344,0.24142701849593576,0.25153588633315627,0.19931121917687356
0.16795710859876747,0.24591370820904782,0.25194650029212157,0.3341826829000631
