0.32669499560090237,0.22044848760408625,0.20215614340149893,0.2507003733935124
0.30356328290192003,0.23029193532014483,0.23208455888824803,0.23406022288968717
0.29392269211975425,0.2381911423986184,0.23501200302885789,0.23287416245276957
0.3178518002495812,0.22319660122763824,0.20444420665177104,0.25450739187100957
0.3523609347934056,0.20546804362764579,0.1888732351905718,0.25329778638837686
0.31505430232568754,0.22019707351281492,0.22658616362955444,0.23816246053194315
0.31225293826380174,0.22915226317119475,0.2278246829299744,0.23077011563502917
0.31114410649072927,0.2312569673655236,0.2270883566440382,0.23051056949970897
0.24498702504718686,0.2579047188463315,0.27034977390808174,0.22675848219839995
0.38449964301114725,0.1997524368260964,0.1594727706217686,0.25627514954098773
0.3330328654851734,0.20802616262815957,0.21494025602725733,0.2440007158594098
0.3534562136930328,0.20471053409255183,0.19675827019827408,0.24507498201614128
0.33079284400235726,0.21337497088662125,0.2158153682760937,0.24001681683492782
0.3586081676280835,0.20240841919591898,0.1909651529166937,0.24801826025930376
0.29232051132303255,0.22291301089606508,0.2310483568969856,0.2537181208839168
0.3759399147260959,0.1927648189601277,0.1663788895882117,0.2649163767255647
0.31962969095323945,0.21267618824709775,0.2224288086430492,0.24526531215661362
0.30896925008875714,0.22747392579868553,0.22878277374445558,0.23477405036810184
0.2403898743969174,0.2621048467219312,0.28253482850932043,0.2149704503718309
0.2995392196435028,0.2475275106640044,0.2225353571111704,0.23039791258132247
0.22852220310259524,0.2668047822242953,0.27412180483196363,0.23055120984114583
0.390455643757053,0.1978366458779668,0.15260105702558951,0.25910665333939054
0.31261889772285434,0.21646404325764687,0.23131482695094446,0.23960223206855435
0.35204233901519916,0.20856134709395271,0.19592979879346828,0.24346651509737996
0.32646329659095413,0.21672019595990746,0.21997036192001762,0.23684614552912073
0.32857644501244815,0.21856002329303786,0.21384446809435795,0.23901906360015607
0.253485558777331,0.2525775328312461,0.2719610950296818,0.22197581336174105
0.3735593377063498,0.20663005650284463,0.17165623753367523,0.24815436825713036
0.2893427915880398,0.2323101490989769,0.25354400793815585,0.22480305137482748
0.31857595440634,0.23019002320058193,0.21832795412725262,0.2329060682658255
0.2961167401619078,0.23789200639100389,0.23881423485289208,0.22717701859419628
0.3712371940071065,0.2041083206401606,0.18069270336750184,0.243961781985231
0.24824394447191814,0.25018373527283827,0.28890079199374963,0.21267152826149394
0.3991931696637378,0.19476180339689225,0.15663504880233184,0.24940997813703814
0.3344838381393838,0.20728897461925586,0.2197329362083207,0.23849425103303964
0.3657935344080696,0.1997852558024261,0.19009281310704124,0.24432839668246298
0.34135335700263797,0.20822211361292217,0.21238332558778292,0.23804120379665694
0.3458773676207235,0.2093481491743222,0.20598626181841137,0.23878822138654296
0.3259578428025931,0.2171188889079868,0.21817000136037917,0.23875326692904097
0.3878160199826707,0.18787917107246754,0.16788243500179878,0.25642237394306305
0.3363324814923591,0.20459538676485806,0.21327667091075744,0.24579546083202544
0.3523587481529035,0.2056885985877163,0.20051717234799812,0.24143548091138198
0.25861108507665154,0.2503916683039298,0.285119579896337,0.20587766672308166
0.28836894395011,0.2535554584976209,0.24230904527416602,0.21576655227810304
0.22241507231512248,0.27282917746697427,0.2775367947758522,0.22721895544205087
0.4172182841581671,0.18480331686552254,0.13590049206570268,0.2620779069106078
0.34934708611748677,0.1965002565415067,0.2088060984506085,0.24534655889039803
0.3769141813105911,0.19175395024719719,0.18426806869206258,0.24706379975014908
0.33555340917564586,0.20887504015734148,0.21878920853774134,0.23678234212927132
0.35205804243599065,0.2062466411069602,0.19948954240730085,0.24220577404974816
0.2726754864981517,0.23748360446705288,0.254559570997364,0.23528133803743137
0.3733418739912735,0.20114205617573824,0.17108259861421288,0.25443347121877546
0.31482605484429643,0.21875465435483119,0.23065984459808236,0.23575944620278996
0.3097675278981578,0.23114759977121324,0.23179168476010503,0.22729318757052389
0.25016764550902226,0.26220791040904606,0.28160815231702835,0.20601629176490338
0.34067259839885655,0.22832467741807747,0.19788447692921843,0.23311824725384747
0.27849710520277854,0.2412755163461513,0.24913545684468918,0.23109192160638098
0.4051148352015066,0.18535602930227438,0.15138207419772898,0.25814706129849013
0.36733520912369505,0.1896055079457763,0.19492752141914976,0.24813176151137886
0.36236892111495955,0.1969152461999173,0.19795393439736367,0.2427618982877595
0.31065887239291334,0.22335933072526903,0.2388963310597769,0.2270854658220407
0.3202759011711394,0.22570064942337886,0.21927920524149838,0.23474424416398335
0.2651942131928059,0.24733532928613958,0.25428087705630836,0.2331895804647461
0.39501091926668863,0.19177175480802944,0.15579115250184947,0.2574261734234325
0.3105125576388104,0.21802622457530718,0.2387738231495611,0.2326873946363214
0.3339665663526914,0.21993950014856206,0.21286278859992638,0.23323114489882033
0.2740241565464961,0.2459186919846947,0.2623258765791129,0.21773127488969626
0.38546924250199477,0.19892661938320833,0.1670815458725514,0.24852259224224557
0.27114943118124984,0.22804963901652994,0.2452652050202532,0.25553572478196696
0.42075182714839954,0.17395250867134782,0.13935753089403413,0.26593813328621846
0.35261963139050295,0.19360658958044655,0.20826419333344373,0.24550958569560682
0.32395361327499583,0.2161655041157512,0.22491262629719838,0.2349682563120546
0.28387679316205755,0.2377640758198081,0.2454331417478054,0.232925989270329
0.3266200518858673,0.22264377542117333,0.20210133900711852,0.24863483368584083
0.22107768774924358,0.2563097192872281,0.2727509397130215,0.24986165325050683
0.3985709262983258,0.19098539718431237,0.1459367871378634,0.2645068893794984
0.27415274953285573,0.23288160263832194,0.26808503646924,0.2248806113595824
0.303479254603742,0.23870668847088766,0.22828598713116036,0.22952806979420992
0.27944481969164015,0.24799167280310236,0.24840152317466738,0.22416198433059017
0.34894609252079534,0.21707196683550037,0.19191628772949382,0.24206565291421056
0.23588943293803882,0.2554921646664928,0.28336306008278267,0.2252553423126856
0.4153414166303591,0.184976616272424,0.14184283366845318,0.2578391334287637
0.3091730361961422,0.21567680439604467,0.24208534466871867,0.23306481473909443
0.3617957679080844,0.20448161446718705,0.1894268909311029,0.2442957266936257
0.3141323388048591,0.21960678722816374,0.2273146321058646,0.2389462418611125
0.36754080102621023,0.20078132770296253,0.18377780316910883,0.24790006810171833
0.274424274185535,0.23387219227768385,0.25518824703611326,0.23651528650066786
0.40256402892161075,0.18531209334995918,0.15226811667373588,0.2598557610546943
0.29673366563543974,0.22033582767687113,0.2446383367373504,0.2382921699503388
0.3276970238608717,0.22168914463780348,0.21110652987104803,0.2395073016302768
0.28177654966679105,0.24292506597012936,0.2543952488169154,0.2209031355461642
0.30138152392990336,0.24131557691333816,0.23076394087549,0.22653895828126852
0.2023438999553109,0.27198826747098476,0.28883165891664836,0.23683617365705606
0.4142040280030201,0.18665132803084264,0.1353632374728712,0.26378140649326615
0.29753556837677997,0.22020542726088566,0.2492796514128366,0.23297935294949773
0.3414087048890202,0.21717948765271533,0.2047990655553208,0.23661274190294368
0.3249153737008946,0.2203060816569373,0.22056359416693042,0.23421495047523766
0.3398314723542172,0.21351148871609799,0.20424883537260394,0.24240820355708084
0.33714379333394795,0.20829130018077022,0.19940325380860788,0.255161652676674
0.37468946115414775,0.19081881615207938,0.17575458388190224,0.25873713881187055
0.35020041032719174,0.20112389016214943,0.2057930833547908,0.24288261615586795
0.2667416953566026,0.24539394165416906,0.27590044220024484,0.21196392078898357
0.24613643866917836,0.2718626567538805,0.27974752331367114,0.20225338126327
0.2974714273605735,0.25109553092753334,0.22557409883666574,0.22585894287522745
0.27037724287367865,0.25130794668441003,0.2436915184211247,0.23462329202078663
0.407824753263793,0.18556819988810805,0.14878839678900438,0.2578186500590947
0.3095951961627571,0.216861091383173,0.24302521836260083,0.23051849409146907
0.37576780472221233,0.19891448194046316,0.1816246781769224,0.24369303516040214
0.3360184066344336,0.2091350367713689,0.21598752469994886,0.23885903189424873
0.3405651479239966,0.21047325539899076,0.20513393235351274,0.24382766432349998
0.3506451726738334,0.20552927056993023,0.1983370241514499,0.24548853260478656
0.37189813084738943,0.19445422656317055,0.18587907295999548,0.24776856962944446
0.3011072841346988,0.22571538629616153,0.24607881984028837,0.22709850972885132
0.2898273664652293,0.24292383735286063,0.2450501625718211,0.22219863361008907
0.29821369692224864,0.24353685250923618,0.2370810618717837,0.2211683886967315
0.3183863181288234,0.23214005641028407,0.2203392662811762,0.22913435917971628
0.2851465068454429,0.24088429420384797,0.2410586563849573,0.23291054256575175
0.40603592489459506,0.18512536802182236,0.15270349315036258,0.25613521393322
0.3494967186908977,0.19847951362472802,0.21013749387299654,0.2418862738113777
0.3677675648834553,0.19710886092900476,0.19195771736556028,0.2431658568219798
0.33198574397572944,0.21160103528518745,0.2189512409705765,0.23746197976850666
0.3337009562341254,0.2155173606033421,0.21183812549078052,0.23894355767175202
0.3417039365087114,0.21134987992451526,0.20429790814316565,0.2426482754236077
0.36977055960925514,0.1953968632022556,0.18311592579885516,0.2517166513896341
0.3155820029302497,0.21876869055905687,0.23217923339640623,0.23347007311428716
0.28056287741544206,0.24599862135947598,0.25846916763710276,0.21496933358797926
0.30666145567579395,0.24155176124997577,0.2307739207019853,0.22101286237224504
0.2887778325262227,0.24546676802168543,0.24443715206646408,0.22131824738562775
0.24971776542933694,0.25871782175541125,0.25503270929979494,0.23653170351545688
0.4313135194913059,0.17403518412542898,0.1309668844094343,0.26368441197383075
0.35620442471116814,0.19179406073106972,0.2082291928976954,0.24377232166006677
0.3307312180715185,0.2118556928602699,0.2183442559873241,0.23906883308088756
0.38938978488111864,0.18791683700074277,0.170738636087581,0.2519547420305576
0.3808044337477775,0.18390164028520695,0.18152453956500775,0.2537693864020079
0.3046866673230416,0.18734676081614537,0.18460243677271373,0.3233641350880993
0.38497999271342215,0.1742441881850113,0.14833012479393143,0.2924456943076352
0.3545710857211736,0.18391519332049275,0.17864160187895875,0.282872119079375
0.26782136044454763,0.224283052673784,0.2486509993002963,0.259244587581372
0.1260485051197261,0.2481465936043646,0.29571565132321453,0.33008924995269473
0.05160013625674168,0.1738601271690636,0.17114984229784275,0.6033898942763519
0.01744997743274466,0.08333779009385127,0.08969948942169655,0.8095127430517075
0.1465553875906933,0.23569909890029364,0.19949943581888555,0.41824607769012745
0.25815985430190985,0.24822099156672783,0.20811215165521316,0.28550700247614924
0.19272591252341414,0.2719298244605318,0.2840410524225919,0.2513032105934619
0.2488522038192747,0.25756385751860095,0.2210596772335408,0.2725242614285835
0.28355772104423527,0.2403518705854065,0.2109392288132545,0.26515117955710366
0.20013310442820142,0.25013136897361293,0.24819325616383497,0.3015422704343506
0.3724573866874403,0.19634169222660824,0.1487716783192692,0.2824292427666824
0.24160679348029093,0.24160672691170565,0.27292255738752264,0.2438639222204808
0.2916264991841064,0.2431971639337072,0.22448907150496894,0.24068726537721755
0.264925704738368,0.2551239107852782,0.255874574993313,0.22407580948304087
0.23320130869515956,0.27403167525993494,0.2774195842634026,0.21534743178150306
0.25351165101677897,0.2638193811367981,0.23879714969507873,0.24387181815134415
0.36777807683572283,0.20653839197114074,0.16753706469397356,0.25814646649916284
0.28719700394661674,0.23188432196906011,0.25064459744818607,0.23027407663613708
0.35243092935950454,0.21231174163175462,0.19157253887063425,0.2436847901381066
0.34453219785693856,0.20812878045876587,0.20472370753919647,0.24261531414509907
0.3192977064557856,0.21643113541310263,0.21633358531866023,0.24793757281245146
0.32367021331926943,0.2170790166970037,0.2079725183233217,0.2512782516604051
0.3839529677669028,0.19005154992945322,0.17119049058195523,0.2548049917216888
0.2404393820436052,0.24905962787988317,0.2991290946454956,0.2113718954310161
0.29717328241108903,0.25039034741385174,0.23305033315554663,0.21938603701951254
0.24163826937448102,0.2705279980539656,0.2841948158811196,0.20363891669043369
0.33958015857568935,0.22918612184166437,0.19402170399153898,0.2372120155911073
0.3020579693779393,0.2254017868540017,0.21861484741176201,0.2539253963562971
0.40622793784178207,0.17992422180552922,0.15201921853807904,0.2618286218146097
0.37160378177803266,0.186915206949916,0.1928087718923627,0.24867223937968866
0.3330367986388312,0.20987305326159839,0.2210680298779032,0.2360221182216672
0.2974816470285355,0.23231600952967546,0.2412857593382376,0.22891658410355145
0.30559413524640644,0.23244924023640665,0.2224638881813838,0.23949273633580304
0.32206042856374445,0.2197754575576261,0.20276408241245178,0.2554000314661776
0.36792109706136966,0.19424984369857828,0.17379373130072825,0.2640353279393238
0.32531938899314294,0.21187121278833207,0.21960559284519957,0.2432038053733254
0.2882879438463472,0.23990864198586256,0.25338451847958965,0.21841889568820055
0.2517822960278311,0.26605680215638733,0.2789908669290307,0.20317003488675092
0.2802032308571615,0.25330678899368453,0.23087732816123266,0.23561265198792145
0.2765665744283454,0.2303885758572386,0.1967023373977179,0.2963425123166981
0.3914814316881144,0.18329082155624665,0.15059804082968486,0.27462970592595404
0.36231051759152194,0.19142312955085114,0.19613024734022233,0.25013610551740456
0.2859037073362863,0.23120951644099555,0.2555611815488209,0.22732559467389718
0.31999384752634136,0.22495371781567408,0.2087366584782348,0.24631577617974973
0.3242452340756139,0.21338472807573303,0.1968756793748254,0.26549435847382774
0.3047178569806102,0.22041277788173774,0.21295864596146136,0.26191071917619063
0.385562418538055,0.18861107588839265,0.16474808269509555,0.2610784228784568
0.24669138301790372,0.24431375408003825,0.2895266480035284,0.21946821489852963
0.30324230311310246,0.24410161998748808,0.2263526163718942,0.2263034605275153
0.2263825523053808,0.270563921011133,0.2876676164850263,0.21538591019845998
0.3509437155306498,0.22013906634031746,0.17788484576926278,0.25103237235977
0.25406830628585886,0.23846653829780648,0.24316758319198828,0.2642975722243464
0.4010421232325197,0.18497523266950036,0.1478888574938011,0.2660937866041789
0.33171086281289147,0.20563228393110092,0.22099628821222095,0.2416605650437866
0.3146596790323147,0.22103835729294297,0.22330695920913954,0.2409950044656028
0.3103753022781751,0.22151387503379166,0.21167260306842406,0.2564382196196092
0.3383363372299071,0.20978238314074976,0.19311327191254218,0.25876800771680103
0.3037044008736773,0.22271662458957758,0.2239884599724633,0.24959051456428183
0.34528162205585455,0.20743373008997373,0.18943724457623543,0.2578474032779362
0.2702651228823693,0.2388564263013694,0.25525748458079633,0.23562096623546497
0.27614280862004176,0.2524264459305978,0.2479270388763179,0.22350370657304253
0.251914630090023,0.26591894854798626,0.26755798132140723,0.2146084400405834
0.3171601955461031,0.23656995097572833,0.20715293320330824,0.23911692027486028
0.24629889702094396,0.2483765054655101,0.24722347506256256,0.2581011224509833
0.39911862497631895,0.18742151939607665,0.14722037980322136,0.2662394758243831
0.34421718789998706,0.20028724754499078,0.21061860299313606,0.2448769615618862
0.3249456614160901,0.21495768004060067,0.21799522518123052,0.24210143336207868
0.3311770434825372,0.2110761858530772,0.20059127079477357,0.25715549986961206
0.34870332180507235,0.2022893130172971,0.18936213150864217,0.2596452336689884
0.3021906371294746,0.2158217700000701,0.2170647232392223,0.264922869631233
0.36784899977609814,0.1930411438511604,0.17010838960945443,0.269001466763287
0.26654288582312724,0.23286023197994576,0.2555884988817381,0.24500838331518873
0.24786834810718134,0.2631803096436996,0.269613680702603,0.21933766154651604
0.25318714072023557,0.26992930087884925,0.26183687479142,0.21504668360949525
0.24223217628057825,0.2735187849903585,0.26436081436671,0.21988822436235317
0.2180158535614714,0.2732734102599997,0.2547832520280854,0.25392748415044364
0.3936946506180123,0.19404281405890786,0.14511666964249031,0.26714586568058957
0.33627199532214047,0.2051025483244016,0.2154293462478566,0.24319611010560127
0.32264473844641645,0.21557087673459963,0.215067092407101,0.24671729241188284
0.3771619120165165,0.19203462343002367,0.17289383676133271,0.257909627792127
0.358386239850552,0.194028009534434,0.19281612518589702,0.25476962542911696
0.2821491997251439,0.22344124061517118,0.23736548078209527,0.2570440788775897
0.388408191891337,0.18810797799654969,0.1591393051978197,0.2643445249142937
0.22634884123310237,0.24300313686129263,0.28431104194480294,0.24633697996080206
0.2760234206466641,0.2515037103079684,0.23289952868254454,0.23957334036282285
0.23975928719953807,0.2691453429256553,0.27273264234843475,0.21836272752637176
0.27398478871654225,0.26263225054754596,0.24430796632129634,0.21907499441461534
0.1955364197598007,0.2890447542116902,0.30479046903398804,0.21062835699452107
0.389802646020637,0.2052104820942104,0.15124884023857182,0.25373803164658065
0.3441419850539366,0.2027944424406386,0.20558248700803056,0.24748108549739423
0.3738712297675631,0.19030927528870867,0.17833590558477122,0.25748358935895693
0.38528596454906244,0.18231585242117462,0.17545314554542257,0.25694503748434033
0.3776954573046979,0.18576035715687625,0.18584094774002757,0.25070323779839837
0.2624474650361247,0.23214760689655917,0.26528129945557055,0.24012362861174555
0.308994654577335,0.2236959493184578,0.20166448769425616,0.26564490840995103
0.23531177577443813,0.2558563443054831,0.26423572069154494,0.24459615922853387
0.24386779016070667,0.2713211664189653,0.26298857644315526,0.22182246697717276
0.2594291772307182,0.2700352488991853,0.25731039175811904,0.21322518211197755
0.303397431258748,0.24363327505110044,0.21822673294414568,0.23474256074600586
0.2595816194292264,0.24349846410772436,0.23234347588330212,0.264576440579747
0.3953759515935828,0.18741824895176593,0.1502696632598054,0.2669361361948458
0.33443602121094773,0.2054869742458604,0.21886283188920042,0.24121417265399148
0.36197201373940346,0.20039460321853503,0.1916166795810434,0.24601670346101817
0.27570464799866956,0.2243476634697856,0.23463010550348792,0.2653175830280569
