0.3268226214032764,0.211994369873508,0.1947220660165044,0.2664609427067112
0.32575165109585336,0.21355287305978726,0.19590448427477078,0.26479099156958863
0.3203101625281492,0.21577025269726444,0.19991333100755324,0.2640062537670331
0.32194708935076716,0.21410123790441993,0.19852696054739283,0.26542471219742014
0.32541046148478525,0.21288574001652957,0.19605842283682126,0.26564537566186386
0.3261828315093888,0.2131951442897645,0.19543307972599602,0.26518894447485053
0.32573529948324387,0.21349965577576493,0.1956424670942499,0.2651225776467413
0.32116761305400127,0.21532744712789084,0.19926585591066853,0.26423908390743944
0.31688910301461815,0.2163907284597859,0.20265753186981786,0.26406263665577795
0.322582294349133,0.21329262158201534,0.1981504671929861,0.26597461687586554
0.3276413664636617,0.2120823684479878,0.19443159547439517,0.2658446696139554
0.32311676835232067,0.21490252993848558,0.1978738826450993,0.2641068190640944
0.3266878824645696,0.21259046075238242,0.1947099507443673,0.26601170603868063
0.3251067210294321,0.21376536881775687,0.19628603192327324,0.26484187822953775
0.32255879810539106,0.21467445442248023,0.19812082355108704,0.2646459239210416
0.32815505718714033,0.21182616785619388,0.19367631813550779,0.266342456821158
0.3333034560332229,0.21053683450639965,0.1899051762875744,0.26625453317280307
0.32663874302260226,0.21430416465159893,0.19498396888008965,0.2640731234457092
0.3238779172450437,0.21432422647015686,0.19680147602290135,0.2649963802618981
0.3189211841286628,0.21588658888381687,0.20105970851955324,0.26413251846796704
0.31915137378084507,0.2150753830733944,0.20087019184297825,0.2649030513027822
0.32377632510554605,0.21316192385567548,0.1973388767836758,0.26572287425510266
0.32636992167461726,0.21285056535632832,0.19535601133972813,0.26542350162932626
0.3229322849826602,0.21474689866111732,0.19794176445791398,0.26437905189830857
0.32764091917511234,0.2121354050980792,0.1940201113637693,0.26620356436303916
0.32108924327302935,0.21564784515668475,0.1995273513187668,0.26373556025151923
0.3179835065112223,0.2159689605005513,0.20166936109641695,0.26437817189180945
0.3249299100723559,0.2124414768384251,0.19629902038144434,0.2663295927077748
0.3238804436671365,0.21406585962804967,0.19743580545944628,0.2646178912453676
0.31632522482704933,0.21716543490646747,0.20317323896337122,0.26333610130311186
0.3214639815813591,0.21368645763048832,0.19888987601150673,0.2659596847766459
0.321652498168145,0.2144034476306052,0.19921698146510156,0.2647270727361482
0.31730327779080414,0.2163971787011987,0.20248538490683732,0.2638141586011598
0.31758793869588503,0.21551212066799336,0.2021355096529389,0.2647644309831826
0.32356557395346547,0.21300641511071977,0.19752714091423346,0.26590087002158125
0.32048442384405856,0.21532395578123173,0.20012009880339982,0.2640715215713098
0.32262623496040405,0.21394251723726507,0.19804888385917233,0.2653823639431585
0.3209691266501653,0.2148965418872708,0.19959011216826636,0.26454421929429767
0.3203315445735951,0.21495610420119543,0.19997844057333866,0.2647339106518708
0.3229860590962072,0.21369705322010157,0.19789551660628044,0.2654213710774109
0.3247832843997935,0.21337478778502883,0.19655366820216874,0.2652882596130089
0.326857433315641,0.21280164612243052,0.19482676435221472,0.26551415620971375
0.3261292213851418,0.2134233229496963,0.19538036991252777,0.26506708575263427
0.3149495114259544,0.21803549096804206,0.20429232281021295,0.2627226747957906
0.31329901899996,0.2169065421242738,0.20543582109007727,0.2643586177856889
0.3219469604087902,0.2129693674015545,0.19884598260890382,0.26623768958075145
0.3290679095855361,0.21143270188094257,0.1934255143526879,0.2660738741808335
0.3226136392373139,0.21538534530758058,0.19830715812352764,0.2636938573315778
0.3261852138688553,0.21272854497688196,0.19502330100262477,0.2660629401516379
0.3222278573297993,0.21488446979870515,0.19860174463079328,0.2642859282407023
0.3187202383719538,0.2158407819523043,0.20117269198842977,0.2642662876873122
0.3233236347578718,0.21326512652843535,0.19754330894238545,0.2658679297713073
0.3282076783976928,0.21195207680766245,0.19392987886570615,0.2659103659289386
0.3203927828085264,0.2161362095885215,0.20004942377388726,0.26342158382906483
0.3191286211168838,0.21536012814284888,0.20067730429719585,0.2648339464430716
0.3175876021916827,0.2157126908075658,0.20228249852532562,0.2644172084754258
0.3167970679403419,0.21590394049774764,0.2029330194942471,0.2643659720676633
0.320350325095266,0.214284491547092,0.20006367376147513,0.2653015095961668
0.3288675878545105,0.2112358633269814,0.193385249906881,0.26651129891162706
0.3262648004236669,0.21374539161325906,0.19548822570175609,0.264501582261318
0.3238682671686961,0.21433441415890975,0.19696618668850815,0.264831131983886
0.3182168073655765,0.21622692630646678,0.20161317267870385,0.26394309364925284
0.3169323618893326,0.21589429551083594,0.2026483448349299,0.2645249977649016
0.32483366957400217,0.21235856164484956,0.196471742436226,0.2663360263449224
0.3267001888701962,0.21287903941285918,0.1952134271560463,0.2652073445608983
0.31950338759166236,0.2162878587424639,0.2006500787884572,0.2635586748774165
0.321920466345177,0.21400560345424433,0.19847433022408958,0.2655995999764892
0.318537214264961,0.21577424942868473,0.20161641681941161,0.26407211948694254
0.31857501060724047,0.21532963540086067,0.20137586240493416,0.2647194915869647
0.32932949734365413,0.21071978950489437,0.19291229161049547,0.26703842154095603
0.33774381517510393,0.20887317695507973,0.18664865321526436,0.2667343546545519
0.32442963687521603,0.2160463337499012,0.19674804767611156,0.2627759816987711
0.324967159926475,0.2134914099230036,0.1956737917211731,0.26586763842934835
0.3206575058732619,0.2152600407388873,0.19980446443082125,0.2642779889570295
0.320553219878955,0.21479946601859434,0.1997352661199566,0.26491204798249396
0.3304916084974115,0.21052027635625778,0.19197531101946363,0.267012804126867
0.3287220589617244,0.21292681841618388,0.1936049966753387,0.264746125946753
0.31843821540259665,0.2170600600381117,0.20131935992122643,0.26318236463806516
0.3238288020419456,0.21296883000228764,0.19685401306775563,0.26634835488801106
0.3205851138904359,0.2151935137338992,0.20007204753476443,0.26414932484090053
0.31794123691136233,0.21595192597170415,0.20185317127827046,0.26425366583866317
0.3239954497489101,0.21287342405322648,0.19703839953010943,0.26609272666775385
0.3279774860026591,0.2121687718203529,0.19415224009446314,0.2657015020825249
0.32021851055307177,0.2161822847313905,0.20014975968587828,0.2634494450296593
0.3252549286216462,0.2127217362367898,0.19576754460495488,0.266255790536609
0.3229040146486195,0.21445206698240385,0.19814258102876872,0.26450133734020775
0.323110716989148,0.2141136911556487,0.19768223530392384,0.2650933565512796
0.3271316170327846,0.2123570671978015,0.19458208881227926,0.2659292269571346
0.326350373607874,0.21337060802939742,0.19529892452819533,0.26498009383453325
0.3236230643370014,0.2144232335547406,0.197263594174326,0.2646901079339321
0.32917765834179097,0.21155581392017214,0.19284645924159632,0.2664200684964406
0.31816763032634654,0.21714950314262194,0.20189730473030648,0.262785561800725
0.31575150973080335,0.21644370179724512,0.20334963895906943,0.26445514951288207
0.3243695056065195,0.2122972050421804,0.19682426771778913,0.2665090216335111
0.327797142915541,0.2123353199576389,0.19440312049024827,0.2654644166365718
0.3189965718955952,0.21670005658821637,0.2010981705051854,0.2632052010110031
0.32473476214726776,0.21273810666791781,0.19615478941398207,0.26637234177083235
0.3206295276916154,0.21532656936503183,0.20001447198846992,0.26402943095488274
0.3191799031329201,0.21542792577397618,0.20081155602190434,0.2645806150711993
0.32878147653177214,0.21102292818971366,0.19327519009826766,0.2669204051802465
0.3324978909063673,0.2110192092003132,0.19067425750527395,0.2658086423880456
0.323656812638816,0.2154809699756489,0.1972827023996988,0.2635795149858363
0.31682275759691403,0.21681250840739796,0.20244949174109741,0.2639152422545906
0.3148859595876161,0.21645094198226683,0.2043212061003528,0.26434189232976435
0.3175413234194662,0.21512341135451085,0.20238231037501636,0.2649529548510067
0.3227816035907757,0.21339447220420105,0.19824030056950706,0.26558362363551624
0.32411234485517976,0.21368246151391798,0.19716707718574294,0.26503811644515923
0.32034296408566804,0.2154837750304715,0.20000188311545164,0.2641713777684088
0.32200837521034065,0.21411594529020755,0.19853822124513357,0.2653374582543182
0.3175099855213257,0.2162581350049513,0.20240116635008074,0.2638307131236423
0.3232623978208102,0.2131697211614063,0.1975625273505399,0.2660053536672436
0.3292939458535267,0.21147232541481764,0.19310695948305595,0.2661267692485997
0.3209576103742859,0.21608547417663762,0.19961952507210573,0.2633373903769708
0.31728893764329597,0.21623336019031011,0.20213226614260887,0.2643454360237852
0.32134323693681005,0.2138240874649872,0.1991737606975907,0.265658914900612
0.31757444506872207,0.21615809913628511,0.2024737746277555,0.2637936811672373
0.3149559466805886,0.21672291677633826,0.2043055986234384,0.26401553791963484
0.320886515240946,0.21373244550186493,0.1995863817384685,0.2657946575187205
0.32738706046661553,0.2119440714346962,0.19465578694768493,0.2660130811510033
0.3219472643460729,0.21536718261980609,0.19886663104976748,0.2638189219843536
0.32107460776356533,0.21480561301164028,0.19916517437838213,0.26495460484641215
0.31889370211418183,0.21548615500728313,0.20119051882206693,0.2644296240564681
0.3224021043464138,0.21373094070875967,0.19834417196132742,0.2655227829834991
0.3263349550689756,0.21261837982554652,0.1953633271486543,0.2656833379568236
0.3207598262057807,0.2156607681062896,0.19975114769314053,0.2638282579947891
0.32061711035606705,0.21479175096496309,0.19956723146711586,0.26502390721185387
0.3240713937546009,0.21323220273505786,0.19706327208709096,0.2656331314232503
0.31355513661573425,0.21830747837385975,0.20566914261508482,0.2624682423953211
0.31209920208136943,0.21725968105826887,0.2064536213645546,0.2641874954958071
0.3310902925605729,0.2089168963681689,0.1915831870655933,0.268409624005665
0.32937354975316646,0.21278781454343715,0.19344535980255642,0.26439327590084
0.3165197614822311,0.2180791847687906,0.2028181188360517,0.2625829349129267
0.3277564804552361,0.2109759661199609,0.19363567705473464,0.2676318763700683
0.3304825147480295,0.21159875815573156,0.19238957745526128,0.2655291496409776
0.32658768282370765,0.21393610169305055,0.1949711239515949,0.26450509153164686
0.347715446970911,0.20404125351329158,0.1785475808544452,0.2696957186613523
0.3660949472140283,0.19945349203469484,0.16602124072646213,0.26843032002481476
0.3486386264761278,0.21059402167624527,0.17805301851903607,0.26271433332859084
0.339309507558111,0.21129754453572108,0.18384785801944428,0.26554508988672365
0.32301840082518146,0.2164321697355467,0.1972624386164899,0.2632869908227819
0.3218020836492819,0.21444256211340892,0.19828368158673101,0.26547167265057814
0.34306436519810846,0.20519219229480917,0.18232974019326595,0.26941370231381645
0.3433128487274343,0.2087586409907341,0.18265220993191336,0.26527630034991817
0.3258287598108726,0.2164479722964443,0.19513869590051416,0.2625845719921689
0.32579361381007627,0.21321398248339096,0.1948419812038471,0.2661504225026856
0.3263551571383888,0.21292401747402853,0.19526747547072174,0.26545334991686087
0.3271493481609326,0.21291915817244125,0.1945807054609372,0.265350788205689
0.33411776448925606,0.2100420770140792,0.18906986843329376,0.26677029006337105
0.33102694468047783,0.2125051178185872,0.1916149256781338,0.26485301182280113
0.3257711063737364,0.21426328213235,0.19536985337459456,0.264595758119319
0.32914418259367284,0.2118555261163863,0.1927491108638611,0.2662511804260797
0.3181471369898514,0.21711494344436238,0.20185114287986278,0.2628867766859235
0.31876355556807934,0.21515229321940496,0.20091314915577982,0.2651710020567358
0.32620273042952114,0.21199632760548118,0.19544411096875244,0.2663568309962453
0.3234169675680498,0.21451249763554994,0.19779511853737508,0.26427541625902506
0.3236777872243049,0.2139694233401725,0.19716264105028444,0.2651901483852381
0.32660863807515217,0.21265160519749962,0.19499132421910412,0.26574843250824415
0.32005484615100405,0.21595931570597995,0.2003021658166085,0.26368367232640744
0.3238337302485119,0.21330967264107462,0.19697022132032885,0.2658863757900846
0.3332975490249298,0.20980816932284552,0.18990641868745514,0.2669878629647694
0.32423688895969965,0.21533769877539863,0.19707734555986162,0.2633480667050401
0.31738029453543926,0.21674267969247876,0.20195558481234088,0.2639214409597411
0.3212285208308206,0.21385179297585638,0.19913539742903996,0.265784288764283
0.31629655435444476,0.21664135338744672,0.20353254594238,0.26352954631572845
0.3172591365452073,0.21555756557219247,0.2024036487196744,0.2647796491629258
0.32685944238721326,0.2115581794495478,0.1949183257358659,0.26666405242737296
0.3362047968219225,0.20915303698580143,0.18781871529235208,0.26682345089992393
0.3248114324406,0.21562167269540464,0.19651304158449234,0.26305385327950315
0.32062747416695275,0.21542387728886636,0.19921469093144634,0.2647339576127345
0.32071592493720597,0.21455228870829385,0.19962500574057254,0.2651067806139276
0.32264050742418987,0.21389577174149313,0.19824894559551698,0.26521477523879994
0.3273178350386144,0.2122607946656566,0.19451272517646603,0.26590864511926293
0.3284495169836975,0.21252661004852666,0.19364248703140605,0.2653813859363698
0.3267407354431193,0.21343819657455995,0.194821995360373,0.2649990726219477
0.32288792043075454,0.2147502016245483,0.1978159206173841,0.264545957327313
0.3135696508185198,0.21804568544157008,0.20538286207265277,0.26300180166725745
0.3156138621184497,0.21571270718064692,0.2036533523551151,0.2650200783457884
0.3367465322086513,0.20706579191320368,0.18729073482761205,0.268896941050533
0.33981441858332495,0.20925803253190875,0.18535210097944912,0.26557544790531706
0.32242793679751264,0.2173238876066594,0.19802360572134517,0.2622245698744828
0.31973348866068424,0.21529832042740793,0.19973886611541092,0.26522932479649686
0.32351966458164155,0.21317328467824245,0.1975012706180012,0.2658057801221148
0.3270990708574332,0.2124880972083193,0.194801644982286,0.2656111869519616
0.3352486561051225,0.20960505601894802,0.18829284423157286,0.26685344364435665
0.32853080585055416,0.2137932867125311,0.19357165664391146,0.2641042507930033
0.32042391032599776,0.21612521425947728,0.19952584937056533,0.2639250260439597
0.32355850166785727,0.21334796825785943,0.19716236679814284,0.26593116327614036
0.3183441802014043,0.21612002485226248,0.20180105498505108,0.26373473996128216
0.32094078049964037,0.21430393203685924,0.19938519596280566,0.2653700915006948
0.33097756776278353,0.21036901691044382,0.19169318396498605,0.26696023136178654
0.33577351918620174,0.2100065627224901,0.188105725402145,0.266114192689163
0.3217858500914403,0.21681930539001534,0.19874731693069722,0.26264752758784726
0.32357930667657503,0.21362867016646114,0.1968175263800966,0.2659744967768673
0.32809996981450873,0.21188803680010612,0.1939495711765278,0.26606242220885734
0.32894874752800385,0.21245686475800138,0.19327309690796077,0.265321290806034
0.32965290604692987,0.2122787788935205,0.1925021413086478,0.26556617375090186
0.3264349029389303,0.21370986411996432,0.19504189061849656,0.26481334232260884
0.3229347174531949,0.21467220419464014,0.19773694468177078,0.2646561336703942
0.32491520817228414,0.21324220335843402,0.19621974057892574,0.2656228478903562
0.31861183793593295,0.21626184926493408,0.20147713034719753,0.2636491824519354
0.3176697282611346,0.21569585677473033,0.2019851659198286,0.2646492490443064
0.3294155194423673,0.21050651853314048,0.19283727399155437,0.2672406880329378
0.3352131196415371,0.20997780045381195,0.1886422451361246,0.2661668347685263
0.32289147607996643,0.2162847630519492,0.19791137264428346,0.2629123882238009
0.3250649213640992,0.2131885995891757,0.1956728552523225,0.26607362379440264
0.3281828226388983,0.2121008359186501,0.19386726274373808,0.26584907869871355
0.33043708227637164,0.2118248687102309,0.19204594784038492,0.26569210117301256
0.33531912193577956,0.21007268076437563,0.18813863042893084,0.26646956687091405
0.33018254224815885,0.21306129605569515,0.19216146566094539,0.2645946960352005
0.3250645561853451,0.21439032784084522,0.1958718912619322,0.26467322471187754
0.32810787067161573,0.2121701601644449,0.19359764903257196,0.26612432013136744
0.31681980069942217,0.21751478959431822,0.20293779236162748,0.2627276173446322
0.3150886266550908,0.2164955835414889,0.20391997692328961,0.2644958128801307
0.3310134296016804,0.20938068887211803,0.19160460260291592,0.2680012789232857
0.3304140004936144,0.21231293853646535,0.1925211909117466,0.2647518700581737
0.32068260016975514,0.21645609766343246,0.19949176780274258,0.2633695343640698
0.3284534557147097,0.21134641602675044,0.1931530556651395,0.2670470725934004
0.3303448625272524,0.21178015592026087,0.19233631432697695,0.2655386672255098
0.3280842626100402,0.21322653265946195,0.1937717468225209,0.26491745790797694
0.33619142365157906,0.2092700879566648,0.187320386301877,0.2672181020898791
0.32931949065599847,0.21354536418036815,0.192979552588635,0.2641555925749984
0.3218634050034174,0.2156503743455824,0.1983614323066289,0.26412478834437125
0.3301293351561761,0.2107733524142499,0.1919616100190033,0.2671357024105707
0.31960379406823614,0.2166647026837339,0.20086767459071864,0.2628638286573113
0.31494220124595845,0.2170500455335834,0.20400029808688117,0.2640074551335771
0.32242737902157365,0.2129867612844153,0.19829197498454793,0.2662938847094632
0.32751609053160974,0.21212098321957315,0.19462107559062117,0.2657418506581959
0.32161625342655803,0.21554510968613774,0.19906811131684102,0.2637705255704634
0.33567763061950123,0.20849788267332786,0.18764744148960497,0.2681770452175659
0.33886001603373406,0.209346105240057,0.18585236231795466,0.26594151640825425
0.32807070225320356,0.21468024127335497,0.19364532424879546,0.26360373222464595
0.32583203424894513,0.2136542923812969,0.19504700453201912,0.2654666688377389
0.3251631446268682,0.21349734766820985,0.19607352548929963,0.26526598221562225
0.3224842532205225,0.2146714614810818,0.19826199769136435,0.26458228760703134
0.32502757538195215,0.21317015600281256,0.19615311100773106,0.26564915760750424
0.3191689252781447,0.21605122437997049,0.201032390513052,0.26374745982883285
0.31659488453759266,0.2162393194881822,0.20286732667214083,0.26429846930208417
0.3273652104210503,0.21121189685760502,0.19440397759623834,0.26701891512510617
0.33660423085678864,0.20903439839235466,0.1875676483449708,0.2667937224058858
0.325488445305472,0.21541520004700077,0.19596533699543398,0.2631310176520931
0.32086174665506817,0.21543126630314374,0.19902146802763743,0.2646855190141507
