0.2587481068309502,0.15727845418432856,0.24224969201683214,0.34172374696788904
0.3066740799824333,0.1879325915546636,0.2299854993413239,0.2754078291215792
0.34998233818042795,0.2251531660498604,0.20880931141618372,0.21605518435352788
0.29086150048023174,0.21946357975663164,0.24720042844082238,0.2424744913223142
0.26912063998652014,0.17360576552490797,0.28461690525230426,0.2726566892362676
0.4045542460899936,0.28460812031494054,0.14538110877525695,0.16545652481980885
0.347392022302935,0.29208615726122256,0.18889047270889558,0.17163134772694674
0.3444640091405789,0.2156038707493697,0.25185641583241924,0.188075704277632
0.37609974904526833,0.2445590334295784,0.20753857165721662,0.17180264586793673
0.2103216435696554,0.1944579487711054,0.2980175931283953,0.2972028145308439
0.40211376306447066,0.20811457303853684,0.19908092798295537,0.1906907359140373
0.4158840651548502,0.3431635639562065,0.12106984806292304,0.11988252282602012
0.34861782151509507,0.278283230761094,0.2119202259817057,0.1611787217421053
0.3473548922492449,0.22196265852442879,0.24655282144555876,0.18412962778076766
0.36451509925385944,0.21269358839325564,0.24121879736107407,0.18157251499181087
0.22329905947020595,0.19068651108354115,0.29169965547262816,0.2943147739736248
0.2901954571616116,0.1546365263791639,0.28119811386895005,0.2739699025902745
0.35701177578296145,0.268344926465737,0.1697686097685678,0.20487468798273373
0.231352207741497,0.16421737619758175,0.3201289136655612,0.28430150239535995
0.1816020646732325,0.1200109274987099,0.3302416252482845,0.3681453825797732
0.2919753819114438,0.17309979578277387,0.232467500314923,0.3024573219908594
0.22416421779018952,0.21206767980608177,0.23043064222116372,0.333337460182565
0.40466373324531457,0.2315807768602022,0.17233907587043745,0.19141641402404586
0.3928570643906336,0.3680506412974137,0.11474351700902927,0.1243487773029235
0.3354931959685248,0.25348158884131244,0.23704904862481563,0.17397616656534715
0.38753519823809257,0.23027478183216551,0.2196465159015468,0.16254350402819523
0.3473130817994837,0.2427132875135724,0.22713578891004763,0.18283784177689627
0.23917218782761968,0.2168769192504642,0.2672982596975118,0.2766526332244043
0.40147557982904986,0.1886445028227491,0.2246926104152905,0.1851873069329105
0.41940328546790184,0.33692887645615854,0.1240160605526552,0.11965177752328424
0.31092892662795424,0.26614746215342827,0.23529931354960068,0.1876242976690167
0.3784065901693256,0.25280045712205185,0.20038227301842454,0.168410679690198
0.45546538513044027,0.3134582830077409,0.1280758456407845,0.10300048622103417
0.32940955476242245,0.31560207517856037,0.19361068461332634,0.1613776854456909
0.4110444228147583,0.2459849437614022,0.2014420157712461,0.14152861765259334
0.4322475686090798,0.3532182693520525,0.11550507993648143,0.09902908210238615
0.38638078878835336,0.2936891212533275,0.1894153228326923,0.13051476712562687
0.4081543724553787,0.2948487660114241,0.16988213159437554,0.12711472993882159
0.386587062607643,0.2618592369477903,0.2073349038113566,0.14421879663321005
0.3495488274609601,0.23671456957761952,0.2375212944455191,0.17621530851590117
0.3911894524347496,0.22593429089926698,0.2214496258947481,0.16142663077123534
0.3784610962853415,0.3343173410839227,0.14550959462625632,0.14171196800447947
0.3612838267614884,0.24973159462057878,0.22525630002325953,0.16372827859467332
0.3686018902932521,0.2226171220320252,0.23757578379973643,0.17120520387498633
0.316545373516257,0.2048535233343534,0.26997981578015207,0.20862128736923746
0.2054514406265866,0.1991890106135457,0.2809436844968494,0.31441586426301843
0.45474467066586693,0.248060523502759,0.14579376872878314,0.15140103710259104
0.4199862885074355,0.398723262906072,0.09215283267233325,0.08913761591415914
0.37074564756810857,0.29596571849746783,0.1972922030999789,0.13599643083444465
0.3602629678425747,0.22617525244955983,0.24613200095881732,0.16742977874904819
0.34586516988462307,0.19334424045693546,0.27261850229723755,0.1881720873612039
0.23518447139786386,0.19249008953459487,0.2870328981199929,0.28529254094754836
0.3434862824201467,0.1794506500865647,0.24782892342099128,0.2292341440722973
0.4138615310979598,0.30545856945963806,0.13830491998328004,0.14237497945912217
0.3501174183377742,0.28150424788375056,0.20280655087047306,0.1655717829080023
0.30143036822894453,0.21414721277871915,0.2678428167061776,0.2165796022861587
0.43304013328274327,0.25077184883458636,0.17332353717225227,0.14286448071041818
0.3700227465106583,0.32457764973396636,0.16148499043527492,0.14391461332010047
0.4224863199417983,0.29234124803076605,0.16355916331545237,0.12161326871198311
0.42521204250100664,0.38240364840282043,0.1033359359875449,0.08904837310862808
0.37613060646256974,0.2839621716148963,0.20443530248814276,0.13547191943439116
0.32707141058024,0.19714838376531602,0.2870822979045244,0.18869790774991974
0.2885825702488203,0.1674369482653802,0.30850430775343674,0.2354761737323628
0.26182109992294644,0.20296111233010714,0.25476458919052536,0.28045319855642115
0.41961405486859593,0.2188624152337928,0.19019354112353293,0.17132998877407846
0.4136116746656447,0.3676479022858006,0.10988454427141932,0.10885587877713543
0.34712666355079347,0.2724855388193634,0.22108547329087738,0.15930232433896577
0.33292951237916457,0.2002552340984786,0.27345076540792584,0.19336448811443085
0.4412541036108781,0.25402665977703176,0.1718480860831288,0.1328711505289613
0.2840502823949542,0.2980426904361834,0.20953236444827097,0.20837466272059135
0.42814134895788086,0.22105014281737065,0.20392172903817563,0.1468867791865729
0.4231709387146569,0.3678721456651623,0.10897721338425456,0.09997970223592637
0.14563761983080764,0.10637573058504446,0.4524406384907893,0.29554601109335865
0.16473322031810925,0.07375168609553096,0.40014671152616593,0.3613683820601939
0.2881909789572288,0.16165021036067226,0.24219589182171153,0.3079629188603875
0.14239395765144797,0.15968406259888276,0.26132170039530633,0.4366002793543629
0.37967974481481875,0.16939424948162618,0.20259559980468134,0.24833040589887367
0.3782193083872804,0.34681100942793197,0.12146748062011492,0.1535022015646727
0.17841763472140457,0.141472395877026,0.37507272001008124,0.3050372493914883
0.34355638121969395,0.17985336828170995,0.23583858406135966,0.24075166643723633
0.4161327406601563,0.27151810091032175,0.1598563072989549,0.15249285113056715
0.26856792099644694,0.28721709930423206,0.2170539807861935,0.2271609989131275
0.4318950853988013,0.22819867767351307,0.19167509926160636,0.14823113766607926
0.4148386776762006,0.3653948858222877,0.11418364595717061,0.10558279054434111
0.3029308790796538,0.2180920154353908,0.2872357731922995,0.19174133229265583
0.34424782208557436,0.21260750342576643,0.24346257667616955,0.19968209781248958
0.3983461603662654,0.2544778771466317,0.18856428291810312,0.15861167956899982
0.25353976152134494,0.2174910969563318,0.27579375043424825,0.25317539108807496
0.3752349943320094,0.16803684879718267,0.2608247617932387,0.19590339507756926
0.36578071063828627,0.3380060762609106,0.13869447030347956,0.15751874279732353
0.2021394339019996,0.14120531102968195,0.37420667344344855,0.28244858162487
0.38395781308364507,0.18944124235753754,0.22238084688398946,0.20422009767482793
0.3502438923340489,0.2521595288586985,0.207095437020832,0.19050114178642044
0.10355918980627879,0.14156519199120532,0.3369002058883296,0.4179754123141862
0.43959030435621277,0.2091689821004121,0.1547820956196045,0.1964586179237706
0.39743400984868227,0.3771881585050301,0.10742512603306265,0.1179527056132249
0.3275377171769414,0.2601159137796931,0.2362483287219504,0.17609804032141493
0.39816142661363657,0.22769058928219685,0.2175809588193113,0.15656702528485522
0.3833157033259301,0.2466872811011047,0.2122190860026436,0.1577779295703215
0.3191483085551183,0.26121027282638604,0.22085574683369752,0.19878567178479828
0.3702036830554224,0.2387812038362053,0.21225950698816273,0.17875560612020963
0.4246228538975667,0.32955622042630517,0.1282865125376152,0.11753441313851304
0.23368063186920102,0.17162368177358284,0.35032135941545217,0.24437432694176406
0.20964714147331343,0.11896233750412927,0.35477575195386635,0.316614769068691
0.3658617133897224,0.21843522536425375,0.19363418137005964,0.22206887987596424
0.3513677455441341,0.2934596244994828,0.1712729734979628,0.1838996564584204
0.4465080454599107,0.3421438812005389,0.11107716030572397,0.10027091303382651
0.3982962701327859,0.3961696019631788,0.11066819960173571,0.09486592830229973
0.3838151109082379,0.23962505514639962,0.2381972260892149,0.13836260785614743
0.4105803798799435,0.26385527792141533,0.19007374332315655,0.13549059887548456
0.3246979723009077,0.25441614090529946,0.23329096003594277,0.1875949267578501
0.3791417403548913,0.2544075578177382,0.19899650424015516,0.16745419758721528
0.44003723787503046,0.2561484677995557,0.17843789915734143,0.1253763951680724
0.36648744432220953,0.3192607989330849,0.16991249072123213,0.14433926602347344
0.2283817783486441,0.1719439935463562,0.33678637858645283,0.26288784951854693
0.42552769907351684,0.22420957559295696,0.18460679661204835,0.1656559287214779
0.42748732504149267,0.30883697134983856,0.14485375927283045,0.1188219443358384
0.3370967503019363,0.30404856260394963,0.1949742627678265,0.16388042432628752
0.44585286430015064,0.3168765423641098,0.13079429500826648,0.10647629832747314
0.4239200736333845,0.3731315883515095,0.11278855609393268,0.09015978192117347
0.3890124354499899,0.2745784015106778,0.20601027294223948,0.13039889009709285
0.3447753065738167,0.22804909352274377,0.2514229522175052,0.17575264768593418
0.33746140381012013,0.22682742608071005,0.2395842970438675,0.19612687306530233
0.3750895046415013,0.2373020696165678,0.21257153426469233,0.17503689147723858
0.4058508131691734,0.23443138969883273,0.20925621198715358,0.1504615851448405
0.3859712464860629,0.35994604212675074,0.12847852705831128,0.12560418432887513
0.2857756157126382,0.21671162085730944,0.2866586734321282,0.21085408999792418
0.4472773453520527,0.18611976387748805,0.2247442408070881,0.14185864996337122
0.41078664007430055,0.34678114325963943,0.1286373666137926,0.11379485005226729
0.20947087738794004,0.23947121405671953,0.2837492155925381,0.2673086929628024
0.5012692272661836,0.23623992917921363,0.1446162833807555,0.11787456017384731
0.4263844193336516,0.41806555685043756,0.08172253465264263,0.07382748916326834
0.11654914711258528,0.10196349256410264,0.46310298231395475,0.3183843780093573
0.39472847356971125,0.13338614765922335,0.2651400930760352,0.20674528569503026
0.42202638635314327,0.23808118769670933,0.18991904713758068,0.14997337881256678
0.06808911600571886,0.07000712956424328,0.40690806473707347,0.45499568969296444
0.19682497498573345,0.08626949286691388,0.2934047757898794,0.42350075635747325
0.11115342334856791,0.12843322136157548,0.2007475248140073,0.5596658304758493
0.0022233049476224395,0.002400083648452131,0.22737833032551255,0.767998281078413
0.00014916972308284013,0.000413407236927481,0.08309884664511148,0.9163385763948781
1.2629236790256776E-06,0.00027828260836228706,0.008421297899174745,0.9912991565687839
6.466283154978068E-14,7.677564609738287E-05,0.0007298548598496263,0.9991933694939884
0.05341810400141261,0.04824547482586201,0.08236213834772371,0.8159742828250017
0.16273393915407294,0.16819134863803473,0.0909978627989246,0.5780768494089678
0.013844989346712772,0.024607594495110376,0.18116089671896718,0.7803865194392097
0.03678821787531437,0.029280700886786585,0.15847750864613108,0.7754535725917681
0.12801290355752912,0.10927222760081962,0.12728382287368947,0.6354310459679617
0.03274767244585208,0.04999320057637892,0.15557073158829607,0.761688395389473
0.20004018286467515,0.11084994336408943,0.15659884622907336,0.5325110275421621
0.16103669523305011,0.191373340964949,0.14912674832992814,0.4984632154720728
0.068028547411598,0.04548195372945785,0.3100976239544158,0.5763918749045284
0.23040235517652533,0.13159672052017726,0.1972929278093216,0.4407079964939758
0.15582191766481296,0.14786189489642929,0.2253716922737283,0.47094449516502934
0.14015955558563634,0.11021198576410596,0.25109735384441956,0.4985311048058381
0.3782864183034975,0.2338733762476742,0.1350935851876039,0.25274662026122446
0.35927787991804017,0.3579081442420268,0.12214185773024976,0.1606721181096833
0.3236894575964657,0.20025571998331476,0.2808952416213306,0.19515958079888893
0.43504799288614676,0.2657233821762725,0.1643336190314995,0.13489500590608114
0.26878778289115324,0.23293214393125736,0.26800681968673945,0.23027325349084982
0.2642881032184116,0.18153706036989753,0.27953535492664106,0.2746394814850499
0.43742215524655903,0.22791305949798102,0.17637252702888243,0.1582922582265777
0.28513944207064135,0.28505054186498724,0.21129743634638776,0.2185125797179836
0.21729283207910247,0.14149246482725644,0.3429735070387763,0.2982411960548647
0.3591630043541238,0.19833695211253174,0.21905942354707778,0.22344061998626663
0.41422803434204747,0.27493642463757745,0.16235140793834132,0.1484841330820338
0.35359200398578466,0.34029018971508374,0.15505192750932767,0.1510658787898039
0.43539097007967387,0.31818069565219553,0.13765662904616538,0.10877170522196516
0.4308589940428649,0.3592278734107419,0.11832246323130163,0.09159066931509177
0.26126363836590266,0.1927880599165483,0.32999171218690193,0.21595658953064703
0.17501842663779046,0.09911777545957992,0.3993787490715236,0.3264850488311061
0.2504419799126479,0.12875927158973932,0.29999656723601725,0.3208021812615955
0.31064074923550994,0.19477791623911078,0.22556315751539624,0.26901817700998304
0.36278816205817654,0.2462045038273821,0.18876247958712686,0.20224485452731458
0.3620304115070087,0.33284673450511604,0.14477276971035966,0.1603500842775156
0.3277396700135245,0.23389152100134689,0.24597786870028487,0.19239094028484371
0.2967457861879783,0.14399910882265143,0.3377819180441246,0.22147318694524576
0.2955230913142982,0.2046984550550648,0.2517459305103351,0.24803252312030197
0.2461962901720621,0.24245309335548876,0.2193762319892481,0.2919743844832011
0.4442722369991912,0.2854452692139696,0.12982753758002644,0.1404549562068126
0.4272317518887997,0.3815152898925705,0.1013475869094245,0.08990537130920528
0.08654164407072752,0.06731158189276279,0.5100476273523015,0.3360991466842082
0.14402015212865563,0.06136178197225442,0.39832592952152723,0.3962921363775627
0.25888320836158407,0.15154129776066347,0.24016932793045892,0.3494061659472935
0.25227961104229335,0.19927589401743329,0.2178407435843913,0.33060375135588216
0.3803857403521058,0.20833196936573245,0.19973291634434412,0.21154937393781764
0.2633942097105039,0.2650363428605484,0.2115651493759546,0.260004298052993
0.15746306306482985,0.09752992921295861,0.38537425540818293,0.3596327523140285
0.22079705243143868,0.131098495406874,0.2837666807056021,0.3643377714560852
0.3503025797253526,0.215669550212679,0.18778278811073348,0.24624508195123487
0.2666680816720844,0.29390773932578385,0.18150780575364664,0.25791637324848515
0.4209103021791012,0.25485812977268013,0.16859829189667844,0.15563327615154018
0.4125161271030909,0.3288647431515255,0.13879881089703985,0.11982031884834378
0.14242492261189502,0.11080090846406652,0.4289015851650777,0.3178725837589608
0.17937909485139783,0.09923383676658971,0.33802189995842186,0.38336516842359064
0.29333165554888224,0.1689486032740444,0.2286634900626443,0.3090562511144291
0.2665795387573663,0.20457442228138786,0.22830898580286255,0.30053705315838336
0.2556315636408102,0.1535425336722699,0.28674955101833555,0.30407635166858443
0.2555104329481863,0.21679257504537022,0.2156941954486008,0.3120027965578426
0.2048536786926074,0.14703130602464953,0.2920427544794294,0.3560722608033137
0.26828227020912426,0.14833423417826694,0.268945950685567,0.3144375449270417
0.3585897419898267,0.23815703424829382,0.18292118182070377,0.22033204194117567
0.23613354266389106,0.2680738414886404,0.21326254954143112,0.28253006630603755
0.4205813361520888,0.24449615076186415,0.16987700692831084,0.16504550615773622
0.4248416625724989,0.3514926974710672,0.11696859516716465,0.10669704478926921
0.18761452153537808,0.1470501090858329,0.38813405556718017,0.27720131381160873
0.20010463443093943,0.10442583400605678,0.35600016139711593,0.3394693701658878
0.3098456820357346,0.1844706949979494,0.2254851462040904,0.28019847676222553
0.1799123070872444,0.14433453313133604,0.29794338432465756,0.37780977545676203
0.25072919252084336,0.12771995124054533,0.2820071925121135,0.3395436637264979
0.19588206224782798,0.19716175655622564,0.21344390277318862,0.39351227842275766
0.06466944481070803,0.04987190091910862,0.34347070475776653,0.5419879495124167
0.2018640983128473,0.08993913950469928,0.2642768064353594,0.443919955747094
0.237176895862176,0.20364710971993216,0.1825813051122802,0.3765946893056115
0.10314830366243467,0.153958832582907,0.23850108169906456,0.5043917820555938
0.39466346547565895,0.20500510825719498,0.15126654442268891,0.2490648818444572
0.40812698211740106,0.37547220903059714,0.0968538012428119,0.1195470076091899
0.15675361152289555,0.12866728604563143,0.40662835409683085,0.3079507483346422
0.3509848522903568,0.15411056035167295,0.25836784328581835,0.23653674407215208
0.35523749541708854,0.2524357354996077,0.19352428538311647,0.19880248370018722
0.09863412510466915,0.09228283729509135,0.3832245143500486,0.4258585232501909
0.28875806656932773,0.10539453887576557,0.2909095304437901,0.3149378641111166
0.1497221447794604,0.17685530715856126,0.22611871509933934,0.44730383296263904
0.04727710539313964,0.03549699377943936,0.32693655966386764,0.5902893411635535
0.1924724126131647,0.10580428913031036,0.2157362992302509,0.48598699902627407
0.2878698019651259,0.20783680936102483,0.16861561430278427,0.335677774371065
0.11153637911162093,0.186860136389913,0.23937278099350096,0.462230703504965
0.383430499811226,0.18333825289727457,0.18257645646486145,0.2506547908266381
0.41848444011875463,0.354924342209702,0.10378861024523443,0.12280260742630895
0.3105690965257159,0.2734023900366389,0.22786692746842532,0.18816158596921978
0.36979569909602,0.22467327304403215,0.22726799445352752,0.17826303340642055
0.38644201467639383,0.24671409558158336,0.2049111208044001,0.16193276893762285
0.04734114375862167,0.04461943181670058,0.45633148497243614,0.4517079394522415
0.05752297961614816,0.02642634622004799,0.37738700718695245,0.5386636669768513
0.14871698535882008,0.12485460581600433,0.1895398105090673,0.5368885983161084
0.12566612368622587,0.10060274684060233,0.22814671173909648,0.5455844177340753
0.2778491741476164,0.15989409081241807,0.18913415937864292,0.3731225756613227
0.33532673031654997,0.2333796076737178,0.17910020272571406,0.2521934592840182
0.24767502670299038,0.26679920834989845,0.20103948206106403,0.28448628288604694
0.4121174888468101,0.28165394576283015,0.14568134903270474,0.160547216357655
0.41973393817757537,0.3461665773528835,0.12400291556074192,0.1100965689087992
0.29615569378263584,0.1708083609681299,0.33924579660645027,0.1937901486427841
0.14005611820148986,0.11410187313367293,0.3624431849812198,0.3833988236836174
