0.33233851188155644,0.30470332302360664,0.22983070133971473,0.13312746375512224
0.42373881843026706,0.2748894687497011,0.2055505584003598,0.09582115441967211
0.12981378429106316,0.20044763071430757,0.30391762042396714,0.36582096457066215
0.36748972696684173,0.24091219373500838,0.2675897017978244,0.12400837750032546
0.575448731651617,0.23050792298653006,0.13637350812784613,0.05766983723400687
0.41311989821986606,0.2816828965549191,0.19324393868129502,0.11195326654391981
0.372966834840507,0.28211912684205576,0.22331616233281576,0.12159787598462143
0.3654504362666229,0.28222054558792375,0.226943031432697,0.12538598671275633
0.010091693937106608,0.015454884635477131,0.12083603582651403,0.8536173856009023
0.30245423042889935,0.11049429772531685,0.39626642561978764,0.1907850462259961
0.5175845703781934,0.24370516123951166,0.1566363670460511,0.08207390133624402
0.3981612569364321,0.2814442311213507,0.20458301534861134,0.11581149659360594
0.18222977338291,0.2629990859203483,0.3024670850479868,0.2523040556487549
0.41156875718281055,0.2604443490991865,0.22820853676429811,0.09977835695370485
0.0585332057380572,0.12936203555986203,0.28058918834084295,0.5315155703612379
0.4478811021314358,0.2081865645725802,0.2553866266586995,0.08854570663728471
0.4472535714404111,0.2792765269744137,0.17728223527830309,0.09618766630687213
0.3163001517166013,0.29743016102367403,0.24362819660515972,0.14264149065456502
0.13692243866033668,0.2848392207547119,0.326759973143712,0.2514783674412393
0.2938920828320143,0.27543311922168273,0.2843276814676944,0.14634711647860843
0.09628852095224652,0.17354873307000174,0.3150977643333904,0.41506498164436145
0.6037649282607933,0.19008057598983016,0.15902004657167548,0.04713444917770089
0.5507729948005923,0.24582525262403504,0.13483625939411883,0.06856549318125395
0.49278482519797073,0.2580146891263492,0.16589207474984272,0.08330841092583743
0.44331346394375615,0.27114726085751817,0.18769476869409296,0.09784450650463276
0.5851682261474703,0.2290092649380849,0.13264423056954286,0.05317827834490191
0.07482365984076822,0.23804288770841578,0.30998435085674275,0.3771491015940733
0.5634383396364082,0.20575870270203456,0.17706533494470073,0.05373762271685641
0.5901717009732561,0.23234819407161655,0.1214394645965752,0.056040640358552184
0.4269324198986854,0.2783551366813781,0.18841216880227463,0.10630027461766181
0.4585504525046139,0.266311042591341,0.18605231428007044,0.08908619062397455
0.6552605002111384,0.20084489811971956,0.10506763973627403,0.03882696193286791
0.17423915126419695,0.2679784643406175,0.2751514318850172,0.2826309525101684
0.5321012492597865,0.20141341298372462,0.1881951652218695,0.07829017253461937
0.5378255516246273,0.22147169629948696,0.15174601577243454,0.08895673630345118
0.588990545331778,0.22686251890591347,0.12859240424626558,0.0555545315160429
0.4131408543420191,0.28548378217438714,0.19205597564787702,0.1093193878357169
0.41909145741966614,0.27750858346983115,0.203081360984835,0.10031859812566751
0.12350040252388433,0.10356482064993451,0.25811209222741943,0.5148226845987617
0.5670304777391214,0.1849924657204653,0.18996983547813034,0.058007221062283024
0.5251946053955706,0.25748493625418684,0.1434220403508021,0.07389841799944033
0.5154464582674072,0.2534736326199149,0.15752722824151638,0.07355268087116144
0.3043697260940315,0.30295147261599725,0.2405375123176481,0.15214128897232312
0.26313752627621484,0.292229981795405,0.2796313587631635,0.1650011331652166
0.008034179445772333,0.0119304242600194,0.11420908979247413,0.8658263065017342
0.4955080087067671,0.13429205726347762,0.29324078221789096,0.0769591518118645
0.6605033726002683,0.20816054158442338,0.0916187347616804,0.03971735105362797
0.588437817292131,0.22911239346141907,0.12393301200055475,0.05851677724589526
0.29178365417629853,0.30135681985089746,0.241567730440893,0.16529179553191103
0.48632904305369284,0.2557618649962574,0.1834921362860974,0.07441695566395226
0.09594388342498884,0.2265439805592112,0.30852301131637133,0.3689891246994285
0.49328611009106516,0.2197722562452029,0.2105911614160231,0.07635047224770894
0.6147829298888222,0.22198218379719506,0.11477866034793623,0.04845622596604651
0.4686348644516813,0.27069436546916054,0.16967544753580086,0.0909953225433573
0.181360291262954,0.2974984064213512,0.29643325125787884,0.224708051057816
0.46101727964510486,0.24575065785693387,0.2064689154829636,0.08676314701499757
0.16297726136174528,0.10325586864765864,0.24078192439576016,0.4929849455948359
0.592347216320622,0.1770959545741306,0.17593547725309727,0.05462135185215006
0.6545891688721214,0.20563121630215825,0.09748219788912547,0.042297416936594875
0.5677301309708153,0.23770541249390909,0.13119815654576736,0.06336629998950839
0.21011560621743214,0.30075602909946597,0.27497796437761907,0.21415040030548277
0.35836367053848406,0.27828850324080945,0.2480949310640328,0.11525289515667382
0.00579679719679128,0.003669614897444962,0.06026602489496411,0.9302675630107996
0.4347405105919177,0.13432993103459803,0.3431778509683031,0.08775170740518122
0.5906550032597021,0.24263098619748263,0.11377641630598641,0.05293759423682873
0.30571122858831695,0.29933109150029874,0.23730468333708096,0.15765299657430318
0.07777398502500954,0.1653636906533967,0.32119683354721873,0.435665490774375
0.4716025002093009,0.195445266974001,0.23344554902639383,0.09950668379030421
0.002352361784215915,0.0010111350804936831,0.02877671460758773,0.9678597885277026
0.46190831021339596,0.12837231378492517,0.33362802763345556,0.07609134836822329
0.536111249388348,0.2653576353442342,0.13107852943594528,0.06745258583147257
0.15121825804354416,0.29026802033881516,0.3030725299059438,0.25544119171169677
0.0944374752434828,0.2415531765650239,0.3697794383223331,0.29422990986916014
0.38924257631201165,0.2704276055976129,0.23945288006914928,0.10087693802122619
0.02490341136941063,0.0834324459815104,0.24696177176952933,0.6447023708795495
0.5777675754669822,0.1651270944359478,0.20423758098475617,0.052867749112313796
0.4738083574953936,0.27651383083298264,0.15914037025976432,0.0905374414118594
0.2580791687488242,0.2980400789858346,0.26744374781835123,0.17643700444698998
0.2208137576912794,0.2516995384103718,0.3034673791625635,0.22401932473578537
0.570349229467172,0.22392657639504573,0.1512638879226204,0.054460306215161854
0.0486636643598866,0.11353823986961702,0.2537802892736473,0.584017806496849
0.5322736934480934,0.17443268945922893,0.22364164946895693,0.06965196762372076
0.4697309065358848,0.24805428672721974,0.17051849587725987,0.11169631085963562
0.37946301127059057,0.28108730393878767,0.21836521441145193,0.1210844703791697
0.25763290245543125,0.2977841940181585,0.2714443714118348,0.17313853211457536
0.49120491166510255,0.2539454982345741,0.18150456385559904,0.07334502624472451
0.009911208186396955,0.015340742306353933,0.11392502850948409,0.8608230209977651
0.4979471904901258,0.14408197185159793,0.28832461142899296,0.06964622622928317
0.3391323547146936,0.31530657691073166,0.2054671328599207,0.1400939355146541
0.3187998809304204,0.29037517993069495,0.25616027687418347,0.13466466226470128
0.40279978713128156,0.2846250556417525,0.21123864140660284,0.10133651582036311
0.333621963795855,0.28768645321002034,0.23744671043203747,0.14124487256208723
0.013517968443166311,0.028803179860617294,0.16207591722180875,0.7956029344744077
0.5094774723297221,0.13803154330805256,0.2732563969209374,0.07923458744128802
0.6114729626387637,0.2307006437507769,0.10847480085041279,0.04935159276004641
0.3673093750312034,0.29308447475302124,0.21065943160426384,0.1289467186115115
0.2732306068532627,0.2875266288394954,0.271236034683539,0.16800672962370294
0.4895350147180289,0.2520898606313578,0.18154014425108705,0.07683498039952623
0.2468636938789815,0.2183758454615458,0.2648616036256133,0.2698988570338595
0.6380799016792039,0.1929318949779762,0.1281413952941609,0.040846808048659054
0.6144977418277487,0.22236437224452374,0.11200908808763488,0.05112879784009283
0.2905943485238631,0.30573363789374586,0.23955146019527196,0.16412055338711906
0.15465144673670156,0.2798441960734643,0.3282477493428379,0.2372566078469962
0.29626954381337217,0.2409562870630651,0.28504348307943306,0.1777306860441296
0.4073104662161698,0.252941985171962,0.21838792852939773,0.1213596200824704
0.7073644688192596,0.1760635859641641,0.0876089740880188,0.02896297112855762
0.5018742718425996,0.2584799853122409,0.15237284786706978,0.08727289497808965
0.5300026844234804,0.24495727558757302,0.15449782755365288,0.0705422124352935
0.4851611576336928,0.26489210117991596,0.1670599649514389,0.08288677623495237
0.43727780422038104,0.2767870453937675,0.18943286999512435,0.09650228039072709
0.3311757622841438,0.25107251703440087,0.24368010719416702,0.17407161348728828
0.6680138479567219,0.189854974310108,0.10690502481697894,0.0352261529161912
0.47896619742948837,0.2700014059111542,0.16093780374799277,0.09009459291136461
0.26423837205842726,0.30341141372851116,0.2632704964893633,0.16907971772369831
0.3963267572833789,0.2711904551053368,0.22493784696629446,0.10754494064498993
0.5186689267016609,0.2439488457619292,0.1621011961292413,0.07528103140716848
0.34720998891721655,0.27231820062865525,0.22640859310330044,0.15406321735082776
0.6295783558525054,0.1951999519878232,0.1260504108088208,0.049171281350850526
0.6359341979067702,0.20924763487417658,0.10680385692871794,0.04801431029033533
0.5610965795079136,0.24002448876780666,0.1343055063514012,0.06457342537287852
0.3371694510520243,0.30039303591962424,0.22448722438243762,0.13795028864591394
0.3810076761290752,0.28071358019138093,0.225479322074106,0.11279942160543789
0.24204876306416315,0.1738480386037073,0.2724602365299436,0.3116429618021859
0.656196428984051,0.1831343197736229,0.12267881203539646,0.037990439206929794
0.567441603330187,0.24151243150293372,0.1277361300250226,0.06330983514185662
0.11215004392516183,0.2661963636965961,0.31011164252176016,0.3115419498564818
0.49869196630706847,0.23018785872495767,0.19943938911521292,0.0716807858527609
0.38838732819621186,0.2533612753788762,0.20744693552220939,0.15080446090270264
3.5802655992193797E-12,1.6286392526813044E-17,2.6073661823777346E-09,0.9999999973890534
0.002372582251839947,2.6646384680173368E-05,0.01505862447317307,0.9825421468903067
0.11060968359881242,0.022689250214280178,0.34572764121564165,0.5209734249712658
0.008614812414272702,0.06007841535635349,0.28914272864559165,0.6421640435837821
3.961397503161817E-05,5.444803947148474E-06,0.0034320011502349014,0.9965229400707863
3.2546099900326183E-10,3.284041793820901E-14,3.550137308799322E-07,0.9999996446607752
8.476506256562792E-13,3.829264475671061E-18,3.4766271931981974E-09,0.9999999965225252
0.12610915537628517,0.057098921704504,0.4532801863870783,0.3635117365321325
0.23821856095854535,0.29287661475805743,0.2925723876526958,0.1763324366307015
0.005332325286385165,0.10997944958472872,0.29756547127522753,0.5871227538536586
0.00038360811981816225,0.02133798442545038,0.18528009568034964,0.7929983117743818
0.0009740760597976201,0.027447110990858944,0.26850172468369154,0.703077088265652
1.6382868938228238E-09,2.0868226317481001E-07,0.0004885013784967585,0.9995112883009531
0.32905487561859376,0.11920630778502966,0.423016874546122,0.12872194205025458
0.5135181103443333,0.2631269215967659,0.14330776162556802,0.08004720643333302
0.08731084755294453,0.8216301730440817,0.034598915994252695,0.056460063408721096
0.13990569090404856,0.24571718849697566,0.40713522966614435,0.2072418909328314
0.2564007601587994,0.2821475835710611,0.28162866582397966,0.1798229904461597
0.03745307277460323,0.09202829870091261,0.2721608091540567,0.5983578193704274
0.5778031370872112,0.1718226154050192,0.19652653845616253,0.05384770905160724
0.26307018102257357,0.31383498085150524,0.2394124319084247,0.18368240621749646
0.21487583504460667,0.2874398078875874,0.3109758999667407,0.18670845710106518
0.3733804702069835,0.2853260962409299,0.23122001590300012,0.11007341764908657
0.0973026510719478,0.2102111261709376,0.3179656167966874,0.3745206059604273
0.08400220570476885,0.08797794472964585,0.314477623207289,0.5135422263582963
0.6110175923218633,0.1780269524832207,0.1638890865462807,0.047066368648635365
0.3104928268154015,0.29009852765030325,0.22552766048708608,0.1738809850472092
0.47670266442036113,0.253793199852406,0.19010205820201764,0.07940207752521533
0.4977097680253848,0.2603185629850456,0.16325400017160022,0.07871766881796939
0.35114808107204154,0.2915525206292213,0.22328241321632397,0.13401698508241322
0.19319605339934687,0.1571051757270161,0.2839477303291709,0.36575104054446606
0.6339216504738374,0.18516337762216734,0.138343995376967,0.04257097652702823
0.32517771939427764,0.3080285158338144,0.21741979926087215,0.14937396551103588
0.16559629563699685,0.2877095404202916,0.3235011251341071,0.22319303880860447
0.1515009134425785,0.2482925979657952,0.3391814568454629,0.2610250317461633
0.4462699912845409,0.2143827117761229,0.22155828012144158,0.11778901681789482
0.16134638993590128,0.07513532849315244,0.21316733185909362,0.5503509497118527
0.5587921170156166,0.1485794506580932,0.20922453357230997,0.08340389875398038
0.6461763756927689,0.20807739534742378,0.10121628633969651,0.04452994262011079
0.37144263224427654,0.2946414113556203,0.20565920711426197,0.12825674928584127
0.058313421428870506,0.24084498965447096,0.34794414708006527,0.3528974418365932
0.08118958876364482,0.13298173041197156,0.3488839756174552,0.4369447052069284
0.002923118034280315,0.00018422268707243993,0.018281371760997225,0.97861128751765
0.4185162413014147,0.13012634439162507,0.36420904347641453,0.08714837083054579
0.5913680899221029,0.24616154767626824,0.11159703051366449,0.050873331887964356
0.11483747207988725,0.2775709538676761,0.30773521937697257,0.29985635467546407
0.09443022895972392,0.16788932916611268,0.3576376704693288,0.38004277140483467
0.056290337512552024,0.03364487967678094,0.21031990486074287,0.6997448779499242
0.0019469311073794632,0.00041609241646440806,0.03704916245240033,0.9605878140237557
0.4901648349112392,0.12612557392072865,0.3137665379380235,0.06994305323000859
0.5885315043364551,0.24096164322170752,0.1141382897063494,0.056368562735488105
0.11158559323896948,0.2782771369668066,0.30873657281730504,0.30140069697691896
0.03768640042660328,0.14025500704183697,0.35920623521813116,0.4628523573134286
0.2285996700832052,0.22103246049887978,0.3443247769413772,0.2060430924765378
0.06946633964316755,0.03732906418850769,0.18646632642830457,0.7067382697400202
0.5405235680252054,0.16231896409860122,0.23429850774921596,0.06285896012697749
0.21181056825763764,0.3226378032460103,0.2554039294018304,0.21014769909452155
0.08068969207175214,0.22472668593706915,0.3679680580224279,0.32661556396875085
0.02162028965651093,0.03788782395614185,0.21344202932800074,0.7270498570593464
0.31494790633204905,0.14198985279515622,0.363865159466607,0.17919708140618767
0.0953276972655906,0.12970721171937666,0.26509648577134326,0.5098686052436895
0.5307504137217233,0.17925483745219412,0.2144841698481448,0.07551057897793768
0.44592233271995485,0.26161566086519317,0.17902022316049437,0.11344178325435764
0.1880154028226728,0.29250010485178674,0.29848702981602243,0.2209974625095181
0.07971709501361146,0.2345673034415009,0.3625672411784058,0.3231483603664819
0.3430327959192466,0.2600983093538183,0.269200166698725,0.12766872802821008
0.12699469893561147,0.10914139698834102,0.261297349062113,0.5025665550139345
0.4671838836589489,0.210037864904646,0.23832523564979596,0.08445301578660928
0.34883076810264924,0.30660446063133767,0.21435245121474472,0.1302123200512685
0.09578482979104157,0.2507881708515205,0.3400589243146766,0.31336807504276126
0.0778137300920912,0.09974186864172063,0.30789533634887517,0.514549064917313
0.3357673389633242,0.17108054793890703,0.30768392372858056,0.18546818936918827
0.0051403093334683285,0.003755018531605331,0.05804192842484743,0.9330627437100789
0.335263185320222,0.10096742149742464,0.3979645367836032,0.1658048563987502
0.4958997014957491,0.2345364846997089,0.16496086164863305,0.10460295215590895
0.13739776301877793,0.2759772239105301,0.31072890187926,0.275896111191432
0.0987979598333893,0.24226878580318667,0.3692032885293705,0.28972996583405347
0.25783348428889774,0.2535918361560301,0.3034593896240768,0.18511528993099535
0.05852080138558782,0.07656670876098162,0.25382062804388583,0.6110918618095449
0.5027806841596524,0.18748771782160925,0.23758525095059127,0.07214634706814715
0.33850963563359043,0.31233951449786984,0.21315814900388577,0.13599270086465395
0.03028146647048568,0.17938256666885363,0.3402770366745331,0.4500589301861276
0.19402681489052337,0.20826153197656552,0.36010807319579935,0.23760357993711173
0.24480027369849403,0.2442341847098432,0.2901731823904487,0.22079235920121407
0.0005726143894048673,0.0003444571586002241,0.019753861462688947,0.9793290669893059
0.4324590237303944,0.11801022713421867,0.3562767118727512,0.0932540372626357
0.47971289454100574,0.18010448101086882,0.16890772016571337,0.17127490428241193
0.12915111016657502,0.2355695222427599,0.31778338420770535,0.3174959833829598
0.30330467806620665,0.25328686848429544,0.291202255711253,0.15220619773824484
0.4172768527992697,0.28163933180793865,0.20308269092214207,0.0980011244706496
0.03733836865721638,0.1562449948235216,0.30851643992345035,0.4979001965958116
0.525232475753423,0.2016903896174092,0.20945710611974952,0.06362002850941828
0.1722547517646629,0.3095901228120313,0.2742671604368584,0.24388796498644746
0.08052055846282061,0.20266957686061074,0.36783868689702015,0.34897117777954845
0.21074173495248066,0.23432646466550003,0.3300967862874928,0.22483501409452641
0.43993054884801186,0.2652807070641493,0.2044582202607589,0.09033052382708012
0.003220994881868816,0.015543459050915275,0.11404446887707538,0.8671910771901404
0.16973325089911084,0.03159971898809959,0.3277016912507297,0.4709653388620598
0.4498567811625123,0.13139375616106008,0.23720413632262372,0.18154532635380388
0.390908015238974,0.26581513384757877,0.21392246505890444,0.12935438585454268
0.4890620649449855,0.25767739369696685,0.1746986765734004,0.07856186478464715
0.4839043865258491,0.26445656684485436,0.16874414759403233,0.08289489903526424
0.011651251617743451,0.05987030821870539,0.20808296676826035,0.7203954733952908
0.24990125634371999,0.19042167924162828,0.40193890540933114,0.15773815900532065
0.22264022245422369,0.3256711766963113,0.2705858512892761,0.18110274956018896
0.11246236355283379,0.27005209294458266,0.35072845087559695,0.2667570926269867
0.020815310874501804,0.005861516285102723,0.08974396359419919,0.8835792092461963
0.24444311681122483,0.09805424031529875,0.4267060171359645,0.23079662573751186
