0.2999081069323523,0.2378909102770722,0.22320547536949875,0.2389955074210767
0.29865228640946734,0.23859670509735817,0.2215297492151309,0.2412212592780436
0.2984843983730586,0.2385112060648809,0.221825881126012,0.2411785144360484
0.2988169088407652,0.2384309719597178,0.22199541779809104,0.24075670140142597
0.2992130846405607,0.23824923469653042,0.2221038011554178,0.240433879507491
0.2978571997604177,0.2388511278993456,0.22138244376474167,0.2419092285754951
0.2973680790814176,0.23906845476052493,0.22144368726772296,0.24211977889033443
0.2997774298375512,0.2380271409507881,0.22266312997597948,0.2395322992356812
0.2989749453911453,0.23837879694650263,0.2217588665800141,0.24088739108233787
0.29957398103713534,0.23804799904310653,0.22227686283204023,0.24010115708771781
0.2992861819852592,0.2382107554229512,0.22199351366155295,0.24050954893023668
0.29618449006444714,0.23963694475509403,0.22058057700729547,0.24359798817316325
0.29964056549287993,0.2380435761802476,0.22288008970983633,0.23943576861703608
0.3000370109581486,0.23795959218071536,0.22226355578398863,0.23973984107714746
0.3000529350934212,0.23783381307172458,0.22227201984757308,0.23984123198728113
0.29968330929080106,0.2380060456449843,0.22210863303109057,0.240202012033124
0.30000404282867926,0.23787016413937798,0.22233621534382508,0.2397895776881177
0.29725352269834787,0.23912000246412027,0.22094609483947603,0.2426803799980559
0.29903063456658496,0.23829137721730548,0.22238573762883743,0.24029225058727216
0.2992444729863813,0.2382788963568109,0.22204448352113573,0.24043214713567193
0.29855275345160265,0.2385176415271923,0.2217121328291036,0.24121747219210143
0.2967674896069933,0.23935955845436602,0.22101069922851782,0.24286225271012282
0.2976012939695748,0.23897511378515443,0.2217659782702684,0.2416576139750024
0.2953858752166022,0.24011051441979409,0.22048035523449078,0.24402325512911302
0.29994058303082427,0.2379420603879582,0.22314311450296245,0.23897424207825516
0.29936251676450487,0.23826279222688293,0.22186207214464537,0.24051261886396694
0.2999769265758219,0.23785687865995073,0.22238820668626968,0.23977798807795753
0.3000400913759201,0.23787480629465835,0.2222766427699571,0.23980845955946456
0.29932978162782603,0.23815727000177725,0.22193784727322924,0.2405751010971674
0.29684223952442057,0.23930726926254473,0.22090160175245596,0.2429488894605787
0.30006970533499916,0.2378653344064269,0.22294737771893947,0.23911758253963442
0.29971914370986796,0.2380751699553627,0.22203715152433096,0.24016853481043834
0.2985939089748919,0.2384666352821272,0.22165831820792922,0.2412811375350516
0.29881922365339325,0.23839987009090427,0.2219991389215223,0.24078176733418027
0.30251952272859556,0.23689621749746662,0.223655818753611,0.2369284410203268
0.29787990054345664,0.23882723598331418,0.22068249853666308,0.2426103649365661
0.301250413052658,0.23728386152018494,0.22336991737576536,0.2380958080513917
0.3009212857272663,0.2375518910507748,0.22237755211653562,0.2391492711054232
0.30122856687582206,0.23730257708884578,0.2226758422295797,0.2387930138057524
0.3012571210553842,0.23732288383912437,0.22262011154820396,0.23879988355728743
0.30089230905878345,0.23745916794124167,0.2224475114308196,0.23920101156915535
0.2994070574632812,0.23809480156374774,0.2218269131194746,0.24067122785349637
0.30032602884903165,0.23771883854635295,0.22256904332082084,0.23938608928379468
0.29972088532872454,0.23801078807130652,0.22204777696440706,0.24022054963556191
0.30110177918638337,0.2374000630769086,0.22285122414610092,0.2386469335906071
0.29980313687228394,0.23795892951773467,0.2219296555918056,0.24030827801817584
0.29858824605725054,0.23845826766069236,0.22166546309791252,0.24128802318414463
0.29513841351137843,0.24017317039933975,0.2202307757184027,0.24445764037087914
0.3013773506277578,0.23734401127115629,0.2238922497370026,0.23738638836408335
0.30170724927603376,0.2372791452384175,0.22264747872529755,0.23836612676025115
0.3020619339053447,0.23694232470300713,0.2228999898749605,0.23809575151668763
0.3009723155139588,0.23741198252753778,0.2223299300146401,0.2392857719438633
0.3004854610441096,0.2376132215782906,0.22233996835600955,0.2395613490215902
0.2972903938331898,0.23907741306357275,0.22089444296756483,0.24273775013567267
0.2993845934935602,0.23813069651394736,0.22255798818326566,0.23992672180922678
0.299997650924721,0.23795343756276746,0.22232655621246075,0.23972235530005087
0.29969073161742543,0.23800282192105074,0.2221021631573912,0.24020428330413263
0.2978945309891736,0.23880698282081597,0.22133099708015358,0.24196748910985683
0.30017684204450407,0.23781137984772655,0.22278741465727164,0.23922436345049772
0.2976282079045948,0.23899066223564341,0.22104310917408354,0.2423380206856783
0.30087974178850585,0.23749241812355074,0.22318564517046105,0.2384421949174823
0.30237498887206,0.23696525227161225,0.2231273745574074,0.2375323842989203
0.302140055162891,0.2369311385691856,0.22277764532480104,0.23815116094312241
0.30061056389063956,0.23753808783624517,0.22215978756628138,0.23969156070683392
0.2990118255453585,0.23825427611851102,0.22172284815675444,0.2410110501793761
0.2968010704728695,0.23932268007454716,0.2209621663099228,0.24291408314266044
0.30043312098890657,0.23772476132743692,0.22311824183145543,0.23872387585220123
0.3004819010632893,0.23774683750653644,0.22231795764185336,0.23945330378832083
0.3004545036690592,0.23764368083731388,0.22238794359066183,0.23951387190296503
0.2986620794607057,0.2384475015061973,0.2215483512633121,0.2413420677697849
0.30098376975304947,0.23745720363714073,0.2230241145849058,0.23853491202490404
0.2967032771229575,0.23941632284105566,0.2204454981959808,0.24343490184000618
0.3022717452625213,0.2369238875624836,0.22404628463687898,0.23675808253811606
0.30216373283367953,0.23705992774038362,0.2227054031636801,0.23807093626225664
0.2995450189949842,0.23796671969440963,0.2216440065106208,0.24084425479998534
0.29785129635082763,0.23878572795165498,0.22140036103951133,0.24196261465800603
0.2980459349253926,0.23876364623962815,0.22177657687425495,0.24141384196072424
0.2951039278521207,0.24023211098305924,0.22027630710927076,0.24438765405554927
0.3006380298482349,0.237644866020953,0.2235406787135617,0.23817642541725043
0.29908834530817996,0.23839020177403725,0.22157468224463903,0.24094677067314374
0.29783155377803466,0.238789782926845,0.22144195661408497,0.24193670668103526
0.2980456235098708,0.23877120125674903,0.22177509565481057,0.24140807957856955
0.2998513264927775,0.23799465301965486,0.22255286321974713,0.23960115726782058
0.2962609209177294,0.23963682944966727,0.2204591203017061,0.2436431293308973
0.3014817246840672,0.23726109013101035,0.2237441007305635,0.23751308445435895
0.30023864069873113,0.23786288623323562,0.22196596849139608,0.2399325045766372
0.30005620636962976,0.2377802712055353,0.22227894200341392,0.23988458042142097
0.2989690995909917,0.23832575232025735,0.2217745080881394,0.24093064000061162
0.30065438749402595,0.2376000765668316,0.22279306971187116,0.2389524662272712
0.2973313144012555,0.239101911737338,0.220826086611294,0.24274068725011247
0.300474499124745,0.23765246836243126,0.22307000957353434,0.23880302293928937
0.2986961878985551,0.23852058181999933,0.22147767054684359,0.24130555973460208
0.29848005543724315,0.23850975325271465,0.22183040699498757,0.2411797843150546
0.2991693939886553,0.2382764085290839,0.2221639243492087,0.24039027313305206
0.298548005461159,0.23854477487799539,0.22171170448741895,0.24119551517342663
0.29451607481351316,0.2405020412396742,0.21992296597923797,0.2450589179675747
0.3016900623426684,0.23721650803719152,0.22416464961121002,0.23692878000893003
0.299564363313547,0.23819068016735048,0.22155856943986485,0.24068638707923756
0.30034455277802136,0.23764573007498577,0.22256468590476614,0.23944503124222688
0.30007490122174724,0.23786470262880136,0.22222107859227164,0.23983931755717985
0.29968707350220813,0.23799149678919052,0.2221079901094837,0.24021343959911784
0.29823722049146306,0.23865145776786706,0.2214966427555704,0.24161467898509945
0.29985179193738515,0.2379486829267118,0.22256120524731812,0.23963831988858492
0.3022568998999935,0.2369996247370112,0.22330671296565963,0.23743676239733577
0.2988739411574892,0.23834124259293443,0.22124109831544025,0.2415437179341361
0.29744277286413656,0.23895629636425042,0.2213465808184594,0.2422543499531535
0.29766364875932677,0.23896025367794185,0.22166418359199866,0.24171191397073266
0.29669438100955897,0.23943866167767772,0.22111259269515274,0.24275436461761057
0.3030687398404297,0.23670823065898094,0.22433067976899754,0.23589234973159187
0.300780434085201,0.23758919662539188,0.2218862483116167,0.23974412097779038
0.3023127739467645,0.23681952486547028,0.22326328802843357,0.2376044131593317
0.30064384308460473,0.23758116945441496,0.22209496200753256,0.23968002545344766
0.2993709982388439,0.23807833076945142,0.2218889873285844,0.2406616836631203
0.2999603409944153,0.23788783192938498,0.2223986468695482,0.23975318020665157
0.30188122385460053,0.23711957177391338,0.22313720139100016,0.2378620029804859
0.2998899492456118,0.23790074417106163,0.22180767092536524,0.24040163565796122
0.2982410916732081,0.2385962293055499,0.2215031422895605,0.24165953673168153
0.29984693023754394,0.23795754182210457,0.2225642869060926,0.23963124103425906
0.3000411948417425,0.2379014350193367,0.22227075121130682,0.2397866189276139
0.2975965568170795,0.23894077022107493,0.22110687902122408,0.24235579394062154
0.302371799135974,0.23692021172807748,0.22388447402453276,0.23682351511141586
0.3021693178491513,0.23702482122712798,0.22270679897144105,0.23809906195227964
0.3024766207799854,0.23676217742832992,0.22301922560867965,0.237741976183005
0.3002860381893834,0.237686891847553,0.22192851104279324,0.2400985589202704
0.2996835077718973,0.23794975052858958,0.22211930422187748,0.24024743747763572
0.29963963270127686,0.23803434964840134,0.2221695035055292,0.2401565141447927
0.30036601968782795,0.23772715266358665,0.2225053646806781,0.23940146296790735
0.3000834099785939,0.2378412514059841,0.22221740511334795,0.23985793350207407
0.2989761384185583,0.23830426081251133,0.22177179362467658,0.24094780714425384
0.3006529864772292,0.2376019629628308,0.22279396583144206,0.23895108472849783
0.2990524037855644,0.23830914063659744,0.22164922605293774,0.2409892295249004
0.29550155176817167,0.2399494324456288,0.22032913855715994,0.24421987722903968
0.30488516776558794,0.23604251499352008,0.2254289483376355,0.23364336890325646
0.3040089719088355,0.23632280328187463,0.22294618679604905,0.2367220380132408
0.2993691690916508,0.2379462874406371,0.2212362604756674,0.2414482829920449
0.3017559271453647,0.23708037380840133,0.2233358080461972,0.2378278910000367
0.3013339887865275,0.23734189656886423,0.22249384658744611,0.23883026805716218
0.29704537390106567,0.23915103995594963,0.2206140704737152,0.2431895156692695
0.3004321026737911,0.23767003618499558,0.22312971226369097,0.23876814887752246
0.2993987581989212,0.2382191182891837,0.22181163753453081,0.24057048597736427
0.2971865824345303,0.2391098099068643,0.2210600181247776,0.24264358953382775
0.29375369712593324,0.24090788553323667,0.2198475832924854,0.2454908340483446
0.2916747048008622,0.24208983040788234,0.21948738724071043,0.24674807755054504
0.2901312282517236,0.24307010845414104,0.2190861137435767,0.2477125495505587
0.295356475739546,0.24012632189666414,0.22184326042811703,0.24267394193567296
0.297875340424781,0.2390351162323299,0.22199868846338908,0.24109085487950008
0.2944912375934255,0.24057451142079542,0.21995623306376982,0.24497801792200932
0.29538522939597917,0.24002684758669646,0.22114876016034293,0.2434391628569815
0.2964825812425715,0.2396070864640616,0.22141757141377105,0.24249276087959581
0.29434323001377727,0.24066040515492673,0.22017403722240728,0.2448223276088886
0.2994840371674949,0.23815377751740968,0.22311441205775495,0.23924777325734062
0.29658276110713255,0.23957764647174365,0.22060422413336106,0.24323536828776277
0.2969031947323508,0.23924594896416218,0.22148995423934362,0.24236090206414332
0.29762892088097553,0.2390245129641686,0.22170754412937071,0.24163902202548523
0.29571371296626137,0.239927140786866,0.22063352882562656,0.24372561742124604
0.2951870358851895,0.24015840654566284,0.22079625494446348,0.24385830262468422
0.299933437526221,0.2380049659586522,0.2231377013799235,0.2389238951352034
0.2986642110353719,0.23856633008887834,0.22152381316907888,0.24124564570667087
0.2995416577588834,0.2380452915320857,0.22233159580522766,0.24008145490380325
0.3007265102361977,0.23760886866263825,0.22267473543266972,0.23898988566849436
0.2980155282219552,0.23875474040976644,0.22115202837061734,0.24207770299766113
0.29805317672758136,0.23871154633889288,0.22177907291343577,0.2414562040200899
0.3016844935659347,0.23724821257510123,0.2234183377213057,0.23764895613765838
0.2977960452750638,0.23888963121380258,0.22080194131751957,0.24251238219361412
0.29836928801434803,0.23853032928552584,0.22200174057163063,0.2410986421284955
0.29743004592081934,0.23910132888816257,0.22133192705254018,0.24213669813847793
0.299069305038538,0.2383077488302919,0.2223229294709786,0.24030001666019157
0.29717542059620494,0.2392118173140544,0.22105172748620217,0.2425610346035385
0.3023411459286083,0.23694368755245943,0.22393159148297023,0.236783575035962
0.3033088677789291,0.23659314886524843,0.22322803219714904,0.23686995115867346
0.3007505504278646,0.23744030706111752,0.22196814585063102,0.23984099666038694
0.2986613254219855,0.23838040848503453,0.22156152956060837,0.2413967365323716
0.29777410350493394,0.2388643370653465,0.22150724085257675,0.2418543185771427
0.2977048374786773,0.23893555484130274,0.22160644581578592,0.24175316186423396
0.29910085425344574,0.23831775663137678,0.22226795714661696,0.24031343196856053
0.2996072349399209,0.23809394617292176,0.22221272460940283,0.24008609427775457
0.3000077094835377,0.23788125210674196,0.22233040754997582,0.23978063085974458
0.2982779501327378,0.2386386076403402,0.22143585272801386,0.2416475894989081
0.29673163630926086,0.23935654329487283,0.2210690577737096,0.24284276262215668
0.2952807307620645,0.24012162425359418,0.22064742442991184,0.2439502205544295
0.3025452024974026,0.23693511085235752,0.22435886888197135,0.23616081776826867
0.30412780124762095,0.23632145096104623,0.22350647859572376,0.23604426919560909
0.29871110885569313,0.23830369998550452,0.22083153223380156,0.2421536589250007
0.29808399121853457,0.2386256719102271,0.2217425073239801,0.24154782954725823
0.29739087731191277,0.23910618606766088,0.22139221921769067,0.24211071740273565
0.2973335058221246,0.23911019620763294,0.22149199139529335,0.24206430657494923
0.30087325802279874,0.2375755780229634,0.2231757551402127,0.2383754088140251
0.2977125467544261,0.238951207813746,0.22092030591592351,0.24241593951590426
0.29802311633728595,0.23870645324989748,0.2218315301709684,0.24143890024184836
0.2960633094248906,0.23976010751775229,0.22074461593037892,0.24343196712697826
0.29822811186528136,0.23868655822746637,0.22219680162594496,0.24088852828130738
0.29577904899307456,0.23993258869623132,0.22052331274930423,0.24376504956139
0.30182681161235214,0.23715699565132908,0.22396105789535242,0.23705513484096638
0.3010112170053423,0.23753939540455707,0.22224348368693886,0.23920590390316174
0.2983706419226152,0.23850830537127166,0.22132229445159332,0.2417987582545198
0.29739762938516257,0.23902674947100364,0.22140015933721047,0.24217546180662325
0.2983578162904283,0.23864625875216477,0.2219912719498874,0.24100465300751955
0.2977806741185044,0.23892401230653335,0.22148934349798208,0.24180597007698018
0.29840160714030667,0.23860614775127764,0.22193367235577158,0.24105857275264406
0.29743893840824703,0.23907575561884556,0.22132795631659646,0.242157349656311
0.2973338223612428,0.23909930610261265,0.22149354909564864,0.24207332244049595
0.29699232583294016,0.23929330090960513,0.22132851453278218,0.2423858587246725
0.2979818708969007,0.23882407236413358,0.22187156232271027,0.24132249441625545
0.2954246454858465,0.24008014434525285,0.22042554931366595,0.24406966085523463
0.3010417668511383,0.23748042152015308,0.22366342706879586,0.2378143845599128
0.3016664031817917,0.23728957097469588,0.22270936496530935,0.23833466087820301
0.29879929403886984,0.23832961276615383,0.22136471064844088,0.2415063825465355
0.29812207444678307,0.23866717357694037,0.2216749957489895,0.24153575622728704
0.29877845302206163,0.23845190496823382,0.22205190507997213,0.24071773692973245
0.29714001710033644,0.23920850241496128,0.22111016218580162,0.24254131829890066
0.29903212201661716,0.2383157524052787,0.22237952629772317,0.24027259928038097
0.2971739069821919,0.23922352475021036,0.22105105432239594,0.24255151394520177
0.29629867225961193,0.23957365376819037,0.22106495648023175,0.24306271749196598
0.2968862569954035,0.23934907657041593,0.22148704161072194,0.24227762482345866
0.2959652523893292,0.23981658993758184,0.22089659928001584,0.2433215583930731
0.2939656663046807,0.24082366776669364,0.22013607964718152,0.24507458628144405
0.3009114151521212,0.2375817577450206,0.22385156868658654,0.23765525841627166
0.30166806168510846,0.23731744548772965,0.22270225609920696,0.2383122367279549
0.2981102131023562,0.2386401529341498,0.22103259161141411,0.24221704235207997
0.30017475978511154,0.2377664843487027,0.2227978266896032,0.23926092917658254
0.2997161315042194,0.23805559268512003,0.22204398104115172,0.24018429476950898
0.2968869875308791,0.23926815133681834,0.22084196883374316,0.24300289229855943
0.3000689148216775,0.23785699443664618,0.22294966629446095,0.2391244244472152
0.2962929027786933,0.23966635392057767,0.22039882681089543,0.24364191648983374
0.29619982435721554,0.2395819279996196,0.2212249262438582,0.24299332139930666
0.2965470525774664,0.2395446542928245,0.22132404491627,0.24258424821343896
0.2976052961479693,0.23901988506065017,0.22175345679044578,0.24162136200093476
0.2941349695077995,0.24076221005002651,0.21987231306569258,0.24523050737648144
0.29981460736642573,0.23798589362887948,0.22333867841728924,0.23886082058740554
0.3004369084408239,0.2378377547836112,0.2223677499198986,0.2393575868556665
0.29938228773739706,0.23810456262153393,0.22187289322715525,0.2406402564139137
0.30105863261818183,0.23742390075168757,0.22291158220266116,0.23860588442746938
0.3020026288850183,0.23706152910586173,0.22295912622412659,0.2379767157849934
0.29712475226067975,0.23913229828633242,0.2204914560666549,0.24325149338633303
0.29692367353446175,0.23920960331345964,0.22145530911375813,0.24241141403832045
0.2959545876270279,0.23982876096971048,0.2209049598704624,0.24331169153279902
0.2958667983671169,0.23983591741908789,0.22105422203446543,0.24324306217932973
0.29753382564752656,0.23906106911632277,0.22185819531594433,0.24154690992020636
0.29770911387382604,0.23898623151025006,0.22159227446755242,0.2417123801483715
0.29571513573443386,0.2399059710126996,0.22063593425652048,0.24374295899634607
0.30107193105318303,0.23748177985998178,0.2236128667000189,0.23783342238681623
0.3016682594006588,0.2372783836017354,0.22270977023259847,0.23834358676500736
0.30058082702270444,0.23755699124837235,0.22220952420144854,0.23965265752747467
0.2969564328711466,0.23921574357746006,0.22073654663638445,0.24309127691500884
0.2982894378049812,0.238616999111082,0.22210738864474577,0.24098617443919104
0.29846475461718563,0.23863723412493806,0.22182124861433233,0.24107676264354386
0.30025691791517606,0.23779537110825708,0.22266742515477,0.23928028582179686
0.2953319171190434,0.24010195347498048,0.21993812558005216,0.24462800382592398
