0.2880850168365169,0.23919439868881506,0.23518459288602442,0.23753599158864366
0.28883336774936247,0.2418672512999448,0.23318062951777188,0.23611875143292083
0.29143464415097053,0.23960691412976276,0.233896194921633,0.2350622467976337
0.2933821172179383,0.24440532044084085,0.23015067777404774,0.23206188456717317
0.2842856632629502,0.24263705619118572,0.23026887785476383,0.24280840269110032
0.2800140166221652,0.2369009411998795,0.23591100551890243,0.24717403665905302
0.29260210951003807,0.24433205893634935,0.23305609924477932,0.2300097323088332
0.2906809499544343,0.238822273482801,0.23359205404898997,0.2369047225137748
0.2956947647651545,0.24293701818091765,0.23084875993256782,0.23051945712136002
0.2913447586065547,0.2451613456401975,0.22826173942793798,0.23523215632530983
0.2746089718177979,0.24133727922451167,0.2298207508684249,0.2542329980892655
0.2885284885117519,0.23902599997858812,0.23603193948351736,0.2364135720261426
0.2925771172069688,0.2413448186697896,0.23262852584681784,0.23344953827642373
0.29376896236455724,0.2385190685384069,0.2343070404411405,0.23340492865589538
0.29453129680907214,0.2393634060794077,0.233297205082892,0.23280809202862812
0.2949420561789184,0.24040794030452733,0.23344397685539892,0.23120602666115533
0.2819954310822948,0.23897608329298958,0.23425581340387255,0.24477267222084306
0.29067816976666305,0.23543674452940969,0.24070767953820685,0.2331774061657204
0.2965371758946044,0.2434372963196007,0.2329373341010353,0.22708819368475977
0.2933729136866323,0.24101780101561435,0.23275347636998867,0.23285580892776467
0.2846487505857637,0.24577976975453966,0.2285696432732792,0.24100183638641748
0.2839014580649856,0.24776800709906474,0.2282547330291754,0.24007580180677424
0.2717265200972865,0.24143752191764123,0.23036061101092425,0.256475346974148
0.2899921638767295,0.24080273670552407,0.23570071919868354,0.23350438021906283
0.28973629273021,0.242187288456064,0.23166822136245935,0.2364081974512667
0.2942462974563629,0.23846509521257317,0.2343654233781319,0.23292318395293204
0.2965335172319352,0.24105540775822082,0.23170649534176865,0.23070457966807528
0.2907514439458554,0.2433540116453607,0.23020299837667615,0.23569154603210787
0.27953176400613733,0.24328770235787978,0.22945771272044443,0.24772282091553857
0.29360902116734644,0.23825557438664488,0.23495677799063716,0.23317862645537155
0.29178944102767,0.2473042212435376,0.22688979112496185,0.2340165466038306
0.2839902558220474,0.23953878200178855,0.2314187813233095,0.24505218085285452
0.2869050391527106,0.24061742420860263,0.23105809946331093,0.24141943717537576
0.3034049973365893,0.24495434483672476,0.2290574485928853,0.2225832092338006
0.2787875436943832,0.23792546575100912,0.22827521413390597,0.2550117764207017
0.29313606948133897,0.23996691909687853,0.23383104152228046,0.23306596989950212
0.2930681702578032,0.23962685459586086,0.23128132032039148,0.23602365482594437
0.29527984902773385,0.23769853540798333,0.23333734868167852,0.23368426688260432
0.2978894216455499,0.24104688407998717,0.23067222505076287,0.2303914692237001
0.29570487025804565,0.2396627037259423,0.23097685677053606,0.23365556924547615
0.28771354283137857,0.23861378094879704,0.23187921782646054,0.24179345839336386
0.289631706892079,0.23496729275479383,0.23812428461210444,0.23727671574102277
0.2922367415845249,0.24170575091822455,0.23322097273946632,0.23283653475778435
0.3025977711153825,0.23922347116395537,0.23336120491032036,0.2248175528103418
0.29712186618401293,0.24628239876369415,0.22565104638305725,0.23094468866923573
0.2850087719224486,0.24707050106477904,0.22499555943427263,0.24292516757849963
0.26581466988143687,0.24040643955083651,0.22875736549733558,0.2650215250703911
0.29054608035180424,0.23867958857998542,0.23690160505653657,0.23387272601167383
0.2965535452414003,0.23907825118627574,0.23319853654655706,0.23116966702576686
0.30158550152105545,0.2375570022336901,0.23423948006998357,0.22661801617527083
0.2999673164553117,0.23978649871715613,0.23127233441257503,0.22897385041495716
0.2961433907162849,0.24118279365308376,0.23104867007316007,0.23162514555747127
0.28046719706181644,0.24184177804196288,0.2304223344170634,0.24726869047915725
0.2895351624584968,0.2372537215633747,0.23681508877299973,0.23639602720512876
0.29540285068106664,0.2443238273601296,0.2303028972486896,0.22997042471011414
0.2934035692240017,0.24331611777413362,0.22909904706778844,0.23418126593407632
0.28425645635503594,0.24292957974640966,0.22752448897172586,0.2452894749268285
0.29101176497483633,0.2454019694363482,0.22816736991268022,0.2354188956761352
0.2750008625820292,0.23783094168781688,0.23046797697560997,0.2567002187545438
0.2882721336764973,0.23584060377236932,0.23837781334399394,0.23750944920713946
0.3016347618991051,0.23945368056157657,0.23420510388713656,0.22470645365218173
0.30480513669572157,0.2383302338195147,0.23265711817148643,0.22420751131327724
0.2991006429468633,0.24298879864664974,0.2282631092566166,0.22964744914987037
0.287530771930886,0.24208114169715625,0.22937314038804904,0.24101494598390888
0.27665074681284335,0.24259514925504072,0.23012199782608744,0.25063210610602854
0.291583025546855,0.23622612150785063,0.2376316211052679,0.23455923184002644
0.29572312225653113,0.2454363179843682,0.22892140192755553,0.2299191578315451
0.295885149295115,0.24030307115315447,0.23079973129422765,0.23301204825750288
0.2871008762472353,0.23968829408975567,0.22948377704854475,0.24372705261446437
0.29338769428656025,0.24388594328512955,0.2308727826648003,0.23185357976350993
0.27270733726476226,0.23425356186189833,0.23499618619347448,0.25804291467986495
0.2998938048406685,0.2335483618999441,0.2433356756336857,0.22322215762570177
0.3077722803549059,0.2425589486164518,0.2316497224123725,0.21801904861626983
0.2959842208160941,0.23804786688332902,0.23299237021441807,0.23297554208615898
0.2890529788748484,0.2424653425453304,0.23112336777906822,0.23735831080075298
0.28556660542687645,0.2456484818199342,0.23074232948933202,0.23804258326385727
0.27305639372389107,0.24039236320508106,0.2327170229427834,0.2538342201282444
0.2981632618982002,0.23875175982265867,0.23804818567737787,0.22503679260176326
0.29246461044377725,0.2472597167174733,0.22748450236194714,0.23279117047680226
0.2850979054178077,0.23963760263261838,0.23230499422331133,0.24295949772626252
0.2869463863637347,0.24375387554508002,0.22999460407968084,0.23930513401150447
0.29132184313891624,0.24463852851711756,0.22996765584419887,0.23407197249976738
0.27436310571197203,0.24008469715503006,0.23033759123349623,0.2552146058995018
0.2973141022413231,0.23830079838861923,0.23699056309910116,0.22739453627095657
0.2944841989576187,0.24282703087856236,0.22972113383609408,0.23296763632772496
0.29272225688242887,0.23758556588987892,0.23427161741617442,0.2354205598115177
0.28992838862105724,0.2394757502142162,0.23286750704402887,0.23772835412069765
0.2970861052882874,0.2428570677398811,0.23219481181901203,0.22786201515281956
0.2816656839900742,0.23712802751602258,0.23321844311210826,0.24798784538179505
0.2955074126269228,0.23677365167266867,0.23918297186751808,0.22853596383289052
0.29030771260655586,0.24576408283071974,0.22989304690089188,0.23403515766183264
0.2902121304276908,0.23673097590565137,0.23569001462117026,0.2373668790454876
0.2955451549124408,0.2463364393152341,0.22868823722748197,0.22943016854484302
0.2868655758061592,0.24653269931345728,0.22709449447183686,0.2395072304085467
0.2670441430245333,0.2390633448661082,0.23070458494895857,0.2631879271603999
0.29750278050597506,0.24251912404375284,0.235096593461167,0.22488150198910506
0.28960819282708794,0.24018774124840278,0.23078403263009067,0.2394200332944186
0.2950072058571699,0.24201739131956687,0.2312295879798211,0.2317458148434421
0.2938368244561062,0.23891354268153872,0.2314210424390157,0.23582859042333937
0.2893587881137813,0.24156166287123793,0.23101698723007202,0.2380625617849087
0.28090153244337807,0.2373344697378385,0.2356500115030228,0.24611398631576062
0.29181190287303077,0.2341249459812431,0.24050695247517975,0.23355619867054642
0.3089311764157872,0.24556165955049747,0.23005727964955117,0.21544988438416415
0.2920687408749,0.24082443836201034,0.22856949046553213,0.23853733029755766
0.2830331210084398,0.24966446569768425,0.22455971479968156,0.2427426984941944
0.278331981823562,0.2447505804169843,0.22785332292464458,0.24906411483480914
0.27203378354307506,0.23848614655475617,0.23160431610987495,0.25787575379229377
0.300819843380293,0.24233706478968636,0.23370770252813342,0.2231353893018873
0.2933221565374564,0.23867069902288815,0.23022043214652244,0.23778671229313306
0.30241660193723363,0.2393764005426295,0.2320268676065882,0.2261801299135486
0.29319223952252416,0.2392929565816338,0.2302918676098177,0.23722293628602434
0.286379862260997,0.23991625541042727,0.23250954754665895,0.24119433478191674
0.2915361603237586,0.23749151352116313,0.23477823115177154,0.2361940950033067
0.3027701580578427,0.23890888979538522,0.2338532311556227,0.22446772099114945
0.2932267349052852,0.24579845866789823,0.22712742376742442,0.23384738265939206
0.28510325728822583,0.23982352250840563,0.23057018328432827,0.24450303691904016
0.2926126041734969,0.24529813086469693,0.2277670394442003,0.23432222551760604
0.28865910566024433,0.24275633083207152,0.2277636776062102,0.24082088590147405
0.27444982126355266,0.2375396782228652,0.2311433045788765,0.2568671959347057
0.29653739840601945,0.2390393560760924,0.23552763624248763,0.22889560927540056
0.2999211466301908,0.23792658288252114,0.23229489360250366,0.2298573768847845
0.30373537668737116,0.23985746341163625,0.23124913303792285,0.2251580268630696
0.292812967671124,0.23880627815054037,0.23079646028427017,0.23758429389406546
0.29004687114105526,0.24183655929390188,0.2310216657574921,0.23709490380755077
0.2897857928433688,0.23789189965212593,0.23355648932436365,0.23876581818014164
0.2926220173173236,0.23605140516206335,0.23630156686539433,0.2350250106552187
0.29337215335783534,0.24780477358901423,0.22793854865354377,0.2308845243996066
0.29066449233080527,0.23873457951693985,0.23067926570546973,0.2399216624467851
0.2975585427244111,0.24385550265159434,0.22768233815179517,0.2309036164721993
0.28200430209788,0.24940380744100132,0.22355284328818556,0.24503904717293307
0.26458244712769674,0.2337022230769196,0.23324982121376425,0.26846550858161944
0.3081508257563752,0.2373397811739155,0.23831259991233078,0.21619679315737853
0.3085875877586795,0.24249191174156895,0.22826931000424722,0.22065119049550425
0.2860104852638191,0.23277753345052274,0.2345294690038325,0.24668251228182564
0.30203315594751534,0.23758204465988164,0.23646446606919186,0.22392033332341119
0.29830175378921553,0.235711832901407,0.23656129038960202,0.22942512291977543
0.2784996965117322,0.22627976655426532,0.2473187199682962,0.2479018169657062
0.29984483166343917,0.22437114039982822,0.25829093369223843,0.21749309424449423
0.31041884761316657,0.2312526974538238,0.24697121754745935,0.21135723738555018
0.30313462797619817,0.23840481361030996,0.23905542184496734,0.2194051365685245
0.2856528557646622,0.2427204662932624,0.23566076320712503,0.23596591473495038
0.26823608999854803,0.25621515739672424,0.22829018484170616,0.24725856776302146
0.2590196515717657,0.24887992856510194,0.23367356812358028,0.25842685173955215
0.2819324963005824,0.23923906867923608,0.24231688307994356,0.2365115519402379
0.2946626079880358,0.2497897277623687,0.2310176504345378,0.22453001381505777
0.27663215234858446,0.23920155973853818,0.23491913031422532,0.24924715759865215
0.2813700874416186,0.24652689198233052,0.2334164938408084,0.2386865267352424
0.2823905049232602,0.24655121808459102,0.23222273372568683,0.238835543266462
0.27336310762529276,0.23668329799515636,0.2379630059395906,0.25199058843996025
0.29691869740311055,0.2419542157949363,0.23865724553931444,0.2224698412626388
0.28536817843881146,0.2439128648375394,0.23181526828013085,0.23890368844351825
0.287839756251661,0.24019246388248391,0.23530984535157914,0.23665793451427586
0.2901929930509446,0.24885306294323645,0.22837030573089587,0.2325836382749232
0.27605090232148255,0.24845162954856148,0.22644482553095638,0.24905264259899956
0.2712433074149767,0.2403039488358054,0.23268800689505645,0.2557647368541615
0.29125477736886923,0.244977070794125,0.23302818899199584,0.23073996284501008
0.2867197528649394,0.24273163074874926,0.23029962512012936,0.24024899126618188
0.2915377591971402,0.2362457009327322,0.23561011448315033,0.23660642538697732
0.2981855403937371,0.24443059009007642,0.2305498374736917,0.22683403204249478
0.282214765184491,0.2372568588942776,0.23422176794583077,0.24630660797540058
0.2863404353127879,0.23861501996546466,0.23611588371617934,0.238928661005568
0.3053057169472878,0.2400279968118396,0.23551617705511202,0.21915010918576056
0.2873499645275426,0.2461573423203552,0.22669115767489567,0.2398015354772067
0.2889055933081146,0.24480219649705023,0.2288213101679783,0.2374709000268568
0.28198151307130254,0.2437398483459327,0.22696894644863014,0.24730969213413465
0.2828718261940948,0.24524813427191947,0.2287595909142736,0.2431204486197121
0.27162791201549374,0.23563660263324693,0.23484126452007914,0.2578942208311802
0.2982019940717622,0.2362114784505349,0.239722752661549,0.22586377481615388
0.3105213328476111,0.23905174966040676,0.2336354578854805,0.21679145960650165
0.30036760125776574,0.24047058334656946,0.23047179203742857,0.22869002335823638
0.29021018342376265,0.24313813149115854,0.22952566978821135,0.23712601529686744
0.28369277573553553,0.24154495669934575,0.23152028355395834,0.24324198401116034
0.28147409360079717,0.2395148332872299,0.23464428156663686,0.24436679154533616
0.2876143568435034,0.23637121239403266,0.23945033918265468,0.23656409157980934
0.2955670324832312,0.24345153235995162,0.2324933610338347,0.22848807412298242
0.30041363965938594,0.24376900225958678,0.2290864087287544,0.2267309493522728
0.2886341204090306,0.24372967222658676,0.2262231048037911,0.24141310256059154
0.2726613825787275,0.24897491329590557,0.22586472161045695,0.25249898251491004
0.2638027705851505,0.23576080688700055,0.2373590959655039,0.26307732656234506
0.3013674974938772,0.23616256269489222,0.2409670225831947,0.221502917228036
0.31744992383638043,0.24354958743273655,0.23005518156723287,0.20894530716365012
0.28974280579813094,0.2370043450080996,0.2306901694636786,0.242562679730091
0.28687790185966705,0.244495499916651,0.23150985891277048,0.2371167393109115
0.28080764907824146,0.23828756913807947,0.23619426987123715,0.24471051191244192
0.2844289449619337,0.23936216756342382,0.23662358040344744,0.239585307071195
0.30235652625540665,0.23766972333908862,0.23876951044684738,0.22120423995865726
0.2899939403578428,0.24649901244466227,0.22822683858615522,0.2352802086113397
0.2900744747151139,0.24344237590120063,0.23077619636242777,0.23570695302125763
0.2786920897177945,0.24329678746921354,0.22877732977245174,0.24923379304054027
0.2821075279700367,0.24674737934792562,0.23079037721841206,0.2403547154636256
0.27176154677550557,0.2375053240040512,0.2351577189550095,0.25557541026543384
0.30227769129990617,0.23842423701376417,0.2385033145359361,0.22079475715039365
0.3024842424371457,0.2411969150439315,0.23160766916069614,0.22471117335822655
0.28879685711889763,0.23937875557033578,0.2329878233417276,0.23883656396903905
0.28482748580842615,0.24025171707710968,0.2348768741355654,0.24004392297889876
0.2894580828155136,0.24021289195512943,0.23602863237491162,0.23430039285444537
0.28836973022540197,0.24060880950741168,0.23467392577365273,0.23634753449353363
0.2910328970364448,0.2377274097847382,0.23778075232025528,0.23345894085856164
0.28814708048747795,0.24714669533347888,0.23001317769835028,0.23469304648069284
0.2871551192906053,0.24345253929105298,0.23078521390355242,0.23860712751478924
0.2839726253528728,0.24384117276909908,0.22935254082907278,0.24283366104895523
0.28222466366931204,0.24791159880388702,0.22845893818716895,0.241404799339632
0.269426487889184,0.23891146549958225,0.23352435671301586,0.2581376898982179
0.29650232097548945,0.23744960758132302,0.23907962409820052,0.226968447344987
0.3043204699049969,0.2421872449285083,0.2317787954413093,0.22171348972518562
0.2896922272739835,0.23702111811071408,0.23406297696200307,0.23922367765329933
0.28811860641335835,0.23878851898446374,0.23622059763372488,0.23687227696845303
0.2914227214772335,0.2404956988882213,0.23611031453759257,0.23197126509695257
0.2856059168918833,0.23570514657635788,0.23879382850756353,0.23989510802419534
0.29625649810336235,0.2367344338087536,0.24113591581911653,0.22587315226876747
0.2896925584165526,0.24630865089606516,0.2311439682398843,0.232854822447498
0.28604901862976573,0.24290040673263227,0.2318437527049313,0.23920682193267065
0.2868089885017101,0.2462205687918518,0.2291348147788191,0.23783562792761898
0.27450424613426233,0.25414513449666815,0.2236414004495029,0.24770921891956652
0.26358067122032286,0.24045435836517284,0.23186816393620188,0.2640968064783024
0.2947298897564774,0.23955250530348682,0.2372962118771204,0.2284213930629153
0.3011983179100792,0.24456207628616625,0.22979052105936043,0.22444908474439418
0.28246690363889315,0.23205956120994903,0.23696909010681916,0.24850444504433863
0.2966471508076017,0.23935289306386576,0.23763236063142,0.22636759549711258
0.29509517847645894,0.23835508639895842,0.23653782664084416,0.23001190848373837
0.28603169007772233,0.236445707821088,0.2375008469804375,0.2400217551207523
0.3019795490118235,0.23752696834745488,0.2401172810029664,0.22037620163775531
0.28525718341000966,0.24665236502058568,0.22963971746830494,0.23845073410109968
0.28377417229417917,0.24222522974862387,0.2335088688827103,0.24049172907448665
0.28554212117630334,0.24558925574090856,0.22997945437607564,0.23888916870671245
0.2841892875684753,0.2524741987210771,0.22500529346070244,0.23833122024974515
0.2660188673957967,0.24403324814167185,0.2270311431590951,0.2629167413034363
0.28795884967646695,0.24007016746531631,0.23505960630715206,0.23691137655106467
0.2905745520463827,0.24082069128460393,0.23274671537769773,0.23585804129131557
0.28523598210225487,0.23245120769124744,0.24057094052548011,0.24174186968101766
0.30103367915809154,0.23348968395510292,0.242190378881991,0.22328625800481458
0.31145975302959056,0.24026773208306837,0.2349568297109096,0.2133156851764315
0.28839523665831107,0.23938947526898013,0.23284982974432408,0.23936545832838474
0.2870151693041069,0.24092453607955897,0.236100304801791,0.23595998981454314
0.28158035869651826,0.24997205099739972,0.22858632513127644,0.23986126517480552
0.28034096036641637,0.2441568850299571,0.23048370974556884,0.24501844485805763
0.2863428019517619,0.247382034443713,0.22789279100930596,0.23838237259521916
0.2799641669280369,0.24393913438473735,0.22926099202853542,0.24683570665869045
0.26958286412006316,0.24083720623537405,0.2331234581143704,0.2564564715301924
0.2953470853460775,0.2378504879334157,0.2385482461776332,0.22825418054287358
0.30486178924676177,0.24127595757382328,0.2318065909203727,0.22205566225904233
0.29797667080193146,0.23715697702521257,0.23374765815260343,0.2311186940202525
0.2813486810936196,0.24125969398453428,0.2328779289834243,0.24451369593842176
0.28725609524303425,0.23746537380607075,0.23929078689252864,0.23598774405836634
