0.2780145736968762,0.2500351636691331,0.22269020571924517,0.24926005691474548
0.2767209473221063,0.24393018326427932,0.22523689959655357,0.2541119698170607
0.27491686424791106,0.24385589530466384,0.22622795254750644,0.2549992878999186
0.2742562782599881,0.2524587875472028,0.22517036771082785,0.24811456648198132
0.27684402029167215,0.246430091841133,0.22409187945135303,0.25263400841584177
0.27898829442878387,0.2508172334775423,0.22245799340438663,0.24773647868928725
0.2773668478573317,0.2504246594788268,0.2243074880425286,0.24790100462131293
0.2765485354759671,0.23863642599499926,0.2260044287638115,0.2588106097652222
0.27411956598207043,0.25417155790173596,0.225409576762717,0.2462992993534766
0.2752873015407697,0.25025142505233366,0.22487894378214998,0.24958232962474672
0.28179077989015594,0.25059454946607346,0.2205646283587404,0.24705004228503022
0.2788742805930545,0.2522881865732726,0.22337643172216537,0.24546110111150743
0.28065062658445067,0.2534932145344575,0.22216060258827577,0.2436955562928161
0.2787010066666182,0.24282239756431306,0.22533959193319664,0.2531370038358722
0.27704634679220647,0.25132968926426796,0.2248163694384658,0.24680759450505985
0.2755086688277071,0.249040804972888,0.22571169752049255,0.2497388286789125
0.2789632911017692,0.2460386786726905,0.22320640162806454,0.25179162859747584
0.27440322461487626,0.24121080443833393,0.2271587039819459,0.25722726696484377
0.27285853819537587,0.2452244074660579,0.2269715445037592,0.25494550983480696
0.26874610444898156,0.23346294547300586,0.22937626771108316,0.2684146823669295
0.2718747989802313,0.2530567834186171,0.22453125408118307,0.2505371635199686
0.27298362668754844,0.24575647461324834,0.22553137213118568,0.25572852656801737
0.2805666722255827,0.2508841434483974,0.22031616108008686,0.24823302324593288
0.27737167188526224,0.25346636557947644,0.22365641236084857,0.24550555017441272
0.281020309769792,0.25043322264548334,0.22205100854447263,0.24649545904025214
0.2775516681815324,0.24189689406838402,0.22612435745260254,0.25442708029748107
0.2759358711843534,0.25533930855615133,0.22459753308256122,0.2441272871769341
0.27687484653764677,0.24928067908785626,0.22451552846759867,0.24932894590689822
0.28077429073312615,0.24639078753368251,0.22223986050597422,0.2505950612272171
0.2762379723611512,0.2501816764537376,0.2254180712465594,0.24816227993855183
0.27873347260365844,0.26155594253266923,0.2211957130562166,0.23851487180745573
0.28113529012251354,0.24236410432461267,0.2231668619168335,0.25333374363604044
0.2809568664421714,0.26010860760811993,0.22070460997221963,0.23822991597748902
0.2785520614559749,0.2554828833307768,0.22376819113611487,0.24219686407713342
0.2868500888347978,0.25522028902943544,0.21808226802847133,0.23984735410729552
0.2827219122197542,0.2577599453885195,0.2213810732232092,0.23813706916851712
0.2853514377559166,0.25599366378921345,0.21989030532708354,0.23876459312778628
0.2839646344958938,0.25132793191622893,0.22221710707099301,0.24249032651688432
0.28213891183492706,0.2553442346942404,0.22242831748382685,0.24008853598700558
0.28122608275696703,0.25157828750353506,0.22327367391768357,0.24392195582181422
0.2826031707627011,0.25645182622632307,0.2210220594689648,0.23992294354201094
0.28179268143798936,0.2515584447148741,0.22262783630208835,0.24402103754504825
0.28195083973546475,0.24856364623858523,0.22296370680417635,0.2465218072217737
0.2739708171954352,0.23598005769169447,0.2293659568803979,0.26068316823247245
0.2735522976889667,0.2608634281245998,0.22440747479347684,0.24117679939295666
0.27684590812022136,0.25329085358784703,0.2233655646995789,0.2464976735923525
0.286907987444256,0.2563693323547298,0.2165389734249743,0.24018370677603984
0.28266809387530106,0.2575269658482564,0.22088092930769562,0.23892401096874696
0.2855575763851748,0.25571651822990393,0.219833723332744,0.23889218205217724
0.28156722896975256,0.24420378359186745,0.22510448575149108,0.24912450168688882
0.27873557971622287,0.2530683012975384,0.22467728919323898,0.2435188297929996
0.27711272936410547,0.25157760403305074,0.22503984360333995,0.24626982299950387
0.2815442571287874,0.2497426105514989,0.22165560744221777,0.24705752487749585
0.2779936846643,0.2456267866850852,0.2251702430505458,0.25120928560006905
0.27764788003868274,0.25528732591095704,0.2235241694786643,0.24354062457169603
0.2766500332671885,0.24264595742918063,0.22581585798257756,0.2548881513210534
0.27910051766456967,0.25682512399080015,0.22171666164990464,0.24235769669472554
0.2786281771755607,0.2591392968116381,0.22205649501009558,0.2401760310027056
0.2871871204939307,0.25722043187570964,0.21705839992513132,0.23853404770522849
0.2854973679008903,0.2556436664030814,0.22003217526165508,0.23882679043437324
0.2840572754717502,0.25142998347046397,0.2223576211494674,0.2421551199083184
0.27901646861239876,0.2429224370930072,0.22670818240844498,0.251352911886149
0.27680023586763314,0.2561565997818539,0.2246999529174613,0.24234321143305157
0.2782320142307912,0.25136179515612384,0.2236722236348896,0.2467339669781954
0.28326987710985263,0.2525786270653837,0.22006953799238166,0.24408195783238204
0.2795451156007891,0.2490632976469818,0.22414816842226437,0.24724341832996477
0.28044610789670027,0.2579233480165203,0.22176205492330603,0.2398684891634735
0.2777661870748587,0.23968709091109427,0.2262392321371386,0.2563074898769085
0.27893853783047123,0.26329352530089795,0.2208936113752067,0.23687432549342427
0.2789831277840085,0.2570308342291877,0.2225646463424328,0.24142139164437093
0.28839309846571565,0.249101284278348,0.218028384568262,0.24447723268767435
0.27901854403264076,0.24875247384261753,0.22596310894388222,0.24626587318085966
0.2769624156674672,0.24799943603420185,0.2262440484777317,0.2487940998205992
0.27178457062621586,0.2333234867267477,0.22912120015847393,0.26577074248856253
0.27243377314310696,0.2568312167393091,0.22470043017204988,0.2460345799455341
0.2734541027558514,0.24432820087719054,0.22587442696784277,0.25634326939911506
0.27982389768440763,0.24350980660846275,0.22187344596234168,0.2547928497447879
0.27228247383993387,0.2479068082388919,0.22776064231556037,0.2520500756056138
0.27624565948615953,0.25207475863519174,0.223693246976842,0.2479863349018067
0.27491524894547203,0.23650508050259134,0.226366381874808,0.2622132886771287
0.275340559554033,0.26076708141672866,0.22250711448722146,0.2413852445420168
0.2765019313294021,0.25025352041628157,0.22424766195815554,0.2489968862961608
0.2847275574991518,0.25160111664596574,0.21901186151441315,0.2446594643404693
0.2780777358844202,0.25089568200454676,0.22507503625101669,0.24595154586001647
0.2810115082765024,0.25599677159864626,0.22164394606449878,0.2413477740603525
0.2786328539938784,0.24214162957314272,0.225536256791871,0.25368925964110794
0.27891231553548135,0.25653478471297025,0.22259517250855768,0.24195772724299083
0.2763017301358046,0.24660413865490327,0.2259826097531947,0.25111152145609744
0.2805073628803417,0.24710247415191094,0.22249905655446667,0.24989110641328074
0.27513452303647,0.25084915978521316,0.2260885103083051,0.24792780687001165
0.2778188466630975,0.24667787056984813,0.22405139740762128,0.25145188535943297
0.2720446899307206,0.231493839639759,0.22874687769142754,0.26771459273809267
0.27092398892491515,0.2631068410845662,0.22449817752927217,0.24147099246124637
0.2741511246204876,0.24522968370503473,0.2253196647343348,0.2552995269401429
0.2839626212424229,0.25224229325414843,0.2183918086292317,0.24540327687419694
0.27679549332888187,0.25466654869611566,0.2246065543688262,0.24393140360617616
0.28267527709485707,0.25172414934791093,0.2210002972919073,0.24460027626532477
0.27939560978604017,0.24699482794745317,0.22480549391047794,0.24880406835602875
0.27860863747548337,0.25357114336040293,0.22372858194446105,0.24409163721965257
0.27969505009112394,0.2593048758830185,0.2215900458308977,0.23941002819496
0.2835042782764345,0.24651271215038695,0.22147913817287848,0.24850387140030014
0.279799239649,0.24614149071207614,0.22476529288212216,0.2492939767568018
0.2737037418680071,0.24670973204592517,0.22832352587239366,0.251263000213674
0.27322181014252306,0.23941483541817182,0.22722209915111236,0.2601412552881927
0.2747104993990619,0.26350988673016407,0.2220417727248018,0.2397378411459723
0.27975585567729266,0.24999364771175864,0.22178654364258313,0.24846395296836551
0.28638701525189536,0.2601507504393251,0.21650593652274425,0.23695629778603527
0.2822045797185873,0.2563430831648699,0.22188531645544177,0.23956702066110092
0.2862901437332834,0.25136043671217323,0.22033275832877816,0.24201666122576526
0.28090480631296105,0.2544859814231779,0.22387619058882308,0.2407330216750379
0.2823039485209049,0.2587458605007866,0.2210677431652289,0.23788244781307974
0.2841801677546229,0.25064975522971705,0.22130055678940613,0.24386952022625388
0.2821721564955163,0.24799819109882418,0.22336050544023942,0.24646914696542002
0.2779066475314502,0.254731777061221,0.22478120031561216,0.24258037509171665
0.27975010710343073,0.2516877474308007,0.22318048113966055,0.24538166432610808
0.27986809294826154,0.24311131585865145,0.22411782527890656,0.25290276591418054
0.27731672897328935,0.2635988986327095,0.2220224185471385,0.2370619538468627
0.2814096277895126,0.2570194488640988,0.22072338277387,0.24084754057251873
0.2887696310231441,0.2589477027364084,0.21614252076095591,0.23614014547949164
0.28505496417222115,0.2551268444083235,0.22094958379578408,0.23886860762367138
0.2853861751537585,0.2535515401697178,0.22120404147549508,0.2398582432010286
0.2815363732469132,0.2527476130007296,0.2238954104117826,0.24182060334057462
0.28202241832810976,0.2538292245405326,0.222371232432441,0.24177712469891666
0.28169032321419457,0.25238253514102604,0.2225032967510115,0.24342384489376798
0.28128199480001004,0.24937426951927602,0.2231121295511726,0.24623160612954134
0.27991617374836164,0.25630552926039785,0.22266907193416652,0.241109225057074
0.2802673624209106,0.24854068787442885,0.22358268907313975,0.24760926063152083
0.27711905668168435,0.2366629481561358,0.22661340165247965,0.2596045935097003
0.27240168114613095,0.2743349163089004,0.22199323990343733,0.2312701626415314
0.28169315329182965,0.25875474619463895,0.21933400064614603,0.24021809986738546
0.2928864821601586,0.24809305563979897,0.21560585857178763,0.24341460362825476
0.27971279261101584,0.2656541115465953,0.22238834419077935,0.23224475165160946
0.28405922775612663,0.2571020986962839,0.2205866355123574,0.23825203803523198
0.2853847805997429,0.24144658281820888,0.22257764449886644,0.2505909920831817
0.27753897312852477,0.2587265225661367,0.22474041496888889,0.23899408933644953
0.2775273191373282,0.24917950409844197,0.2251314965656591,0.2481616801985707
0.2805335715591046,0.24145275823186516,0.22337234284370971,0.2546413273653206
0.26777767001175873,0.23030201221102137,0.23254023270880997,0.2693800850684098
0.2567980280969727,0.21939075675219158,0.23439918412947316,0.28941203102136254
0.24291038718030186,0.20640456338029603,0.23453240584548402,0.31615264359391815
0.2496984837191451,0.22741992111742385,0.2291302644878942,0.2937513306755368
0.25746360952725067,0.22973216649352604,0.2267250774942143,0.28607914648500904
0.2634290034544624,0.22035141677852774,0.22418556880976329,0.29203401095724657
0.26081557985468634,0.23463481960271804,0.22902369763615316,0.27552590290644247
0.2617526487808722,0.23697158316824332,0.22964141172564487,0.2716343563252395
0.2634467313914191,0.22537809049149504,0.227358485461689,0.28381669265539683
0.26628220568717226,0.25046751948752277,0.22553163037245189,0.2577186444528531
0.26718923407230977,0.23340414845512025,0.22770841254230575,0.27169820493026436
0.2731481297640654,0.24031849847680628,0.22385732854780055,0.2626760432113278
0.26714150034007644,0.24378999579711863,0.2294199581452685,0.2596485457175365
0.27014191099259904,0.2341095822595816,0.22654085469113372,0.26920765205668573
0.26615953075516885,0.23342701035660232,0.22939127428161127,0.2710221846066176
0.26773348232775174,0.2523700350567213,0.22641543496303387,0.25348104765249313
0.27305449390899456,0.2417015860598064,0.2245538904659977,0.2606900295652013
0.2780885428871213,0.24986695781709095,0.22144469868546207,0.25059980061032555
0.27602730876709414,0.255907960102794,0.2234516498401471,0.24461308128996473
0.28036707716718184,0.244624390505542,0.22277844777325856,0.25223008455401774
0.27746640883843204,0.2476869790113538,0.22514688184909842,0.24969973030111575
0.2760070746217105,0.25966842476237845,0.2236759081847156,0.24064859243119557
0.279575664093277,0.24159726334334117,0.22357321866847732,0.2552538538949045
0.27860900413690015,0.2489616596398248,0.22378824349305002,0.24864109273022506
0.27230805542840014,0.24429781386819557,0.22878169505645268,0.2546124356469517
0.2767841275290881,0.2489022709488939,0.22374737585800836,0.25056622566400977
0.27339858543537626,0.2403178120596138,0.22717755451677488,0.25910604798823506
0.276816417793536,0.2618459932428221,0.22110598287414027,0.2402316060895017
0.2800174317111218,0.2599605477661438,0.22027086129051676,0.2397511592322176
0.28920031931732654,0.25290314491711025,0.2167247442250279,0.24117179154053534
0.28297010406988227,0.25150509475009897,0.2231297145115826,0.24239508666843623
0.2791769473179605,0.24764953091378697,0.22597037613813545,0.2472031456301171
0.27641428469014134,0.24488847617049644,0.22676808647206384,0.25192915266729843
0.27560575626235456,0.24881297934162508,0.22545935578464166,0.25012190861137873
0.2768043974332688,0.2494163683720732,0.22400134630411583,0.24977788789054226
0.2790691052315362,0.2516786899956212,0.2223429481033372,0.24690925666950536
0.2785242288399982,0.24645087592692852,0.2241585784513935,0.2508663167816797
0.2759704715807452,0.24206543239362652,0.22645122747405624,0.25551286855157207
0.2696153803080124,0.2357044756496899,0.23018253645000628,0.2644976075922915
0.27173724970568564,0.26293445767386936,0.22366211652357615,0.241666176096869
0.2789921856476035,0.2591067818164881,0.22010639662072368,0.24179463591518485
0.28831059542530607,0.24498168121622374,0.21786557414691307,0.24884214921155712
0.2788074622706152,0.2521646077524658,0.22523272258810872,0.24379520738881022
0.2747028046269989,0.2457196901949463,0.22822889247392109,0.2513486127041337
0.27560732586271797,0.24207469165017975,0.22601793964985878,0.25630004283724345
0.2744997441683512,0.2552284173387518,0.22445637144450462,0.2458154670483925
0.2764287087526898,0.24092427610166886,0.22475120912136048,0.25789580602428086
0.27717404355102776,0.24692504349222616,0.22398823230847312,0.25191268064827294
0.2699882398463271,0.23851824668512203,0.23006338439467833,0.2614301290738725
0.27328457038384657,0.24655136879038844,0.2254117290866614,0.2547523317391035
0.26836119778463957,0.23357239667375113,0.229425514702853,0.26864089083875636
0.27395707297701566,0.26000648152961436,0.22182298713907148,0.24421345835429858
0.27610029879661324,0.25112879399692706,0.22342149196815184,0.24934941523830786
0.2842222777997675,0.24555151989109833,0.21982866077956892,0.2503975415295653
0.2749805706153301,0.24707450176557683,0.22759680983357,0.250348117785523
0.2750216316832311,0.24822101233367194,0.22615469674944993,0.25060265923364705
0.2748246023190429,0.24283971950788494,0.22609061329754587,0.2562450648755263
0.27499255237582776,0.24618867725651897,0.22513852586955968,0.2536802444980935
0.2731823910587323,0.24236278747623755,0.22670650017448285,0.2577483212905472
0.27341771171023227,0.24271178343847447,0.22610470510215513,0.2577657997491381
0.27093760879654194,0.24089207290073802,0.22779319566213427,0.2603771226405858
0.2720884307848454,0.24439056824073815,0.22610036624578853,0.257420634728628
0.2690931806822469,0.23295456780388446,0.2284817120698251,0.2694705394440436
0.27195271398044935,0.25801897560913445,0.22354570895202866,0.2464826014583874
0.27559347385841104,0.2535145286300814,0.22304699238420717,0.24784500512730046
0.28426145749780624,0.2458420988234227,0.21953154016915866,0.2503649035096125
0.27697347666294947,0.24968319534830674,0.22567330889046308,0.24767001909828065
0.2762385007593743,0.25009394331415696,0.22557616062682923,0.24809139529963953
0.27593106136071066,0.2409608043019416,0.22602745965019275,0.2570806746871549
0.2750942937146192,0.24978227794706295,0.22507550461133546,0.2500479237269822
0.27296710759618975,0.24056734207110267,0.22720985993824952,0.25925569039445806
0.27317574147488627,0.23878599819534385,0.2264051502424585,0.2616331100873113
0.26837798530608487,0.2412948831830726,0.2293255979625128,0.2610015335483296
0.2683039405160694,0.2351302326577805,0.22806928058547654,0.2684965462406737
0.26382315727786887,0.22680587666872742,0.22989561677586157,0.27947534927754225
0.26645144737518733,0.25726487212376675,0.2255067651937085,0.25077691530733753
0.2737833102226231,0.25068692730941344,0.22305854355615506,0.25247121891180835
0.28268359216960065,0.2423630337631036,0.21987160872159295,0.2550817653457028
0.27566030955188786,0.25832557148562546,0.22398972238973058,0.24202439657275596
0.27822210439916073,0.251728493323737,0.2236307635467026,0.24641863873039976
0.2800138917042778,0.24053855536216157,0.22400429857483223,0.2554432543587284
0.2750832784488507,0.25599171030795104,0.22517433686835311,0.2437506743748451
0.27323195273761935,0.23691531308211292,0.227651628709207,0.2622011054710608
0.2737435161264278,0.23935777218451898,0.22622413400224123,0.2606745776868119
0.2660065148240397,0.2396088573736104,0.23132845201341945,0.2630561757889305
0.270708421760035,0.24139854674035957,0.2258476263585692,0.2620454051410363
0.2652850295895901,0.22616481096454516,0.2296120000338404,0.2789381594120243
0.26831693020682434,0.25422393630086343,0.22514980197317844,0.2523093315191338
0.27132755769477285,0.24851477354332047,0.2253733472301771,0.2547843215317297
0.2817819782525329,0.2469502573952419,0.21958752270613344,0.25168024164609176
0.2771775136840881,0.2585543444884246,0.22259712586173108,0.2416710159657562
0.2820556776108489,0.2590303124887975,0.21976739320357921,0.2391466166967744
0.2833060188861696,0.2417392006131777,0.2228779387247113,0.2520768417759414
0.2767442701343485,0.24554027192936845,0.2271693362551737,0.25054612168110935
0.26918141383890787,0.23830987903244388,0.2312504790499704,0.2612582280786779
0.26943966441866,0.23547534062110898,0.22786295885214783,0.26722203610808304
0.267450427528997,0.24144575656662773,0.2282988999055037,0.2628049159988716
0.2700640801912702,0.24057966459887642,0.22615959032267205,0.26319666488718124
0.26964741361660455,0.23391648166248194,0.22706900665497495,0.26936709806593856
0.27083203057501726,0.25829391196308565,0.22406128151592902,0.246812775945968
0.27643741832390206,0.2536560821893197,0.2222819611489768,0.2476245383378014
0.2851366411361075,0.25203565776974596,0.21816911605703337,0.2446585850371131
0.2788403444008768,0.244067514726585,0.22565411920944542,0.2514380216630928
0.27668300307229154,0.25017968462810974,0.22580937296752565,0.247327939332073
0.27431446951168226,0.24635856644394563,0.22702901056233762,0.25229795348203454
0.2785659084079614,0.25185045719447113,0.22243296393021483,0.24715067046735256
0.27355177561219607,0.2334270861079083,0.2278297176074887,0.2651914206724069
0.27217589490021704,0.24529461421227772,0.227005429641187,0.2555240612463181
