0.12402604639543525,0.09978357843617158,0.13572000900940862,0.6404703661589846
0.3090125950021454,0.182486404949859,0.23722037342442595,0.27128062662356967
0.3523582505940766,0.2747479011660465,0.2872827704064931,0.08561107783338369
0.023810979304351755,0.2772693214262986,0.3668589671768767,0.33206073209247283
0.1320823069182536,0.22261495578252394,0.3407210070590206,0.3045817302402019
0.3651509697940931,0.24978763199215068,0.29520712679864297,0.08985427141511322
0.2796554628276372,0.3077010511098608,0.3264804261094131,0.08616305995308897
0.24354106282491156,0.3241457043312782,0.36329742505829327,0.06901580778551697
0.24533845311263644,0.3396897939771654,0.36640983525555904,0.04856191765463897
0.0020687300249788835,0.0564320192509773,0.12878627757013522,0.8127129731539086
0.365459551657842,0.10735256536071636,0.14301969366261688,0.38416818931882474
0.49055082141774464,0.19564989404102437,0.18578585555000476,0.12801342899122625
0.3592748831842436,0.2959336325180958,0.2697959373053534,0.07499554699230716
0.14065593329977533,0.3092016016611272,0.3933396102865129,0.15680285475258457
0.23742922761567647,0.3096805762047644,0.3813904116825012,0.07149978449705789
0.0021603278697017807,0.09009990338233535,0.17554539196299843,0.7321943767849644
0.3568407708959301,0.1540772287199043,0.21303551172088503,0.2760464886632806
0.28835305347068924,0.28322300608678014,0.2938646923483998,0.13455924809413083
0.20828405083478285,0.3418644695446851,0.37798856999995833,0.07186290962057368
0.07529517845619095,0.3401232117361988,0.45243701294075683,0.13214459686685337
0.14833113086085808,0.3277455336441491,0.4452487610534911,0.07867457444150165
0.001610262526329666,0.03175042397245894,0.09631591569397087,0.8703233978072406
0.5338724890908484,0.11369679071522086,0.13593272523710628,0.21649799495682442
0.44016820770639287,0.25368545582324686,0.22387225026315918,0.08227408620720092
0.3160372208825213,0.3078740566044728,0.2998252935023266,0.07626342901067922
0.2230240865445225,0.33993261061295216,0.36849655920205865,0.0685467436404668
0.3744987916198393,0.2950044117897218,0.30338938398633664,0.02710741260410225
0.010705854215584643,0.18037985242321702,0.28454452719914186,0.5243697661620564
0.48520451243585233,0.18195083910556392,0.23183569828885295,0.10100895016973069
0.403838751817694,0.3020678893696872,0.24705336379592596,0.04703999501669281
0.26749310277551297,0.3492818789849385,0.3285631062912566,0.0546619119482919
0.3181301210350963,0.27516227519491543,0.317420368641446,0.08928723512854216
0.514880362812629,0.24341529820187804,0.22229963726125898,0.019404701724233926
0.05758921003522412,0.26215171769452394,0.3135595746103261,0.3666994976599259
0.42373514790835,0.21770886445757298,0.2636674015496493,0.09488858608442774
0.46299045272685846,0.24621584229279903,0.22843736909206785,0.062356335888274696
0.5481908555752356,0.23840127404638312,0.18850182388076345,0.024906046497617764
0.4110017365711668,0.3011484479161186,0.25873061076179515,0.029119204750919447
0.3533809063218234,0.3134746893435175,0.29588459402517,0.037259810309489085
0.01926500467503181,0.1854740354164405,0.280613052862919,0.5146479070456088
0.452447843865389,0.19592260367707268,0.23971947851742723,0.11191007394011111
0.37351776056599223,0.2948079414709788,0.2665899346394,0.06508436332362914
0.4605134206870362,0.26918848868941025,0.24480725501570688,0.025490835607846683
0.3059625027574375,0.3436176437488206,0.30887811941704857,0.04154173407669337
0.2076441923528222,0.3684321203389835,0.3774791698555593,0.04644451745263504
0.000435651881510773,0.009670358469267313,0.03632495500518705,0.9535690346440349
0.6115104614581324,0.07305024802642691,0.08369500147081094,0.23174428904462974
0.6837077461101344,0.16042500897403883,0.11792551518368044,0.03794172973214632
0.5736146938863028,0.23664434302377038,0.16882334279879005,0.02091762029113657
0.25619616433818054,0.3543883797848006,0.3271227672978709,0.06229268857914805
0.3022276532938461,0.32377195675756076,0.34171126116357664,0.0322891287850166
0.009664450258674628,0.20812938075020782,0.30613296001914864,0.47607320897196875
0.34644124786291575,0.2079364790812707,0.285216148357045,0.16040612469876844
0.5191553957603265,0.23383536840940372,0.20963579106485333,0.03737344476541634
0.42908353639424707,0.30158656107676884,0.24329613164833025,0.026033770880653825
0.20032087040098426,0.3465307223651972,0.36201000681680445,0.09113840041701415
0.31933109620874045,0.30853162161706366,0.3279042917461086,0.044232990428087246
0.01399663287921847,0.10797069534747863,0.19362937685501153,0.6844032949182913
0.5291158298295134,0.12749538737998697,0.1574016783516817,0.18598710443881772
0.6535314483984009,0.17658292806287754,0.14110847250671807,0.028777151032003574
0.5760262665628381,0.23702009968186769,0.16848135689004193,0.018472276865252293
0.21151468168190934,0.382084250842988,0.3545161793395386,0.05188488813556408
0.2505617878559148,0.33974796435277904,0.367916181451723,0.04177406633958322
0.0009059034086834087,0.03207270748769721,0.07385050148129092,0.8931708876223285
0.6132024639642955,0.09291167668158548,0.10614101208672237,0.18774484726739663
0.6723586517312902,0.1773555063690176,0.12222439712657743,0.028061444773114706
0.4127485065659371,0.31489244991565607,0.2377961317883804,0.03456291173002655
0.10078193270042689,0.2731620029649989,0.3621564914804091,0.26389957285416515
0.38245533423756617,0.25946030206495546,0.29459685923926604,0.0634875044582124
0.00011705799240955705,0.0019558133059164903,0.00892307557427013,0.9890040531274038
0.6342009162672746,0.07727312622101942,0.0889238175735869,0.19960213993811918
0.584267067973244,0.2166110801851423,0.1613450012174396,0.03777685062417405
0.1532613032124868,0.3880135471219537,0.3722822762733565,0.08644287339220308
0.05819666260041497,0.3250895678018815,0.4686049476813903,0.1481088219163132
0.1920152696961916,0.3181893723067041,0.4277201351228373,0.062075222874267075
0.00016239305602344748,0.005979344768831462,0.02679808220773667,0.9670601799674083
0.6282215363025558,0.08968226581665863,0.1015053806395628,0.18059081724122286
0.3601501599401058,0.31582714143862867,0.24254293640538094,0.08147976221588467
0.16875475817516788,0.35850843540086696,0.37752294181267776,0.09521386461128743
0.10609957730545512,0.2890765781372088,0.40797341842708557,0.19685042613025058
0.4179672571160525,0.2556623245583315,0.2859812338336406,0.0403891844919754
0.0010824132560483242,0.02153719163002367,0.052758643597245775,0.9246217515166822
0.5871090763894219,0.09527295618555408,0.11311274095332916,0.20450522647169486
0.4274567040006086,0.248112118450799,0.20794360964886438,0.11648756789972807
0.2752944607600349,0.3343017122637635,0.3108833609481564,0.07952046602804519
0.19502247841950393,0.3176577324094884,0.38923550230403886,0.09808428686696895
0.3344854583982272,0.29633707008225074,0.3301724726219649,0.03900499889755706
0.00043369500284896705,0.015393020724974416,0.04523916405940677,0.9389341202127699
0.6066905234952955,0.099402976479852,0.113989397786767,0.1799171022380855
0.18093286517791138,0.3570034989777506,0.2948459683851329,0.16721766745920513
0.23504754490829483,0.3044655687331399,0.3738617632117902,0.08662512314677506
0.23176025140951034,0.33154039730708257,0.3751556158319418,0.06154373545146532
0.16021849995797338,0.35927321056840184,0.4286522686538382,0.05185602081978666
0.0002109453163205977,0.0037469147510263644,0.018843056184823903,0.9771990837478292
0.6069247668155381,0.0843572594677569,0.09397163685730264,0.21474633685940234
0.7001841267769532,0.16139402883706216,0.10980342159466859,0.02861842279131607
0.37710148806963195,0.3257864883578588,0.2545412970226755,0.04257072654983384
0.2344200203266153,0.3307463532523339,0.3655989011197823,0.06923472530126847
0.19491739054559115,0.34763656234689777,0.37669501278586454,0.08075103432164665
0.021093459027455214,0.21610865246213312,0.3447569913225905,0.4180408971878213
0.5405301994647436,0.17126185568049884,0.21309710440752763,0.07511084044723002
0.5007690490282001,0.26252757513301733,0.2146295676193659,0.022073808219416666
0.29401501644916644,0.3520483992792691,0.32059515047463066,0.03334143379693389
0.10530519666503863,0.37752342167808245,0.4235819382627154,0.09358944339416356
0.13024837595132813,0.3419315417619876,0.4257198004787801,0.10210028180790413
0.05295632442080887,0.10829801261802005,0.22850667695079221,0.6102389860103788
0.6770085317020554,0.12415355786417456,0.13651857739502818,0.06231933303874189
0.5275532125405218,0.22800826252101852,0.1880804708667679,0.05635805407169182
0.4358119286193942,0.2879877259650358,0.24076390180524493,0.03543644361032502
0.34352019405893863,0.32778831577569234,0.2937830151748853,0.034908474990483836
0.2496228125666018,0.3450259664350169,0.3496004344090524,0.05575078658932895
0.12127556971367787,0.2515429164399595,0.38833410332427565,0.23884741052208694
0.5285466199833716,0.2096212751411099,0.22889298181846757,0.03293912305705101
0.34323088006354036,0.3400085658771705,0.2810526595856634,0.03570789447362588
0.26965332035877865,0.3361006466538615,0.34469448902291205,0.04955154396444779
0.3123368544262527,0.3100427717706637,0.3253452670133849,0.0522751067896988
0.3464010539478287,0.3164952156436537,0.2972975237460446,0.039806206662473
0.07953113140520011,0.2313059971816306,0.30704356737714295,0.3821193040360264
0.5082017846070096,0.19076551821731969,0.22717790926513504,0.0738547879105357
0.650765812839643,0.17766197408472834,0.14538927620898667,0.0261829368666421
0.49258733573240987,0.2812077893931343,0.20216699393212786,0.024037880942328154
0.2899305050987974,0.34664507472763495,0.3313773639399788,0.03204705623358885
0.2515328995045778,0.3278240183070629,0.3622840360373579,0.058359046151001494
0.025788130907118935,0.1809753892226536,0.28970170492733655,0.5035347749428908
0.5321620460270109,0.18162941099108218,0.21648100997617095,0.06972753300573603
0.5356340350993866,0.2481007710919137,0.1955199660681727,0.02074522774052708
0.1636944752706092,0.30888162229547206,0.3548864703056291,0.17253743212828962
0.4102470318157896,0.2646719807542628,0.28462637393333773,0.04045461349660978
0.27307148053196084,0.3650929557405665,0.3114625979841175,0.05037296574335516
5.3250901601910345E-05,5.701082243551586E-05,0.0009662385500491693,0.9989234997259133
0.7454360951190456,0.041565402292171066,0.044866401170821184,0.16813210141796206
0.7599628442538615,0.14141753883574218,0.07948467857485934,0.019134938335536977
0.08697186803057823,0.2114139564462958,0.2718990250567495,0.4297151504663764
0.10402994188764397,0.11939852986360806,0.24033488361234664,0.5362366446364013
0.031179445038651856,0.09777031960402621,0.18751506936137832,0.6835351659959437
5.994612663824705E-06,9.314860935405641E-05,0.00034528869861032635,0.9995555680793717
0.040245893975190614,0.3416485111775635,0.001054930722350793,0.6170506641248951
0.03485202906850732,0.6527984932821381,0.0013053021544851006,0.31104417549486957
0.0036097478587977603,0.18461890412674756,0.2803784181572548,0.5313929298571999
0.00028598373753275087,0.034868933592044946,0.37165172383659145,0.5931933588338307
8.253365156837691E-09,0.0006823012644582996,0.13046679723568994,0.8688508932464866
2.3878869035429483E-12,5.954752929437043E-09,8.994136650988406E-06,0.9999909999062082
0.23160544345352746,0.049149080456196974,0.07687799589892165,0.6423674801913538
0.1562071392003179,0.18176787288793703,0.19710821310729848,0.46491677480444654
0.0017619846127954514,0.060123274071968984,0.13590552687527155,0.8022092144399641
0.04324200805392956,0.08959929568368367,0.16493261181709618,0.7022260844452906
0.03718789488305278,0.12528825645636052,0.1964027257668427,0.641121122893744
3.8185772300533815E-05,0.0006121760345126494,0.0035555563461322154,0.9957940818470546
0.527142451951022,0.10217836084882585,0.12009571394728978,0.25058347325286245
0.047316716616921675,0.27021602250147725,0.2753247117128521,0.40714254916874904
0.10770310624205491,0.2501706004288399,0.37966319674782645,0.26246309658127875
0.2412142498316582,0.2914785008973079,0.38217335938665126,0.08513388988438264
0.008731938504972179,0.2533599530732533,0.35816074355822086,0.37974736486355376
0.00488076014674956,0.02522827556542448,0.0763693335868224,0.8935216307010035
0.68556047872027,0.08547015404211858,0.08975431776341607,0.13921504947419533
0.1946410704463119,0.2964994120384155,0.28533738933217856,0.22352212818309403
0.3317726316337562,0.2528221001063649,0.3025323082982797,0.11287295996159932
0.2362073568753214,0.3380139210348709,0.36638717179032276,0.05939155029948492
0.11680603385477203,0.34712770971508883,0.4371137565104036,0.09895249991973551
0.015272002003814625,0.07490352892146573,0.18705783920731753,0.7227666298674021
0.6057776742565899,0.133352637951296,0.15622721868604358,0.10464246910607047
0.3150725003198634,0.34572476109842876,0.27030553668632407,0.06889720189538384
0.21924922075222916,0.3520756279045473,0.3757824626769451,0.05289268866627846
0.10154252888860062,0.30304331147117763,0.4050089517769754,0.19040520786324647
0.18713440697081363,0.313838728656468,0.3864791524068783,0.11254771196584006
0.01176077861010608,0.044932207443645636,0.11714610685596114,0.8261609070902872
0.5120668208888132,0.07773438639482297,0.10621765721513442,0.30398113550122957
0.7171414057547447,0.14306498410977503,0.1084179600544566,0.03137565008102364
0.4384480056307406,0.3098103168395515,0.22471901308366007,0.02702266444604782
0.11622836301292251,0.38273219306549383,0.43485511179095676,0.06618433213062681
0.04755282124186006,0.28211923925470467,0.4735039426625501,0.1968239968408851
0.0026531248164411215,0.04376170847357359,0.10307595270704877,0.8505092140029366
0.5199485855838323,0.11563022517031633,0.1343009264092254,0.2301202628366261
0.6628292011221698,0.17739286791163744,0.13441723966083846,0.025360691305354167
0.2633597972979945,0.35937171614400804,0.32261466141965506,0.05465382513834245
0.10535854364108825,0.3519449352930653,0.4306370109257148,0.1120595101401316
0.011154397913174487,0.2679846250443374,0.34643540294904723,0.37442557409344085
0.0004317664899883009,0.00123798752090357,0.007988641108605636,0.9903416048805025
0.7203325844007682,0.049788318892116476,0.05526541854393213,0.1746136781631832
0.6584923208030117,0.18948719732496197,0.1292187312742922,0.02280175059773424
0.11437269348066109,0.40047069401071766,0.3653657857985971,0.11979082671002413
0.028093469007136676,0.29724282658252205,0.4659220341395597,0.2087416702707815
0.10680629077165157,0.27618307114106805,0.43916705415939145,0.1778435839278888
0.0019670450112411995,0.016697850986518898,0.055691708989659534,0.9256433950125803
0.6146828163104935,0.10165969409400276,0.11614266861967329,0.1675148209758305
0.19906390166622612,0.35622978096901264,0.3063852003165277,0.13832111704823344
0.09940384399510684,0.33893133138328013,0.45156960702868626,0.1100952175929268
0.007418964162409276,0.11802526327394254,0.25350235468813587,0.6210534178755123
0.23536489779997347,0.20352802646188667,0.2657663773369827,0.2953406984011571
0.0021424669833060186,0.008035795527109727,0.027828577448700514,0.9619931600408838
0.513104582515157,0.07878449550675697,0.09912181820444795,0.308989103773638
0.4348860222505964,0.24251890440879015,0.21340866701572758,0.10918640632488594
0.08896618886834803,0.36546729028642194,0.3829934984069694,0.16257302243826063
0.03852667394615706,0.2677483077855997,0.4486746059354268,0.24505041233281638
0.16962146761201366,0.2701425937432647,0.4231213646002287,0.1371145740444929
0.006175406317161447,0.10112541935407561,0.20376314332779644,0.6889360310009666
0.3455510028586795,0.1813028956750305,0.23858072667032407,0.23456537479596604
0.25944345674218844,0.31469483310513346,0.3235263098163532,0.10233540033632486
0.08361595094703693,0.32874610216384903,0.43566600811225137,0.15197193877686271
0.04621073416725236,0.22643150005655222,0.393875201572523,0.33348256420367256
0.18987065888118307,0.28232760954142844,0.3608721097269476,0.16692962185044094
0.0003949788874765797,0.005648739976894485,0.02223187008966571,0.9717244110459633
0.4852512198369566,0.06382057997910313,0.08436659483490747,0.3665616053490327
0.5468695494995708,0.19181494813645705,0.1618373214331105,0.09947818093086162
0.07493213946325349,0.3450427779828931,0.35595504605851835,0.22407003649533497
0.07143012198462774,0.27265781113164633,0.44431611320773934,0.21159595367598655
0.10399477019406385,0.27523954884607266,0.45378235398084216,0.16698332697902132
0.0005247875782110489,0.01837341194237462,0.05715669052119607,0.9239451099582182
0.3989509204191686,0.13401970540858993,0.17340466006316008,0.2936247141090813
0.25296113370617324,0.3153628295726825,0.3131635001500277,0.11851253657111666
0.01911814478366442,0.24496818848098462,0.3919144702262241,0.34399919650912675
0.1579864167848939,0.26632151850744035,0.4026906427824423,0.17300142192522344
0.05700246191080166,0.3320405139477642,0.3972730435090892,0.21368398063234484
6.967293844087203E-05,0.0008952275331413246,0.007150807710549997,0.9918842918178679
0.6612961968030276,0.05807316531180944,0.06569629161880705,0.21493434626635577
0.4603918155585606,0.25678589764424414,0.19419352172483792,0.08862876507235742
0.031854176387829766,0.1680309398945301,0.24831648714704088,0.5517983965705993
0.19547056116100053,0.2006201642992282,0.3048423231574691,0.29906695138230216
0.28781814630486935,0.27663405275319325,0.339661489625363,0.09588631131657442
0.0004903671199027633,0.01764632751424859,0.05460040958535536,0.9272628957804933
0.40700510279924407,0.1407820472466901,0.18864014106969004,0.26357270888437584
0.0461763025607832,0.30052237471982773,0.33079628081434737,0.32250504190504176
0.03638643121139974,0.21775071980763938,0.3672706198756852,0.3785922291052757
0.13675356119691426,0.22934478480225282,0.3381185062885049,0.295783147712328
0.3746639088718398,0.2654217110151502,0.2915788162252393,0.06833556388777064
0.00012198624407525224,0.006013591675380226,0.024924855601229475,0.968939566479315
0.3033821050984544,0.05690772361145031,0.08366093945790343,0.5560492318321919
0.3410208133801301,0.1528717224031485,0.15851786356688122,0.3475896006498402
0.09214588161878885,0.1554932452324185,0.21536656410638313,0.5369943090424094
0.3233145627863227,0.18156756294929047,0.2656530062621933,0.22946486800219354
0.3294392196343641,0.2884814908255935,0.32543454071728434,0.05664474882275807
0.0013820621975024366,0.1245774698729472,0.23823470559380733,0.635805762335743
0.2063022266635626,0.21225539252135117,0.2951744425108243,0.286267938304262
0.13346359399705005,0.31945702889248934,0.3857144697709398,0.1613649073395208
0.09453741376410454,0.2931118209225693,0.4422344051606783,0.17011636015264778
0.05119177291016305,0.19872972296666103,0.3747671201242687,0.3753113839989072
0.1474990361478058,0.260914342496952,0.32545112330811204,0.26613549804713005
0.0037362732175473083,0.033199161698590635,0.07735988203643451,0.8857046830474276
