0.29212545865968503,0.16874519792099565,0.2515783501390119,0.2875509932803073
0.29947614589184324,0.19931516262291457,0.23115982851368785,0.27004886297155445
0.30678829337877844,0.21947240143878155,0.2216128602504406,0.25212644493199926
0.3000970268401334,0.19416667527756906,0.2401047887844084,0.26563150909788924
0.2909722131990855,0.17317069918039116,0.25143082664915917,0.2844262609713642
0.31965231613954503,0.27979449068918993,0.18512641423599818,0.21542677893526702
0.3202032553659248,0.266007786106414,0.201979838857076,0.2118091196705852
0.30711467758677485,0.1942511696857876,0.24639632792163016,0.25223782480580753
0.3108729993993039,0.2106527321318258,0.22787622599067073,0.2505980424781996
0.29334861109217886,0.17509330859505784,0.2519720785247752,0.27958600178798804
0.30194579035146246,0.19750686707394396,0.23384866634996898,0.2666986762246246
0.3185415434787584,0.3967655410744012,0.13066553053617708,0.1540273849106634
0.3125216422490731,0.20927800556748657,0.251731427433758,0.2264689247496823
0.30620274276042425,0.18183232866873733,0.24995628827506047,0.26200864029577786
0.29602805320887904,0.1756086959757939,0.24896839730934442,0.27939485350598264
0.285999023139958,0.16671738720661486,0.25326474673588834,0.29401884291753894
0.2838905546075448,0.16382611987055426,0.2546477025250132,0.29763562299688784
0.31225598801202414,0.2783262982787162,0.1837580563871998,0.22565965732205995
0.2986938263816064,0.18903903417511875,0.25031240655954995,0.26195473288372495
0.29421417607028416,0.17547015110011818,0.25021042661400994,0.2801052462155879
0.30309372575033455,0.2048201663463487,0.2289838356962945,0.2631022722070222
0.301547552640458,0.23751312359721793,0.20917432175512957,0.25176500200719454
0.32013751531173884,0.27240940554349197,0.19463757224615746,0.21281550689861178
0.3126768908772986,0.44895903441667373,0.11346636288086326,0.12489771182516445
0.31533592047880044,0.20919146938806676,0.25909763925510304,0.21637497087802987
0.3169356605199296,0.20128540512235812,0.237058443753215,0.24472049060449722
0.3008196798272711,0.18262755498381814,0.24631385413260284,0.2702389110563079
0.29270494563703464,0.1747635101438339,0.2495116578752795,0.2830198863438519
0.30092052956208043,0.1965021050522126,0.23443406641733316,0.26814329896837374
0.321945099606965,0.37775232979360424,0.13952688646150957,0.1607756841379211
0.30969088295736696,0.2000655574667091,0.25591863438324314,0.2343249251926809
0.31331003820416203,0.20180499166590413,0.23559530022643616,0.24928966990349768
0.3332542820654984,0.3310206727539534,0.16214265335624772,0.17358239182430044
0.3154091511693595,0.22136756566241736,0.2348211640873009,0.22840211908092217
0.29971896652002644,0.17151244955900313,0.25811732026116296,0.2706512636598074
0.3285290203311548,0.3377529326707126,0.15670561718427237,0.17701242981386026
0.3070215323157313,0.19247279690868346,0.25583982181117465,0.2446658489644106
0.3079312004028127,0.19100114538814622,0.24174495694423165,0.25932269726480944
0.2961810691408398,0.1755764884996698,0.2503266185444727,0.2779158238150176
0.2882555740526941,0.16560390476185322,0.2551737106406724,0.2909668105447804
0.28556830843692543,0.16434896974642205,0.2545621251511008,0.29552059666555164
0.30218844613980084,0.21117052748686982,0.2235574977834297,0.26308352858989953
0.29844314571873465,0.18864661033813562,0.24347259992757145,0.26943764401555825
0.3032314984107704,0.19888838459568764,0.23458651891916724,0.26329359807437464
0.29194988805820604,0.17105787246934936,0.2541646997846328,0.2828275396878118
0.28760322817385675,0.1695632216885419,0.2514767809558671,0.2913567691817342
0.3209256431649176,0.2751895614334565,0.18820063594280467,0.2156841594588211
0.3034617726564203,0.5095667871151636,0.0903556995687903,0.09661574065962586
0.3162012642764275,0.2071416325417607,0.268898048862652,0.20775905431915978
0.30899821214938317,0.1721607329227305,0.2585494923587534,0.26029156256913283
0.2916218457269349,0.1616661163255619,0.2582982365890727,0.28841380135843053
0.2845046462461515,0.1614951223464399,0.25607747041533013,0.29792276099207843
0.28616435830635734,0.1678426573521642,0.25166943763587124,0.29432354670560706
0.32093834546774214,0.33369512212855107,0.15792456371412691,0.1874419686895799
0.3147554663115605,0.22159468862840645,0.2358361647312204,0.22781368032881263
0.30566626190872076,0.18646447560970686,0.24757443931778997,0.2602948231637825
0.3142606898291047,0.22067155333997626,0.22122527339933962,0.2438424834315794
0.3132780567095242,0.24266479943413893,0.20954644429520466,0.23451069956113224
0.30441427681187455,0.19515266860122196,0.2427060870874871,0.2577269674994163
0.32941042584248503,0.37398654397249503,0.1411320748845012,0.1554709553005187
0.3120608893829926,0.20106997933498216,0.2544830289136275,0.23238610236839768
0.29860832691595646,0.1655078320873722,0.26078467412153206,0.27509916687513936
0.2869896133491804,0.15838234964267786,0.25970569356122697,0.2949223434469148
0.2854874522188074,0.16606409698914074,0.2524732475741022,0.2959752032179496
0.30228161048725755,0.2073232636992193,0.2263505847401045,0.2640445410734186
0.3204663134912574,0.40593253767677195,0.12821690821260023,0.14538424061937036
0.31429225466688887,0.20843734266317523,0.25388768410009754,0.22338271856983843
0.30519671276647886,0.17711404672229025,0.2534785473225086,0.2642106931887223
0.30354517639779915,0.1906361916635794,0.23888559886095018,0.26693303307767124
0.2920079466910705,0.18623149304242514,0.2405793637588989,0.2811811965076055
0.28934724067452294,0.17111079135167176,0.2522579571172312,0.2872840108565741
0.3189295835259057,0.40737437615411,0.12464530571069402,0.1490507346092902
0.3025824791395259,0.18200585799980773,0.2729369440833633,0.24247471877730317
0.2948510420654364,0.15793935147871033,0.2648375451494711,0.28237206130638226
0.2944815137496304,0.1786594111595319,0.24407278952472,0.2827862855661176
0.2882849228053487,0.1887841239027224,0.23674151982731953,0.2861894334646093
0.3100516199487207,0.2342585109237091,0.2117422742769065,0.2439475948506636
0.3048192199564956,0.46069581010466587,0.10713178728371293,0.12735318265512566
0.30774823634411475,0.19311716712171853,0.2727246865520197,0.226409909982147
0.3168218499547621,0.20346680075181284,0.2343457500831028,0.24536559921032228
0.3267696388397135,0.2795907186648538,0.1878078378475651,0.2058318046478677
0.30818337174460975,0.2176036067849071,0.23054477034692414,0.24366825112355894
0.3088263916129322,0.20203051793598134,0.23615199843020102,0.2529910920208856
0.3191363639496626,0.4131422293085389,0.12417806434697126,0.14354334239482727
0.3063536842052769,0.18867127492310645,0.2689211421436672,0.23605389872794946
0.3043511986167714,0.17745965226679472,0.25107872709623624,0.26711042202019775
0.3025839375345776,0.19132918792882983,0.2381844677943077,0.26790240674228494
0.2919046200805061,0.17952761966093728,0.2459981289795034,0.28256963127905316
0.2862988246750291,0.1646971959044253,0.2558779818395649,0.2931259975809807
0.31328650820520376,0.29711140388716145,0.17468543656353913,0.21491665134409577
0.29485919365836843,0.1763394691024644,0.26204334139948016,0.266757995839687
0.3130559901711981,0.2228216121720539,0.21858845498289312,0.24553394267385487
0.31121514363947067,0.2215873273802725,0.223163791186792,0.24403373779346485
0.2911605082163655,0.17259614303536477,0.2547282522580511,0.28151509649021855
0.3253765808700131,0.2846839504469642,0.18350725533090922,0.2064322133521133
0.2985073480867973,0.5006156763287236,0.09461380419435166,0.10626317139012738
0.3131366977118721,0.20206268907003855,0.27188590530540585,0.2129147079126835
0.32037491389035155,0.2020922450072081,0.2368695670311149,0.24066327407132543
0.30041054408071544,0.1795352158935959,0.24844050171246976,0.2716137383132189
0.2910470498611342,0.17148469235692002,0.2511699371955276,0.28629832058641824
0.29198067966100877,0.17856794963290668,0.24515567306960467,0.2842956976364799
0.3262499141765647,0.3275420249009229,0.162178046686883,0.18403001423562945
0.30457672548112225,0.18954946874510842,0.25653578326752813,0.24933802250624132
0.29319703572549544,0.16146353254191073,0.2618044582365704,0.2835349734960234
0.30908788927130454,0.21810783267121361,0.2201190503295233,0.2526852277279585
0.31211863608266033,0.253809254429156,0.2025587276144075,0.23151338187377615
0.32829894360439454,0.41179362774346884,0.1285247301974768,0.13138269845465975
0.32813980148515604,0.42240193838152473,0.13315374767561844,0.11630451245770076
0.3138699051712586,0.1898723933045455,0.2701106162947201,0.22614708522947577
0.3101046169455733,0.18338049133238646,0.24738960689423498,0.25912528482780534
0.29046632000741085,0.16228725830543667,0.25869805356466996,0.28854836812248263
0.29344447237006144,0.17820950722276152,0.24524286058740627,0.2831031598197707
0.30588173283791764,0.21254684166757343,0.22418178209239567,0.25738964340211323
0.3034921397345415,0.2012463337074947,0.23511247885394146,0.26014904770402236
0.28888455026578297,0.16333205076232216,0.26013221817746374,0.2876511807944311
0.30927243136490284,0.21786308339911736,0.22080026049448676,0.25206422474149304
0.32457380302239985,0.28487297884507695,0.186955285918515,0.20359793221400826
0.30507812138856755,0.1932523131036283,0.2486937484163005,0.25297581709150374
0.32122673645237326,0.23771890995681866,0.21213030507786523,0.2289240485129428
0.3307308856646548,0.36558494735582553,0.14752275171638554,0.15616141526313407
0.3080676477135956,0.18827994207849125,0.2627788738829388,0.2408735363249743
0.2974724192876791,0.1645551663294022,0.26000052153614656,0.2779718928467722
0.2875545962903033,0.16055391983719206,0.2579472212846337,0.29394426258787093
0.29192408883802484,0.17817418254976142,0.2447506946572696,0.28515103395494423
0.2921524477817966,0.18055164044408786,0.24420839132404756,0.2830875204500679
0.3118131572897977,0.23455698242672074,0.21200295264553412,0.24162690763794747
0.29936489098807717,0.18485520972992087,0.24889078105073068,0.2668891182312712
0.30495976263726465,0.19780041471602397,0.23525768917099915,0.26198213347571225
0.3182725253076334,0.2514840356316956,0.20368171225664833,0.22656172680402267
0.2946558453147431,0.172667986695,0.2590204604655797,0.2736557075246772
0.33273228307888053,0.3281141008405928,0.16137236519892287,0.17778125088160376
0.30205368319314047,0.5340279575993065,0.08308794634404096,0.08083041286351196
0.3123023242257778,0.1923233897940738,0.2837301225204226,0.21164416345972595
0.3049546366334579,0.1609522696680281,0.2659024657012606,0.26819062799725346
0.3011540599637435,0.18845763252308118,0.23699796424255382,0.2733903432706215
0.2807008974061366,0.15419661770622856,0.263766647324594,0.3013358375630409
0.27755022355284953,0.1515639776620453,0.2620608973408347,0.3088249014442705
0.27687398536069724,0.1996846592151773,0.21843897954884892,0.30500237587527645
0.27163872924577676,0.15411930388076728,0.26369096556388505,0.31055100130957103
0.2722848867660577,0.14914278919821963,0.26320343498724585,0.3153688890484769
0.2592417676278203,0.15572488411417393,0.25042845018645676,0.33460489807154886
0.13872739204855492,0.17303113176620885,0.16192523565802888,0.5263162405272073
0.2082487607916766,0.4291704241806508,0.09990152629254302,0.26267928873512963
0.250610724097049,0.5748759484164254,0.07601337160737898,0.09849995587914653
0.3014127123990274,0.23643282502921892,0.25524205690910173,0.20691240566265204
0.3059909933134753,0.18386019111358753,0.25210454010913197,0.25804427546380526
0.30694315342645734,0.38333252282444624,0.13374838162027805,0.1759759421288184
0.2829495833005171,0.23627793946121087,0.22320167366477742,0.2575708035734946
0.31796370057270895,0.2789613019060889,0.1892586448514166,0.21381635266978555
0.28788690013787815,0.39907572013671355,0.13229354640519522,0.1807438333202131
0.29761308116672364,0.18571785799231186,0.2700587462482191,0.24661031459274538
0.32544602882937157,0.2931493973733797,0.17888911881759587,0.20251545497965284
0.31365817909735433,0.24560067008598938,0.21453505363089695,0.22620609718575932
0.3021054345960626,0.19855517996494995,0.23981190005243164,0.25952748538655573
0.3207427334582525,0.4322504957188281,0.11582534715892401,0.13118142366399532
0.3125657911787062,0.4694643911204075,0.11456723923388545,0.1034025784670008
0.3177811207061697,0.20468132241130177,0.26558785880031116,0.21194969808221736
0.33180076605799524,0.24698660972969588,0.20726942077327606,0.2139432034390327
0.30068138133677974,0.18042025851889465,0.2524045775036661,0.26649378264065937
0.29040889675774695,0.16534519696529504,0.25637842721429943,0.2878674790626584
0.3192921373380338,0.26381392415396565,0.19290231050265583,0.22399162800534472
0.30968613664603817,0.23124633642457,0.22021700425583138,0.23885052267356058
0.29395031388480175,0.16906258932593346,0.2601301734939024,0.27685692329536243
0.3160065256372289,0.2515756622197254,0.20083232632379952,0.23158548581924618
0.319362740041527,0.2512520209535399,0.20825468022936208,0.22113055877557114
0.31349638803102686,0.24760010245447187,0.20913271986382398,0.22977078965067735
0.32250727395185147,0.2513115569174104,0.20813879958985457,0.21804236954088363
0.3314545430207393,0.38193283596251604,0.1399033486699847,0.14670927234675987
0.306141277662066,0.18283539347826086,0.26883939849560834,0.24218393036406488
0.29434197286484204,0.15724785610796607,0.2651074530399687,0.28330271798722323
0.28760483386912544,0.16282767737449344,0.25521127053299575,0.29435621822338537
0.2918983492715551,0.18691857502163123,0.237632408823029,0.28355066688378466
0.3004650540494532,0.21540427416707814,0.2211360780346921,0.26299459374877654
0.3197177280651417,0.287935390172636,0.18442856087447734,0.207918320887745
0.3164233908612949,0.22575231222349182,0.22833748036502988,0.22948681655018346
0.30168871768289446,0.18113697317984925,0.25087049681002166,0.2663038123272347
0.292622114665648,0.1719743552817822,0.25142383851834765,0.2839796915342221
0.2886029506390888,0.18387616102987625,0.24007230510907443,0.28744858322196054
0.32298983020936484,0.40160766605812537,0.12787154783972338,0.14753095589278645
0.30393606373069704,0.5322638972661229,0.08652517189132926,0.07727486711185073
0.31379858213752665,0.1933864353414978,0.28272057884500046,0.21009440367597512
0.3033681515016864,0.15791202754983194,0.2682590683820469,0.2704607525664348
0.2970933254185636,0.1844332728731413,0.23938333631280517,0.27909006539549
0.2948794237639138,0.1980800562532555,0.23175978641480247,0.2752807335680283
0.3135109386763574,0.24901823824292424,0.20306295939431407,0.2344078636864044
0.3093309254528955,0.24956637145381025,0.2069166304040172,0.2341860726892771
0.29316057537214796,0.17011868656554177,0.2612462215940004,0.27547451646830995
0.2982774127932397,0.2024502245997343,0.22839364107990487,0.27087872152712106
0.307531060992146,0.2257757805772639,0.21788246256279015,0.24881069586779989
0.29872229108217674,0.2745882981367428,0.1884852303979539,0.23820418038312663
0.3206475625323389,0.2687238191470254,0.20073576665486004,0.20989285166577568
0.32192117060015657,0.4094192346942631,0.12835795926740298,0.1403016354381774
0.30494410161662766,0.1826279770405183,0.2730215650119671,0.23940635633088694
0.29695422861338955,0.16167921506002103,0.26194826049075015,0.2794182958358393
0.3000317079978838,0.19658321598244868,0.23168602423817317,0.2716990517814943
0.3005821214937538,0.21824202260258785,0.22005142263104172,0.26112443327261664
0.2928985030939768,0.1836922351854521,0.24591844791274267,0.27749081380782836
0.30355240555856344,0.2231369078957776,0.21702685655985052,0.25628382998580845
0.3012205193238635,0.19950949418861202,0.2372464889026045,0.26202349758492005
0.3066460305728809,0.22185572813416707,0.21974626562440425,0.25175197566854773
0.3166400536196218,0.26122006031479766,0.19895180950649158,0.22318807655908895
0.3028914720461638,0.22996169676805758,0.2195318109368141,0.24761502024896462
0.32257637139643114,0.2666904482723324,0.19749731055307415,0.2132358697781623
0.31475275302821953,0.4672852156442027,0.10468255822626914,0.11327947310130858
0.3092732488645586,0.19091018111679203,0.27482562154959633,0.22499094846905296
0.29990987340897857,0.16042899967998067,0.2647798394682237,0.274881287442817
0.29943883660690257,0.19011504031052476,0.23602893859797638,0.27441718448459623
0.2867602881909222,0.17727671330792144,0.24573282911776367,0.2902301693833928
0.28558551441351065,0.1713944970965475,0.24935668273188372,0.29366330575805816
0.29729450073931046,0.23177668761706668,0.2087360767982108,0.26219273484541195
0.28854598125245245,0.1743145618980859,0.25480791854837476,0.2823315383010869
0.3039951176035768,0.22041197230160858,0.21784075080005222,0.25775215929476253
0.3125613019280084,0.296817417863265,0.17892691066933628,0.21169436953939044
0.301034823638151,0.2203698048181521,0.2301794308801139,0.248415940663583
0.3251929052646922,0.42092567385650703,0.12159765967746812,0.13228376120133256
0.2925070532050343,0.5595560173787186,0.07781504935744442,0.07012188005880253
0.31469273548756393,0.19822028673528636,0.28306140617275843,0.20402557160439128
0.309047507986588,0.16684703779494617,0.26213555593822885,0.26196989828023703
0.30914406494608,0.21523154568438907,0.22011771743382794,0.25550667193570314
0.2860281632272613,0.16322026234456422,0.2602685485226833,0.29048302590549113
0.28684557860321175,0.16596181694083134,0.25313160162297693,0.2940610028329798
0.2849752243870524,0.22148146276377487,0.21089071421974587,0.2826525986294268
0.27985963327878993,0.16313694460856132,0.26108277236675886,0.29592064974588983
0.30877736447317916,0.27760017063484327,0.18391949029800495,0.22970297459397257
0.32276213540703785,0.35430671094175836,0.15607793076244633,0.1668532228887574
0.3142301613757779,0.2589516479899553,0.2133138693933076,0.21350432124095922
0.3314202562704922,0.2865848639634664,0.18951850090839512,0.19247637885764626
0.29868612009818396,0.5194450714722096,0.08595142688836624,0.09591738154124022
0.3136056660878795,0.2054792785978482,0.2712250012514539,0.20969005406281854
0.3099398081832483,0.1757892087133369,0.25533048253883656,0.2589405005645783
0.3060677204480167,0.19630387198173305,0.23396288512819144,0.2636655224420589
0.28435538435541863,0.1578130560257863,0.26244444386745985,0.2953871157513353
0.27873147037585017,0.15100549612595757,0.26356658751044476,0.30669644598774753
0.2986226978245517,0.24139024754522587,0.20181447749178966,0.2581725771384327
0.3056439381101366,0.2341728256718827,0.21675459926355217,0.24342863695442865
0.3239796794612129,0.3554519259412604,0.1521715773142203,0.16839681728330633
0.32536079828856,0.34429155261506383,0.16571142300071437,0.1646362260956619
0.31185093474816344,0.22691193641881852,0.2320583082507443,0.2291788205822737
0.3333522184941245,0.3056104034916329,0.1765711391500038,0.18446623886423874
0.31923012170820847,0.4623048797084348,0.10878384505981241,0.10968115352354425
0.3114719851524715,0.19224772009224098,0.27311774339463135,0.22316255136065613
0.2992664896775137,0.15998198902854402,0.264976548469275,0.27577497282466734
