0.1031782710441377,0.15894820945657337,0.33536555921646216,0.40250796028282676
0.15882911963033994,0.20903300686723814,0.33561916342526515,0.2965187100771569
0.26006825928603455,0.23670979195020372,0.34328360255888224,0.15993834620487957
0.23964911686035545,0.25555269470543024,0.3154311081091453,0.1893670803250689
0.06715485741504111,0.16681824252423008,0.34857883629423414,0.4174480637664947
0.32633090877867965,0.2234125755164171,0.22623365999196238,0.22402285571294092
0.4203058547273467,0.30008608313580176,0.15573352093191234,0.12387454120493907
0.3704311446756594,0.29202765150939763,0.23337541891053093,0.10416578490441213
0.3883452448399732,0.28133400102600087,0.2303838790923087,0.09993687504171729
0.23267561852552468,0.26331335254662946,0.3587745352830041,0.1452364936448418
0.02443703707330638,0.09892791620284276,0.2149967462344662,0.6616383004893847
0.39792040091347386,0.20442019625671118,0.22365605238748054,0.1740033504423345
0.2667270258684369,0.290917233703343,0.24882587191978336,0.1935298685084368
0.20792887246825703,0.24504785707696508,0.3752854903332671,0.17173778012151072
0.1186944481605841,0.19414285275766013,0.3565482436840992,0.33061445539765655
0.14989440772614332,0.20224356880835212,0.3798900464610325,0.26797197700447223
0.04108989989434011,0.12995606479357183,0.21668072829812604,0.612273307013962
0.48074241113845373,0.2317089804493715,0.1753957548500976,0.11215285356207723
0.32835100315589427,0.3397295497566107,0.17260539908525815,0.159314048002237
0.2707391238657315,0.272373336551555,0.3726160092709089,0.08427153031180452
0.16438776191449453,0.241865928923837,0.37100358538696515,0.2227427237747032
0.12845230828553078,0.19354338822918396,0.4485870664117454,0.22941723707353984
0.02540376319724309,0.10264970606763807,0.24407696528238018,0.6278695654527385
0.5763784870927743,0.2095781429391389,0.15353004040960788,0.06051332955847888
0.3295068956883129,0.346065751546725,0.15894239940486973,0.16548495336009245
0.3902999583546285,0.2831114604002505,0.21533619613315344,0.11125238511196764
0.4111596543805147,0.2988134798074718,0.1989815505633793,0.09104531524863418
0.45994384985277376,0.3053560345932284,0.1850473872944812,0.049652728259516554
0.1509735763187019,0.274807036688293,0.22196395778855874,0.35225542920444636
0.78368869534274,0.14287015056825034,0.06239951165293113,0.011041642436078636
0.46123593113802264,0.3579087257061668,0.10409713970602304,0.07675820344978768
0.4338667081234591,0.29451119924621033,0.2053810049926487,0.06624108763768174
0.5781024885511226,0.2565043796848031,0.10607140669988242,0.05932172506419187
0.6181993720917192,0.2541537673056197,0.1071452778506128,0.020501582752048275
0.212295266862827,0.2801155268906301,0.20888119570002772,0.29870801054651525
0.6717987939305322,0.1897328245124024,0.09229683850891227,0.04617154304815311
0.4472935543330535,0.3181533803070861,0.13079342469300717,0.10375964066685323
0.5979690642648411,0.2532912747560244,0.12470718581807136,0.024032475161063153
0.3766933502954889,0.3374273102506771,0.19966125029068704,0.08621808916314688
0.28023390677219545,0.27684562930457757,0.28890156880303675,0.15401889512019024
0.13340877705038925,0.20577540998032612,0.21314479158101593,0.44767102138826864
0.7060301522939123,0.18724510814692838,0.07913933040146615,0.02758540915769319
0.5314731471981274,0.33268671233601793,0.06693405258515023,0.06890608788070442
0.7251396891105694,0.19755043670034766,0.06816094245194636,0.009148931737136665
0.36572852899092145,0.3302891257547458,0.23059137422306075,0.07339097103127198
0.14653958626751773,0.22043766748174864,0.5005494800097486,0.1324732662409851
0.013660515440872016,0.06986858147413584,0.15233800814606385,0.7641328949389282
0.6780392988281218,0.17305463618100153,0.10291801019057717,0.045988054800299584
0.5061208723842292,0.3245986659996848,0.09443347099881333,0.07484699061727287
0.4857493265981929,0.3049254951557843,0.15671608501453313,0.052609093231489545
0.3132191148484023,0.31661047460284036,0.24081232906757288,0.12935808148118452
0.3795463738251841,0.2885544169031706,0.2511422903398578,0.08075691893178746
0.158924300800404,0.2555649941006748,0.19967706507669325,0.385833640022228
0.720071650565118,0.17538864874856497,0.07670375475268264,0.027835945933634445
0.6439094120038914,0.271093777705642,0.05872772337015429,0.026269086920312223
0.4509823990999288,0.31165330477001796,0.20336450086219585,0.03399979526785739
0.2359456975888775,0.2738819575924156,0.331326785324571,0.1588455594941358
0.27856119475329755,0.2341874609027344,0.33318477091690324,0.15406657342706498
0.08613570234283864,0.16710615788374622,0.21923440511645503,0.5275237346569602
0.698729461792214,0.1803628750966721,0.0823484578103739,0.03855920530074015
0.5809991063373952,0.30383356240346987,0.0678262999289845,0.04734103133015048
0.5571119445639976,0.28446210004295686,0.1291067031822426,0.02931925221080298
0.2996816864635013,0.3203621822863906,0.2554415828946079,0.12451454835550016
0.32094458267624776,0.2660590523565727,0.28499235393357714,0.1280040110336023
0.06369572961078644,0.16030596237845354,0.15451661281722925,0.6214816951935308
0.8671383530529829,0.09459614192913472,0.03329809448261119,0.004967410535271199
0.48867770821501955,0.35603294748147696,0.09275136949852661,0.0625379748049768
0.209187477230073,0.25890642404932995,0.4439353007894323,0.08797079793116473
0.10078282221598919,0.15856229006750297,0.3361872632996108,0.40446762441689715
0.15765220980411,0.18598546130888746,0.3770651520652558,0.27929717682174676
0.012733342995938212,0.06711624950513535,0.12664201467511682,0.7935083928238096
0.8192025778086113,0.12328093785800022,0.046657627954618044,0.010858856378770496
0.3464820278561668,0.3973441975031987,0.13504336021808913,0.12113041442254541
0.13234900966664712,0.22740929297513404,0.4885893948993954,0.15165230245882333
0.13551836099717,0.2059910348827196,0.36941574648094855,0.289074857639162
0.18450457754492164,0.23015279040894443,0.37222559652622905,0.21311703551990482
0.018986694508822836,0.09873095335656423,0.15677086296419093,0.7255114891704221
0.8252451039710438,0.11805818320230696,0.0488126022093854,0.007884110617263745
0.3053463736582957,0.3978783638054543,0.15644618086906023,0.14032908166718974
0.25305469387643537,0.2566214622352447,0.3686014665093693,0.1217223773789506
0.24727884502786712,0.24814357786631844,0.2614063715303277,0.24317120557548674
0.33999833203723084,0.25739003272708555,0.31187301662199846,0.09073861861368504
0.04859638683497023,0.15259520058532328,0.20160124502637902,0.5972071675533275
0.7448592433327847,0.14808519680478544,0.08243024649759605,0.02462531336483378
0.2555295621952409,0.3485588193353554,0.18410695140644326,0.21180466706296056
0.25033961408749716,0.25062815379821185,0.3899945154400404,0.10903771667425058
0.2457149716679951,0.2616554290746021,0.2850083395963074,0.20762125966109526
0.24021913375512816,0.26045307209728447,0.3224951889823238,0.1768326051652637
0.027212748861902766,0.11036383328478633,0.18534467064196578,0.6770787472113452
0.7414707480838613,0.16136032690179833,0.07873339771550002,0.01843552729884035
0.29343639363092006,0.39523959097228906,0.13445821260161644,0.1768658027951744
0.4082814856426689,0.267893432607637,0.2682660593033418,0.055559022446352385
0.41448474229853943,0.29683753034272303,0.20095394270142977,0.08772378465730785
0.17354125629500175,0.25595859350699596,0.4128359636800107,0.15766418651799155
0.02441856215463522,0.08395345026948557,0.1272700662793952,0.7643579212964839
0.7221554658091376,0.1612973327958206,0.08947424865597589,0.027072952739066035
0.41083256919011024,0.3527982365392154,0.17062163663925062,0.06574755763142377
0.2686018668342133,0.2953180351998668,0.316659537504392,0.11942056046152785
0.18100688306014862,0.22448937544559877,0.38352443747768433,0.2109793040165682
0.22102564164520316,0.24003018310595592,0.2852816688523685,0.25366250639647236
0.1655474155000214,0.23170829636971715,0.20187062745568293,0.4008736606745786
0.8110395174105476,0.1415818679507121,0.03774566184212903,0.009632952796611348
0.5707704646295758,0.32529756231161333,0.07045724099227457,0.033474732066536235
0.3777812799086329,0.29533001412884846,0.28303879090446343,0.04384991505805532
0.23419857551068674,0.2712722845402771,0.29401855365585433,0.2005105862931818
0.17276118236822233,0.21369794131599082,0.3919032175931795,0.22163765872260757
0.31646953990778653,0.23369069483707952,0.1908961159322614,0.2589436493228726
0.8184330133442209,0.13933199148834058,0.03559213070995043,0.006642864457488088
0.3591459903764669,0.34440855038778184,0.14892080570189611,0.14752465353385522
0.45175350594446473,0.27282193984567504,0.21018295997401604,0.06524159423584427
0.37910944794591317,0.3150175477010009,0.2185853252142479,0.08728767913883818
0.3615262624129681,0.3119139652508328,0.18146564239562668,0.14509412994057247
0.39758275297447965,0.27272625357227714,0.14157126571809472,0.18811972773514857
0.8372580872302436,0.13030400064717845,0.028190833265989826,0.004247078856588164
0.4597751640166342,0.3687854306434771,0.11137302576253974,0.06006637957734895
0.46777328488661474,0.27866974927643784,0.20113094883809654,0.05242601699885103
0.4759666203210474,0.27283242679960695,0.16601936380184878,0.08518158907749683
0.3070894290918399,0.2843516371589892,0.3030931429890595,0.10546579076011145
0.2827621820204838,0.25569530252932354,0.1999740096911066,0.2615685057590862
0.7396797773906505,0.1753601897603622,0.05944614550123115,0.02551388734775609
0.5134269961177083,0.31549927017508816,0.10396625165979047,0.06710748204741297
0.4475243448160459,0.31169417086561557,0.19707459322372234,0.043706891094616195
0.38640558530393376,0.31241758090961824,0.21195020987560337,0.0892266239108446
0.2925293462268675,0.28982941541292806,0.2030917514666072,0.21454948689359712
0.24185830282677107,0.2503429291903321,0.20445960923115725,0.3033391587517396
0.898726766448523,0.08460855114258144,0.015156727484576473,0.0015079549243190435
0.5031510935344979,0.3682515644607441,0.06981363190550723,0.05878371009925074
0.30239110417888054,0.2683546571323888,0.2940402333514778,0.13521400533725303
0.6890260699047895,0.18159971621513413,0.10920377318009872,0.020170440699977723
0.23432478986566396,0.31003221480412474,0.26456130349050067,0.19108169183971072
0.002417977655062593,0.02141173080792841,0.04146015837168832,0.9347101331653206
0.9056382413531876,0.06652150338988279,0.022784198803135952,0.005056056453793682
0.10142434744325228,0.2686306826789091,0.471418276900587,0.15852669297725167
0.0032920950066863287,0.028758093773141775,0.7506243292516583,0.2173254819685135
0.016985584029313824,0.047735271491407126,0.27976907314839944,0.6555100713308796
0.001472066013221567,0.014998185871655691,0.13484454966776427,0.8486851984473585
2.59048158476141E-06,0.0011596877193596055,0.007693446544737192,0.9911442752543185
0.12400589472922066,0.19038371172052015,0.21951462409371786,0.46609576945654135
0.07650856105155622,0.20728975224747515,0.274935032021142,0.44126665467982656
0.005820441200741981,0.05610711745010161,0.4998070743936211,0.4382653669555353
0.00018000265563478945,0.015526712140919245,0.2683787861054103,0.7159144990980356
6.857762844955821E-05,0.010180222200223176,0.1122023241212047,0.8775488760501226
7.63124075870776E-15,2.743816729325355E-06,0.000186795226590331,0.9998104609566727
0.23166015719483282,0.2278434801971623,0.2507337377591585,0.2897626248488465
0.04933040174788927,0.17944120081141823,0.4089698627071635,0.362258534733529
0.004553192743906017,0.0464520226784228,0.5413055591469788,0.4076892254306924
0.027917728994205217,0.10828148809265087,0.2975807889715654,0.5662199939415785
0.017937877187556843,0.08561131169580373,0.37637988060684147,0.5200709305097978
0.002304695989884212,0.0326194315141859,0.09761589004842493,0.8674599824475049
0.3734752253721122,0.25171283565652397,0.22267691435466352,0.15213502461670028
0.11676983619726691,0.2666109913363072,0.3057122260104156,0.31090694645601036
0.2776561294490454,0.23758563049621922,0.34755369309778494,0.1372045469569505
0.2532898624097146,0.26906003692465574,0.32732193535692516,0.15032816530870452
0.037929130757193084,0.13452473768684517,0.40132738426583914,0.4262187472901226
0.038003543538387995,0.10866822931708882,0.2550634598068405,0.5982647673376826
0.562644776992667,0.21562389475788532,0.16072505550677524,0.06100627274267247
0.12302278198390974,0.2711786405796546,0.3035206271560479,0.30227795028038784
0.3212417644372024,0.2341508232626576,0.3241277211859092,0.1204796911142307
0.26551574324608795,0.29824114579534855,0.2622490251614698,0.17399408579709366
0.2136027488274981,0.25763288925964695,0.26188597272080505,0.26687838919205
0.22160819304805945,0.22515072977393924,0.14668912696816686,0.4065519502098343
0.8470845867769231,0.1158290361711009,0.033486436301398116,0.0035999407505778297
0.361349671894068,0.38706027863487574,0.16233041336228768,0.08925963610876851
0.19829418772559945,0.24179113322292695,0.46536275331534377,0.09455192573612979
0.09692742660148826,0.1610510170593852,0.427975195331931,0.31404636100719563
0.12873417031425913,0.17239781337977517,0.3747610850568254,0.32410693124914025
0.07946873886774149,0.12627116180547687,0.15949651381334937,0.6347635855134323
0.6284899698350637,0.19204463037584765,0.09849821091753122,0.08096718887155749
0.5162417609332485,0.30904522954922065,0.1280305250891142,0.04668248442841684
0.2296908278632634,0.3102836357888903,0.3903164538806745,0.06970908246717189
0.12416494147591643,0.21161367959860464,0.42627157645137936,0.23794980247409955
0.07448034590939799,0.13048656451155766,0.2500691323250259,0.5449639572540185
0.04385797571424983,0.09983158966289163,0.1460318710515704,0.7102785635712882
0.704869049998125,0.1818843889275578,0.08632826411909297,0.026918296955224158
0.5817287263671612,0.3135273814534112,0.07474330356509687,0.0300005886143308
0.17269645830501673,0.25812969965828547,0.430470135670676,0.13870370636602183
0.06226900045907171,0.1258701465402869,0.5024390827826742,0.30942177021796724
0.02530242454978692,0.08717257833684587,0.2875176222031837,0.6000073749101834
0.012202337503894883,0.05508506281205172,0.11911658214579138,0.8135960175382619
0.8134825272820894,0.12523425231565521,0.047155022160136624,0.01412819824211873
0.2620396940366497,0.369866248154164,0.2545824149385634,0.11351164287062294
0.05668761565656551,0.14972469195247096,0.6065713720700406,0.18701632032092283
0.061181695623092947,0.1429827829015959,0.3174097985637067,0.4784257229116045
0.09627911929033799,0.1510098574421513,0.2725371879417844,0.4801738353257262
0.04550744861553421,0.11565217951924331,0.14147792637540044,0.697362445489822
0.7477304862990051,0.15605542686185028,0.0836892421485028,0.01252484469064189
0.22685665591228796,0.375425369145528,0.2159123459260528,0.1818056290161313
0.07956139169852931,0.16148159824073366,0.5542830600125764,0.20467395004816055
0.01825163597320543,0.0763664209192467,0.2698381719634596,0.6355437711440883
0.07486851442919357,0.13891596019655247,0.3792178555437058,0.406997669830548
0.02351219117554992,0.08083254996841101,0.17763079842757365,0.7180244604284653
0.48181976262446335,0.20841960384339694,0.18446447254004214,0.12529616099209762
0.13615696016607004,0.25802928924356544,0.37542871721426496,0.2303850333760994
0.06732578182158755,0.15842626444476243,0.5183498174014872,0.25589813633216274
0.07916895129506246,0.16094061563095083,0.3213872644432011,0.4385031686307856
0.13704392737099622,0.1872084062339809,0.2737211931855644,0.40202647320945845
0.05194984741923277,0.1333653568480291,0.2108035650944442,0.6038812306382939
0.5028070295634751,0.229627938811489,0.19723384609439681,0.07033118553063906
0.2940620256114698,0.34870741612085376,0.21414481027418936,0.143085747993487
0.10479888269418638,0.1927717922191066,0.4762820881802894,0.22614723690641764
0.06067089292456755,0.12498161920675266,0.3450496350527593,0.46929785281592046
0.06681295089734596,0.1342981459942568,0.41342819909297646,0.38546070401542065
0.00642878347649672,0.043884112315782334,0.13733299626252138,0.8123541079451996
0.4842320940172434,0.19444676555224008,0.17950827843942882,0.14181286199108775
0.12727687512379668,0.2509260437434323,0.3727201188406682,0.24907696229210288
0.0313528147748573,0.10815467819881368,0.6007346903454176,0.25975781668091147
0.08377938281800268,0.1515316255111544,0.31457252740991626,0.4501164642609266
0.05932300622641685,0.13963636281049133,0.2766892385760982,0.5243513923869937
0.020375809237790844,0.08159887526804048,0.16882419453969902,0.7292011209544697
0.5208940246419307,0.23946388177016154,0.16589232300413284,0.07374977058377495
0.2593349384145776,0.36765882496467905,0.20996296496473596,0.16304327165600743
0.0805034565246296,0.17689513532153053,0.44980557853599323,0.29279582961784667
0.17158841149127646,0.18662307948841053,0.4155402563700926,0.22624825265022042
0.041445537352426516,0.13016773988671235,0.44986470229674197,0.3785220204641193
0.0006738242471832408,0.019557734258542642,0.11125494645402843,0.8685134950402457
0.6638007274897525,0.1672930031164903,0.11580987568531838,0.053096393708438876
0.11360480558634298,0.2728559472439783,0.3204485270347852,0.2930907201348935
0.03660796273046851,0.10726916370748597,0.4579633636964873,0.3981595098655581
0.1531853711234111,0.2003200765669909,0.28423669827257875,0.3622578540370192
0.11105748916665728,0.20820356391888858,0.36068330231556445,0.3200556445988897
0.02770457281105667,0.10914460607669563,0.19184284942098873,0.6713079716912589
0.5426586457308776,0.22818503255183883,0.17176492379821864,0.05739139791906502
0.19741787389081702,0.3433337335887839,0.19114840666287422,0.2680999858575249
0.17774732237422816,0.22428280831851347,0.3524946322757411,0.24547523703151725
0.2934308567987986,0.23862808457165954,0.31797888340200847,0.1499621752275334
0.13259084893771841,0.2064902036412303,0.5497500934623609,0.11116885395869029
0.0006212248646924315,0.02203661725698379,0.18898467825779328,0.7883574796205305
0.14631927382087923,0.14142372500649883,0.2832283387871892,0.4290286623854327
0.0559762190366616,0.13588508129580323,0.29265079503603775,0.5154879046314974
0.07446825011580058,0.14848877154450918,0.30491392492072206,0.47212905341896805
0.27690082132638155,0.25205278195120406,0.22520982956439348,0.24583656715802077
0.25048161943757796,0.28614455348942264,0.2571019944969273,0.20627183257607204
0.036576586056608545,0.1330714270608317,0.26507526270605164,0.5652767241765081
0.384926332986497,0.24140750780880957,0.2677452929108179,0.10592086629387566
0.2067683640921251,0.31718200632754207,0.3125654817391575,0.16348414784117543
0.1494555425702469,0.19816484332991444,0.41084500060531826,0.24153461349452038
0.036573642779329944,0.10432445837300977,0.2735069854121864,0.5855949134354739
0.051286094692240804,0.11145729786532624,0.441158329855595,0.3960982775868379
0.026924299978568354,0.09609504844988169,0.20945388269895276,0.6675267688725972
