0.2909553922223441,0.24866383629191252,0.18900037075632325,0.27138040072942005
0.2981503730956396,0.26106249943694,0.18582221557850503,0.2549649118889154
0.2949905143864031,0.26031076979537315,0.19042588437813585,0.25427283144008794
0.2803753301195784,0.23804307016968138,0.19346832310464093,0.2881132766060993
0.2909964629832617,0.2418039345080819,0.18561824647218425,0.2815813560364721
0.2958941188327058,0.252461434949852,0.1852149688944131,0.2664294773230292
0.29040807425451975,0.2495134090174823,0.18880078704552816,0.27127772968246977
0.2967664881202538,0.25665109526424584,0.18766306065725835,0.25891935595824206
0.3004041940232072,0.26833268556902523,0.18873143573844164,0.24253168466932593
0.2803185050389331,0.24176445869609706,0.19595995682721074,0.2819570794377592
0.29299268567428605,0.24744544323137044,0.1863655341348729,0.2731963369594706
0.30190231350181845,0.2646880143273667,0.1860150712641101,0.24739460090670473
0.29410925589553705,0.2621151869090662,0.1923283321997425,0.25144722499565414
0.2930565389312588,0.25827156165914483,0.19250459083315288,0.2561673085764434
0.2933414877774201,0.2570092964397236,0.19177342397343067,0.2578757918094257
0.278224456581966,0.2334685813041167,0.19356380951475372,0.2947431525991637
0.29430586852157287,0.2450726644749347,0.18333533036718414,0.27728613663630836
0.292413378001715,0.24882735404168368,0.18621978912875853,0.2725394788278428
0.29344750939869535,0.2528073957352868,0.1863018711855067,0.26744322368051116
0.2979935951001612,0.2615598709622278,0.18650348959526958,0.2539430443423415
0.29275399643252875,0.2594341492421744,0.18918961449448565,0.2586222398308111
0.2771076611228746,0.2320365831296215,0.1918163231153101,0.2990394326321936
0.2994576330736277,0.2509550217721088,0.18137797452207866,0.26820937063218475
0.2973897361126625,0.2596082076020333,0.18734896852356395,0.2556530877617402
0.2802781913000602,0.2366216075573255,0.1937165818159585,0.28938361932665563
0.29458222471336454,0.2458896055481636,0.18578331904857848,0.27374485068989335
0.3039786047741039,0.26801080501302127,0.18576921689832754,0.24224137331454731
0.27486790330605365,0.23379375374123706,0.19665134391835679,0.29468699903435247
0.29243846187033895,0.24135717263830955,0.18447667768096898,0.2817276878103825
0.29667714552526747,0.2522065426052336,0.18632759818488326,0.26478871368461565
0.2909799869052552,0.25049943617145976,0.1900338907677001,0.26848668615558496
0.2905871300018305,0.24747163580382095,0.1901938361129225,0.27174739808142606
0.29998622876430897,0.26137422445206177,0.187855984746487,0.2507835620371423
0.2872201501124174,0.24825956781809266,0.19487078093509003,0.26964950113439984
0.29000489496850046,0.2458713394369724,0.19111632543059517,0.27300744016393197
0.29292461054476,0.2492492190429393,0.1897614685817341,0.2680647018305667
0.29865197069076177,0.26022775535229326,0.189409595156866,0.25171067880007886
0.30261938914940867,0.27383733505279206,0.19096323402594742,0.23258004177185196
0.2880993947165388,0.2560697454393484,0.19859445615699245,0.2572364036871205
0.27105070863016556,0.2219772605588526,0.1966098060627297,0.3103622247482521
0.2971465616896418,0.2417780961595071,0.1821881489265874,0.27888719322426364
0.29374525303840404,0.24967270514539017,0.1870345182385252,0.2695475235776806
0.29304625716918753,0.2519698790346322,0.18854280609334473,0.26644105770283555
0.30099472426905416,0.2647860738150981,0.1884023066140806,0.24581689530176712
0.29976300993148824,0.27223311388280336,0.19175932168163853,0.23624455450406992
0.2747920907923134,0.23507288040784027,0.19871373826446154,0.2914212905353847
0.29183165770719666,0.24160222364966738,0.18563139814764368,0.28093472049549234
0.3022484771147666,0.26115314562105646,0.18565093074510544,0.2509474465190714
0.29164785208674554,0.2553949792682756,0.19378327720821867,0.25917389143676006
0.29030041015287744,0.24989715961077713,0.19320300043261293,0.2665994298037323
0.29793477329268253,0.2598868474628215,0.18990596599126455,0.2522724132532314
0.276051514504831,0.23168115575944376,0.1956809062492853,0.2965864234864398
0.28783277181508643,0.23414989912515688,0.18485738213575345,0.2931599469240032
0.2996583919286027,0.25290045278838397,0.1832505665718753,0.26419058871113804
0.29963599294291937,0.26518636724173617,0.1876731551892186,0.24750448462612595
0.29551151897658484,0.26385296832251204,0.19229586833340567,0.24833964436749748
0.2920147296549244,0.2574728662181085,0.19369531559160233,0.2568170885353649
0.27897506862190374,0.23383825661169164,0.19491240653195963,0.292274268234445
0.29345637514919565,0.24305562917682785,0.18589192533102866,0.2775960703429479
0.2990239356583357,0.2575894655214168,0.18698983925035642,0.25639675956989116
0.2916244172925876,0.2532280634812784,0.1928515804912118,0.26229593873492235
0.2958572628715075,0.2576914709826627,0.19137393475535608,0.2550773313904736
0.29588828941541695,0.2613265920562775,0.19210131169182035,0.2506838068364853
0.2695888617747151,0.22286396505891512,0.19658623684092452,0.3109609363254453
0.30072943904057625,0.24775490671231193,0.18027794917186055,0.27123770507525136
0.3058308489369784,0.2721745572802365,0.1853962147147201,0.2365983790680649
0.292906988274312,0.26416023649670833,0.19462424913332615,0.24830852609565365
0.29435548563756686,0.26062789513270684,0.19376755295068784,0.2512490662790384
0.29548510429631203,0.26205382213595585,0.19294500858021113,0.24951606498752107
0.27334133526664794,0.22844503293973165,0.19674144617991066,0.30147218561370975
0.3021267792448035,0.25336431513805413,0.1820578920493511,0.26245101356779127
0.300655579666026,0.2669347752004249,0.18848029737568603,0.2439293477578631
0.28531206863917963,0.24858942863047237,0.1954468295367347,0.2706516731936132
0.2951027900386038,0.25451365522102537,0.18869997872619568,0.26168357601417513
0.2960552388065976,0.2612533949886489,0.18838793552278318,0.2543034306819703
0.27042331959458676,0.22423261479677634,0.1933060810618749,0.31203798454676207
0.29990666126200277,0.24674239980680915,0.1787891664102556,0.2745617725209325
0.30034923126893087,0.26220090759018116,0.18522966842922778,0.2522201927116602
0.2869577894251047,0.24941735595457123,0.19194183059798114,0.271683024022343
0.2918603686052138,0.24895099226740763,0.1884458826370336,0.27074275649034507
0.301194891636169,0.26502555970212244,0.186325743722392,0.24745380493931646
0.2796938442540446,0.23893025008805038,0.19509926902231498,0.28627663663559016
0.29933098092616695,0.25529223989549793,0.1846802697266814,0.26069650945165385
0.29429654236414565,0.2563870091666219,0.1907297108043053,0.2585867376649272
0.29102390844560155,0.25233881209293946,0.19184980934519102,0.26478747011626796
0.3024183303860828,0.26870287818748567,0.18806007867217847,0.24081871275425312
0.2909422303001362,0.25926567382030014,0.1946491624379586,0.2551429334416051
0.2704239068027432,0.22246585651983938,0.19547841057135157,0.3116318261060658
0.3038510270791206,0.2519027191118582,0.17981431048897017,0.26443194332005104
0.29251363342951553,0.253998209250392,0.18892062572443344,0.264567531595659
0.2876304291303308,0.24638480164287918,0.18923708723677815,0.27674768199001176
0.2977928119727059,0.2559948388670506,0.18644596504416466,0.259766384116079
0.29822868391063806,0.2651682019258329,0.18841856042299004,0.248184553740539
0.27208207196851836,0.22731704406547673,0.19576873502874875,0.30483214893725613
0.2960736935262811,0.24355661206140114,0.18152296005837149,0.27884673435394636
0.3092056460132524,0.27468693616890055,0.1830021072916305,0.23310531052621644
0.2907273937351312,0.2614348502988929,0.19598160488849745,0.2518561510774785
0.29248627920123377,0.2567335728842934,0.19326912317354147,0.2575110247409314
0.28548735209671694,0.24304229550385067,0.1942518974472341,0.27721845495219827
0.2785895727899543,0.22736166144879458,0.1903072357149981,0.303741530046253
0.2955642902786911,0.24252437249854528,0.1823959157946689,0.2795154214280947
0.2945437063872032,0.25055586118450707,0.1864382787390986,0.2684621536891912
0.2994369208295279,0.26235836873080365,0.18756803825885357,0.2506366721808149
0.2916494460724095,0.25609934979973253,0.1930257370651952,0.2592254670626627
0.28592729867315775,0.24517731755067598,0.19175805063254123,0.277137333143625
0.28518822311728875,0.23653222547278846,0.1890020304750927,0.2892775209348301
0.3060681082899926,0.26461039093611094,0.1828344773769938,0.24648702339690282
0.29158489944721644,0.25684963231451263,0.19444134257104242,0.25712412566722853
0.28590623639164464,0.2432963709101768,0.1948507614910835,0.2759466312070951
0.3024198809422087,0.2630070268788718,0.18784870133046355,0.24672439084845596
0.2877768313700708,0.25115993648467244,0.1955196441819267,0.2655435879633299
0.2736586213710728,0.22360893604702275,0.19363528548861111,0.3090971570932935
0.2983904332406245,0.24371937087000717,0.18209701729890151,0.2757931785904669
0.29992781406795177,0.2602375324585365,0.18674696907957203,0.2530876843939398
0.2928627015590362,0.25785906121528035,0.19184066602872163,0.25743757119696176
0.29056507121461034,0.2514421195198669,0.1924501387053592,0.2655426705601637
0.2950442686857414,0.2556150049718834,0.19037474831096352,0.25896597803141175
0.28626257919208115,0.24401764489359354,0.19348591095985393,0.2762338649544713
0.295557696939043,0.2524616867761578,0.18838954349977252,0.2635910727850266
0.29252080006549497,0.2517007080900674,0.1917290910584816,0.2640494007859561
0.2924288267789204,0.25118005660768294,0.19217155590198537,0.26421956071141117
0.3068524646681762,0.27583941266573664,0.1881053532922444,0.2292027693738428
0.2797941668004135,0.2442359959816015,0.2006303986680779,0.27533943854990706
0.2650376655337445,0.20877070557686772,0.19249369727672527,0.33369793161266254
0.31340840925068514,0.25664882318445076,0.17484817510166822,0.2550945924631958
0.30014272314582635,0.2704660373187917,0.18906119257231438,0.24033004696306776
0.27470489472261,0.23353224169058456,0.1973767272611133,0.2943861363256921
0.30721649603584267,0.2628076836459332,0.18320620015633599,0.2467696201618881
0.30395070712517785,0.2792355552282412,0.19064002945061145,0.22617370819596946
0.26831590684727763,0.22834729107000415,0.201849754576698,0.3014870475060202
0.3026054323255943,0.2531836365143506,0.18297578628301145,0.26123514487704363
0.316368632493532,0.29485068543528475,0.18467627860868868,0.2041044034624946
0.2995821916787641,0.28787282532348824,0.19946638195618854,0.21307860104155923
0.29803907427199683,0.28240925736173955,0.19845972891396335,0.22109193945230024
0.2920088981862933,0.2677902142778971,0.1992463111222146,0.24095457641359502
0.2676262977545537,0.22299202113682726,0.1993586770839003,0.3100230040247187
0.2993407781899037,0.24805305021511775,0.1792805900005498,0.2733255815944287
0.3047915076443954,0.27422687501805315,0.18098967973914976,0.2399919375984017
0.28059622721396715,0.24968438999719253,0.18851589525275042,0.28120348753609
0.2927791386331772,0.2542784428697568,0.1776774044091372,0.27526501408792886
0.28743243105537397,0.2512598289688783,0.17631307737635582,0.284994662599392
0.26732177108326094,0.22290053662316062,0.17090933103867056,0.33886836125490777
0.2969645636368235,0.2406771420347579,0.16139879394169196,0.30095950038672653
0.2983358709258742,0.253622386670086,0.17217913730411144,0.2758626050999284
0.2920493330523407,0.25345600976823623,0.17927458689153977,0.2752200702878834
0.297472996550306,0.26069592074144016,0.1802750286172783,0.2615560540909756
0.2844139313007585,0.2466720990277377,0.18447954600892058,0.28443442366258326
0.27644171957938257,0.22363467244097326,0.18376138077852336,0.31616222720112086
0.3025740260380634,0.2506982603523742,0.17522872264810171,0.2714989909614608
0.28822264322783336,0.24632398616857026,0.18536348108157558,0.28008988952202096
0.2896199182158699,0.24527239681731547,0.18353710688742755,0.281570578079387
0.30333336545809975,0.26557889260326695,0.18131845342442895,0.24976928851420419
0.28285917935122834,0.2454066928094735,0.1908887441532583,0.28084538368603995
0.28382879311424747,0.23524310311476737,0.18556330375992566,0.29536480001105947
0.3076711316566322,0.2660974014011102,0.17921535390220045,0.24701611304005727
0.29067765313296534,0.2575967215156495,0.19154723244310695,0.26017839290827827
0.2878158970803396,0.2462973303912429,0.19164253793175515,0.27424423459666236
0.29817796406470987,0.2574480078563688,0.18770628986356072,0.25666773821536054
0.2881470830425584,0.24895937787309852,0.19230816342038493,0.27058537566395807
0.26934218076001987,0.21634357861604017,0.19195269589289654,0.32236154473104345
0.30380543598416765,0.24786910026459247,0.17737524535581195,0.2709502183954278
0.304664430774423,0.2712933712752441,0.18487817117680838,0.23916402677352447
0.2924745567645978,0.26425878627531535,0.1923496552624689,0.2509170016976181
0.2909201295169317,0.2550733098553766,0.19228911189699371,0.261717448730698
0.29369418677739106,0.25547249942015116,0.19044875526201782,0.26038455854044007
0.28346318350585253,0.23997973519276491,0.19266036043988446,0.2838967208614981
0.28950675819938654,0.24041655956091715,0.18753052699535194,0.28254615524434434
0.3009185761484613,0.2582684350873394,0.18588049330945355,0.2549324954547458
0.30234841070500457,0.2721146883897318,0.190183250038265,0.23535365086699855
0.2973305355670487,0.2724033572948203,0.1941506245755544,0.23611548256257664
0.27824245171619927,0.2406165981296273,0.1981077215177186,0.2830332286364549
0.2683617266175622,0.21126941124240864,0.18961730387380057,0.33075155826622854
0.3068423939645244,0.24935654709563504,0.1750538372766934,0.2687472216631473
0.30712592131114824,0.2779990920401886,0.18327509170116063,0.2315998949475027
0.2876057571174673,0.2583325524308035,0.1947462349226379,0.25931545552909135
0.29625498259148925,0.2595875960805214,0.19061047042624446,0.25354695090174484
0.2898506344764609,0.2527721849559967,0.19273130471741745,0.2646458758501249
0.2803649341752128,0.23575126029127302,0.19054593991934898,0.2933378656141653
0.3003498571634107,0.25421187092188074,0.18243263218238515,0.26300563973232327
0.3032823534433801,0.27073728472144326,0.1875897551073982,0.23839060672777837
0.2926736144472448,0.2616605681057529,0.19574162058714129,0.24992419685986103
0.2905846955230831,0.25551665258727474,0.19346923732067747,0.2604294145689648
0.2873900588803048,0.2477540077740423,0.19055526531530856,0.2743006680303443
0.2720500591918104,0.21954532730674312,0.1897867327023359,0.31861788079911063
0.3084472787001184,0.2575709190956999,0.17584032861147456,0.25814147359270706
0.3016938514631779,0.27228804098347326,0.18670249404892397,0.23931561350442498
0.28684651734515665,0.2556769067664817,0.19249476786216171,0.26498180802619997
0.28853735711331047,0.2465399948253054,0.18936522662717725,0.2755574214342069
0.29844294225377216,0.259701350212965,0.18494831615594123,0.2569073913773216
0.28610158195589236,0.2470568822090872,0.19031406076688348,0.27652747506813696
0.2948591826947009,0.25261819276096853,0.18591684565740915,0.2666057788869212
0.2996166826532806,0.2630416238446708,0.18779914122380506,0.24954255227824357
0.2918123324054212,0.25731539115692653,0.19276585388089812,0.2581064225567541
0.29296006306578765,0.2574890268980246,0.18980558661839417,0.25974532341779355
0.28788076098963283,0.24868961176518717,0.1899107848438692,0.27351884240131086
0.2737904264163608,0.22225908436703543,0.1895829036627323,0.3143675855538714
0.3026484414812148,0.250292367601248,0.17768030880035574,0.26937888211718136
0.3020634023086401,0.2692766124706039,0.1839174571109539,0.2447425281098022
0.285097387093252,0.25162280939160264,0.19072280709143363,0.2725569964237118
0.29268903153825276,0.25037043398929265,0.18660837472444414,0.27033215974801034
0.2993142560651595,0.2627862392238144,0.18574404215067591,0.2521554625603501
0.28367886602880793,0.24503845311851236,0.19167046918899344,0.2796122116636864
0.29854968019766215,0.25749956389104733,0.18450659048071547,0.2594441654305751
0.2994481465773271,0.26572377108131867,0.18891490607146671,0.2459131762698875
0.2926652759605405,0.26004639000671154,0.19326101869354265,0.2540273153392052
0.2987898063494806,0.2682683593690442,0.18963806528504157,0.2433037689964336
0.28394945826855666,0.2483586557098479,0.19397905174074467,0.27371283428085086
0.26819621594144716,0.21439578447944146,0.19026218121574612,0.32714581836336526
0.306802515355034,0.2515315618417497,0.17473288277230017,0.2669330400309161
0.2989441594533713,0.2660835320454856,0.18426146447881855,0.2507108440223246
0.27670285596082966,0.23700267678688874,0.19001596295720044,0.2962785042950811
0.3025752350542764,0.257656245291912,0.17937981363846237,0.26038870601534925
0.29804558705560186,0.26629383946934493,0.1858741207968404,0.24978645267821276
0.2784544799902408,0.2396372289471302,0.19052325917277674,0.2913850318898522
0.3043664432844823,0.2619174066576638,0.18051207338456257,0.25320407667329137
0.29907685045678156,0.2679369128266352,0.18956525268850796,0.24342098402807538
0.285524860945863,0.24876208242164527,0.19560476387849002,0.2701082927540018
0.29931462562592454,0.2617588032628297,0.18777315228883612,0.25115341882240955
0.2948133655842693,0.262918916103218,0.1907931250266718,0.2514745932858408
0.2674705805526196,0.21996385934560087,0.19530158630592295,0.31726397379585664
0.3012516273800555,0.24711641056443273,0.1777837501895182,0.2738482118659937
0.29486140890794726,0.25521461436379145,0.1851889525173231,0.2647350242109383
0.2776221764398113,0.23347069206862922,0.18786284953800766,0.3010442819535517
0.29980834671528056,0.25194468393967573,0.17876604287209752,0.26948092647294614
0.31020437326336764,0.28434974168858745,0.18036097576018156,0.2250849092878633
0.2824373402164664,0.25401467825523755,0.19460398077085297,0.2689440007574432
0.2933641371078101,0.2532820428173575,0.18690490655920677,0.2664489135156256
0.29699678828681453,0.2582521746061955,0.18872191167567381,0.25602912543131623
0.28636252442725907,0.24605409989777532,0.19295385243854046,0.27462952323642514
0.2966677739121498,0.2553894988490583,0.18758262616184257,0.2603601010769492
0.29282394343432466,0.2548993172941274,0.1906351975470794,0.26164154172446846
0.2742495744654687,0.2263723599803008,0.1930657855219057,0.3063122800323248
0.296331420991457,0.2442720181169397,0.1803442365578035,0.2790523243337999
0.3026641374507946,0.26836814490250144,0.1805036810403261,0.24846403660637775
0.2888364016883573,0.2584004385258361,0.18676032846313606,0.2660028313226704
0.2857234564405025,0.2421654555449505,0.18775808951764503,0.2843529984969019
0.2957921444966382,0.25085504677523524,0.18432296993202096,0.26902983879610565
0.2948265246463278,0.2561124470904048,0.18689636162019535,0.26216466664307214
0.2994464015265157,0.2668367007385074,0.18658207425285614,0.2471348234821209
0.2865582966484444,0.24861789660783726,0.1943701576575925,0.2704536490861258
