0.31434119889237855,0.22764066057342677,0.21563524288531552,0.24238289764887905
0.31825655204490966,0.22785978571259735,0.21447781274944824,0.23940584949304472
0.32097056961864573,0.22752740552064726,0.21330011267437993,0.2382019121863271
0.31802149263640267,0.22695043158157338,0.21391273184051976,0.24111534394150425
0.3104430504034584,0.22670232809264748,0.2163489754329144,0.24650564607097977
0.3146012250768976,0.22825994429908758,0.21612413410997924,0.24101469651403562
0.32058195345870344,0.22788471990336956,0.21360285145252636,0.23793047518540061
0.32253639436281206,0.2273559143926124,0.2126761154923776,0.23743157575219787
0.3251648538816779,0.22745188594862883,0.211937574707953,0.23544568546174022
0.3096334008815051,0.2254870020198619,0.2156202850409544,0.2492593120576786
0.31482561152258914,0.2287120152455269,0.21659017276024228,0.23987220047164173
0.3207048243702587,0.22773620106791537,0.21334396942355144,0.23821500513827462
0.323970685760987,0.2275162064414684,0.21236308462673728,0.2361500231708074
0.32331171063124337,0.22704222889575565,0.21221643972835275,0.2374296207446482
0.32509041879612144,0.22741553511757184,0.211977413277094,0.23551663280921276
0.3124176726615442,0.2258129693539349,0.21492824405631766,0.24684111392820332
0.3133748611103881,0.22809096145638372,0.21657269932489537,0.24196147810833285
0.3163442451874415,0.22766688305087576,0.21485072982191425,0.24113814193976868
0.32147663194476445,0.22789704447639902,0.2134551746966709,0.23717114888216562
0.31286898271697017,0.226246598148889,0.21504411572485663,0.24584030340928428
0.31402921591040517,0.22799071671857785,0.21622047028555233,0.24175959708546463
0.3022683147228337,0.22601467425667723,0.21840817033779236,0.2533088406826969
0.3135758118745671,0.22947445088473958,0.21750603534645516,0.23944370189423814
0.31858644516376716,0.2275139164303855,0.21378107791743287,0.24011856048841457
0.32322615298650903,0.22780379442680626,0.2128719016904619,0.23609815089622263
0.3254152962166738,0.22725949396217102,0.2116297030052507,0.2356955068159045
0.32408467208110037,0.22698331725908977,0.21197041081795545,0.23696159984185444
0.31079840849745277,0.2258865629605204,0.21559898099035513,0.24771604755167168
0.3209050476091728,0.22904499819585686,0.21471056922374618,0.23533938497122422
0.32303250961417107,0.22703837284715642,0.21203474807631076,0.23789436946236164
0.3215766937353102,0.22715080052240597,0.21299744512156318,0.23827506062072068
0.31696737679167614,0.2268434349546625,0.21420777982834474,0.2419814084253166
0.3317190941307942,0.22889334024587987,0.21088666920657412,0.22850089641675167
0.32269729447354417,0.22556141391514936,0.2111084181201172,0.24063287349118928
0.32415402507074975,0.22780514210585695,0.21283614808032053,0.2352046847430727
0.3276470525195918,0.22730770449782678,0.21088082864608673,0.2341644143364948
0.3290843469379367,0.22710481163996038,0.21042310358368332,0.23338773783841954
0.32956022441430277,0.22698646334792558,0.21018077613964928,0.23327253609812235
0.3309649682508242,0.22706637147761138,0.20979892611452117,0.23216973415704317
0.3241798878233874,0.2262649896633021,0.2114136849513241,0.23814143756198644
0.32306018194001407,0.22730352310010704,0.2126714195319737,0.23696487542790506
0.31768726978171113,0.2266680351237217,0.21380387055279915,0.24184082454176808
0.32837802151977014,0.22856910622147644,0.21178490038694253,0.23126797187181092
0.3297314167727422,0.22672605114606764,0.2097094285120914,0.23383310356909873
0.3265070890538858,0.2267469275717105,0.21110266961063096,0.23564331376377268
0.3030524043062604,0.22469207003240813,0.2173254442334992,0.25493008142783224
0.316377212270565,0.22997790619155517,0.21709581963021932,0.23654906190766048
0.32708063974146157,0.22777639123619373,0.21106276047110703,0.2340802085512377
0.33187886372411207,0.2273181811841838,0.2096653958589398,0.23113755923276424
0.3310532760760753,0.22667157680850544,0.20943551906986255,0.2328396280455568
0.33002822539390075,0.22686499443818817,0.2100088547580811,0.23309792540982996
0.3146238209177882,0.2254994924657407,0.21402448599698676,0.24585220061948435
0.3169022904622338,0.22822467909033223,0.2155168150587289,0.23935621538870497
0.3211967991871746,0.22762112472549512,0.21317546264520168,0.23800661344212853
0.32623630758318606,0.22767416552676586,0.21173367089972295,0.23435585599032507
0.31997513581837045,0.22637220950545797,0.21280040035977482,0.24085225431639662
0.32514314386173615,0.22805112544063189,0.21252774518101852,0.23427798551661352
0.31662783948050865,0.2260817800084573,0.2136070592108198,0.2436833213002142
0.31889694347365344,0.22801014090771254,0.2146360837713333,0.23845683184730063
0.3275300207281397,0.22797617078212717,0.2113886108044906,0.23310519768524263
0.33436501613145336,0.22737806168156158,0.20881109661970224,0.22944582556728269
0.33198945951266057,0.22639664227119272,0.2089406254190158,0.23267327279713093
0.3262077148113514,0.2264772335790933,0.21101073865898423,0.23630431295057094
0.3092856082043387,0.2255419954470799,0.21590258438357196,0.24926981196500933
0.31930858901793685,0.22918540942365492,0.21539054171376826,0.23611545984463997
0.32301905871187475,0.22721875406724634,0.2121405344147058,0.23762165280617312
0.3297359266532792,0.22783172878633953,0.2107867863045789,0.23164555825580235
0.32331440069282297,0.2261599142156072,0.21150174820195658,0.23902393688961318
0.32716970939434475,0.227824423273573,0.2117350041324501,0.23327086319963208
0.30993047085478576,0.22513260861428191,0.21515619963463198,0.24978072089630035
0.32018170466705564,0.22929945908124183,0.2152881009835571,0.2352307352681453
0.3299525950287425,0.22766963960904374,0.21015893875264807,0.23221882660956553
0.32978941867746864,0.2267717291875377,0.2099427430232255,0.23349610911176805
0.3183880781379186,0.2259493273915361,0.21313920892646782,0.24252338554407749
0.3159003106273869,0.22748427189452214,0.21523064351158647,0.24138477396650446
0.2986290775771977,0.22542029532943758,0.219281642043888,0.25666898504947677
0.31604872155608443,0.23037771380628655,0.21739749124218197,0.2361760733954471
0.32084157777600525,0.22715850310575164,0.21262534015140222,0.2393745789668409
0.31901308457759525,0.2271918570540311,0.21390469830340536,0.23989036006496817
0.3145202589726782,0.22693381132342083,0.21508254842253793,0.24346338128136308
0.3233134980412427,0.22849308297110632,0.21335751371027625,0.23483590527737463
0.3082720338291481,0.2253195083312211,0.21578341011954244,0.2506250477200884
0.3212276511952679,0.22958437468420959,0.21512704432339547,0.23406092979712698
0.3251934077029877,0.22704570574272717,0.21122469047685627,0.23653619607742885
0.32648415667179137,0.22730467593732837,0.21151046350129551,0.23470070388958467
0.3198627981940103,0.22641140815805152,0.2128969368927676,0.2408288567551706
0.32515109369471057,0.22805530986113262,0.21251631202680685,0.2342772844173501
0.3156991798596865,0.22598449142922195,0.2138451064190342,0.24447122229205748
0.3202776701766894,0.22829680864442461,0.21439903395999066,0.23702648721889527
0.3161716999688368,0.22664155398232189,0.21412322990236296,0.24306351614647834
0.3194096172003268,0.2279847533420576,0.21436991178926174,0.23823571766835389
0.3206578177292088,0.22729346933560796,0.21317758818985197,0.2388711247453313
0.32372472111714334,0.22760200815654394,0.21254554494627964,0.2361277257800331
0.29891676789562055,0.22434408903777206,0.21835989201369468,0.2583792510529125
0.3169272929388602,0.23070038312693772,0.21750586549219997,0.23486645844200224
0.3239012018851039,0.22723060492959518,0.2115896129013971,0.2372785802839037
0.32469301227221486,0.22729107043618585,0.21210018413586162,0.23591573315573758
0.32808116874757615,0.22741262616755678,0.2109262593156349,0.2335799457692322
0.32443559749450945,0.22660424774716753,0.2115421149379618,0.23741803982036125
0.3149646474829437,0.22638690362639166,0.2146411997923999,0.2440072490982647
0.31565780060505816,0.22781994084205834,0.2154852689374899,0.24103698961539355
0.328221389765645,0.22853446812906394,0.21160760382829782,0.23163653827699326
0.3306147154022653,0.2268436048900373,0.2095519998794855,0.23298967982821198
0.31769362925046407,0.22575909936772223,0.2132501958062882,0.24329707557552546
0.3166811352016408,0.22770708993635236,0.21515854838080342,0.24045322648120335
0.305321658721373,0.2260868685788392,0.21745654489849814,0.2511349278012896
0.32446001089461207,0.23008309701751908,0.21426156849951042,0.23119532358835843
0.3301048549684968,0.22691004258646788,0.20948302351375425,0.23350207893128103
0.3337170786793875,0.22726112205723242,0.20914639996506829,0.22987539929831186
0.3310755785607797,0.22642634824495134,0.20923493551307384,0.2332631376811952
0.321914616407737,0.22620460360841427,0.2122209582441654,0.23965982173968323
0.32128966515356777,0.2274588352855584,0.21336090655513051,0.2378905930057433
0.33004779679900764,0.2280019941677382,0.2106802661077364,0.23126994292551772
0.32689196858283437,0.2264058724975338,0.21051134577854538,0.23619081314108648
0.3213436174152735,0.22673998508010995,0.21282524605798525,0.2390911514466314
0.3232171831215632,0.22758086705798747,0.2127264171546484,0.2364755326658008
0.3286223689388494,0.22759385205597849,0.21085128161892966,0.2329324973862423
0.31454748278857225,0.2255121235986943,0.21397960405974217,0.24596078955299125
0.3239424097223002,0.22890825066274156,0.21367374324406524,0.23347559637089285
0.3321898626306885,0.22743820858646907,0.20934051090908343,0.2310314178737589
0.33522828356304923,0.2269481136141016,0.2083273951366591,0.22949620768619003
0.330343440400001,0.2262436071855884,0.20940341869077828,0.23400953372363226
0.32352572267561674,0.2264982265924327,0.21192243882537445,0.23805361190657603
0.3231367461830159,0.22733347633258386,0.21260929503544804,0.23692048244895222
0.324136070583414,0.22727163158520314,0.21211955129150253,0.2364727465398802
0.3213669403327424,0.22689966746935977,0.2127925970917445,0.23894079510615343
0.3255779448836761,0.22776032019841788,0.21208147368023236,0.23458026123767378
0.33003438270142277,0.22734167447925605,0.21018155982010844,0.23244238299921283
0.3260043486088268,0.22649720111004892,0.21096979932855706,0.2365286509525671
0.3026486253300594,0.2247850103766714,0.21759747369995835,0.2549688905933108
0.32619836791712253,0.23091520314740743,0.21443038796933073,0.2284560409661392
0.3396541593543974,0.22718115569570782,0.2064605036838638,0.2267041812660311
0.3286090624602282,0.22547145978618752,0.20947998360733683,0.23643949414624751
0.32728463835186355,0.22726246326557772,0.21134796190719332,0.23410493647536537
0.3310436961243786,0.22730111738565986,0.20986030337505215,0.2317948831149095
0.308706444260057,0.22460270865910986,0.21528494991206132,0.2514058971687717
0.3093758946729623,0.2284796965985131,0.218410778847397,0.24373362988112754
0.31384786573478934,0.22784817294194762,0.2157204999684018,0.2425834613548612
0.3155527849526061,0.22761846259473903,0.21521973750516943,0.24160901494748546
0.3030699751690253,0.22601248943677887,0.2182338770311897,0.25268365836300605
0.2790814846143103,0.2247746955549261,0.22597578406312216,0.27016803576764137
0.2571481487854008,0.22449363998278374,0.23406610163880745,0.284292109593008
0.2758674536802937,0.23104635615912084,0.2321152009996035,0.260970989160982
0.3043862593747922,0.23076373146817356,0.22060166769277134,0.24424834146426305
0.30382628306794757,0.22690426288398796,0.2182950238462244,0.25097443020184007
0.2939103462345586,0.22667376985574694,0.22210518414278738,0.2573106997669071
0.3026959930617252,0.22921065907086077,0.22087191397634537,0.24722143389106876
0.2920250261785506,0.22593687047135325,0.22172161844761007,0.260316484902486
0.307661132884958,0.230279469976026,0.2201567050017803,0.24190269213723561
0.3084985926619128,0.22704927941408168,0.21668445319268667,0.24776767473131886
0.3088460438090719,0.2278576423878549,0.2178392077698779,0.24545710603319532
0.3131793155776728,0.22803015553160214,0.2162348059295856,0.24255572296113956
0.3084953751075225,0.22688680841583722,0.2169980124291584,0.2476198040474819
0.29739833231576285,0.22647053739287315,0.22067114595171314,0.2554599843396509
0.31202057715388754,0.22984966632809786,0.21818246968324623,0.23994728683476835
0.3179210393421059,0.22757623414990302,0.21401433172795148,0.24048839478003953
0.32178742524741455,0.2277486482465832,0.2133055726629601,0.2371583538430421
0.32561230207785125,0.2274893927163277,0.2117406668030394,0.2351576384027817
0.31932495112730314,0.22644624977954117,0.2131109008553398,0.2411178982378158
0.309271973904487,0.22651821877561767,0.21668439985714047,0.24752540746275484
0.32613139355904947,0.22956042695711892,0.21322152419645385,0.23108665528737785
0.3194169705740494,0.22584834100559123,0.21229842595457962,0.24243626246577976
0.3196936189120158,0.22777579001106846,0.2142747968089116,0.2382557942680041
0.31756680627215167,0.22699246030525097,0.2139850491633822,0.24145568425921518
0.3195770424381128,0.2277143348858902,0.21404895744909766,0.2386596652268994
0.3083445042212421,0.2260463410419152,0.216427313451083,0.24918184128575976
0.3199544045840313,0.22926116276174416,0.21518286969520325,0.23560156295902135
0.3343324757413127,0.22806808205803503,0.20905614663561908,0.22854329556503328
0.33302821588909154,0.2263299042602037,0.20850797321727096,0.2321339066334338
0.3239194689138461,0.226147423342067,0.21153638905164351,0.23839671869244333
0.31687605759159193,0.22676065552508165,0.21431925043242947,0.2420440364508969
0.3108407583051287,0.22694245862363802,0.21639136287492977,0.24582542019630352
0.3129957560659327,0.22797443769986026,0.21641876822072556,0.24261103801348147
0.3159047278969498,0.227717931028272,0.21509212193582858,0.2412852191389497
0.32774239742755074,0.22850204778989808,0.2118029104668871,0.2319526443156642
0.3272391535591172,0.22662802277498953,0.21048651136857655,0.2356463122973167
0.31290511154653833,0.22578269938903908,0.21490223539146355,0.24640995367295912
0.2930171748219422,0.22553176700658426,0.22160993396576062,0.259841124205713
0.31457113803919534,0.23095275637217014,0.21822945917822803,0.2362466464104064
0.33732726754900816,0.228601849681804,0.20821169337100762,0.22585918939818017
0.3308512168044936,0.22562666561515488,0.20867009391648614,0.2348520236638654
0.31611224825755474,0.22586748142147714,0.21402401678188052,0.24399625353908758
0.3115459448475941,0.22734650901406928,0.21657213720992258,0.24453540892841408
0.30371868349934494,0.2267058333543545,0.2185403200547405,0.2510351630915602
0.32138407700385146,0.22986289053972428,0.2150205640416913,0.2337324684147329
0.31624238832985374,0.22610820367662282,0.2134959031236159,0.2441535048699076
0.3191408790112711,0.22809881854908623,0.21466642924494483,0.2380938731946979
0.3100809883226171,0.22619217244094061,0.2158533199277374,0.24787351930870485
0.31196479011858036,0.22817757137609124,0.21708323586262684,0.2427744026427017
0.29939682463005224,0.22588967273666513,0.21926435224996477,0.25544915038331784
0.31784480973051804,0.23033784356749537,0.21670662902534307,0.2351107176766435
0.3299074554825101,0.22773443359581969,0.21008834090659456,0.23226977001507565
0.32242439880582613,0.22611802086950897,0.21188873078114034,0.23956884954352456
0.31111030633202746,0.22637284736928448,0.215993531606856,0.24652331469183203
0.3124902623211548,0.228020140377515,0.21668995705030722,0.24279964025102296
0.3117353462561223,0.22733025055595346,0.21618768237034133,0.2447467208175828
0.3149409565857545,0.22796977727275405,0.2157364590387379,0.2413528071027536
0.30975772971720417,0.22679031907099614,0.21647978186124542,0.24697216935055433
0.314059057625207,0.22828753940556365,0.21634647923798278,0.24130692373124654
0.31314336148748134,0.2271973328465969,0.21557571521672397,0.24408359044919792
0.3144515789352997,0.22776035333493902,0.21577574917591288,0.24201231855384836
0.2991084706200555,0.22562441135184225,0.2192592766308251,0.256007841397277
0.3143559002407931,0.23008785880920526,0.21773400627462744,0.23782223467537417
0.32914086123793246,0.2282098656014772,0.21070554986980963,0.23194372329078067
0.3249130583134328,0.22633227885452625,0.21115563404124402,0.23759902879079686
0.3142131279696937,0.22631276455214716,0.21488457977972428,0.24458952769843473
0.314985145189138,0.22787017961573153,0.21575086125722226,0.2413938139379083
0.3094861347504815,0.2267717149109925,0.21655280389977932,0.24718934643874663
0.31354001033897455,0.22827561631560617,0.21651697421055666,0.24166739913486268
0.3091392954091996,0.2268309896167603,0.21665488097659927,0.24737483399744103
0.30972826953803967,0.2278986531269051,0.21753378076896093,0.24483929656609438
0.31261026840490763,0.22783914765837268,0.21628732487673696,0.24326325905998275
0.3072864146496101,0.22687566697592196,0.21743016882802993,0.24840774954643813
0.28987770285045344,0.2256060779520318,0.222632533855295,0.26188368534221973
0.3110853546919846,0.2310104611853305,0.21947510121133026,0.2384290829113545
0.32889748614476005,0.22840909517536762,0.21079400887750466,0.23189940980236762
0.3217332458956376,0.22603006207578888,0.21197377750358556,0.2402629145249878
0.3178086965852179,0.227201687094484,0.21439233653819909,0.240597279782099
0.3223465410311959,0.22786787005356587,0.2131433537424895,0.23664223517274882
0.3093907789862857,0.22574790045795495,0.21584305600668785,0.24901826454907144
0.31923881674892457,0.22912431305690584,0.2153726795993193,0.23626419059485035
0.3085075144503724,0.22573824313862478,0.2158854980027201,0.24986874440828277
0.3058724625523822,0.2278372972220723,0.21901469871436466,0.2472755415111809
0.3074692504634778,0.22780235524229284,0.21797015471513204,0.24675823957909743
0.31421584025617616,0.22836538053737004,0.21619817135327343,0.24122060785318034
0.29790682897977744,0.22535212238173322,0.21938870627112672,0.2573523423673626
0.31188226160867694,0.2300692632171082,0.21862376357200486,0.23942471160220996
0.3224826371860018,0.22796311348157738,0.2127033195357052,0.23685092979671551
0.3187766634164517,0.2267350928236971,0.21351759343252918,0.24097065032732187
0.32054542086044735,0.22769688555008313,0.2137285471656868,0.23802914642378267
0.33040900293750297,0.2280777321171784,0.21059139801108614,0.23092186693423244
0.3196914271843577,0.2256689332248963,0.21232310848037203,0.2423165311103739
0.30965458509399857,0.22671584323987073,0.21684300904733964,0.246786562618791
0.3018977869286983,0.2269011837485831,0.21939497196565366,0.25180605735706485
0.3039546948416052,0.22820217198771142,0.2196794123675804,0.24816372080310303
0.3115669415172841,0.22845232372267432,0.2170503176655623,0.2429304170944793
0.3164168783572566,0.2278608163887089,0.21499110081219755,0.24073120444183696
0.2981426257552033,0.2252124978180277,0.21929888453147833,0.2573459918952907
0.3141195705775302,0.2303008033530439,0.21803049206261668,0.23754913400680913
0.3292410531978856,0.2281928676848175,0.21061697225545162,0.23194910686184536
0.33234467329053674,0.22695721323467224,0.20920125278410048,0.23149686069069048
0.31152776080438055,0.22482672458443345,0.2145572226723975,0.24908829193878845
0.3097178318484531,0.22806448576534588,0.21793863291383295,0.24427904947236798
0.31282482742991197,0.22780141109885885,0.2161055702021277,0.2432681912691014
