0.35381726913134925,0.2272117713838346,0.19822874637244858,0.2207422131123677
0.3593498590187789,0.22675584889606468,0.19118266862267072,0.2227116234624857
0.35358706847850835,0.22880466432169866,0.19142397498264657,0.22618429221714645
0.35405664326102176,0.2297923610805191,0.19415648700465243,0.22199450865380663
0.35597571335066297,0.22769276176509312,0.1911920119718746,0.22513951291236942
0.3536039963574262,0.22733333796775876,0.19594940910868835,0.22311325656612666
0.35976205443004383,0.2252868115397064,0.19153383520670147,0.22341729882354822
0.35835043309899645,0.22440607766757384,0.19289350576279168,0.22434998347063798
0.35757731809329557,0.22565418911411805,0.1935319180590114,0.22323657473357497
0.35763324842899374,0.22511000375580267,0.19933922589775535,0.21791752191744831
0.35478902343315133,0.22580103905889465,0.19942681273216417,0.21998312477578996
0.35890305836369896,0.22445702229975345,0.19705537377829016,0.21958454555825743
0.3533077575010014,0.22712331770424488,0.19967188628531302,0.21989703850944065
0.3564563179856424,0.2289556757174532,0.19580934175129078,0.21877866454561376
0.34980330343893506,0.23240700136975417,0.19545069094006418,0.22233900425124647
0.35107353718945344,0.23245403423996297,0.19539409278391018,0.22107833578667344
0.35261918686587557,0.22999555953954884,0.1925271765639081,0.22485807703066735
0.35480127337051853,0.22671582879189228,0.19219959308131748,0.22628330475627179
0.35782154912397085,0.2249810248314814,0.18879914052102034,0.22839828552352734
0.35877810395955106,0.22395185245127183,0.18810038702294052,0.22916965656623658
0.353891583623493,0.22698629917093516,0.1935078133135959,0.22561430389197606
0.3565314821852917,0.22703309732965515,0.192862447504169,0.22357297298088424
0.350538100097909,0.23056793200619677,0.19037285999606618,0.22852110789982813
0.3571228771702725,0.229037632046275,0.19144618402626581,0.22239330675718683
0.3533491907134735,0.22920886958580233,0.19513768135865578,0.22230425834206835
0.35950409619023826,0.2271362888888454,0.18955092695096876,0.22380868796994752
0.3570678861316945,0.2270657580903243,0.1890573463925746,0.22680900938540663
0.3563271174126627,0.22800367680141123,0.19414731954791933,0.2215218862380068
0.35934379533849115,0.22652193118281672,0.18981416988101565,0.2243201035976763
0.3583814930562143,0.22558905364220372,0.1895696733971388,0.22645977990444316
0.36047886552821046,0.22489588722569095,0.19427203919549757,0.22035320805060102
0.36155206557705766,0.22393217073058455,0.19368056515959042,0.2208351985327674
0.35733069147446833,0.22718391973779486,0.19374230390269284,0.22174308488504388
0.36280452240596145,0.22534632099241972,0.19397593073274647,0.21787322586887248
0.3565969022980996,0.2258796998179545,0.2015992024355266,0.21592419544841931
0.36359383609277507,0.22323814886125584,0.19836213690111182,0.21480587814485735
0.35782620346620914,0.22402783333632206,0.1992593523000779,0.21888661089739095
0.3603836860867287,0.2271222301080778,0.19531697124420525,0.21717711256098826
0.3548326314558431,0.23122090701452486,0.195723469136244,0.21822299239338808
0.35449374159039027,0.23158720573138633,0.1968400867922778,0.21707896588594575
0.356725382550884,0.22866979987167874,0.19247168034735898,0.22213313723007833
0.3580736622103509,0.2252632763411593,0.19675829271130427,0.21990476873718542
0.3620927506551967,0.2233733198914837,0.19360494701179615,0.2209289824415235
0.36436684246483453,0.22130493792837197,0.18924384102360017,0.22508437858319338
0.35847296373065657,0.22448513030377118,0.19559331889208112,0.221448587073491
0.3591246916358806,0.22534834881600246,0.19943522169354205,0.21609173785457492
0.3527198082395161,0.22925287259601038,0.19834301506910748,0.21968430409536602
0.35970946356503086,0.22743891712583097,0.19388791921754384,0.21896370009159427
0.3548260693158509,0.22790519205192175,0.19964039852993465,0.2176283401022927
0.35878967280030033,0.22886592825428453,0.19327643992244561,0.21906795902296947
0.35565415480867674,0.23027228694890017,0.19153698576450695,0.22253657247791622
0.35522409000501354,0.22962078964000357,0.1949680176425903,0.22018710271239272
0.35851665177739306,0.22632820760041725,0.193676600522304,0.22147854009988577
0.36193882241305103,0.22157954872039068,0.1913758430556902,0.2251057858108681
0.36104807872911215,0.22235265894160772,0.1927177554245103,0.22388150690476968
0.3627150922951939,0.22342134890839138,0.1924728637583275,0.22139069503808714
0.35482145958832223,0.22833529520945012,0.19644634628794624,0.22039689891428127
0.3586341688145417,0.2279544391402182,0.19674010997617813,0.21667128206906197
0.35343176061060855,0.22910149427601334,0.19808428513374488,0.2193824599796331
0.36007095681475276,0.22667998213702326,0.19706736802820699,0.21618169302001694
0.35787452679329024,0.22668548627035073,0.19462791630629184,0.22081207063006716
0.36035972633084196,0.22710221422080334,0.19243154068676532,0.22010651876158935
0.357735156106429,0.22732432860684743,0.19442660538887574,0.22051390989784783
0.3565409664413997,0.2264982582008037,0.19997226136338225,0.21698851399441424
0.3608874305901583,0.22334992234907475,0.19407031355839702,0.22169233350236997
0.36153935451201935,0.2209505773385104,0.19635082565360834,0.221159242495862
0.3585075096960146,0.2243141482294877,0.19850353736364276,0.218674804710855
0.3618215758944437,0.22498835581940613,0.19508801974093073,0.21810204854521942
0.34992381492820707,0.22963948381837276,0.20341101907409542,0.21702568217932466
0.35660862305043717,0.2285881147420418,0.2006052936568602,0.21419796855066095
0.35164762276532957,0.2293041577516844,0.19871027952400036,0.22033793995898573
0.3570945195221428,0.22788097752258646,0.19509070364198403,0.2199337993132868
0.3551636600648688,0.2281994292887429,0.19495759179810754,0.2216793188482808
0.35709797319923503,0.22746920620101513,0.1915048729663963,0.22392794763335352
0.35144174158353314,0.23033291733786665,0.19175495567214626,0.22647038540645395
0.3552113395921985,0.22879833369593217,0.19364147709285545,0.2223488496190138
0.35320224850833154,0.22744817342114904,0.1890246980974521,0.23032487997306736
0.35907601556179103,0.22514013993341855,0.18831918952297566,0.22746465498181478
0.35712095025689056,0.22529278995486685,0.19387291829670636,0.2237133414915361
0.3596829818188016,0.22466488832535994,0.19227045071286022,0.22338167914297818
0.3555644261657519,0.2263793890334942,0.19418799409187545,0.22386819070887848
0.35772743708038246,0.22634647665897478,0.19605700645556812,0.21986907980507464
0.3555296690885736,0.2270719428211562,0.19745837303745295,0.2199400150528173
0.3598005110920141,0.22430045750731054,0.19751224016199662,0.21838679123867877
0.35401677459093917,0.2265678471114428,0.19920033622369002,0.2202150420739281
0.3599171057054798,0.227035343418016,0.1934942562801107,0.21955329459639353
0.34894605760725667,0.2323461196428191,0.1976763525428076,0.22103147020711655
0.3560443832377588,0.23074523192973986,0.19420176529795247,0.219008619534549
0.35333194034711063,0.22808253622939167,0.19186084230777914,0.22672468111571847
0.35483940052705315,0.2274342496730899,0.19315881812673902,0.2245675316731181
0.3596121288690312,0.22562292489906216,0.19232292848837718,0.22244201774352942
0.35726587675970795,0.22565038587639888,0.1856946219749855,0.23138911538890755
0.35739535255477156,0.22720145080011106,0.19166030547134374,0.2237428911737736
0.358164956349226,0.22480050616123845,0.1968681266535939,0.22016641083594157
0.35462308237558243,0.225753463169042,0.1980730172767786,0.2215504371785971
0.36490258368941464,0.22176013995494853,0.18994135815457358,0.22339591820106333
0.35200102159090885,0.22730552407317867,0.19958335111030057,0.2211101032256119
0.3604600516494845,0.22926444215732295,0.1921966638618131,0.21807884233137942
0.3483488995303644,0.23430130253822293,0.19387687198363027,0.22347292594778226
0.3544644240104,0.23186379606128507,0.19543523768794402,0.21823654224037106
0.3576570770005155,0.22673372426132377,0.19148568460050944,0.22412351413765128
0.3565566121326585,0.22618680157698878,0.1914637385627942,0.22579284772755842
0.366217680289215,0.22267102357918925,0.18512378938274157,0.22598750674885418
0.35824633894075175,0.22362214256001264,0.19388163986004137,0.22424987863919427
0.359616513240892,0.2253139610268657,0.19555511276176551,0.2195144129704767
0.35975291656559555,0.22461074942792303,0.194008582197277,0.22162775180920452
0.35591866278274226,0.22772596138899834,0.1960247943141212,0.2203305815141382
0.36224201833952235,0.22570752328220506,0.19558198399760313,0.21646847438066946
0.3552574857655222,0.22758185012869214,0.1995457122740345,0.21761495183175117
0.3606609932150295,0.22834213623578226,0.1917778745599035,0.2192189959892847
0.3535955161199708,0.23064135448534104,0.1968473085695006,0.21891582082518754
0.3582815571620625,0.22937803526901324,0.1957011653715351,0.2166392421973892
0.3608384727732191,0.22458770461078664,0.1896203363193262,0.2249534862966681
0.3605427839439436,0.22332912730704965,0.19298434283514065,0.22314374591386593
0.36341706772086335,0.22312210034512353,0.19403307984711668,0.21942775208689635
0.360115687645793,0.22452829645372166,0.19421949230286917,0.22113652359761612
0.3605276966963131,0.22556453825477804,0.19477059383246256,0.2191371712164462
0.3584546411246044,0.22589520921500683,0.19755020258424397,0.21809994707614477
0.3577617446724205,0.22751863793585725,0.19940320696674912,0.21531641042497307
0.3624126406617692,0.22431499380441322,0.1982617127693265,0.21501065276449108
0.3546034971311821,0.2275568326577307,0.19713023170346708,0.22070943850762006
0.3616139182944948,0.22885807396828123,0.19095163627915987,0.21857637145806408
0.35318274292632745,0.23075873199056637,0.19956120548383285,0.21649731959927335
0.35576871121076165,0.23030630531948448,0.19490763365801886,0.21901734981173507
0.3633998552356014,0.22348058728283765,0.1857808815436099,0.22733867593795115
0.3578551906780836,0.22363641336228884,0.19775363661051618,0.22075475934911143
0.36432870728551703,0.22358799800872806,0.1941563002898368,0.21792699441591812
0.3651780505479215,0.2205054438469256,0.19003655623043048,0.22427994937472231
0.3573497261690715,0.22389579132771975,0.2003893721538681,0.21836511034934064
0.3635940031712379,0.22244065420240078,0.20484293215126365,0.20912241047509766
0.3600915030334094,0.21869163685727777,0.20674496628048897,0.2144718938288238
0.36508278713431463,0.2156771771959764,0.20679306456875093,0.21244697110095798
0.35548305783999845,0.21853778956351141,0.21879591395636813,0.20718323864012203
0.35123056551208587,0.22738672868163834,0.21237603232703073,0.20900667347924506
0.3450993933779718,0.23529767684247838,0.21122016681806624,0.2083827629614835
0.33823606550272184,0.23619899120461094,0.21739409573083596,0.2081708475618311
0.3375877429419629,0.23831371980426969,0.20473206111580872,0.21936647613795873
0.3445578572714897,0.23534745544711994,0.19301262985722364,0.2270820574241669
0.3387822671137308,0.24016237799728707,0.187976397957004,0.2330789569319782
0.3470048461434231,0.23235282091524107,0.1818380863434458,0.23880424659788999
0.3389258865600452,0.2310721491009286,0.18605131118401363,0.24395065315501255
0.3416523038484356,0.23273521583654488,0.18636470972965108,0.23924777058536856
0.3443118291060763,0.22648520370255384,0.18499405684870257,0.24420891034266737
0.34679888233175266,0.22740793118391767,0.18410064748095506,0.24169253900337467
0.3524137958978263,0.22744896674225795,0.18175922743984477,0.23837800992007108
0.34462870552133834,0.23013859578333548,0.1895165521283846,0.23571614656694162
0.34424526991762533,0.23609538573841307,0.18658800980482948,0.23307133453913215
0.3482817751823479,0.2333856838703182,0.1849008563261658,0.2334316846211682
0.3450473379999305,0.23121313766936966,0.18830076892791014,0.23543875540278966
0.35505760627716865,0.22724606498716682,0.18406227562732927,0.23363405310833524
0.35344371522194185,0.22657683550088192,0.186585934111321,0.23339351516585527
0.3577467758472075,0.22438106154720883,0.18468101633122302,0.23319114627436072
0.35367095795941333,0.22601082537917896,0.1916356974505448,0.2286825192108629
0.35816314066146665,0.22450439711888873,0.19321950020376877,0.22411296201587586
0.3520886964549309,0.2266396050669187,0.19159789782385495,0.22967380065429543
0.35743696495404875,0.2271789949432196,0.1949657051665762,0.22041833493615534
0.35372999999155624,0.22904301354015744,0.19350608891861626,0.2237208975496699
0.350730820075343,0.2341537202878449,0.18912716528968548,0.2259882943471267
0.35456191427977213,0.23256039665593892,0.19101747730972557,0.2218602117545635
0.35267249134525835,0.22949533786392232,0.19711292461712204,0.22071924617369726
0.36033742624603293,0.2229144844042607,0.1891398355786256,0.22760825377108068
0.3637504955279489,0.2192008435384051,0.18890236843634203,0.22814629249730392
0.3590135818593106,0.2226912565338773,0.19678132848455268,0.22151383312225947
0.3612654973529432,0.22419069885947607,0.19116605366178765,0.22337775012579297
0.3521029911467677,0.2294746297033195,0.196971643815075,0.22145073533483772
0.35650061114787407,0.2289861680755546,0.19793458433493916,0.2165786364416321
0.35352787290321264,0.2280173971760574,0.20246226342655035,0.2159924664941796
0.3614788062548405,0.22366295846770667,0.19670848346318492,0.21814975181426785
0.35661025295465903,0.2252180760821387,0.1950113645334043,0.22316030642979795
0.35594107473314246,0.23038380007958414,0.19218006156591566,0.22149506362135774
0.35277091318301196,0.2324483623283176,0.19552210797594088,0.21925861651272954
0.3506853696118052,0.23063531491136832,0.19678354466906897,0.22189577080775746
0.35934781160701784,0.22314646035698588,0.19073568906121158,0.22677003897478468
0.35816276446620504,0.22213103629656872,0.19382150454578861,0.22588469469143757
0.35971146892357514,0.22540606285761172,0.1921228203017427,0.22275964791707037
0.36174295120092465,0.22344045850142608,0.1911671112939758,0.2236494790036735
0.3496216486797479,0.2273442889391912,0.20207863494332834,0.2209554274377325
0.3585160412452425,0.2264236778846007,0.20094133607869186,0.2141189447914649
0.3510389779126859,0.22790996114954123,0.19856758508427147,0.2224834758535013
0.3587710356980015,0.22692199708733402,0.19509821193463886,0.21920875528002576
0.3558767922477833,0.22711059499457317,0.19432288505789524,0.22268972769974837
0.3505648239843375,0.23143039551995453,0.197732738345109,0.2202720421505991
0.35260364959827906,0.23237388238460546,0.19306431245015046,0.22195815556696508
0.3499518216923197,0.2297854545003151,0.1973856578201664,0.2228770659871988
0.35680490020755046,0.22449647211521462,0.18840808960143324,0.23029053807580163
0.3585033228586627,0.22298483870023914,0.18899401423599263,0.22951782420510558
0.3556086586967998,0.22558019190696738,0.19597647362673676,0.222834675769496
0.35900504356052076,0.22390472373432924,0.19107924264882192,0.22601099005632802
0.3500104037812708,0.2273616137919018,0.19889055149404042,0.22373743093278686
0.3566375531536241,0.2269175914742825,0.19664780925253617,0.2197970461195571
0.3499566420609944,0.22903384756103903,0.1997592669888748,0.22125024338909188
0.3587172567557785,0.22635508341852695,0.1935904370636734,0.22133722276202109
0.34983172161332354,0.22862417539879157,0.19794874229291443,0.22359536069497063
0.35217377800316135,0.2323107167485801,0.19256820892060594,0.22294729632765253
0.34938714941706606,0.23377987539532546,0.1921683576930181,0.22466461749459035
0.35017774897810183,0.23115043130303317,0.19322878930107124,0.22544303041779376
0.35668525848105126,0.22465135652772686,0.1870453837079787,0.23161800128324306
0.35603020280561126,0.22340916905053831,0.19078944415631507,0.22977118398753538
0.3568587429480612,0.2254053038799027,0.19214283851421238,0.22559311465782375
0.35942542883239104,0.22326242099026342,0.19061953755580968,0.226692612621536
0.3522935776224225,0.22531593167592776,0.19800053207812737,0.2243899586235224
0.35623849347104686,0.22584965227085388,0.1990830829587841,0.21882877129931508
0.3533238095459282,0.22630848822906396,0.20106440555029842,0.2193032966747095
0.35665935684342304,0.22513392497336687,0.1991912379629313,0.21901548022027875
0.351119658085415,0.2283962866530013,0.19931595251957698,0.2211681027420066
0.3502735140952087,0.23343550355872306,0.19423548310977093,0.2220554992362973
0.3455502846503946,0.23711099766473653,0.1963015872666471,0.2210371304182218
0.3469145857443669,0.23516308541029704,0.1917854870559953,0.22613684178934063
0.3518712721664371,0.22837203315932691,0.18520549601668493,0.23455119865755106
0.35481871378825736,0.22550915356734946,0.18756888785556058,0.2321032447888326
0.35555403085703957,0.2259561584041679,0.18896620230096298,0.22952360843782957
0.3617750447337309,0.21992575232390013,0.1859544879929926,0.23234471494937636
0.35283931495835114,0.22256826966143609,0.19543407245816272,0.22915834292205003
0.35817980341400296,0.22448351985498785,0.19779628591414766,0.21954039081686152
0.351574753816904,0.2267544078549928,0.1967608586456458,0.2249099796824574
0.35507701156499805,0.22765416457711582,0.19918500958969595,0.21808381426819015
0.3523913063401209,0.22817644541521728,0.20132409223874043,0.21810815600592146
0.3486194218878078,0.2328478890860685,0.19790935715693034,0.22062333186919322
0.3492871448312927,0.23599192074341135,0.1923076304686751,0.22241330395662082
0.3469589742005151,0.23520376047134572,0.19364763129588466,0.22418963403225456
0.3498570054556307,0.23220055409487908,0.18390184284276642,0.23404059760672372
0.35604395926670945,0.22662154687193262,0.1848553536894096,0.23247914017194843
0.35454225515263044,0.22433572347970038,0.19395479541461955,0.22716722595304964
0.3646207607264503,0.2166538857458694,0.18536991838496222,0.23335543514271806
0.35711086646382373,0.21912024924206122,0.19333009876216212,0.23043878553195296
0.3579071213899454,0.22357716662073787,0.1971330993364006,0.22138261265291617
0.3516836198667762,0.2283293905800878,0.19987969062520264,0.22010729892793332
0.3514886562453511,0.2309148890670622,0.19855532805551854,0.2190411266320682
0.34723507491282013,0.23300654696404077,0.20208727758560605,0.21767110053753297
0.3502393724733886,0.23532287868349647,0.1936771862025258,0.22076056264058905
0.34787411035708954,0.237087185140911,0.18975014667617465,0.22528855782582477
0.35461904984097076,0.22992208498613056,0.1930810840093174,0.22237778116358137
0.3541076939703151,0.2229908741696987,0.19035724089039713,0.23254419096958917
0.3574857064927315,0.22272385213984458,0.18655517131343455,0.2332352700539895
0.3575469920943611,0.22495550547748477,0.18716430017705885,0.23033320225109538
0.35711665126714665,0.22452822222397195,0.19291139174729552,0.22544373476158586
0.35451531849210954,0.22436860160146038,0.19389847543985714,0.22721760446657285
0.35590494840689474,0.2250744094714302,0.19826526312335574,0.2207553789983193
0.35247525921885664,0.22801482286977098,0.2007179479917589,0.21879196991961358
