0.35890006747171393,0.21747967958232978,0.2499330624845141,0.17368719046144226
0.2887303247909522,0.23372547610545177,0.21905378749688764,0.2584904116067083
0.2691903684034783,0.23412034297735926,0.22662227877243998,0.2700670098467224
0.32211267316998915,0.23399815398001828,0.23935453863433345,0.20453463421565918
0.34885972812677224,0.24089264650998893,0.23816167508293723,0.17208595028030182
0.2841981315466888,0.23916263626723508,0.22038981327503898,0.2562494189110372
0.23858983527146968,0.21841575543869277,0.2093969095228299,0.33359749976700775
0.30650326996694266,0.23313801508020932,0.23962000748872694,0.2207387074641211
0.3106770209659321,0.23901695357819658,0.234323540188811,0.21598248526706032
0.3712184824274311,0.24005237259974616,0.24327705118358867,0.14545209378923424
0.35782548763889466,0.24572514625961678,0.23010633761651203,0.16634302848497656
0.2033357390823494,0.22213572214782504,0.1932702320006393,0.38125830676918615
0.3408853830212298,0.22458077142385513,0.24071922007936858,0.1938146254755465
0.326072789140798,0.2431949890254431,0.23016551131920177,0.20056671051455707
0.33680528257828096,0.24384656714009234,0.23277316349074595,0.1865749867908807
0.3492464028203764,0.24291021389091147,0.23469620849653966,0.17314717479217245
0.35293265527892836,0.24080830273768528,0.22728756566135605,0.17897147632203025
0.19084004918608388,0.2127236207240933,0.1876537914668472,0.4087825386229756
0.27702198799463706,0.21194877432445972,0.22955425783796216,0.28147497984294095
0.2932200295936833,0.2327117807580386,0.2382110942916101,0.23585709535666793
0.32331009961823093,0.23430678766887056,0.23837828064345376,0.2040048320694447
0.28049799077597803,0.23278334448852842,0.22856250068713188,0.25815616404836156
0.2996212156760304,0.23345351203609924,0.2313731052292437,0.2355521670586267
0.17798153261925673,0.20137949440355032,0.18551699890349613,0.4351219740736968
0.35105020243459617,0.2177968502985486,0.24350128500984025,0.18765166225701507
0.29252087289564316,0.2423878108399504,0.22547642954365846,0.23961488672074804
0.349499825177372,0.24019938019682036,0.23927884645368802,0.17102194817211971
0.3772612978118791,0.24164641988927196,0.235130172318384,0.1459621099804648
0.3292831129489112,0.24663569712656813,0.2245659332818113,0.1995152566427094
0.22427070390403409,0.23404539353913717,0.2109759431057467,0.33070795945108195
0.3909894681354504,0.22505582735966143,0.24416506504016303,0.13978963946472517
0.350445720236914,0.24977145921284616,0.23151445470641355,0.16826836584382643
0.3039071840518024,0.24733647779351886,0.22406420403488303,0.22469213411979572
0.33481334497035325,0.24542630561728274,0.24035398710503889,0.17940636230732498
0.43776546434577135,0.23567683071805268,0.23348044029739673,0.09307726463877923
0.2819441891099618,0.24993505304098565,0.21111228910490762,0.2570084687441449
0.39308647602392666,0.23784111955740564,0.2368548833136601,0.1322175211050077
0.3671187819467326,0.25080671025693063,0.2273447803210216,0.15472972747531513
0.3819208689924776,0.24761654348492332,0.22943012915587366,0.14103245836672543
0.38950269776449503,0.24959198623834744,0.2325468722478499,0.1283584437493078
0.39285789255518394,0.24711958964292138,0.2280672308403774,0.1319552869615173
0.33197120055585133,0.24943656068584336,0.22281316243759272,0.19577907632071248
0.3330777169089595,0.23895427770211627,0.2209477717706566,0.20702023361826774
0.26931941554019595,0.2475608980851448,0.2261522163519609,0.2569674700226984
0.3947722041811649,0.2369464327373461,0.24804769037955007,0.12023367270193891
0.4059598749259535,0.24456213235343732,0.23904988508018807,0.11042810764042119
0.3572554871366343,0.24997559322962104,0.22501016092286402,0.1677587587108807
0.16724125409232452,0.20930053590351966,0.17360688665633528,0.4498513233478206
0.3886362489572359,0.2174085438872085,0.2433799781547864,0.15057522900076917
0.36662134531918894,0.24687794161389873,0.2272195639843902,0.15928114908252206
0.39446015357617176,0.2457667026843279,0.23078409510001496,0.12898904863948557
0.39471613300273695,0.24668237528865863,0.23150606895060932,0.12709542275799504
0.3822233936345012,0.24552518992445282,0.2252333999004058,0.14701801654064012
0.2214887931857514,0.23348139158089828,0.20031803243310245,0.3447117828002479
0.3281971014454966,0.22817043857530597,0.23911854671890131,0.20451391326029617
0.3489108084259233,0.24462724454579615,0.2397764328849693,0.16668551414331123
0.3621142144922232,0.24841709124444128,0.23786021584634437,0.1516084784169912
0.33565577230700055,0.2494557633848495,0.23515031516910015,0.17973814913904976
0.39657336130267967,0.24235373116148506,0.2344735570765533,0.126599350459282
0.2538544355692782,0.24097435272944587,0.20333773837158153,0.30183347332969424
0.34420911896746215,0.23496651901970786,0.2322069418460219,0.1886174201668082
0.37616445336616844,0.24725524182794978,0.23434303523155275,0.14223726957432914
0.41334518698811396,0.24326757030178267,0.2320089584380909,0.11137828427201242
0.40127033411844787,0.24738360957198705,0.23154160849209837,0.11980444781746653
0.3398619480216455,0.24819041325632044,0.22148200409998126,0.1904656346220528
0.21256420887894684,0.23003303532287822,0.20140089746997922,0.3560018583281957
0.37064282522422715,0.22440471198732115,0.23985374500925308,0.16509871777919866
0.3482534461575853,0.2511611424933547,0.23661517292601245,0.16397023842304756
0.384658680759832,0.24657240684090934,0.236868477109268,0.1319004352899906
0.3586370753502149,0.24696658544806405,0.2310943784261513,0.16330196077556983
0.3899452086433386,0.24288702030650122,0.22506159220895353,0.14210617884120674
0.14759272102812512,0.20045440609156998,0.16166042813824652,0.4902924447420583
0.390996946242792,0.21089830649805122,0.24386838388404672,0.1542363633751101
0.380197888703216,0.24609187418482398,0.2344099734897529,0.13930026362220715
0.3511035436895203,0.24485789927951007,0.23050810722004825,0.17353044981092142
0.31069607446706865,0.23873442352218105,0.22864024516051892,0.22192925685023138
0.26920940717257213,0.2311497587427395,0.21687403217683965,0.28276680190784864
0.12526086257002936,0.17181716810307632,0.15936427171771655,0.5435576976091777
0.3910166500677786,0.20327168936301246,0.25225595149274416,0.15345570907646477
0.3117901698809371,0.24454419635125166,0.22924292085835146,0.2144227129094597
0.2954467895130072,0.23801886978665104,0.2288966098407589,0.23763773085958292
0.32736793845745277,0.2389939536843518,0.24010492543467385,0.1935331824235215
0.36526953507143445,0.24103791834306867,0.23149409840557883,0.16219844817991805
0.18583765351976195,0.21915317742010967,0.18721104671522784,0.4077981223449006
0.4045050403919073,0.21825470052971788,0.24438186095922373,0.13285839811915112
0.3440363703032937,0.2495181594651027,0.22873723997597084,0.1777082302556327
0.3529841176081231,0.24409987314710554,0.22960404754638952,0.17331196169838173
0.3165568592377285,0.2444782437790981,0.22874606039502252,0.21021883658815094
0.36574859742392596,0.2427198034695049,0.23482491802275296,0.1567066810838162
0.23433194993904702,0.23004484487732,0.20574230473287844,0.3298809004507546
0.36318462005787955,0.22369464124431884,0.2352367736666808,0.17788396503112092
0.24194256803901837,0.23902748194766707,0.2152541458367021,0.30377580417661243
0.3150731630648806,0.23066208749845263,0.24141700545918113,0.2128477439774858
0.3760941212097953,0.2385167562730377,0.24572193571783943,0.13966718679932766
0.3308901001257085,0.2456155898369724,0.2243828243487077,0.1991114856886113
0.132052560793427,0.18216816342294329,0.15686588360248416,0.5289133921811455
0.408116110993683,0.20832789154180045,0.2518001641220333,0.13175583334248323
0.31871650305260973,0.24549194360712623,0.22288005638956224,0.21291149695070188
0.36355749235734053,0.24702727433936086,0.24148067293131778,0.14793456037198086
0.39294659707625756,0.24165796773757567,0.23185351914492555,0.1335419160412413
0.3446424643390808,0.24657752324839227,0.2215095314052445,0.18727048100728258
0.21775648678528894,0.2273101592927802,0.19714231571380306,0.35779103820812785
0.2974099286061923,0.22563171309123448,0.2351282961827444,0.24183006211982888
0.40103978286449066,0.23931159545398675,0.24935891363126497,0.11028970805025762
0.3704841678446855,0.24581033694482304,0.23280005907764773,0.1509054361328437
0.3320375507301373,0.24907258426206114,0.23421146587499708,0.18467839913280445
0.3051558172724631,0.24334138983467257,0.2227660614542947,0.2287367314385696
0.22208498451085606,0.22699984835473339,0.20498757839966936,0.3459275887347413
0.4222967081824119,0.2254632300508895,0.24185177649956424,0.11038828526713429
0.3646264456747301,0.2526036790395368,0.22821809844577054,0.1545517768399626
0.4344092654139129,0.23815807552047175,0.22928237490052794,0.09815028416508732
0.37997363253263244,0.24876019093928356,0.2204999451428315,0.15076623138525247
0.29278494686604134,0.2508409098098002,0.218599005950963,0.2377751373731954
0.33567164793496257,0.24428669126884922,0.23761976977161609,0.1824218910245722
0.42082583086080966,0.23488891279802543,0.23103192141365644,0.11325333492750851
0.3365623031292021,0.25653534929808125,0.22807559772422045,0.17882674984849617
0.31802075877725233,0.24914351894054934,0.23343640181111192,0.19939932047108636
0.39334009796706665,0.24312311792360428,0.24428883251828193,0.11924795159104706
0.388157179645186,0.2466600741683653,0.22564043911544282,0.13954230707100596
0.24400181623673536,0.24206819901405902,0.20332928159418348,0.31060070315502214
0.3980818008417768,0.23367468696724283,0.2395563184189916,0.12868719377198876
0.4029336160488534,0.2458893276877481,0.22816454115171628,0.1230125151116822
0.42617523974856775,0.24316487138331402,0.22626350457063366,0.10439638429748455
0.366582861571502,0.25075060254058634,0.22293332473915586,0.15973321114875588
0.33172785879492545,0.25224769399047203,0.22921732724641622,0.18680711996818627
0.34288083693981375,0.2451533464826269,0.23134134344071536,0.180624473136844
0.3590703873713142,0.23900645884583951,0.22536600429675208,0.1765571494860942
0.30795861713271505,0.25781800158441676,0.23552312298603373,0.1987002582968345
0.3638806136458404,0.24667422914588616,0.24664440929378573,0.1428007479144878
0.44254940286261124,0.2335069357897175,0.2333317987989364,0.09061186254873484
0.3199001796261635,0.25508594713424787,0.21349509930709415,0.21151877393249444
0.14682624106881048,0.20394184684840194,0.16803353932972956,0.4811983727530581
0.48179236444434376,0.19797542307609026,0.23726450037210414,0.08296771210746186
0.43771481623950464,0.2420382743474424,0.21654084115476327,0.10370606825828975
0.2983354778416871,0.25089523056548224,0.21344286863589576,0.23732642295693493
0.40960168298819427,0.23437725599733103,0.23554929277359388,0.12047176824088074
0.3679390150299544,0.23923595546277834,0.21357486199100753,0.17925016751625975
0.07536020510177416,0.12413538943861376,0.10509107506835534,0.6954133303912567
0.18338808163433115,0.1485859913303722,0.1902801580768651,0.4777457689584315
0.1529799955880487,0.15522942956158964,0.18285918058431613,0.5089313942660456
0.20182561125837337,0.1673484241975158,0.21813323951327365,0.41269272503083715
0.07618146224091786,0.08221120024300006,0.10874106461765942,0.7328662728984227
0.005115816053518827,0.010364952367168957,0.014933108438763358,0.9695861231405489
0.0015829163431157385,0.004257901624377886,0.0066922923057957575,0.9874668897267106
0.1204434152554738,0.09955739104305035,0.15722142303969655,0.6227777706617794
0.2553940475027743,0.18389995927141436,0.24025558913086298,0.3204504040949484
0.11712011665414106,0.13434660844087337,0.14477058255878364,0.6037626923462018
0.1670849233550186,0.1525354249847322,0.19118746983671658,0.48919218182353275
0.18671501715275404,0.17258565602945586,0.19576425059049488,0.4449350762272952
0.08123877376508061,0.11000470385141616,0.12097633611960297,0.6877801862639001
0.31100517686370416,0.1859772420719156,0.2470022275947543,0.25601535346962606
0.1632381347166858,0.1851649625381527,0.18120839684774712,0.47038850589741454
0.2631688497950596,0.2012570515902629,0.23798082517763772,0.29759327343703973
0.3236710233534492,0.22512056407989542,0.24391670563081977,0.20729170693583562
0.2124155426950496,0.21363034800067443,0.1987770711858211,0.3751770381184548
0.1772348874716472,0.18588950687634295,0.19005102935257331,0.4468245762994366
0.34762688640611034,0.2177553987810937,0.24704025652044523,0.18757745829235073
0.28080405787919427,0.2417713013849242,0.22503879713135186,0.2523858436045297
0.3608828164774168,0.23383130976002173,0.2383486279796463,0.16693724578291533
0.38143659861027973,0.24273686368723227,0.23184546826445518,0.14398106943803268
0.2317440019918631,0.22889331191515863,0.1973384411016596,0.3420242449913186
0.2445200902313012,0.22277487010362168,0.22632946400743217,0.3063755756576449
0.41167724931444094,0.22353889507829813,0.24113851238748457,0.12364534321977626
0.2698826430314543,0.2449364545033288,0.21963725784704136,0.26554364461817564
0.34561329866720547,0.24136596192512058,0.2483048832907297,0.16471585611694425
0.3442169737246497,0.24284215963918107,0.23503295472741959,0.17790791190874947
0.34414588462485896,0.24354392912209966,0.2249425396584186,0.18736764659462274
0.17860885691565556,0.21400868449236557,0.17975764485998097,0.42762481373199784
0.3787277163375381,0.22277669862024582,0.24536758547616136,0.15312799956605458
0.42785576040664114,0.236864459326765,0.22881226888616296,0.10646751138043085
0.38026637104583355,0.24904216799151105,0.2277857503285551,0.14290571063410032
0.3289331636154305,0.24865737566508878,0.22948937917876253,0.19292008154071824
0.28853293543781305,0.23735190006717652,0.22202382524715106,0.25209133924785937
0.24173090248182622,0.2221155597211706,0.21065104134463306,0.32550249645237006
0.25741517942049924,0.21742882145705603,0.21797720390328795,0.30717879521915686
0.28758083516316907,0.2380000657601581,0.24301548534707806,0.23140361372959473
0.3958773134114531,0.23815181753346534,0.2544742098983541,0.11149665915672738
0.3968923944934462,0.23914797426817014,0.23164957540995298,0.13231005582843067
0.22676874217953624,0.22700376951499726,0.18938854519575193,0.3568389431097146
0.08831018197341137,0.14408714147938012,0.12813919341538893,0.6394634831318197
0.3952152023359825,0.19913777795408497,0.25635008209378063,0.14929693761615187
0.4549460234150971,0.23017874053421855,0.22932778677403326,0.08554744927665107
0.32936764030558013,0.2436557019025687,0.21731070781654066,0.2096659499753105
0.28820615604914684,0.23705219757149593,0.2239529083061351,0.25078873807322216
0.20690199128469347,0.20771583381289346,0.1944023330862136,0.3909798418161995
0.19103401822044788,0.19764495684243868,0.20501689145780766,0.40630413347930583
0.3767396268189066,0.2144485374980594,0.24474379990176834,0.16406803578126555
0.2549212518436596,0.2356912676686554,0.22080159004980043,0.2885858904378846
0.3330229313190007,0.2334463090952333,0.24558896358784055,0.18794179599792546
0.2684052482047945,0.22637425057212995,0.21861719322883738,0.2866033079942381
0.28063205979631795,0.22675079036270068,0.22065908807045195,0.2719580617705295
0.11869917769189496,0.1698825411205759,0.15228094747884513,0.559137333708684
0.3959196196959026,0.20578513818301156,0.25550668010950317,0.1427885620115826
0.3879813867404801,0.23861620760351732,0.23035163316335253,0.14305077249265016
0.2830631705927012,0.23746042348850413,0.21494397078126282,0.2645324351375319
0.22793784966859573,0.21694829325536197,0.2099793198040481,0.34513453727199406
0.26515673577622983,0.21706959010728963,0.22638422011824558,0.29138945399823507
0.24145086762807452,0.21654454537014992,0.21904662129202337,0.32295796570975216
0.27998447363059537,0.2150693551238783,0.22642160300598618,0.2785245682395401
0.22953254693196423,0.22052507391201723,0.21934598512637002,0.3305963940296484
0.2963372411691766,0.22681745612918117,0.2436945656972092,0.2331507370044331
0.3212524753640043,0.2304992681436421,0.23674612364752057,0.2115021328448331
0.29132773222208835,0.23402586841736964,0.21974809285795527,0.25489830650258655
0.11900338291761128,0.17155958256654516,0.150340040526171,0.5590969939896726
0.3727431642733818,0.20672157033405006,0.25316020675173684,0.1673750586408315
0.3962164955706422,0.23807481096345007,0.2328943036326308,0.13281438983327687
0.2978728597987435,0.23956070091684886,0.21638892640735558,0.24617751287705208
0.25659356397484456,0.22465563492465118,0.21711405608869616,0.3016367450118081
0.2613141849090814,0.22131430910539443,0.2218058538756327,0.2955656521098916
0.18573546000088173,0.19191073157384064,0.19251548986874698,0.4298383185565307
0.2774684021947728,0.20260054628872248,0.22899665305235198,0.2909343984641526
0.18338779626448878,0.19918141062989803,0.19874463081502763,0.4186861622905854
0.26019820760485673,0.20915410093525286,0.24115091873214062,0.28949677272774976
0.3397331158424959,0.2215653545327847,0.2439676460985656,0.1947338835261539
0.21212639483876694,0.21457377325203525,0.19379470152713357,0.37950513038206435
0.09801096303221328,0.14478390919194398,0.13709393011605084,0.620111197659792
0.3940058371848802,0.1977513610461979,0.25553089587828015,0.1527119058906418
0.39014017155798125,0.24097088483282217,0.2301347856749013,0.13875415793429535
0.25518678808690287,0.23010183738513723,0.2040339219533602,0.3106774525745998
0.3304676721426983,0.2310293352240031,0.237060690051886,0.20144230258141252
0.2857695433576085,0.23288191748803938,0.21883313099384188,0.26251540816051017
0.1760320857776888,0.19594749206073253,0.19065102900322844,0.4373693931583502
0.3563262010842113,0.20916887954103816,0.2434276576359115,0.19107726173883904
0.1482463504018684,0.18335051295615348,0.1686629110843079,0.4997402255576701
0.2217016729173594,0.19214290277080984,0.22406576496506642,0.36208965934676435
0.30115802150690685,0.21498446634469617,0.24432626278728084,0.23953124936111614
0.3130392275967833,0.23408416318360012,0.23352307799534536,0.2193535312242712
0.144767534342696,0.18759675315575708,0.16597391651523255,0.5016617959863143
0.38118948924059354,0.20950935250605954,0.2489964404915403,0.16030471776180658
0.33784771060637103,0.24055717307278873,0.2207847478789637,0.20081036844187644
0.2373071955442369,0.22777613386820458,0.20287719668286355,0.33203947390469485
0.32880937118323966,0.22844621488906272,0.23845654432831231,0.20428786959938539
0.3896723596436359,0.23667052425363974,0.23595627903916438,0.13770083706356
0.22062901011993183,0.21735268587784337,0.1993523837157715,0.3626659202864534
0.22950034946137698,0.19883762185437226,0.21324845509819437,0.3584135735860563
0.17186710092556048,0.18735668384287904,0.1930344733229408,0.4477417419086197
0.2382654999754795,0.20229854842579892,0.2302516949153453,0.32918425668337625
0.34922560471234465,0.2249711579447336,0.2505230018536176,0.1752802354893043
0.30147881132327586,0.2321212391497309,0.21584549450295903,0.25055445502403423
0.11901536294972963,0.17326723144336667,0.14946126366945475,0.558256141937449
0.3528525412641771,0.21044032306420438,0.25303252448846714,0.18367461118315156
0.40661253994748314,0.23629934302808742,0.23853043182121433,0.11855768520321512
0.3958993233941451,0.2371269456458625,0.22043577296939507,0.14653795799059743
0.16590909768854353,0.2017468787022873,0.17071065204911728,0.4616333715600518
