0.2908917973173711,0.24419170381729122,0.22212931291393426,0.24278718595140344
0.2933351212460274,0.24073290226647298,0.21717325943038662,0.24875871705711305
0.2942073310030476,0.2246047875999685,0.22098015432273505,0.2602077270742489
0.29292327591205575,0.22850674677708366,0.22435414720338093,0.2542158301074797
0.29058558845871363,0.23026782410527047,0.22567349694211664,0.25347309049389927
0.2922976326434732,0.23031743100518065,0.22267542120255765,0.25470951514878853
0.2916822719375372,0.24291475975633364,0.2214240217671943,0.24397894653893484
0.29463868190690856,0.23757263791147343,0.21652595356292983,0.2512627266186881
0.29498413845268234,0.21715421245605532,0.22187440138864659,0.2659872477026158
0.29175773661052373,0.24235756315593815,0.22414795587686695,0.24173674435667125
0.2937797683495748,0.2392744382273058,0.21682094579868996,0.25012484762442944
0.290742796359853,0.21444872955862965,0.22764789045202422,0.2671605836294932
0.290307590028316,0.2428610785053732,0.22522912780628285,0.24160220366002788
0.29238381982354944,0.23194652757012227,0.2198716129860884,0.25579803962023984
0.2913214931814847,0.2147778857103802,0.2275814144900726,0.2663192066180626
0.2885856193658078,0.227504652455134,0.23093661977521063,0.2529731084038475
0.28969786059213193,0.2371070674524976,0.22416786419190304,0.24902720776346746
0.2913516963008342,0.22583449856031693,0.22377534930375573,0.25903845583509316
0.2927911590410977,0.24161362751143928,0.220851217131962,0.24474399631550106
0.29472040720945747,0.23112535665578265,0.2181096372103523,0.2560445989244075
0.29658724451352475,0.22951243303389243,0.21857908255841058,0.2553212398941722
0.2924117135824208,0.23761050834943676,0.22274264618126005,0.24723513188688243
0.29326570678032043,0.23018965760529198,0.22061187047565042,0.25593276513873714
0.2900228207715757,0.21727709419493613,0.2292153033621464,0.2634847816713417
0.290884677686328,0.252634471744705,0.22103389929267006,0.2354469512762969
0.29344097631175364,0.2221871194042823,0.2191505202417552,0.26522138404220885
0.2922965203988226,0.21984073470639312,0.22762791972389337,0.26023482517089086
0.2921803768556598,0.25685060298110135,0.21799916794904325,0.23296985221419553
0.29584615659055874,0.24283808416951289,0.2118436516677302,0.2494721075721982
0.2934569195205102,0.20994556967298197,0.22489527711452403,0.27170223369198393
0.2922772175196706,0.250959836601874,0.22191834215787648,0.23484460372057891
0.29478500143638525,0.25049742875073666,0.21169188815834722,0.2430256816545308
0.2980431006174202,0.22464080805121367,0.21511996175331669,0.26219612957804955
0.2918647710948803,0.23175067482292777,0.22646318253373812,0.24992137154845387
0.29459471796746256,0.24913680181099823,0.21491208712154528,0.241356393099994
0.2930650420819312,0.221690026369664,0.22185474785627307,0.26339018369213174
0.29177965986624077,0.24470868181194244,0.22266867903151627,0.24084297929030068
0.29433138042997015,0.23707771950563786,0.21642537843091797,0.2521655216334739
0.2943208521905707,0.23416066734887728,0.2199093460053754,0.2516091344551766
0.2924614798539944,0.22916705155958889,0.22321820077685717,0.2551532678095595
0.2897211725711455,0.21953782886366727,0.2288915730582104,0.26184942550697693
0.2899429198312965,0.2415895314452084,0.22478869272001417,0.24367885600348096
0.29393178478470106,0.26294819577837264,0.2105375962678662,0.23258242316906017
0.2977266050277645,0.22669963551722921,0.21299668632232274,0.26257707313268347
0.29777889218166775,0.2222634557999762,0.22029935083407412,0.25965830118428207
0.292767690778211,0.24920504611845226,0.2204405317138739,0.23758673138946282
0.2947268030030437,0.24131534911228175,0.2146046911250594,0.24935315675961522
0.289228445527836,0.20828517495081308,0.23060452717335816,0.2718818523479927
0.28946788347149804,0.2493329022420298,0.22521484781291842,0.2359843664735538
0.29335793984387426,0.23346016778731865,0.21699447468373914,0.256187417685068
0.2931814807822446,0.21979129967791688,0.22465235300573885,0.26237486653409964
0.29151644745576377,0.23860648325673725,0.2242496469642529,0.24562742232324625
0.29307269129556257,0.24892942791277,0.21616990074443318,0.24182798004723424
0.2938540351488812,0.22437389761219542,0.22009432009396548,0.2616777471449578
0.29489960313823765,0.24574660862304754,0.21810854701727078,0.241245241221444
0.29627704497872337,0.24617516611058754,0.21259125847156218,0.24495653043912682
0.29856355660458395,0.2275349299316234,0.2145926100461683,0.2593089034176244
0.2916796670888993,0.22390052948900702,0.22778607430368097,0.2566337291184127
0.2905063648185037,0.23976758610820112,0.22387160477475598,0.24585444429853917
0.2909993933811381,0.2285673138401381,0.22330766546609654,0.2571256273126273
0.2918364204295595,0.24685574434417698,0.2204307313501032,0.24087710387616046
0.29504328771124627,0.23019059672247394,0.2169132766436401,0.2578528389226398
0.2943418076381738,0.22341753826277927,0.22316167356759592,0.25907898053145095
0.292623903111631,0.248795804213515,0.2198963772496865,0.23868391542516743
0.2937802604556171,0.23962575596191707,0.21643799632659416,0.2501559872558718
0.29282498825138,0.22243838038875163,0.22361166883115552,0.2611249625287128
0.2941697996799236,0.25471779030703046,0.21632346455524615,0.23478894545779966
0.29500040266145117,0.23163289208130286,0.21608887597852605,0.2572778292787198
0.29415248604829813,0.21188035335509145,0.2250147003767968,0.26895246021981345
0.2874221468540415,0.23331457782157441,0.2324982162859202,0.24676505903846385
0.28992983336119604,0.24553930210805133,0.2204332362488236,0.24409762828192905
0.2900093358858114,0.21040787367600106,0.22700833319446956,0.272574457243718
0.2902790887662591,0.24889792712361153,0.22460640700612186,0.2362165771040077
0.2937973665120536,0.22529181620350833,0.21810535119340987,0.2628054660910282
0.2934191725686472,0.21878717926075297,0.2258722261656175,0.26192142200498225
0.2899651342696547,0.2522479254904481,0.22281989726201104,0.23496704297788618
0.29421238890708495,0.2359485073675412,0.21531553172072038,0.2545235720046534
0.29106169014143257,0.2072575445895217,0.2290968171922764,0.2725839480767694
0.2913885562051206,0.2576059088680219,0.2208246405521383,0.2301808943747192
0.2957750067685441,0.23432900868752482,0.21296077626721027,0.2569352082767208
0.29490442295054864,0.21645929958832325,0.22355727341118165,0.26507900404994644
0.29031750816904217,0.2430342176869629,0.22569909096524657,0.2409491831787484
0.29411263329797277,0.24360770248693686,0.21492341825643937,0.24735624595865088
0.29092968619648835,0.20974332438202584,0.22752115741686402,0.27180583200462166
0.29073111244458194,0.24608457287891897,0.22475933773009965,0.23842497694639947
0.2922221883710713,0.22846742072373447,0.2202166722898407,0.2590937186153536
0.2936723805711292,0.2291151572744115,0.22261877133901764,0.25459369081544153
0.29045650563689424,0.2346570001050802,0.22521607020541692,0.24967042405260872
0.2908975494043191,0.22230933478630585,0.22525304150337644,0.2615400743059986
0.2903270053803238,0.2231743333030538,0.22835530798183393,0.2581433533347886
0.2911611404168749,0.26653712553726555,0.21569185981873962,0.22660987422711976
0.2965594278941145,0.2224956819911054,0.21333096764243875,0.26761392247234145
0.29521781832118565,0.21669535143630927,0.22539812136633802,0.2626887088761669
0.2903889542562627,0.25245192168814307,0.22269361465939902,0.23446550939619512
0.29633780493528233,0.23965630006216365,0.2117039340964555,0.25230196090609847
0.28964952514139997,0.2073647709098039,0.2311508963110559,0.2718348076377402
0.29163596345759896,0.26039656917728626,0.2192157481378298,0.2287517192272849
0.29494089041795396,0.22712006926378217,0.21519931656484906,0.2627397237534149
0.29129738626606655,0.211707191690248,0.23010260311901204,0.2668928189246734
0.288845981891559,0.23280809213686626,0.2295368805856636,0.2488090453859111
0.2893801698904757,0.2452543703008854,0.22198896035974833,0.24337649944889062
0.29489317004257704,0.23630251313064538,0.21586305031964664,0.2529412665071309
0.29472935546322676,0.23857278411227412,0.21868696141270647,0.24801089901179274
0.29818172380003094,0.2374669972649571,0.21328722815387943,0.2510640507811327
0.29801355093520393,0.2324817034918618,0.21595042693452005,0.2535543186384142
0.29240072253533433,0.24280804170034567,0.22155761754322448,0.2432336182210955
0.2952128729742514,0.2355686689809984,0.21617528488644394,0.25304317315830616
0.29152649780583423,0.2295697131459747,0.2249743877211416,0.2539294013270494
0.2939041841594815,0.2462361142506356,0.21728036199170261,0.2425793395981802
0.2921307860526166,0.21036339974375415,0.22469738511372547,0.2728084290899037
0.2908902474828506,0.24284824083929088,0.22586140064297508,0.24040011103488357
0.29287202162674103,0.25405926641191484,0.21396773762550067,0.23910097433584349
0.29337146585563834,0.22085446038594791,0.22078210279872665,0.26499197095968696
0.29297071629826005,0.22789424235081973,0.2251816181894742,0.2539534231614459
0.29376722659531385,0.2646702979166061,0.2126515361750851,0.22891093931299494
0.29927824588241286,0.24108614612624943,0.20739093443725698,0.2522446735540809
0.29638622275147125,0.21666874959398694,0.2214481286923066,0.26549689896223516
0.2910357160877797,0.23993193263498058,0.22590511194552468,0.24312723933171507
0.293911665645315,0.24756668183411973,0.2147902075081219,0.2437314450124434
0.2920657632019226,0.2257400277031425,0.2228797402375952,0.25931446885733966
0.29279196212884784,0.23787511502834627,0.22192762014086698,0.24740530270193892
0.2927026483085972,0.2263273956157238,0.22221899916718046,0.2587509569084985
0.2935397884568017,0.24390903259572078,0.21954684902218483,0.2430043299252927
0.2938241587658828,0.2406182313268054,0.21717636800539325,0.24838124190191857
0.2903228573767211,0.2135779707963875,0.22798796552011144,0.2681112063067799
0.2928628570429249,0.2439995581693869,0.22159013059968033,0.24154745418800794
0.2945230210775931,0.27644016654296943,0.20582679165771545,0.22321002072172208
0.2988211816561075,0.21640435048773074,0.2114098031845278,0.27336466467163406
0.29454730231149884,0.20586831321623525,0.22939275836919,0.27019162610307584
0.28755145690336104,0.28046271996851596,0.2186539153211634,0.2133319078069597
0.29610073746782034,0.23961169508421779,0.20750921630015062,0.25677835114781133
0.2872447947417937,0.18673842399251658,0.23676457305278065,0.2892522082129091
0.2855317519871066,0.2626450675728139,0.22927165646280162,0.22255152397727784
0.29388498640835997,0.2375044571589729,0.21197709534345735,0.25663346108920976
0.2854844340158142,0.18621257089552729,0.2386369634674524,0.2896660316212061
0.27912055314000483,0.209853798721824,0.25052492954372224,0.2605007185944489
0.28139600438973933,0.21713014705612055,0.23849943958897937,0.2629744089651607
0.2823895343378053,0.2101965663083492,0.23935943441302207,0.2680544649408235
0.28835810323018696,0.24747097169610047,0.22494360350386225,0.23922732156985035
0.291744222948385,0.20822246011219478,0.2233646670274778,0.2766686499119424
0.2901647383453502,0.2033764723723735,0.23458361124052013,0.2718751780417562
0.2883096838745416,0.2472733127928559,0.22741654786624757,0.23700045546635506
0.29103274327468076,0.23384421270177103,0.2199664121234407,0.2551566319001076
0.28932485736516367,0.19798078053126925,0.23160283736753465,0.2810915247360325
0.2870744969223325,0.2277672591798382,0.2353806559636224,0.24977758793420693
0.29157645664557935,0.22642546575178274,0.22267779481076372,0.25932028279187413
0.2915993796217689,0.21476697373523432,0.22766930710541153,0.26596433953758536
0.28714460433007466,0.23172178109323985,0.23205749903135142,0.24907611554533413
0.2902662824436818,0.21608373542904244,0.22605990941152646,0.26759007271574936
0.2880740690798074,0.21858511606806108,0.23330553039161192,0.26003528446051954
0.2911783637724249,0.2581602780026373,0.21798000848272003,0.23268134974221782
0.2956824647608519,0.2138008095743446,0.21682922546617944,0.27368750019862403
0.2940051274480824,0.22913736596427062,0.22580544337239833,0.25105206321524864
0.2923806625220338,0.2465057674337277,0.21916903961024498,0.2419445304339936
0.2938800219316404,0.21971979519494494,0.2205896135120451,0.26581056936136954
0.29090718517588426,0.23105460571530362,0.2276368065386408,0.2504014025701714
0.2917430571342424,0.24691724335031273,0.21914716488613728,0.24219253462930757
0.29220282788469404,0.2061491974880965,0.22442738826211694,0.27722058636509267
0.2883961439338141,0.22609258195599,0.23389099624150045,0.25162027786869545
0.29010902104653147,0.25542800932735527,0.21867596413767634,0.235787005488437
0.2936788672057191,0.22090791265286902,0.21899091523507794,0.26642230490633406
0.29162417018663594,0.22826771646274396,0.22733676377124862,0.2527713495793714
0.29645390603489746,0.26393243749791173,0.20885161219437284,0.23076204427281802
0.2979132810731849,0.22818874057269553,0.21269405521170587,0.2612039231424138
0.2948967424304798,0.21509991260659414,0.22507410895271926,0.26492923601020674
0.28852376489936293,0.23104379754753973,0.2308285188854726,0.24960391866762477
0.2902319139391898,0.24806248829691813,0.2201925130978753,0.2415130846660167
0.2903161216967698,0.2151412636591498,0.22554880756265594,0.26899380708142445
0.2905275901004988,0.2343717103447893,0.227224395152274,0.2478763044024378
0.2943442212713801,0.23866176117319948,0.2170552102718482,0.24993880728357226
0.29440899318994795,0.2318301757183026,0.21981708705336034,0.253943744038389
0.2912959640424183,0.22426816352463785,0.2261882658514191,0.25824760658152485
0.28824285952594225,0.2200130465444445,0.23116788366067686,0.2605762102689364
0.29060675064451835,0.24784720911078106,0.22174542060077682,0.23980061964392368
0.29659672103355433,0.2608604476132574,0.20715422524310834,0.23538860611007997
0.29694095342986704,0.21199485931952705,0.21731912804029618,0.2737450592103098
0.29230292401569097,0.20595437821125637,0.23201000834256175,0.26973268943049095
0.2872699162558059,0.2550472553741797,0.2267469100216973,0.23093591834831712
0.2915745862763031,0.2480442573156512,0.21473014701034893,0.2456510093976968
0.2910566066783898,0.2067346560224523,0.2267660190017432,0.2754427182974148
0.2886285741524318,0.2298506715061245,0.23216822502233087,0.24935252931911273
0.2933302915242927,0.23136745142992218,0.21970000636049322,0.25560225068529185
0.29080116403195555,0.22184488122865462,0.22739255167233666,0.2599614030670532
0.28928235312482437,0.24326107362943303,0.2251712409447289,0.24228533230101368
0.2913460745320322,0.22204954394987017,0.22295648615890223,0.2636478953591954
0.29070799984097256,0.22583919589678994,0.22792626230475668,0.2555265419574808
0.2954477862157937,0.25575012449483076,0.2128169533179149,0.23598513597146067
0.2947093966414535,0.21859338236213896,0.21923541055238557,0.26746181044402195
0.2929289269431908,0.21551239579366738,0.22813234328631973,0.2634263339768222
0.28795687309812096,0.23863364338937354,0.22915783266286388,0.2442516508496415
0.2921296445215091,0.24808321232510636,0.21656586883465312,0.24322127431873145
0.28925556050969337,0.2001277975253912,0.22937598011500088,0.2812406618499144
0.28843978824306454,0.23075595721614722,0.2329402655793493,0.24786398896143888
0.2911516683129152,0.23372018879625808,0.22183415402035236,0.25329398887047433
0.29146753163473665,0.22818313636409934,0.22439378792568831,0.2559555440754756
0.2903943033883079,0.2281189303188823,0.22639638806682624,0.25509037822598357
0.2897442612469716,0.22164422140486092,0.2279925812832354,0.2606189360649321
0.2916332931998308,0.2316897903408053,0.22447375357418198,0.25220316288518185
0.29484448667577856,0.2564593823916799,0.2130648479748333,0.23563128295770813
0.29594592022712707,0.22420796972635199,0.21651298877214642,0.2633331212743746
0.29311760610735144,0.20823646633598888,0.22829534024767723,0.27035058730898237
0.28841414802908405,0.24329295040061175,0.22875252569649204,0.23954037587381222
0.29211017059455097,0.24672856387736528,0.21613538040074406,0.24502588512733972
0.28984920810858694,0.20284710036673756,0.22873553104340943,0.278568160481266
0.2879024280236281,0.23018455301779842,0.2334182254520936,0.24849479350647996
0.29017188481143746,0.22802842037853452,0.22427635118557507,0.25752334362445295
0.29040419728425704,0.22272018509864122,0.2274005766148874,0.25947504100221436
0.28801575219046915,0.22876425776675188,0.22994399239697075,0.2532759976458083
0.28810194123962857,0.21409762763285295,0.23043389033744446,0.267366540790074
0.2897592605460685,0.22872089975777382,0.2285555571627081,0.25296428253344955
0.29337255675711443,0.26682107627439416,0.21165845813035203,0.22814790883813937
0.2970909263218978,0.21567613249109513,0.21441671072631896,0.27281623046068815
0.2938900110680143,0.20852017415222268,0.22944308450276005,0.2681467302770029
0.2894691789332509,0.2625247167502181,0.22162213154971677,0.22638397276681435
0.2943525084756222,0.23554089413416798,0.21347636756276597,0.25663022982744393
0.28908272275878993,0.19683472387457915,0.23323670860630108,0.2808458447603298
0.28593819881037963,0.2385017320190605,0.23442180992992315,0.24113825924063673
0.2905395028704781,0.22499606690252305,0.22241232295870056,0.2620521072682984
0.28831796643940627,0.21196661759032903,0.23295166244088747,0.26676375352937726
0.2873314898263291,0.24577565459893908,0.22785662204806667,0.23903623352666525
0.2911619214527237,0.21666862774609083,0.22285615986825882,0.2693132909329266
0.2885844158421738,0.2137766295445147,0.23393993590546322,0.2636990187078482
0.2917669017597051,0.26762856916774747,0.21508953994621346,0.22551498912633403
0.296564121797891,0.22677947454714015,0.21257772952609597,0.26407867412887276
0.2967081708668921,0.21617641757245878,0.22275645999518065,0.2643589515654685
0.2924667541332359,0.252723632461822,0.22049661201035975,0.23431300139458233
0.2957527734467824,0.23933030256497131,0.2129884113036559,0.25192851268459043
0.28637166949139103,0.186917563005814,0.23672285670441304,0.2899879107983819
0.283691199134552,0.23488230861895884,0.23954535516805503,0.24188113707843412
0.2877870901542281,0.2342459883652615,0.22401471142373278,0.25395221005677754
0.2896832846746678,0.2154246599662783,0.22830418163524316,0.26658787372381076
0.28881119360427054,0.22920057987007122,0.229990571648867,0.2519976548767912
0.2919585969820325,0.23118982900407542,0.22220393289098644,0.2546476411229056
0.29387081175204516,0.23134829845397634,0.22094095601171349,0.25383993378226494
0.29460307955389553,0.2609923409939711,0.21289880620899626,0.2315057732431371
0.2981774992305851,0.22841907098145572,0.21196733941581924,0.26143609037214
0.2915849066671057,0.20020712176133726,0.2313890728785207,0.2768188986930362
0.28739546373723807,0.23582759973336836,0.23281358855773554,0.2439633479716581
0.2913816232699032,0.25410174251935197,0.21575376692472975,0.2387628672860151
0.2919928624688822,0.21903975450813304,0.2225070475699986,0.2664603354529862
0.2888364243109708,0.21005589672468591,0.23367905574002348,0.26742862322431976
0.28738871178569414,0.21773434810614486,0.23386036022693898,0.261016579881222
