0.3387998418224795,0.23144952773518113,0.22584523584061283,0.20390539460172663
0.38472235163452,0.23081708336682288,0.21252329625332095,0.17193726874533616
0.34410854833363624,0.23116163217796973,0.2401568993423458,0.1845729201460482
0.37054993538671444,0.23048270060700757,0.23636355635592318,0.1626038076503548
0.4094572995526323,0.2229484177611308,0.22721581049864106,0.14037847218759586
0.21406264942082556,0.23781526809370343,0.26931086585268665,0.2788112166327844
0.3167061356504614,0.24631165782091372,0.21371960383571645,0.22326260269290846
0.39196655922308615,0.2322152793004261,0.19747894579397907,0.17833921568250868
0.34646554357860815,0.22898858964223479,0.24828684603796225,0.17625902074119476
0.36668590140016544,0.2330201926507525,0.23577445985761422,0.16451944609146787
0.38960684029815545,0.22390332538740626,0.23709400002727288,0.14939583428716544
0.13100599722647077,0.21798502840204295,0.24328333430351634,0.40772564006797
0.3592659426292568,0.22980293829083265,0.19642114414995976,0.21450997492995078
0.41073469708312965,0.2203219899061752,0.20294518423316152,0.16599812877753367
0.42320389575728357,0.21254359990285132,0.23050178065127114,0.133750723688594
0.3599576611312493,0.2278506263530453,0.24085839379491403,0.1713333187207914
0.44996334340402866,0.2149324563137639,0.21287693763902832,0.12222726264317924
0.1789807984183603,0.22954659300301156,0.23894625612829795,0.35252635245033026
0.39699431802542284,0.23159126792291884,0.1864045760647027,0.18500983798695558
0.35662201677945665,0.23396409080410582,0.20991741544783435,0.19949647696860312
0.3544859175277614,0.228362204687151,0.2478266202323591,0.16932525755272843
0.2675199289365445,0.23990973795907267,0.25721281522241835,0.23535751788196443
0.3201695377343285,0.23787273738478376,0.23999952073078998,0.20195820415009785
0.13554507015030703,0.22770072675637815,0.24269475709543245,0.39405944599788234
0.4261488766644154,0.22184985074895375,0.1895006967037541,0.1625005758828768
0.3790567622598969,0.2280191582728377,0.21764228178082035,0.1752817976864451
0.3797613929360613,0.22745179119977946,0.24057635755375467,0.15221045831040447
0.3761448066532216,0.2330773835247885,0.23607396179121556,0.15470384803077444
0.47270593741218836,0.2094456618242331,0.2126970830638975,0.10515131769968117
0.13752914005371897,0.23078822419380954,0.27873885650971986,0.3529437792427516
0.40867682849298126,0.23237159253913667,0.20211306403128915,0.15683851493659304
0.3807346323302102,0.22829194309215706,0.2295474840976549,0.16142594047997766
0.3262919598818123,0.23778878717071164,0.25860481744645825,0.1773144355010179
0.34686443775725156,0.24250165967887505,0.23618022410040815,0.1744536784634653
0.4761066570981721,0.20823032204578226,0.2111228687269787,0.104540152129067
0.22807333344244893,0.23840177074258662,0.2801779566377285,0.25334693917723605
0.4037537050631317,0.2343502313981168,0.20667467949435228,0.1552213840443992
0.394941014585176,0.22519261424603995,0.22531382013303705,0.1545525510357469
0.47932952230356834,0.20448043076117314,0.21497692846798197,0.10121311846727644
0.4500269295752295,0.20779061511269156,0.23212342574820105,0.11005902956387782
0.4472531072959061,0.210986686764932,0.23293354549527856,0.10882666044388335
0.22852941416632688,0.24516478775019282,0.2635064734767815,0.2627993246066988
0.45520083341274103,0.2258713934054889,0.18602394271323824,0.13290383046853188
0.3746023651887913,0.23774134165818178,0.20522215173009714,0.1824341414229298
0.4236593406369024,0.21699869629414248,0.23125313892735846,0.1280888241415966
0.37751806858642134,0.22611451145339578,0.25239965633763933,0.1439677636225436
0.3692901711388037,0.22872157311149272,0.2517696456681638,0.15021861008153983
0.1028906950451981,0.21456893779536887,0.23757749483808854,0.44496287232134446
0.4240652512030841,0.22033812814429615,0.184134155546084,0.1714624651065357
0.45901061210864225,0.21185597463801106,0.19880989867691606,0.13032351457643074
0.47858131725478975,0.20015560508634228,0.2214145223146021,0.0998485553442659
0.39949717196499984,0.22092551129969987,0.24805207255203637,0.13152524418326386
0.47012447606152347,0.21027364007231453,0.21728910605058124,0.10231277781558086
0.17259408329367407,0.23816337295543707,0.263299991476173,0.3259425522747158
0.34517675232989736,0.24382989546855108,0.21004079489440117,0.2009525573071503
0.40992661283462983,0.22673694036314626,0.2109632184267768,0.15237322837544712
0.4041546806242594,0.21932970000418792,0.2439185217189745,0.13259709765257813
0.30587414711447386,0.23866988080598028,0.26736982589373104,0.18808614618581487
0.4039494143195459,0.22827595013289295,0.227042616075407,0.14073201947215408
0.20795715204087015,0.24021748047272812,0.256546946876006,0.2952784206103959
0.44303530620562215,0.22538128756506257,0.18728121599434666,0.1443021902349686
0.47060809759385586,0.21134140426161063,0.197705204823648,0.12034529332088553
0.48050314449334885,0.19858736108273262,0.22538895369710318,0.09552054072681551
0.36398992632829275,0.2265195055341604,0.2605943398334078,0.14889622830413904
0.41551794829347255,0.22506720724239154,0.22954058249264175,0.12987426197149424
0.09701190959197768,0.21238442781963385,0.23152866337723765,0.45907499921115075
0.40795677524441376,0.222506508539879,0.18811661392854365,0.1814201022871637
0.4349158293477889,0.21585529472108345,0.20519600359601478,0.14403287233511286
0.4001444201488114,0.21655699438518122,0.24950643058917185,0.1337921548768355
0.2941974598127385,0.23601786574025885,0.25704109267477254,0.21274358177223018
0.45679338727166147,0.21525892431643565,0.20340671449979392,0.12454097391210889
0.12231356556437725,0.20919031390023454,0.22194859894833302,0.44654752158705524
0.4816294573368224,0.20956993304548457,0.16387533981941702,0.1449252697982761
0.46717209008645044,0.208551116129671,0.19579320214019597,0.12848359164368245
0.3697416824118882,0.2204407468725191,0.2620224496639937,0.14779512105159895
0.30950061187568256,0.2414966159262028,0.24495486004219386,0.20404791215592083
0.4021114839300454,0.22609311946093646,0.22163291286647657,0.1501624837425416
0.07023605147282479,0.1918431636150109,0.21742070936119512,0.5205000755509692
0.4344131720979915,0.21336871349178063,0.1797869811387828,0.17243113327144505
0.34273035853240646,0.22847942203157584,0.2310136000717187,0.19777661936429905
0.3047530282927399,0.23860322969454495,0.25859314526152183,0.19805059675119321
0.264430925689634,0.24582605466156113,0.24002612519740915,0.2497168944513957
0.44246406711611763,0.21721720628605745,0.20825206537279384,0.13206666122503097
0.12243943757455145,0.2139137016903892,0.24763502517982364,0.41601183555523574
0.43073955381722273,0.22010573813154297,0.18622880409491474,0.1629259039563196
0.3840835936494407,0.22405283846083407,0.21652933648827505,0.1753342314014502
0.41207512834679694,0.21766655380088654,0.23513434848229303,0.13512396937002347
0.38948137254310367,0.22785013769071222,0.22509770385180844,0.15757078591437565
0.4622277700082258,0.2090458334729165,0.21585193991938184,0.11287445659947594
0.10907150814002088,0.21332814162545924,0.25060862526295724,0.4269917249715627
0.4731413093572814,0.21490863596558096,0.170373322942659,0.14157673173447863
0.3054530164748574,0.23456606917894965,0.2267930929748512,0.23318782137134175
0.349516858276045,0.23428769850893022,0.24220987180301878,0.17398557141200588
0.3788686204263788,0.2310020131028736,0.23305955173316265,0.15706981473758505
0.32699311393541697,0.2323636949138347,0.2584568949615931,0.18218629618915524
0.08184255962166417,0.20520369773337468,0.2161312224895831,0.49682252015537803
0.398391418931385,0.21991990295003933,0.18404051717539505,0.19764816094318052
0.4515785164451538,0.20760555633960207,0.2135730076158833,0.12724291959936077
0.40727844693434023,0.21595856941741548,0.24646858211458067,0.1302944015336637
0.3889565266230467,0.22626186677330465,0.24468559961323363,0.14009600699041505
0.4261313201024832,0.22271492430602824,0.2215341528818154,0.12961960270967304
0.21377083445201675,0.24538004456031726,0.24366206412143304,0.29718705686623303
0.4612084951930465,0.22434965274683705,0.17738910536732222,0.13705274669279421
0.4353656663360339,0.21199205152622605,0.22819078023062647,0.12445150190711347
0.37232742741783403,0.22696255088648304,0.26197210322581216,0.13873791846987077
0.2631220812266249,0.24636603493438017,0.2652760183046922,0.2252358655343026
0.26392413545397814,0.24899638744836627,0.25007021475084495,0.2370092623468105
0.23487167284633334,0.2484668360606755,0.23440036236475092,0.2822611287282403
0.48741615250882986,0.20876534718988507,0.18652353669436167,0.11729496360692335
0.39608203778874124,0.21774372593161573,0.24465428950957793,0.1415199467700651
0.4523773678119735,0.21332991113028954,0.22582079687350282,0.10847192418423404
0.4570909091046244,0.2101554564188026,0.22519558902792625,0.10755804544864679
0.4042520731726363,0.2237601182978197,0.23750562176400053,0.1344821867655434
0.2601710314551876,0.25025699845877736,0.25828358975092736,0.23128838033510782
0.48105403713725664,0.21546763686690446,0.19241337453454338,0.11106495146129561
0.38433993396793753,0.22253318230482183,0.2478709248784784,0.1452559588487623
0.33226282711551086,0.23935889145780187,0.26152764596215633,0.16685063546453083
0.35241040176829724,0.23908677212439317,0.2422228663169004,0.1662799597904092
0.3922921899558962,0.2275979060605062,0.23665194071221937,0.14345796327137825
0.2779650784170996,0.24325064825528472,0.2529777591821887,0.22580651414542702
0.43719639917872777,0.2247179181630532,0.19969851294549731,0.13838716971272164
0.46778076511464556,0.20707506330336284,0.21435533466936021,0.11078883691263139
0.48416253142944304,0.19894625202604532,0.22471007674049187,0.0921811398040199
0.43657082706780587,0.21194938251961204,0.23769096329924988,0.11378882711333223
0.3934580841543233,0.2288219567590031,0.23606627126714122,0.14165368781953228
0.2046888644720696,0.25013439658015796,0.2714099173665408,0.2737668215812317
0.48381809334111137,0.21971874353486637,0.17833242932226281,0.11813073380175952
0.4184232816619055,0.2181677853981195,0.22497332450504381,0.13843560843493116
0.20758558019040102,0.2475297643907849,0.29336676690598706,0.251517888512827
0.42570617154687584,0.2300354802179526,0.20793809363795895,0.13632025459721261
0.35485560865229243,0.22171469881093336,0.2472796226366325,0.1761500699001419
0.03182931035517073,0.1325338974761796,0.1531398071200895,0.6824969850485602
0.4238657531536742,0.19800103260050325,0.15702962963827127,0.2211035846075514
0.4701550350024547,0.1945410537042778,0.19751078181783574,0.1377931294754317
0.3821998456424347,0.2065827822774184,0.24877692802191212,0.1624404440582347
0.4048968023105167,0.21076338025508404,0.21575779417935367,0.16858202325504554
0.3722519676561205,0.2140781771811748,0.1978411345185821,0.2158287206441226
0.060651811901953415,0.11990945573515356,0.05796717883153384,0.7614715535313591
0.35442354340806004,0.1992087742720257,0.050971520924690275,0.3953961613952239
0.4417611630201252,0.2143241313517932,0.0903917426580252,0.25352296297005633
0.1265688013875224,0.16713847919775673,0.26308405604704177,0.443208663367679
0.03489414724869995,0.10755871036368567,0.193477689218228,0.6640694531693864
0.029424298035669694,0.08748792648844018,0.1315249284151613,0.7515628470607288
0.000553881977129843,0.00992663228608276,0.019790373126308658,0.9697291126104788
0.16814140933961377,0.14823781463670418,0.12964243142870074,0.5539783445949813
0.22740527982221773,0.19566163529084443,0.18860843327341906,0.38832465161351865
0.12852692661331802,0.19101090522884093,0.23768218168881838,0.4427799864690227
0.2231059243301327,0.21654008663456023,0.19061696114227303,0.3697370278930339
0.23493595392791766,0.21837639164361566,0.226801961237441,0.3198856931910257
0.05832707398599871,0.15881578585918313,0.16393562349004753,0.6189215166647707
0.39982342393072956,0.2109901867675072,0.15623560460309072,0.23295078469867253
0.22291166743492635,0.22546940476241892,0.24234609292472664,0.3092728348779281
0.24460512903059667,0.23938569013992458,0.2440728754212977,0.271936305408181
0.33396000082198546,0.23496211668258926,0.2242702658104439,0.20680761668498135
0.14807973049970594,0.22317941155918486,0.25872588923765744,0.3700149687034518
0.12126956412338012,0.21521310220858583,0.20599725466842098,0.457520078999613
0.4414731994624269,0.21169869897080518,0.1784874114879913,0.1683406900787767
0.28008458973730765,0.22720593549505938,0.2555940166343762,0.23711545813325677
0.4292121823427472,0.22207727535222024,0.21662579522636408,0.13208474707866855
0.42806212102820157,0.21766476684703667,0.2222974505394769,0.13197566158528498
0.3436179359013492,0.23402081655631854,0.24575797216497447,0.17660327537735782
0.17317723157179457,0.24858653828293278,0.21579337833898954,0.3624428518062831
0.45541030983060377,0.2150586890875678,0.18667438250883892,0.1428566185729896
0.3380749398763611,0.22762905465273606,0.25129804621558777,0.18299795925531512
0.31704264295232865,0.23906074841448297,0.2594991549948713,0.18439745363831714
0.2780963050238484,0.24314653273922904,0.25689315524780293,0.2218640069891195
0.35988379443543606,0.23313605680389204,0.22700778009100533,0.17997236866966657
0.21172702697164175,0.23668796858235047,0.21974697076618188,0.3318380336798259
0.43079402725657295,0.22625871079826584,0.1708703645522928,0.17207689739286836
0.49316680245897176,0.1981541120430267,0.2013704649977415,0.10730862050026004
0.48435905453557315,0.19550274482530985,0.22755733487478091,0.09258086576433613
0.34404864003745406,0.22402302161273743,0.2695306034080007,0.16239773494180773
0.2618258177117272,0.2459013325040551,0.2471790635288376,0.24509378625538006
0.14992228099833568,0.23297724144435508,0.20564548624066434,0.4114549913166448
0.4127835490038639,0.22646332259852628,0.17009211398358992,0.19066101441401997
0.4561767890459505,0.20819765422745665,0.2066362841381811,0.1289892725884118
0.2994318240537856,0.23091695673634655,0.28287039014197085,0.18678082906789703
0.306934274046093,0.24133573294790045,0.25425543638375997,0.1974745566222465
0.24312000116931723,0.23370530845602783,0.23548697980246874,0.28768771057218606
0.10914517637133922,0.2001935940297311,0.178188157517492,0.5124730720814377
0.46756367464376597,0.20596752197216459,0.15788713112445824,0.16858167225961126
0.4756268947019078,0.19631104713101347,0.21381129336239216,0.1142507648046867
0.40401470244492643,0.21401462756706816,0.25372520434275386,0.12824546564525152
0.2711063039740137,0.23641919166090217,0.24493562746318692,0.24753887690189724
0.32977769534923534,0.23785229029791724,0.2167887510363047,0.2155812633165427
0.1384366707660846,0.22268720247864676,0.18339304681082952,0.45548307994443893
0.4554915340737993,0.20700374667531327,0.18027449549777447,0.15723022375311305
0.31038332356972137,0.22702196359294158,0.24216791600802137,0.22042679682931576
0.2613358353617275,0.23785136117842598,0.2641641270451813,0.23664867641466528
0.17420537710760903,0.23003073271914512,0.2367860580234578,0.35897783214978807
0.3392087501676483,0.22783756483176432,0.20671807967886463,0.22623560532172282
0.16144350207522984,0.21542919517438924,0.20783981648143077,0.4152874862689502
0.4225970458404619,0.21633918431574958,0.18235125405203031,0.1787125157917582
0.42393218568864316,0.21222518306930546,0.2179053680855279,0.14593726315652344
0.3910928444194663,0.2192832837480921,0.24345754401805123,0.14616632781439046
0.2842193820763119,0.23578079221838916,0.24341537587271583,0.23658444983258317
0.3640894109587967,0.23574407944369877,0.20827019145701592,0.19189631814048858
0.16719709879759206,0.22951270595204495,0.22619989348406813,0.3770903017662947
0.3821477330909316,0.22854293704003925,0.196545965716991,0.1927633641520381
0.33749068235311336,0.23098081240772322,0.22434660026137862,0.20718190497778477
0.21842767557349832,0.23598207813586428,0.27004781592192906,0.2755424303687083
0.20814216349669853,0.2366272525968381,0.23660088711241378,0.3186296967940497
0.33377863262172097,0.22855524287960724,0.21460452156148913,0.22306160293718263
0.10238730071166773,0.1880819141684103,0.1990473068571741,0.5104834782627479
0.39225195471642316,0.2155312517614118,0.17253768642591044,0.21967910709625454
0.43913412603114194,0.20763542896208306,0.20531769854921736,0.14791274645755761
0.3876999181975011,0.2157231472855236,0.24748166810448174,0.14909526641249354
0.3600370381338694,0.22933204503169305,0.22247153270332778,0.18815938413110972
0.3701105867525885,0.23078748438461283,0.21060414793606336,0.1884977809267353
0.1425823459712794,0.22146606890648646,0.2230162708657823,0.41293531425645186
0.4228885024915188,0.22607931629677075,0.16665839443510638,0.18437378677660418
0.33702070682280183,0.22965280567573101,0.2214342942370484,0.21189219326441885
0.1149791778894484,0.21786492932434884,0.2665011573520515,0.4006547354341512
0.24774350407486675,0.23512908450872153,0.22337161166151118,0.29375579975490046
0.23757945527506769,0.22505845525302037,0.23482468311484708,0.3025374063570649
0.04853693694855225,0.151541816055478,0.17108994410852185,0.6288313028874479
0.4100748580542539,0.203490172315169,0.16891765466552594,0.21751731496505108
0.392210407039,0.211834966057997,0.21373002785140519,0.1822245990515977
0.34321777011596144,0.22516554530762597,0.2474445021145939,0.18417218246181868
0.4340058983950934,0.2266820323016952,0.18589313217768408,0.15341893712552715
0.45775829523444056,0.2071142914814737,0.2113524742693323,0.12377493901475357
0.13955297599405525,0.2226286643647444,0.24134964581878968,0.39646871382241067
0.438755738018106,0.2207089855325105,0.1826442942694749,0.15789098217990857
0.2120644460224155,0.23537626208348453,0.20717354348545708,0.3453857484086429
0.12697384044115642,0.2163989715025186,0.2321641988943731,0.4244629891619519
0.20535289766553952,0.22759548831922466,0.21665144078412488,0.350400173231111
0.359838753464641,0.22053765508122494,0.22214649345832266,0.19747709799581148
0.0662129199075769,0.16829258707599207,0.21632292190453406,0.549171571111897
0.3367365401366794,0.2158552606877271,0.1911131819810173,0.2562950171945762
0.4139479588037911,0.21643699055741328,0.19066367649502497,0.17895137414377055
0.3972759202922628,0.21859439593827198,0.22248778481181267,0.16164189895765257
0.47869402076198814,0.21759272493959458,0.17982242577111746,0.12389082852729978
0.46895899438629157,0.20635686026140662,0.207734746258295,0.11694939909400685
0.12174124153343129,0.21590142793325715,0.2507996154946774,0.4115577150386342
0.33772512054118986,0.23612914552743472,0.20226989554886157,0.2238758383825138
0.2671403117442192,0.2324142393737935,0.24278331522497124,0.2576621336570161
0.191828936312124,0.23370368009425477,0.25867857509803743,0.3157888084955838
0.1622898814992703,0.2255093560179718,0.22422223565238256,0.38797852683037526
0.31360477745352433,0.22796245499407183,0.21557933400643642,0.24285343354596733
