0.2908290962224516,0.23887679913058182,0.2213411617194501,0.24895294292751638
0.2897170587796614,0.23782163239496007,0.2229516580811527,0.2495096507442259
0.29015181978251897,0.23828802070537738,0.22327169115601395,0.2482884683560898
0.29117961150406996,0.23690080215525267,0.2231602228489975,0.2487593634916799
0.29077231854589336,0.2356545938237969,0.22237332046548927,0.25119976716482034
0.28974856714318364,0.2363267792628641,0.22304096015297992,0.2508836934409724
0.2890124722214082,0.23705833497439327,0.22358016726850416,0.25034902553569444
0.2891987577794397,0.2414841456006915,0.22265420322592258,0.24666289339394612
0.2906334275150739,0.24020886247945972,0.22354747595434796,0.2456102340511184
0.291297988665997,0.2363222515826203,0.22254499902660707,0.2498347607247756
0.2897471811300852,0.23767789487104735,0.22214927274105203,0.2504256512578154
0.2879666295329832,0.23681132077024966,0.22416872240014019,0.2510533272966271
0.28826540556161234,0.24332613851254914,0.22287855806582954,0.24552989786000914
0.2881685044479779,0.24460256755175191,0.22298706038026683,0.2442418676200034
0.2894825232825626,0.24446191034613038,0.2232628374475763,0.2427927289237306
0.2904242477218816,0.23992265734257429,0.2230530276752517,0.24660006726029252
0.2901998208039912,0.2397759829169581,0.22229813416971722,0.24772606210933343
0.28955258375047277,0.23697148241109472,0.2237788905133564,0.24969704332507606
0.2910924590967316,0.23818933576749413,0.22312549842025828,0.24759270671551592
0.2920753977004121,0.23495954966277025,0.22274707655124354,0.2502179760855741
0.293565346365675,0.2319404345054849,0.22275573914907498,0.2517384799797652
0.2918445816217816,0.22629422559212659,0.22274711632922353,0.2591140764568683
0.29024903340546865,0.23190781491176782,0.22237169461239648,0.2554714570703669
0.2883481152006103,0.23300716987100567,0.22430641067005871,0.2543383042583252
0.2884902608889684,0.24207567077842118,0.22249584212457243,0.24693822620803801
0.28826546244656587,0.24345136962533062,0.22326384339077943,0.2450193245373241
0.29000411002212484,0.24319987046329083,0.22332385700267218,0.2434721625119121
0.2905367938552359,0.2390843364956165,0.2225726814328718,0.24780618821627595
0.28940879008625486,0.23977314081870482,0.22244546308365548,0.24837260601138492
0.28879596175259553,0.23817417861975668,0.22415960299947812,0.24887025662816975
0.2898396588003701,0.24133303991435687,0.22269869965968314,0.2461286016255897
0.28810496440052846,0.24122840151583996,0.22237917794834589,0.24828745613528572
0.28810751000906315,0.24463551190216515,0.22348055800282338,0.24377642008594821
0.28819782900258273,0.24259439929562243,0.22350421867425202,0.24570355302754285
0.2876710477123874,0.2488549591043892,0.22172109320228972,0.24175289998093363
0.2860240087979784,0.24559734349240872,0.224200882295117,0.24417776541449587
0.28614034285666456,0.25113759352609955,0.22278501820535224,0.2399370454118837
0.28593283248030005,0.2518261953416304,0.22325361920831593,0.23898735296975349
0.2868351556974869,0.2517058903284363,0.22333768347833133,0.2381212704957455
0.2877196027489821,0.2491166763905793,0.22307914306774837,0.2400845777926904
0.28802368597034517,0.24786023226054862,0.22289211595255826,0.24122396581654787
0.2874196322444198,0.24541452004718475,0.2233155721990728,0.24385027550932267
0.28741814385287845,0.24780407752807837,0.22298245175264197,0.241795326866401
0.28820349824560604,0.24618027136217607,0.22363149956358522,0.24198473082863287
0.291499590161695,0.24354564857278296,0.22314888291824128,0.24180587834728076
0.2914547406879456,0.2351812817074233,0.2221226014287422,0.2512413761758888
0.2880641268438246,0.23814284176443457,0.22212622013314187,0.25166681125859897
0.28519600090604996,0.23986666992278408,0.22484646117287607,0.25009086799828983
0.2854656392336277,0.25191444682075675,0.2227443851716952,0.23987552877392032
0.2858903486880781,0.25325079241316156,0.22327036920676827,0.237588489691992
0.28818893215718194,0.2516370778314862,0.22333639434371833,0.23683759566761362
0.2899389750841887,0.24425866506441535,0.22307323202490806,0.24272912782648784
0.2894840983600238,0.24243376550036616,0.222279621966641,0.24580251417296906
0.28828574557884773,0.23964068179207204,0.22386814229434643,0.24820543033473372
0.2893597663880487,0.242503894679535,0.22321143672961413,0.2449249022028022
0.28957838122344765,0.24107038001147976,0.22270840909400505,0.24664282967106763
0.29011969820359057,0.24156777174240887,0.22281348302535894,0.24549904702864161
0.28918258173910777,0.2374321858314835,0.22337590774512142,0.2500093246842874
0.2872368528628708,0.24361268786423884,0.22206708379237725,0.24708337548051318
0.2848758963655769,0.24625286993626128,0.22397149756657092,0.24489973613159083
0.28505506601998876,0.2533583120911758,0.2233020981035367,0.23828452378529863
0.28669996066737913,0.25389106816545737,0.22328819133580713,0.2361207798313564
0.28965747571967404,0.2488629784551136,0.22329278157907806,0.2381867642461343
0.2903991496624115,0.24105491005249907,0.22257563755267137,0.24597030273241807
0.28871355352990863,0.24053107515107483,0.22257682541746351,0.2481785459015531
0.28720502611874443,0.24044864710960445,0.22410983810023696,0.248236488671414
0.28821820689198213,0.24628221391904648,0.2229634905594371,0.2425360886295343
0.2882866245882799,0.24487818087773638,0.22286298671051694,0.24397220782346685
0.2897280432755328,0.2455432836509039,0.22298221359201428,0.241746459481549
0.28916379933681347,0.23905239246374166,0.22309559136871007,0.24868821683073483
0.2868692706929921,0.246284755113256,0.22176267324507773,0.24508330094867425
0.28558362921269326,0.24576954984040683,0.22492336394008156,0.24372345700681836
0.2883170889819863,0.250251658500505,0.2229976416590916,0.23843361085841694
0.290510777195232,0.24523303529868812,0.22268364152543912,0.24157254598064087
0.2928479879564211,0.23775394077839318,0.22318581622208977,0.24621225504309585
0.2917798715489621,0.22987625960223565,0.2224910763827465,0.25585279246605563
0.29023467721934276,0.23426234196666074,0.2222801419223716,0.2532228388916249
0.28934325557513996,0.2327632123034955,0.22483574910993862,0.253057783011426
0.2911712872688297,0.23878681089671286,0.22220457075920425,0.2478373310752531
0.2901734247703478,0.23669682774998976,0.22259124120192644,0.25053850627773605
0.291067159870686,0.23667347825362842,0.22347499067001725,0.24878437120566846
0.2902281975861416,0.2340271496585255,0.22273731609060435,0.25300733666472863
0.2886615954629096,0.24107465789823765,0.2219818230822777,0.24828192355657513
0.2870873087933847,0.23979218961918244,0.2246098892420887,0.24851061234534408
0.28849641567328926,0.24692086410469807,0.22252717536829927,0.2420555448537134
0.28828584132835466,0.24457622863192907,0.22298352472359254,0.24415440531612365
0.28940097015815924,0.2448936700849067,0.22311676916218548,0.2425885905947486
0.28947978564000865,0.23995282508884921,0.22323672229634314,0.24733066697479883
0.28965950446012045,0.24313800062749272,0.22221812169503125,0.24498437321735558
0.28932488105448845,0.23826445947871666,0.2241389595157394,0.2482716999510555
0.29016034697771903,0.2408950819733726,0.22232587323256717,0.24661869781634124
0.2898827225246991,0.23895564912015194,0.2231575383079476,0.24800409004720142
0.2923355295435411,0.2367156866581234,0.22362071359939734,0.24732807019893804
0.29194333750874546,0.23154556149923738,0.2217870500989031,0.2547240508931139
0.2896570192694373,0.23632542530304088,0.22202234857046943,0.2519952068570525
0.28733409959488154,0.234418812145626,0.2251225911692617,0.2531244970902308
0.28820583654508464,0.24601253624041303,0.22204529973797182,0.24373632747653048
0.287805105013817,0.24504834554743557,0.22341828588061624,0.24372826355813118
0.2890008559964139,0.24529183276551778,0.22315462085214788,0.24255269038592048
0.28940931149252397,0.24240313140353106,0.2228901804029013,0.2452973767010437
0.28761578482432937,0.2428948040385637,0.22248561063060754,0.24700380050649945
0.2871234168549072,0.2454372646467224,0.2237883167162928,0.24365100178207766
0.2889815660748831,0.24514322049224316,0.22374546439173854,0.2421297490411353
0.2914699632076086,0.2429326059122319,0.22223729634911912,0.24336013453104033
0.29227717609088805,0.23543279430021036,0.22306941902938904,0.24922061057951256
0.2894359901505324,0.2316841542203184,0.22240653432553092,0.25647332130361844
0.2871788979240338,0.23995107571752367,0.22290004266494504,0.2499699836934975
0.285243873547985,0.24340907700891531,0.22435788140320206,0.24698916803989754
0.28571506428356525,0.25441757181532254,0.22228386892456992,0.23758349497654221
0.28641622789741356,0.2517752391760356,0.2238608829828921,0.23794764994365866
0.28802001592231086,0.25041212640759003,0.2227765143889402,0.23879134328115897
0.28719216526109803,0.2475203414267525,0.22279705796932708,0.24249043534282233
0.28667692352514107,0.24825277251956507,0.22347562413809743,0.2415946798171965
0.28795185285252206,0.24763841782459062,0.2237307703075972,0.24067895901529018
0.2893657187412673,0.24605718601289991,0.2224681217575361,0.24210897348829669
0.2886864315231597,0.24346523537717593,0.22281166257199708,0.24503667052766734
0.28921172662978495,0.24168999849288758,0.22382933489649637,0.2452689399808311
0.28882856015684005,0.24117696868682875,0.22242435923190984,0.24757011192442144
0.2863288468539393,0.24630780352984738,0.22235550371166932,0.245007845904544
0.284238905729288,0.24815430772621141,0.22427080375305986,0.24333598279144072
0.2849436940702224,0.2562665921484202,0.2229455726478562,0.23584414113350122
0.2864160857349109,0.254112818792788,0.22349039899517123,0.23598069647712983
0.28798901021101087,0.25119130580445803,0.22284198773542752,0.23797769624910362
0.28799503880335725,0.2466380740006384,0.22315473760794288,0.24221214958806156
0.28777151946525575,0.24587717172912218,0.2231713351776579,0.24317997362796417
0.28821436331965417,0.24556554455617638,0.2233848714571141,0.24283522066705537
0.2883703603507617,0.2448712338601962,0.22283137062484729,0.24392703516419478
0.2884350964674896,0.24545213281907272,0.22295872642645417,0.24315404428698337
0.2905448430972312,0.24173456857666917,0.2239821148208437,0.2437384735052559
0.28990187723152894,0.2383045302397587,0.2212997653150971,0.2504938272136153
0.284690673503616,0.24540930676489442,0.22215276790828345,0.24774725182320614
0.283222609244942,0.249110458849124,0.22582744631684307,0.24183948558909082
0.28619554354259086,0.2570123257427094,0.22226694224919538,0.23452518846550438
0.28597368650740385,0.25633217188990404,0.22228323276735587,0.23541090883533622
0.287294923976257,0.2502739802640021,0.2245447963588121,0.23788629940092873
0.2896067851717701,0.24617874800365905,0.22266133817002412,0.24155312865454673
0.2892749785051788,0.24532719228456845,0.22211790809587945,0.24327992111437324
0.28948202326138955,0.23918654211477253,0.22452628521258222,0.24680514941125586
0.29362955506041977,0.23763397622237278,0.22296728635318325,0.24576918236402415
0.297969366854413,0.2252724260704794,0.2226618041821934,0.25409640289291424
0.3011912073057207,0.21025558542423725,0.22169826723809177,0.2668549400319503
0.29687739349771275,0.1975547857743006,0.22153814264118404,0.28402967808680263
0.29190905308227627,0.19879134557038,0.22315366269524634,0.2861459386520974
0.29278758161761936,0.2048822216710519,0.22622212013549842,0.27610807657583025
0.2947393823932641,0.21468453846817753,0.2230146051446587,0.2675614739938998
0.2948049583483063,0.21971391881822833,0.22146986623180032,0.26401125660166525
0.29478086966632533,0.2165986662431996,0.22373516230426807,0.26488530178620706
0.29275154405224624,0.2170401275559059,0.22244076540120342,0.2677675629906443
0.2927016398643406,0.22476767183376137,0.22253119878630284,0.25999948951559526
0.29180602622888724,0.22292113664859733,0.22451281218680497,0.2607600249357105
0.2929367040265067,0.23017023737738945,0.221682260607317,0.255210797988787
0.2930505413079634,0.2272565686002258,0.2234209219319774,0.25627196815983333
0.2943459826114995,0.2247644393794014,0.22313718726134418,0.2577523907477549
0.2924933078106975,0.22398902727305223,0.22171544530821252,0.2618022196080377
0.2904871644518438,0.22720819893026314,0.22318604688465696,0.25911858973323604
0.2890960915307763,0.23037964908635342,0.22419001983364117,0.256334239549229
0.28873854944851923,0.24007892096738706,0.22217020039875618,0.2490123291853374
0.2887170717199859,0.24211649652531103,0.22351948769529048,0.2456469440594126
0.290072067746732,0.2409566102358273,0.2233208217592029,0.24565050025823787
0.2893404676612208,0.24088322156399064,0.22192695722989844,0.2478493535448901
0.28901434939515613,0.2412987428319386,0.22351484004831096,0.24617206772459427
0.2897230724870539,0.2389687992356892,0.22386526035039309,0.24744286792686374
0.29156591357062855,0.24113753969928273,0.22195030421253767,0.24534624251755105
0.29066424511833666,0.23426494277654808,0.22332944527606766,0.2517413668290477
0.2913369377255018,0.23554515758316616,0.22289031318751237,0.2502275915038197
0.28918433834395263,0.23361964678462868,0.22283096468319782,0.25436505018822103
0.28594545142537664,0.24266489224889537,0.22229224260552083,0.24909741372020722
0.28429371327160674,0.2480014031503638,0.22452715585573096,0.24317772772229848
0.2863664651285246,0.2540448670074234,0.2232754553815776,0.2363132124824744
0.2893584611561154,0.25027672450337324,0.2229003719058595,0.23746444243465187
0.29107671520512346,0.2420668757221737,0.22297805340201018,0.2438783556706926
0.2908034310525837,0.23636601090606996,0.22288706081024076,0.24994349723110557
0.2896800347033842,0.235963916255805,0.22301988472218212,0.2513361643186287
0.2886423160768309,0.23808921123424984,0.22331112415021548,0.24995734853870377
0.28911377429005547,0.24170217770879815,0.22318378417646983,0.24600026382467663
0.2908295995350387,0.24023839218661214,0.22330936478661637,0.24562264349173285
0.29349407431404023,0.2355588880983538,0.22278023810184877,0.24816679948575723
0.2909140235369949,0.22943472517322389,0.2217854377055564,0.2578658135842249
0.28567752270987246,0.235746073902529,0.22269306952882115,0.25588333385877743
0.28484693678628964,0.24419045254257624,0.22532979839339692,0.24563281227773712
0.2880476178553969,0.25050951723690895,0.2231411057151674,0.23830175919252664
0.2910502244264421,0.24735503400020506,0.2220745625779038,0.23952017899544908
0.2916899958677343,0.2364372295758138,0.223460224677625,0.24841254987882683
0.29026955268237387,0.23362423979619473,0.22251327140665592,0.2535929361147754
0.2899708409152748,0.23658409867777538,0.2232843914600984,0.2501606689468515
0.2902718524119887,0.235477728421958,0.22384085137584753,0.2504095677902059
0.29264169339910245,0.23789681601887458,0.22215391061702888,0.24730757996499403
0.292180177672311,0.23031059105182902,0.22309203529850274,0.2544171959773573
0.2933168175088617,0.2305747930497203,0.2226186912000452,0.25348969824137263
0.29041482869250257,0.22635492244040234,0.22288687453104342,0.26034337433605187
0.2881333990473557,0.23671897152134608,0.222255357090236,0.2528922723410622
0.2873045963273999,0.2391921177107662,0.22493293267359293,0.24857035328824095
0.2901442023091013,0.24465724769990746,0.22262458381657013,0.242573966174421
0.29124016367791833,0.24020622021889518,0.2224495429657458,0.24610407313744068
0.2912507605330792,0.23558802904620627,0.22306354115436447,0.2500976692663499
0.29093806675658634,0.2332028594208355,0.22327529101761104,0.2525837828049671
0.29143391656712736,0.2345070825651546,0.22284460943604822,0.2512143914316698
0.2917514819025125,0.23255702920535923,0.2231960017055521,0.2524954871865761
0.2924758157684223,0.231995319945467,0.22269981594974866,0.252829048336362
0.2920149631185118,0.22964755998490663,0.2229006870806145,0.25543678981596696
0.2931897273344122,0.22957883453205258,0.2231048954787313,0.25412654265480394
0.2912882745492848,0.22690792667979917,0.22246861960216005,0.2593351791687559
0.28817615786916784,0.23486402709239299,0.22217439226672026,0.25478542277171895
0.28702728629441293,0.23852463812577232,0.22490105081995684,0.24954702475985796
0.28921536341251897,0.24492524313525368,0.2228915739416272,0.24296781951060015
0.29038297290686005,0.24315809069276423,0.22234613095362654,0.24411280544674926
0.29103669572053786,0.2382224968390394,0.22328672268989985,0.2474540847505229
0.2909370532110761,0.23456829012967345,0.22304739071983565,0.2514472659394148
0.2915033052975979,0.23582179270298048,0.22266596871958436,0.25000893327983725
0.2921755996256248,0.23152122984713308,0.22371758638049594,0.25258558414674614
0.29338700317315686,0.23076451080684263,0.22225965103875753,0.253588834981243
0.2936348067273162,0.22686834880840479,0.22292460890976493,0.25657223555451397
0.2951589278191009,0.2227633127100372,0.22334382083803977,0.25873393863282207
0.29260987190078036,0.22047655367850352,0.2215961402930509,0.26531743412766523
0.28831465218810964,0.22755017958200938,0.22256683150988937,0.26156833671999175
0.2874774061747419,0.23369178051359984,0.22543064626820303,0.2534001670434551
0.2890778756986477,0.24289960644054032,0.22241558556060548,0.2456069323002064
0.28881793049165844,0.24551833962255307,0.22213134284402566,0.2435323870417628
0.2895490003756032,0.24117858918110358,0.22415869420011153,0.24511371624318168
0.29050763863655976,0.2395626292043656,0.22246648038921493,0.24746325176985975
0.2915751998736949,0.23951236164542986,0.22257583417785895,0.24633660430301632
0.2923433810435142,0.23119848499511897,0.2241167031801368,0.2523414307812301
0.29410940574771444,0.2312832054742409,0.22169182128599174,0.25291556749205296
0.29262220951973533,0.22500329008373754,0.22312848086798162,0.25924601952854553
0.2943840645494617,0.22494540744321162,0.22338430482979638,0.2572862231775302
0.29285762081804817,0.22192778568988722,0.22230852077808747,0.2629060727139771
0.2899519421218796,0.22926588066199055,0.22187551264491323,0.2589066645712167
0.28790191236496687,0.23131626833303953,0.22501279091697057,0.255769028385023
0.2881032410495747,0.2418510432696361,0.22250446601407645,0.24754124966671262
0.286531979072093,0.24669973887292648,0.22257233172333907,0.24419595033164135
0.28746328796370135,0.24845437329504438,0.22393988461991116,0.240142454121343
0.29061871606821793,0.24409861401536112,0.22344929122207563,0.24183337869434554
0.2935356844997128,0.23896782096541408,0.2219994292786762,0.245497065256197
0.2938751359588548,0.22750104325757364,0.22339565762113964,0.2552281631624321
0.29338348667222713,0.22440734141793367,0.22251226285872552,0.2596969090511137
0.29217499301078154,0.22450504794014517,0.22302060570379673,0.2602993533452766
0.2927899781466231,0.22587883599266906,0.22363560391467535,0.2576955819460326
0.2912499167033538,0.22737586468777266,0.22211663933706016,0.25925757927181337
0.28800634798908215,0.2347462992375925,0.22237325877617103,0.25487409399715444
0.2861159872393307,0.2394694479285047,0.22460154416203365,0.24981302067013095
0.2883666491053167,0.24780805443342155,0.22316667204071808,0.24065862442054378
0.2907295179035583,0.24333363895262242,0.22283637121667077,0.2431004719271485
0.2911702688922246,0.23957205388111724,0.22224981239237246,0.2470078648342856
0.2893589043048453,0.2346956609688878,0.223509278719964,0.2524361560063029
0.29131625274475803,0.2380531805563076,0.22335220286179458,0.24727836383713983
0.2927585291383569,0.23236398112068707,0.22323228475473253,0.25164520498622334
