0.3044118259658642,0.21626332574297444,0.25096085975033344,0.228363988540828
0.29334236473813435,0.217858694493152,0.25116662881792856,0.237632311950785
0.29488227511185816,0.2166386994306803,0.2514908300182762,0.23698819543918526
0.2962419214067205,0.21705157271214404,0.2512523807877691,0.23545412509336633
0.2973071972805891,0.21728563648328256,0.25104022267460824,0.2343669435615201
0.29159638863245163,0.21676842938908936,0.25174369810354175,0.23989148387491727
0.2912722532730266,0.21613091331264073,0.25210785262508956,0.2404889807892431
0.30107196649094337,0.21718158456079223,0.2508279332363672,0.23091851571189717
0.2950968526009059,0.21759188880120436,0.2510839430984428,0.23622731549944695
0.2987780424259316,0.21725783376202318,0.2508949191155678,0.23306920469647743
0.2968505030446962,0.21750216874505815,0.25096261944514886,0.23468470876509678
0.2848435188540754,0.21588755687635564,0.25274825996236644,0.24652066430720246
0.30220069942277844,0.21658690141818956,0.251002887633062,0.23020951152596986
0.29914898009125584,0.21818798287364438,0.2505265008531682,0.23213653618193159
0.29936022143152363,0.21772651169770277,0.25061495072718054,0.232298316143593
0.2980445569702671,0.217648332434574,0.2507694038715991,0.23353770672355986
0.2996578550811031,0.21766903055728282,0.25063500259704913,0.23203811176456485
0.28841405467498726,0.21662842906167862,0.25205400011965073,0.2429035161436835
0.29870162323229843,0.21657810121567284,0.2512569088614009,0.23346336669062792
0.2969857608893273,0.21757024756166227,0.25096901406128097,0.23447497748772952
0.29433313721719334,0.21701296465508613,0.2513821484636137,0.23727174966410675
0.28805385386490057,0.2160401511386173,0.25241895850481844,0.24348703649166367
0.29335910772683604,0.21603235744674157,0.25202431712451956,0.23858421770190272
0.28299036491701535,0.2153882561663455,0.25330140413911817,0.248319974777521
0.30397395301381575,0.21660226870963953,0.25089353232992756,0.22853024594661714
0.29609100391904525,0.21807902621488512,0.25082674411367356,0.2350032257523961
0.2998944777528418,0.21744340335704465,0.2506996887601476,0.23196243012996615
0.2993869276966805,0.21786777964179893,0.25058197413817446,0.232163318523346
0.2966324599706657,0.21749723414211664,0.250947201943278,0.23492310394393962
0.28758785738482195,0.21620008804853946,0.2523439392318156,0.24386811533482297
0.3030680790660629,0.2169469860860017,0.2507513814842017,0.22923355336373374
0.2975602141578294,0.21809330968456675,0.2506725042761091,0.23367397188149483
0.2941405751386529,0.21701097508063938,0.2513639680054321,0.23748448177527573
0.29629785407398557,0.2169400597241515,0.2512718497170189,0.23549023648484396
0.30975378258902225,0.2184537777959071,0.24955368308844605,0.2222387565266246
0.28795222812767834,0.21766045600716757,0.2515609357208068,0.24282638014434738
0.3068978102004661,0.21720156574949342,0.25023646953866713,0.22566415451137342
0.30101197132646346,0.21884057630110523,0.25005508752608674,0.2300923648463445
0.30306702104905975,0.21823647550398312,0.2500678731906566,0.2286286302563006
0.30284421311564486,0.2184912592092074,0.25000057035707296,0.2286639573180746
0.30145053578621994,0.21831466485264592,0.2501719896769609,0.23006280968417328
0.29620789274951,0.21764436148732633,0.25088464480795536,0.23526310095520833
0.3013527368223565,0.2176238045947223,0.25051205925560255,0.2305113993273186
0.2977285053659349,0.21785152809334735,0.2507144651956673,0.23370550134505041
0.30381535983654345,0.21801411484716215,0.2501460723732139,0.2280244529430805
0.29724134988828427,0.2180479175015027,0.25064658183319477,0.2340641507770183
0.2942102971433165,0.21697970973685576,0.25136578712763513,0.23744420599219257
0.2813563664610146,0.21517125534576007,0.25346938212164755,0.2500029960715778
0.3098509047188149,0.21694396929035137,0.25025229064949434,0.2229528353413395
0.303301539317136,0.2194278340058629,0.24967039255948925,0.22760023411751176
0.3053209136026079,0.21865868607968722,0.24970290111411445,0.22631749920359046
0.30100381142746824,0.2185358926583302,0.25010272450128385,0.2303575714129177
0.3003755521662995,0.21799593500552666,0.25038434121604564,0.23124417161212815
0.2882394126993695,0.21665670485141134,0.25202654378526157,0.24307733866395762
0.3001106690417595,0.21669326665513286,0.2510793753495128,0.23211668895359494
0.2994852731063779,0.21797155778751062,0.25058018320034064,0.2319629859057707
0.29796769132399104,0.21764157778000467,0.25077515093282365,0.23361557996318053
0.2914256745362908,0.2167886135505795,0.2517183334066712,0.24006737850645846
0.3023142392326877,0.21725414688281638,0.2506451533046356,0.2297864605798604
0.28940988419278,0.21708648087847376,0.25178460432295235,0.2417190306057937
0.3053638065981504,0.2172859419041716,0.25036792105735894,0.22698233044031915
0.30676499104469573,0.21919405362660582,0.24947413304882043,0.22456682227987806
0.30477974675617897,0.21902025342310433,0.24960817822138473,0.22659182159933194
0.2996454910713711,0.21831295140657173,0.25028452619721187,0.2317570313248452
0.2951385996226299,0.21732416994737708,0.2511101526429935,0.2364270777869994
0.2878701175511868,0.21607644049829136,0.2523864986111444,0.24366694333937733
0.3044279839861027,0.21711551402897802,0.2505734138936901,0.22788308809122923
0.3000545929978847,0.218483627960423,0.2502969426477333,0.23116483639395913
0.30053454037509475,0.21791712791956053,0.25041991547233355,0.2311284162330111
0.2936887906179771,0.2173050750479013,0.25126811625596884,0.2377380180781527
0.30460517049183183,0.21767486645085765,0.25024882086490463,0.22747114219240583
0.2848905077195957,0.2167589077597115,0.25229975883919725,0.24605082568149558
0.311737229370746,0.21734659614632992,0.24983934216409392,0.22107683231883013
0.3042921477078279,0.21969215739510825,0.24946020919407155,0.2265554857029922
0.2954581889797655,0.21778186841424835,0.2508187286167015,0.23594121398928466
0.29182596075944317,0.21652905442304665,0.2517825856688161,0.2398623991486941
0.294023799504296,0.21647879846173096,0.25171100334680213,0.23778639868717083
0.2814691503617702,0.21521770530026996,0.25348936816077533,0.2498237761771844
0.3070409649326512,0.21671868706322778,0.2505876101027437,0.22565273790137724
0.2941848670409266,0.21821369451831577,0.2509147420497598,0.23668669639099782
0.2919350241795933,0.21637774745216742,0.25183902548807996,0.23984820288015934
0.2940344812600226,0.21650493840665877,0.25170758261832277,0.23775299771499597
0.30053707825171877,0.2174088353278858,0.2507525657549734,0.23130152066542206
0.284252899123865,0.21624330267378455,0.25263776368542185,0.24686603451692868
0.3091665107449998,0.21711194867144304,0.2501746505377725,0.2235468900457846
0.2978839871095206,0.21880310037764455,0.25033006837126265,0.23298284414157208
0.29945924900192716,0.21753881126329594,0.25064927110125723,0.23235266863351967
0.29531534982232627,0.2173883100609899,0.251115250469819,0.2361810896468648
0.3029290789582086,0.21769823887287196,0.2503723950693446,0.2290002870995748
0.28786799610112257,0.21693307934545925,0.2519557134696303,0.24324321108378788
0.30427140856337853,0.21702422988550701,0.250572650060931,0.22813171149018338
0.2932290922539572,0.21775971133054384,0.25116470630127935,0.23784649011421954
0.2949260575992421,0.21663394120460625,0.25148834143354865,0.23695165976260302
0.2976129566211377,0.21719862117423278,0.25107068805866717,0.23411773414596224
0.29430031137719187,0.217110793782413,0.25136243854036056,0.23722645630003458
0.2786571313463719,0.2148024030747264,0.253917393766658,0.25262307181224375
0.3117628177572336,0.21683308824740202,0.2501607058393512,0.22124338815601313
0.2947468291570754,0.21880133699333787,0.2506034006471484,0.23584843320243834
0.30136661777471496,0.21737269902641623,0.2505681313873318,0.23069255181153703
0.29915790080035837,0.21801358314370933,0.25053637379962257,0.23229214225630976
0.29802047426502415,0.21760160465752806,0.2507791325090008,0.23359878856844699
0.2927939197672556,0.2169504568536934,0.2515276313918424,0.2387279919872084
0.3006708917013747,0.21723658215706648,0.2507796701355572,0.23131285600600152
0.30757216697128387,0.21873762565700672,0.24959611136821452,0.22409409600349484
0.2923516912960761,0.2178956177911122,0.251073371793988,0.23867931911882384
0.29094627671166245,0.21607331285232362,0.25207294660758633,0.24090746382842765
0.292883105857133,0.21629450153980198,0.25192964365836684,0.23889274894469817
0.2884159281353001,0.2159907071805088,0.25247631752404415,0.24311704716014712
0.31402835090806436,0.21799921173486922,0.24945355492365334,0.21851888243341325
0.2982683777713101,0.21932509771100533,0.2500380099498848,0.2323685145677998
0.3075861390968951,0.2182903532434538,0.24967158261789282,0.22445192504175826
0.2993154267207785,0.21865738410226046,0.25020083670959714,0.2318263524673639
0.2964991527308689,0.21740481034677678,0.25094687305288277,0.23514916386947166
0.2999702228017322,0.21754072036270955,0.25067117639396613,0.23181788044159204
0.3062569741718566,0.218514687054907,0.2497674915013954,0.22546084727184096
0.2967333098114421,0.2182333622012698,0.25058271297353507,0.23445061501375314
0.29289065317235924,0.21675998370523045,0.2515632716228956,0.23878609149951463
0.30069541092178725,0.21726224145770417,0.2507721103439255,0.23127023727658308
0.2992801522049368,0.2179683921361009,0.25056501914462775,0.23218643651433452
0.28977739329864893,0.21672378652811972,0.2518740988981162,0.24162472127511525
0.31091251170507217,0.21782920802754477,0.24971311531623813,0.22154516495114493
0.30433826008817605,0.21956364670242387,0.24948711490752506,0.226610978301875
0.30650233985472874,0.21886670214264756,0.2495208872148584,0.22511007078776524
0.29800958968283475,0.21835574003904182,0.25040041137449476,0.23323425890362862
0.2981569821475799,0.2174495127569254,0.250804263424536,0.23358924167095885
0.29830230228277116,0.21755904868035975,0.2507992420421424,0.23333940699472666
0.30101058810554027,0.21783896756304377,0.2504593138473948,0.2306911304840212
0.29912160128517407,0.2179364303420428,0.25055482960816544,0.23238713876461767
0.2952903829921842,0.21731867515968156,0.2511310547316065,0.2362598871165278
0.30294847592217117,0.21770155678593883,0.2503709779121207,0.2289789893797693
0.29469398937970015,0.21771024216995158,0.25102274735813584,0.23657302109221243
0.2824735656669038,0.2153158092362363,0.253235113547894,0.24897551154896583
0.32205764757970157,0.2179590834697024,0.24886142209891696,0.21112184685167898
0.30789565278044867,0.22115022032596365,0.24863036247677642,0.22232376441681131
0.293197735028677,0.21783206445033804,0.25090077008080336,0.23806943044018153
0.3073757295900054,0.21780569696195162,0.24992550069054986,0.22489307275749315
0.30219584174910036,0.21895647879517613,0.24988380291306964,0.22896387654265382
0.28639486404405035,0.21656434445112804,0.25217211366544906,0.24486867783937247
0.3045986843198681,0.2169132278066495,0.25060291250013167,0.22788517537335062
0.2959393541092596,0.21809804928649526,0.2507989489419426,0.2351636476623026
0.28894039214038586,0.21623814464498536,0.2521715480111649,0.24264991520346388
0.27705600337949304,0.21403180443958325,0.2545622737444168,0.2543499184365069
0.2715800407202779,0.21203825000898,0.2565372531964699,0.2598444560742721
0.26650453041053856,0.21072773775891923,0.25821033398251014,0.26455739784803217
0.2909169418691829,0.2139328675271604,0.25387864788479175,0.24127154271886506
0.2945687710371838,0.21673534633874558,0.251825630873305,0.23687025175076562
0.27865022247064175,0.21489357235156598,0.25394419160015436,0.2525120135776381
0.2869312878372873,0.2143419666590247,0.2535718682068956,0.24515487729679244
0.2897335466653013,0.2156662089080802,0.2526906624998752,0.24190958192674314
0.2796329064860782,0.21457093854413456,0.25410956947257873,0.2516865854972084
0.30329010257252065,0.21624637363614707,0.2511740244471152,0.22928949934421705
0.28535419186142796,0.2168067355212985,0.25236493104721086,0.24547414157006262
0.2909178647912995,0.21539475788417525,0.2525058180248612,0.2411815592996639
0.2930017051450378,0.21637390411628157,0.2519439225306697,0.23868046820801098
0.2843212926769399,0.2154955902378805,0.2531010083290183,0.24708210875616138
0.284555121831361,0.214621888467553,0.25360027731520207,0.24722271238588409
0.3038450369510054,0.21683869763205105,0.2508569642764756,0.22845930114046803
0.2933163152804133,0.21775223497282004,0.2511943210393934,0.2377371287073732
0.2990423374083563,0.21707314051899157,0.2509487947144971,0.23293572735815507
0.3023596319470073,0.2180921430647167,0.2502700591082864,0.2292781658799896
0.2906077407996366,0.21715908557406313,0.2515922937345082,0.24064087989179195
0.29410838553482843,0.21629619405993533,0.2517456426340484,0.23784977777118793
0.3074848622339666,0.2180686126673226,0.24991601950644177,0.22453050559226898
0.28839777255925264,0.21748932168377727,0.25163169223904314,0.24248121351792695
0.29578819626182473,0.21619951898406073,0.25162225896395773,0.23639002579015672
0.29068961666824,0.21658344045564265,0.25197996402546147,0.24074697885065582
0.2983182597866702,0.2168080260636575,0.251202529110237,0.23367118503943518
0.28878868068247715,0.21660154774595522,0.25210437992973667,0.2425053916418311
0.3110937028346497,0.21775137427239682,0.24974658286497553,0.22140834002797807
0.3084462334741152,0.21995617465131817,0.2490402955430749,0.22255729633149168
0.29883578227756485,0.2185816526800073,0.25020048073668577,0.23238208430574206
0.29385288934583126,0.2170684485707024,0.2513114816548657,0.2377671804286007
0.2922218957331497,0.21645694564366227,0.25183514534826146,0.23948601327492655
0.29259478716714477,0.2163772929862365,0.2518957958462745,0.2391321240003443
0.298040350701495,0.21701031096546208,0.25114644536405945,0.23380289296898338
0.2983893923280862,0.2176045806253419,0.2508155380454029,0.23319048900116893
0.2996019512428313,0.21771120202210067,0.2506309371453688,0.23205590958969918
0.29250738568392026,0.21709092933824606,0.25148407404667955,0.23891761093115405
0.28834105478012406,0.2158602934516728,0.2524732579616207,0.2433253938065825
0.2838450285225059,0.21494178732488978,0.253457608715071,0.24775557543753338
0.3136148748462057,0.21755261496184541,0.2497210615101341,0.21911144868181484
0.31078428413551834,0.22046480393508341,0.24870330621187287,0.22004760571752524
0.29011262908366175,0.21787116335726006,0.2511705702038101,0.2408456373552681
0.29407228649770906,0.21616265496521134,0.2517451867034496,0.2380198718336301
0.2909841406306747,0.21642318640634975,0.2520278520882542,0.2405648208747213
0.29142987660794806,0.2161164690672291,0.25213475597329327,0.24031889835152956
0.30519579961424437,0.2175878142229447,0.25031788820689965,0.22689849795591135
0.2888654466130416,0.21732606549982383,0.25170243887061383,0.2421060490165208
0.2943620037469419,0.21611697506632518,0.2518006738531402,0.23772034733359276
0.28550928824835864,0.2158088854731301,0.2528334423059194,0.24584838397259176
0.29656418863793427,0.2161180554076925,0.2517254395746143,0.23559231637975891
0.28379206153551806,0.21584953430895684,0.25298534954030527,0.24737305461521977
0.31069057551983775,0.21723151876704053,0.2500365385288871,0.22204136718423467
0.3003534338363016,0.2192157452962759,0.24996348738919177,0.23046733347823076
0.29209176377340146,0.21700712377457945,0.25146782814219526,0.23943328430982386
0.2911595029153727,0.21614179668367106,0.25207947934748676,0.24061922105346947
0.29557424281266437,0.21660924659670977,0.25154927507100855,0.23626723551961726
0.29200383342781905,0.2166821300922728,0.2518024269013431,0.23951160957856518
0.29532758948752075,0.21663541199447744,0.25152883514004554,0.23650816337795633
0.29067662373738706,0.21649856340046358,0.25199972319856967,0.24082508966357974
0.29146874214150276,0.21607794527007715,0.25214179401320885,0.24031151857521116
0.2900503310607957,0.21604195161724649,0.2523186270619082,0.24158909026004946
0.29439187807769424,0.21637575328770767,0.2517804452017397,0.23745192343285854
0.28275834579884473,0.21544525680871787,0.25326606683301833,0.24853033055941903
0.30816824870689846,0.21694003196398853,0.25038662523231936,0.22450509409679353
0.30358754501805196,0.21926325985002118,0.24971503485109106,0.22743416028083577
0.29291125559625336,0.2174637053911971,0.2511936197026842,0.23843141930986522
0.2936760455190966,0.21647618543388605,0.2516708049309946,0.23817696411602265
0.29647314670006353,0.2169542026916918,0.25128752140377497,0.23528512920446962
0.2890654054117641,0.2164128422420708,0.2521600723457877,0.24236168000037742
0.29862608293099463,0.21666791176785602,0.2512447110359997,0.23346129426514967
0.28876378231031163,0.21664587007292718,0.25209581563498507,0.2424945319817761
0.28767222771628476,0.21540425408436303,0.252804627974922,0.24411889022443023
0.2907989908945352,0.2157618703590782,0.2524390018834873,0.24100013686289934
0.2861392775178264,0.21553175742381972,0.2529652658488402,0.2453636992095136
0.2789273762885938,0.21406609179467787,0.2544513592606403,0.252555172656088
0.30905311454905604,0.21672360288040232,0.25050160362333984,0.22372167894720163
0.3034682316791071,0.21937934877052523,0.2496994690535112,0.2274529504968564
0.2901716415728842,0.2171331407688173,0.2515670008061336,0.2411282168521649
0.3024720273512946,0.2170894767990926,0.2506701861156639,0.2297683097339489
0.2976406511206508,0.21801579887380787,0.2506828437948634,0.23366070621067792
0.2873191292194191,0.21624205458622633,0.2523165374392126,0.244122278755142
0.3031090301981525,0.21691422928163112,0.2507556310680978,0.22922110945211852
0.2839262628882085,0.21653522325695668,0.2525579063046088,0.246980607550226
0.28848692017677025,0.2149673247581396,0.2529546813067743,0.2435910737583158
0.2893823014185535,0.21572806185832707,0.2526205550195821,0.24226908170353734
0.2931783718866626,0.21620449359246516,0.25200313586199946,0.23861399865887267
0.2776747030319602,0.21462374273744556,0.2542049233627481,0.25349663086784624
0.30500404697328837,0.21617519901245763,0.2510441403862424,0.22777661362801158
0.3001240513494302,0.21864484059346456,0.25028784939318915,0.2309432586639161
0.2963497633590049,0.21749526603431996,0.2509389519098499,0.23521601869682507
0.30412162334230614,0.21791244978361227,0.2501762599738317,0.22778966690025002
0.30548049663376786,0.21888482370632123,0.2496618445631942,0.22597283509671673
0.28586787711089584,0.2168794825331007,0.25207175259255016,0.24518088776345343
0.2908433760104061,0.21541777486943928,0.2524677112745881,0.2412711378455665
0.28620994323378735,0.21556354494527355,0.25295258800502174,0.2452739238159174
0.28692385757941385,0.21513123081399713,0.2531132509205709,0.2448316606860181
0.2936967139842124,0.21603725164980556,0.2520778193806135,0.2381882149853685
0.2924097433809307,0.21657518307507456,0.2518706734499286,0.23914440009406626
0.2843836386103599,0.21541642081164325,0.2531154680076436,0.24708447257035318
0.3079006229984105,0.21709948396551634,0.2503415407633021,0.22465835227277106
0.3036022308668938,0.21922108316458636,0.24972346806364415,0.22745321790487577
0.29979313038348204,0.218187112785649,0.25032898801190795,0.23169076881896106
0.286944318827355,0.21641622511048178,0.25223918107751825,0.24440027498464476
0.29623275826275974,0.21617459116321752,0.2516638935496933,0.2359287570243293
0.29472083072690014,0.21708951590375336,0.2514043512945763,0.2367853020747703
0.3016912066550036,0.21754922023733925,0.2505660388295899,0.23019353427806735
0.2800288361522362,0.2157993608071759,0.2532301165871942,0.2509416864533937
