0.3234135291841067,0.2048316943878727,0.23423730469999374,0.237517471728027
0.33265758538752943,0.2058512336191314,0.23483523752029123,0.226655943473048
0.32006348501645554,0.2078428870961247,0.23452137392289726,0.23757225396452256
0.32453519608567705,0.2056275135141494,0.2340938314884911,0.23574345891168244
0.324392600109624,0.2066565002299262,0.23429654706090258,0.23465435259954712
0.3264262719816455,0.20643288626057169,0.23457455764202112,0.2325662841157616
0.3251075506334755,0.20688916639540483,0.2345842694518874,0.23341901351923236
0.3283162381724936,0.20666944929264924,0.23461850308218965,0.23039580945266724
0.2871210279520248,0.2090725822334957,0.2306045020686613,0.27320188774581816
0.32036046276473634,0.2002833770844069,0.2328850569559718,0.24647110319488505
0.30661451034843,0.20706008941856738,0.23312955330355103,0.2531958469294516
0.32714015132335006,0.2034263002323836,0.23457397829164967,0.23485957015261666
0.3154607679486419,0.2077170882437752,0.23412833378685283,0.2426938100207301
0.3380157351189775,0.20433618223948297,0.23493742990306218,0.22271065273847734
0.29945242151200957,0.20957381766892386,0.23301814902944584,0.2579556117896208
0.33219296278457744,0.20199625445192398,0.2338885874756665,0.23192219528783206
0.3127174443163853,0.20845299254031158,0.23402931492909843,0.24480024821420462
0.33232051986455596,0.20384363053442245,0.23499429026164442,0.22884155933937705
0.30929943294490997,0.20862430615181557,0.23378430111460202,0.24829195978867236
0.3308969030571006,0.20368145160262374,0.2343057182959148,0.23111592704436096
0.30424035916189396,0.20807121455059222,0.233126471181605,0.25456195510590884
0.33942655696627044,0.20167607708345128,0.2346449870893087,0.22425237886096974
0.3216318091051632,0.20960432033991855,0.23441303697864832,0.23435083357626985
0.34331812222647823,0.2047461596608549,0.2350143932345299,0.21692132487813692
0.33374644584995256,0.20894785213634812,0.23539299154371837,0.22191271046998098
0.34868506139856026,0.20652428382605315,0.23533834869697254,0.209452306078414
0.31759505137358796,0.2113385370478009,0.2342603302817151,0.2368060812968961
0.349838129188086,0.2038640770309537,0.23469532737691146,0.21160246640404895
0.33124467560461585,0.21038659066039983,0.23526829964682763,0.22310043408815666
0.34171418835941414,0.20677236355831033,0.2349973747247668,0.2165160733575088
0.33394857322833155,0.20914210135136713,0.23489661286125108,0.2220127125590503
0.3499031722267313,0.20633719525397815,0.23532016038275294,0.20843947213653763
0.31791173008669216,0.212139895095705,0.2340660050219095,0.2358823697956933
0.3407433038396973,0.20489352303849737,0.23434246483801455,0.22002070828379083
0.32676884116102556,0.2098095092102764,0.23455064359492478,0.22887100603377322
0.3452053862312091,0.20572325243543224,0.23527423399536138,0.2137971273379974
0.3373159317391381,0.2095430839829126,0.2353690459505167,0.21777193832743252
0.34847402161746416,0.20724903299368413,0.2352478352125481,0.20902911017630357
0.3295622707869422,0.21020615159758352,0.23495954863751606,0.22527202897795828
0.3455481151245335,0.2060875585826838,0.2349760711503411,0.21338825514244164
0.32183430474340535,0.21104196114222998,0.23435596430219968,0.23276776981216502
0.3455002001839249,0.20505236219017905,0.23489153127250176,0.21455590635339436
0.3294273337360003,0.2100189150321158,0.235200011665513,0.22535373956637084
0.3391594800111229,0.20681655306066887,0.23498991798631516,0.21903404894189307
0.2981581301574648,0.21103382605727997,0.2318829177828915,0.25892512600236367
0.3418432180083905,0.2011481511632864,0.23408723762973996,0.22292139319858306
0.3247031960063164,0.20978143899152937,0.2347052833420605,0.2308100816600936
0.3483429981422072,0.20519266822377571,0.23515040978369636,0.2113139238503206
0.3372693392366719,0.20970678451860733,0.23558279950534955,0.2174410767393711
0.35007446235204887,0.2070233521447537,0.2353785001290107,0.20752368537418672
0.31848360187792574,0.21159840252187054,0.23422390329510684,0.23569409230509683
0.33976287695274104,0.2048066604771552,0.23440881730775867,0.22102164526234505
0.32932361349795014,0.2090366945479839,0.23487092099468854,0.22676877095937736
0.3406867490567468,0.20637110389130062,0.23527075628258062,0.2176713907693719
0.3269583422845051,0.20966216811752528,0.23467777631452857,0.228701713283441
0.3434696475954702,0.20589360226880785,0.23494351782159376,0.2156932323141282
0.31851658190739635,0.21046378351560424,0.23410413203022273,0.23691550254677665
0.34099512536828236,0.2045745524114346,0.23460469731767927,0.21982562490260374
0.334112681263879,0.20916757655509796,0.23496820245783673,0.22175153972318634
0.3493274137535127,0.2064638372776623,0.2354719624075216,0.20873678656130346
0.333395426128399,0.2104469878955655,0.23537084453412738,0.22078674144190805
0.3446050934811943,0.2071258907393961,0.23498450236987128,0.21328451340953844
0.2962079781204986,0.21154008076579464,0.23193219486328018,0.26031974625042653
0.3367219795348959,0.20141000102998297,0.23376026172898412,0.22810775770613687
0.31482500659317303,0.20985578900868,0.23394162575759092,0.2413775786405561
0.3368016745935208,0.20437897627375404,0.23490647416535,0.22391287496737508
0.3071271761279863,0.21035073521632525,0.233141899141181,0.24938018951450758
0.34102692891877073,0.20310098701090615,0.23442462888524207,0.22144745518508097
0.27733323398902404,0.21091884089470364,0.2298059245721016,0.2819420005441708
0.34064686905510777,0.19818367880573906,0.23346500749144736,0.2277044446477058
0.31766603875644384,0.2100078335522313,0.23460846021762957,0.2377176674736952
0.3368516944645648,0.2046726039247713,0.2352547309428487,0.22322097066781507
0.3186012827133922,0.20911159857032144,0.23455858906902208,0.23772852964726424
0.33811445770001697,0.20484911525758875,0.2348533218575946,0.22218310518479972
0.28534997433368625,0.20999093905190175,0.2308511161907593,0.2738079704236526
0.34447862104931726,0.198705562758273,0.233969686146064,0.2228461300463457
0.3099784622262888,0.21089029347267824,0.2340685678486202,0.24506267645241275
0.3361575985799782,0.20345635142310683,0.23453118345060922,0.22585486654630582
0.3102050387381138,0.2093464611811592,0.23355203949702566,0.2468964605837013
0.3420978730665111,0.20328464344732733,0.23464425467210628,0.2199732288140552
0.2825512986388606,0.21134928156681476,0.23060192218468115,0.27549749760964354
0.3372295681344363,0.19925447680932604,0.23335641217724706,0.23015954287899057
0.31031864473974335,0.20998956179182238,0.23368426593305333,0.2460075275353809
0.3365569670018118,0.20328849172632282,0.2351086999865327,0.22504584128533262
0.31702394452755495,0.20967140508727242,0.23414716933378762,0.23915748105138496
0.34461610673395615,0.20428854048357298,0.23488244499664576,0.2162129077858252
0.295696030759897,0.21084079641536183,0.23245613559065087,0.26100703723409036
0.3474575447705026,0.20059774910899425,0.23420708397537146,0.21773762214513184
0.3047741878962382,0.21180650852455646,0.2336490912758562,0.2497702123033491
0.3432691684428932,0.20245629039997998,0.2344649518445229,0.21980958931260408
0.326584439679394,0.2090869882912362,0.23526493032964468,0.22906364169972504
0.3344363141241469,0.20661498900291103,0.23476611081069107,0.22418258606225092
0.2867956425748438,0.20986824926132788,0.23032511969856545,0.27301098846526284
0.33502320096699306,0.19933512895899072,0.23371678078072378,0.2319248892932924
0.32311102684180665,0.20863735197509206,0.23468350701081436,0.23356811417228704
0.33839591714139416,0.2053912923299299,0.23524720026642687,0.22096559026224907
0.3376758708802527,0.20819897134405024,0.23516260681230228,0.2189625509633949
0.3441723156258853,0.20729449099980096,0.2354154851643936,0.21311770820992013
0.3224283144466316,0.2099935807661613,0.23448985277657056,0.23308825201063643
0.34575960440753906,0.20508576052875657,0.23470398486402774,0.21445065019967655
0.33921241601042496,0.20892682602381663,0.23566428064009765,0.21619647732566075
0.3433718662287188,0.2078957506901629,0.23540209918601115,0.21333028389510716
0.32848248336103547,0.20985546499932892,0.23476803966724505,0.22689401197239062
0.3369185220568884,0.20664072982053697,0.2347137570776499,0.22172699104492477
0.3175651519341404,0.20915206837825917,0.23393358768897932,0.2393491919986211
0.34515475022298514,0.20415502822464704,0.23473613753544287,0.21595408401692495
0.33148274122260585,0.21010471894345467,0.234911347077585,0.22350119275635433
0.35020796223809314,0.2059129229451481,0.23536570323532807,0.20851341158143075
0.34318031659446596,0.20963561872316178,0.23564653844684816,0.21153752623552421
0.34502025181261853,0.20850782704851945,0.2352719990007253,0.21119992213813676
0.3345961078858138,0.20952693376262504,0.23488523706473435,0.22099172128682676
0.3500898566209787,0.20649288808123126,0.23522171707400427,0.20819553822378584
0.33451793847530703,0.21047468714471898,0.2354017998713813,0.21960557450859264
0.3412803157227637,0.2076100167547563,0.2349360701188094,0.21617359740367076
0.3354272267396731,0.20890162782617064,0.23499877611832182,0.22067236931583445
0.34324628590464284,0.2073359538698673,0.23517125961957278,0.21424650060591716
0.3238756552774239,0.21015521271760484,0.23442974922806156,0.23153938277690975
0.33747946712752525,0.2061307628567008,0.23443665085441912,0.2219531191613548
0.34134892124995425,0.20800804735172754,0.2350826135532889,0.2155604178450292
0.34948352720509945,0.20730859835152246,0.23596788745211797,0.20723998699126012
0.3399549404733143,0.2101314450197311,0.23538669555916755,0.214526918947787
0.3476076619898031,0.20786896722291295,0.23509149472261812,0.2094318760646657
0.335472536767151,0.20912561557304712,0.23533687540229334,0.22006497225750854
0.34582261912152845,0.20699296201073591,0.23519204847293224,0.21199237039480334
0.33489185062767024,0.21011989480981982,0.23500998730363903,0.21997826725887087
0.3347103460755352,0.2078220011043583,0.23484992322384385,0.22261772959626255
0.3378526138491527,0.20754742794548237,0.23502837655434664,0.21957158165101828
0.31925376825686375,0.20996329277244838,0.23403493561665814,0.23674800335402965
0.21200493169844503,0.2047342355044908,0.2125396355514376,0.37072119724562647
0.30225954544811506,0.18863304654961002,0.22772565827861876,0.28138174972365626
0.2542489893555316,0.20460170000603242,0.22599363220362087,0.3151556784348152
0.2739708330313158,0.19668348485386375,0.2286029715985369,0.3007427105162835
0.2642143807288858,0.1989522581047275,0.22717817237955473,0.30965518878683196
0.2714570209188982,0.1969511287109667,0.22800500513675573,0.3035868452333794
0.1977622384760022,0.18430467667228276,0.2107473209678182,0.4071857638838968
0.25483295858282035,0.1806119577211627,0.22392802313011917,0.3406270605658978
0.2533370449309034,0.19379248843367175,0.22718286835701496,0.3256875982784099
0.24678493246267616,0.1888319493808487,0.22952932128083167,0.3348537968756435
0.23212777579909463,0.1867829860653837,0.22242754819394386,0.35866168994157777
0.2339683586344812,0.18090243919194837,0.22214062098105783,0.36298858119251265
0.13220959555749284,0.14906872735583643,0.1810303706597548,0.5376913064269159
0.2346132001413221,0.16089163272623938,0.2147996131451417,0.3896955539872968
0.24616059355640021,0.18241214877445883,0.2255079229403343,0.3459193347288066
0.26561444740404927,0.18712679574503993,0.22975717443434535,0.31750158241656534
0.2847366580501879,0.1947083460744851,0.2302215153571684,0.29033348051815877
0.30621773301630256,0.1981209769760416,0.23343583856329056,0.2622254514443652
0.26462305305990014,0.20031216560533105,0.22816682108571082,0.306897960249058
0.32919107041033807,0.19521390281938683,0.23326124104594284,0.24233378572433228
0.2965456089025828,0.20729587896333596,0.23336387199454928,0.26279464013953197
0.3211636539470467,0.200702348488176,0.23417225496537158,0.24396174259940587
0.3167549617843161,0.20602101165895947,0.23401621151685353,0.24320781503987082
0.30494118695017136,0.20511809560622177,0.23317036671248012,0.25677035073112686
0.29415911255774535,0.2032125190496418,0.23127338960013913,0.2713549787924737
0.3289042323793838,0.20049980414196744,0.2340011019076847,0.23659486157096402
0.3074987050992079,0.20830324245640966,0.23353510334496125,0.25066294909942116
0.3445374794300122,0.20234841625288835,0.2348586429020799,0.21825546141501956
0.33337478832444706,0.20893147055019,0.23567713299046966,0.22201660813489305
0.3370749959621271,0.20753004692027563,0.23481782130997664,0.22057713580762053
0.313513390797141,0.20898365487804704,0.233466903368805,0.24403605095600678
0.3430055832776372,0.20350696110454136,0.23475171191879202,0.2187357436990295
0.30979644458761735,0.2111345059262971,0.23392583954639745,0.24514320993968802
0.33504051097989446,0.20386939591881856,0.23439138879313387,0.22669870430815323
0.31878898493146507,0.20876308651724587,0.2342324860162046,0.23821544253508448
0.33327999173530964,0.20499853031673657,0.23466365435725697,0.2270578235906968
0.29708225339152283,0.20969317908255403,0.23171764450972215,0.2615069230162009
0.3274250208644039,0.20219860367935796,0.2332531353403789,0.23712324011585928
0.33168097896344756,0.2067442286965535,0.23504239804808374,0.2265323942919153
0.3415918114021998,0.2066558989181039,0.2360473591257731,0.21570493055392312
0.32766354839579265,0.20968745364875627,0.23507102836083457,0.22757796959461637
0.32987861291439835,0.20723792066508742,0.23413843457981748,0.22874503184069683
0.30772198334637074,0.20686683460175628,0.23315695112359192,0.252254230928281
0.32570179454265613,0.20344029139328643,0.2340391099734158,0.2368188040906416
0.3242583299519058,0.20709816256720778,0.23447824144349264,0.23416526603739377
0.3238680728488481,0.20649760437393783,0.2346710882261846,0.23496323455102944
0.32333262128890317,0.20688009157404513,0.23421929884369017,0.23556798829336156
0.3089513180231264,0.2065912423392488,0.23346181559903914,0.2509956240385856
0.27120679617390225,0.20521225841355487,0.22740785224344714,0.29617309316909574
0.32603202343099064,0.19743986757727008,0.23272221202026314,0.24380589697147625
0.32169199932870796,0.20686447124754298,0.23500151392452007,0.23644201549922897
0.33260208369151806,0.2056128020871376,0.23554395423963198,0.2262411599817122
0.3119315890142276,0.20865268179072674,0.23404367700224976,0.24537205219279595
0.32455489609864147,0.20475645924582228,0.23367052163372223,0.23701812302181413
0.2843824518735868,0.20659723224440743,0.2306648366403902,0.27835547924161563
0.33662105285336985,0.1988967948033412,0.23412815761131173,0.2303539947319773
0.28998035458006916,0.2104153351889334,0.2321707342571171,0.26743357597388023
0.3240978116855568,0.2008274632807475,0.233559031989379,0.24151569304431683
0.28334490177588784,0.20721139814661124,0.23059335557259628,0.27885034450490465
0.3177240101556574,0.199311503743934,0.23319502012761345,0.24976946597279523
0.2621709599983014,0.20618094078629262,0.22681147779063116,0.3048366214247747
0.3208341909555458,0.19591120843814774,0.2323859122428087,0.2508686883634978
0.30983388117308397,0.20646933442730553,0.2340313348238245,0.24966544957578599
0.3273204935170706,0.20366573840003113,0.23540536230886872,0.23360840577402942
0.3074518128536216,0.20773379081118953,0.2336755817002536,0.25113881463493526
0.326951890815254,0.20376159682409403,0.23384364064395552,0.23544287171669645
0.29920039436589996,0.20663346721658193,0.23291252277638486,0.26125361564113325
0.3259188521532009,0.20162477579325874,0.2341950737751993,0.2382612982783411
0.30410396308475074,0.20781154266500576,0.2332477363125757,0.25483675793766786
0.31237086949740195,0.2031875866574879,0.23336877247038856,0.2510727713747215
0.2932599797472921,0.20509096988155273,0.23147809983272968,0.2701709505384253
0.3134367403805644,0.20122619662349941,0.23315898045803166,0.2521780825379044
0.24430170725724099,0.20386493231197417,0.2232156186633762,0.32861774176740854
0.3056574917392537,0.19342180060225098,0.23016359113720763,0.2707571165212877
0.3024450849070889,0.20398548211956277,0.2331321285743879,0.2604373043989604
0.3173522371702056,0.2026189535555675,0.23539988070364176,0.24462892857058505
0.30670575468762334,0.20621624060276098,0.233504335734858,0.25357366897475764
0.32532693422514897,0.20368279911200746,0.23395447077585502,0.23703579588698848
0.2970307426743631,0.20545420745130757,0.2330697449255657,0.2644453049487636
0.3279410435422248,0.2010831997151355,0.23431028755805966,0.23666546918458006
0.3085587374467947,0.2080399850415711,0.2337311026117477,0.24967017489988652
0.300831146559202,0.2031459879631765,0.23283568659931472,0.26318717887830684
0.3037630848309478,0.20272416607827487,0.23232270231649196,0.26119004677428526
0.29617561832987205,0.20283429943146675,0.23218976660883808,0.26880031562982315
0.24097699800197508,0.19942248935430837,0.2220077854314866,0.33759272721223
0.31157557841362815,0.19198497629431874,0.23081657059797359,0.2656228746940795
0.29362575749529785,0.20516258094275017,0.2322669500563877,0.2689447115055642
0.31547433671078506,0.20118460420011308,0.23406565543004926,0.24927540365905265
0.31417180269229006,0.2052636615923669,0.23421208654929243,0.24635244916605062
0.3331526227119376,0.20452097380206255,0.23484242767459532,0.22748397581140456
0.3026212889298413,0.2078246630931155,0.23359097250507016,0.25596307547197306
0.3406355462071927,0.20146170871734428,0.23477858281869773,0.2231241622567653
0.2865280495572929,0.21131989911959445,0.2313017335790952,0.2708503177440174
0.30959391089339827,0.19976991375726746,0.2322742207096597,0.2583619546396746
0.2807869700397025,0.20364620335862726,0.23013817653534957,0.2854286500663207
0.31235766441454754,0.19900570942237913,0.23299942438215213,0.2556372017809212
0.24122154056170586,0.20344992815829074,0.22284715671131008,0.3324813745686933
0.3126220032749633,0.19226491228443532,0.2308659047981192,0.2642471796424822
0.3039760393224368,0.20472162610047012,0.23319248398124087,0.25810985059585223
0.322651907530024,0.20261163126734938,0.23470772033924417,0.24002874086338238
0.3279845903976008,0.2059271040451214,0.23480837635805665,0.2312799291992212
0.33414641378797727,0.20654457236306217,0.2351414012186213,0.22416761263033935
0.29800055799662667,0.20900313396361517,0.2325701043908767,0.26042620364888147
0.3280082309648139,0.20133598955218038,0.23427742630339674,0.23637835317960887
0.29787990929436414,0.20779506374550036,0.23312032101968816,0.2612047059404473
0.30459030224709704,0.20229475152719115,0.23226172426101552,0.26085322196469624
0.29324846999052484,0.20359972210382418,0.23100245124946067,0.27214935665619033
0.3155311045084335,0.2003015574689439,0.23369484276666652,0.25047249525595594
