0.3168646395646409,0.22184303511739215,0.22460658015302135,0.23668574516494564
0.31041341163597835,0.22701866860095013,0.21723216917305127,0.24533575059002022
0.31353339374477485,0.22442806617716493,0.22191974192560637,0.24011879815245388
0.3144385611607684,0.2238666307028955,0.22167504215397837,0.24001976598235766
0.3174996018799911,0.22127221791980495,0.22427590327036115,0.23695227692984278
0.318625448679564,0.2203522081342314,0.2243684903232014,0.2366538528630032
0.3157947156306481,0.22253662703374327,0.22159513880983675,0.24007351852577175
0.314172340166173,0.22384520843138747,0.2209479913175069,0.24103446008493248
0.31549123649190364,0.22287286169242046,0.22252236348263507,0.23911353833304086
0.3161923121419702,0.22232896156504198,0.22276904026869762,0.23870968602429019
0.3162384255558972,0.22224929415552724,0.2226445417993024,0.2388677384892731
0.310993202182543,0.22643902696035248,0.2179877348585264,0.24458003599857803
0.3116793460581136,0.2259520446853023,0.22005176244017244,0.24231684681641158
0.305417494069258,0.23108288721160467,0.2142463484516658,0.24925327026747154
0.3120798060615339,0.22577868118003133,0.22194418149851747,0.24019733125991727
0.31372144343148156,0.2245642637965433,0.22140872409666335,0.24030556867531172
0.316877911190789,0.22180148996736287,0.22393678010889367,0.23738381873295455
0.3161890984480901,0.2223356142883528,0.2223718470768973,0.23910344018665983
0.31505537997698857,0.22316235916814478,0.22162482040710488,0.2401574404477618
0.31328139689197326,0.2246294077290406,0.22032608755940544,0.2417631078195806
0.3162470141536895,0.22227742147614085,0.223459182060241,0.2380163823099287
0.31435418696808426,0.2238253572542297,0.22090685019709783,0.24091360558058805
0.315981834045766,0.22244367943023272,0.22296251048644958,0.23861197603755177
0.3137364380467784,0.22430271454290487,0.22043892503132162,0.24152192237899497
0.318214236006784,0.22065073472399238,0.2251220538832645,0.23601297538595914
0.3150294783977705,0.22326351767031463,0.2209417501373014,0.2407652537946135
0.3202939454781414,0.21889821825764438,0.226661439937809,0.23414639632640516
0.32015045677884335,0.21911622569130818,0.2248901101144602,0.23584320741538828
0.3197924020234429,0.21923765758970157,0.22476843967421134,0.23620150071264415
0.32057671367254237,0.21864257718253044,0.225502651067001,0.23527805807792634
0.3216046755858649,0.21781106483024326,0.22620138128219658,0.2343828783016953
0.3202065541313574,0.21891514419652094,0.22467385997035752,0.2362044417017642
0.3196986887104998,0.21930371928219328,0.22463913130607696,0.23635846070123004
0.31840889295324487,0.22038525077369941,0.22360058154739157,0.23760527472566412
0.3221937288271673,0.21733849954989826,0.22735629147126377,0.23311148015167066
0.31888913877435016,0.2200303612249479,0.2232892457354863,0.23779125426521558
0.319415467457778,0.21951040153654366,0.22479965282777833,0.2362744781779001
0.31334854460977307,0.224478449151426,0.2191680451303228,0.24300496110847813
0.3167126378876425,0.221793724294666,0.2239158314593695,0.23757780635832185
0.31841202141206476,0.22057166314748428,0.22434349137928,0.2366728240611709
0.32215958263926475,0.21741658365467995,0.22732963719840568,0.2330941965076496
0.3227643362037319,0.21690799393509394,0.22676009782985027,0.233567572031324
0.32003784446374484,0.21899821185700735,0.22423547351608283,0.23672847016316498
0.3154609712972987,0.22268107968249495,0.2209344316639705,0.2409235173562357
0.3188484063814555,0.22005689657152286,0.22519527511111512,0.23589942193590657
0.3190340958669263,0.22000410341234838,0.2243244858984229,0.2366373148223023
0.318956251575189,0.21995711607504642,0.22430988921964903,0.2367767431301156
0.31347423394370366,0.22436771874527417,0.21943726105775477,0.24272078625326737
0.31763274592653284,0.2210644911748386,0.2246879469971541,0.23661481590147446
0.3142369940633619,0.2239164498784798,0.22038204395228103,0.2414645121058771
0.31885501129011734,0.22007989666881753,0.22559453624359624,0.23547055579746884
0.3212221837204741,0.21827177782031934,0.22625358288079678,0.2342524555784098
0.32213506386918866,0.21738314746873472,0.22652176728207762,0.233960021379999
0.32099649835355265,0.21826377328916427,0.22523440167485229,0.23550532668243085
0.3195388764056417,0.21941737940661207,0.22427548417536894,0.2367682600123773
0.3154219961616728,0.22276101631692935,0.22101094140158606,0.24080604611981193
0.3179009271601106,0.22082889916829482,0.22436684149716632,0.23690333217442835
0.3173877403235976,0.22133459289562554,0.22313358490662036,0.23814408187415645
0.3208703930114801,0.21844034546908417,0.22647579172907448,0.2342134697903612
0.3175614558874204,0.22112655542850845,0.22248063573616564,0.23883135294790533
0.31842909120862983,0.2203433662593516,0.22428336240139563,0.236944180130623
0.3150963970541942,0.22312286439399306,0.2209738373550739,0.24080690119673892
0.32070050533780947,0.2185744035637892,0.22698114353562424,0.23374394756277697
0.3217008840490161,0.21786021878815923,0.22615827289837714,0.23428062426444748
0.3202004807830621,0.21889430188485734,0.22469069203312378,0.2362145252989568
0.3176473900450207,0.22095676016262528,0.2228089019755385,0.23858694781681533
0.3150328360937611,0.22310709144814364,0.22119090398585886,0.24066916847223643
0.3081389656530403,0.22870112223021902,0.21580380971600643,0.24735610240073425
0.31627697194556725,0.22228734893064572,0.2249377123908471,0.23649796673293985
0.31451631445632,0.22383104408787408,0.22094608823080178,0.24070655322500403
0.3164467047948356,0.2220435366011745,0.22338152636703892,0.23812823223695093
0.3111488909806955,0.22636920142596853,0.2180152748683556,0.24446663272498032
0.3138568567978229,0.22417966079359758,0.22197196878823214,0.2399915136203475
0.3125113313001661,0.2253893663192663,0.21989411757296387,0.24220518480760372
0.31817630002703795,0.2207266464208144,0.22543307977872684,0.23566397377342088
0.3161719359329303,0.22237635859795674,0.22195290911268348,0.2394987963564296
0.3174086291770677,0.2212267661610188,0.22376132694959097,0.23760327771232265
0.31488169580050124,0.22333408888045742,0.22106333296920488,0.24072088234983655
0.3181994224301529,0.22062617085601846,0.22479319883314466,0.23638120788068395
0.3147219650195324,0.223483205600481,0.2206857572851617,0.2411090720948248
0.31754700753127124,0.22112986998637188,0.2242801227019924,0.23704299978036436
0.31575288830474707,0.2226707937300064,0.22177141888315968,0.2398048990820869
0.3166125361200203,0.22189359920506918,0.2231441005837523,0.23834976409115824
0.3137554997278815,0.2242493998422004,0.22029267095445723,0.2417024294754607
0.315796533520944,0.22259482805401434,0.2229559925490549,0.23865264587598664
0.3095390952608227,0.22767184832171064,0.21677671855144637,0.24601233786602034
0.31606829209904636,0.22241545951488909,0.22439858294877985,0.23711766543728463
0.3126077969267895,0.2253321948551346,0.21933021838059508,0.24272978983748067
0.3187411730696689,0.22020294131574725,0.22596760510205888,0.23508828051252487
0.31858601679026455,0.2204422849582279,0.22391084037481945,0.23706085787668804
0.31695514356446197,0.22155953122901664,0.2226848255729036,0.2388004996336179
0.31506398626797705,0.2231302549987197,0.2213925458783509,0.2404132128549523
0.3169868020210186,0.2216275262822657,0.22362729507305706,0.23775837662365865
0.3200422391456734,0.21919609274532462,0.2257774139196613,0.23498425418934052
0.3191259863984741,0.21986916276980537,0.2241308683994979,0.23687398243222255
0.3128513521284397,0.22482578533569197,0.21888004972913722,0.24344281280673122
0.3155047563601851,0.22279286576987262,0.2229510968641521,0.23875128100579018
0.3078130230992611,0.22907580490908958,0.21531230141294028,0.24779887057870897
0.3178402379093852,0.22098131985721367,0.22649180598660945,0.2346866362467916
0.31957249713444014,0.21977083655504254,0.22496635571690587,0.2356903105936114
0.32202676125819296,0.21747086533719945,0.22694635475097866,0.23355601865362888
0.3202154040747363,0.2189418404697262,0.22453245008234402,0.23631030537319347
0.3174175452755899,0.22111850230241442,0.22263236645607873,0.238831585965917
0.32095125665494917,0.21834474598593406,0.2265176513016883,0.23418634605742858
0.3211995035867431,0.21820197270391822,0.2256813664360865,0.23491715727325213
0.3201146893223857,0.21896845633817977,0.22474142899887406,0.23617542534056044
0.3190048261242557,0.219878723603092,0.22403069347408086,0.23708575679857158
0.3154135898611458,0.2227910540265142,0.22114743208496315,0.24064792402737684
0.3186614146629662,0.2202252861225782,0.22504550518661623,0.23606779402783942
0.31683907675279627,0.22177038070105878,0.22243210769130775,0.2389584348548373
0.3219410990455402,0.2175519511176905,0.22761000463240733,0.2328969452043619
0.3208137437161714,0.21853014425386508,0.2250373528287794,0.23561875920118408
0.3218998195125516,0.21749978452089203,0.22647219210483888,0.2341282038617175
0.3225992606411648,0.21699516904169647,0.22669522380196455,0.23371034651517428
0.32152517366395295,0.2178158898704612,0.2255840207662612,0.23507491569932482
0.31949318023986945,0.21944273524688887,0.2240849530910296,0.23697913142221216
0.3189559872256859,0.21991342346920664,0.22416517843839043,0.23696541086671696
0.3208279692566932,0.218454534016296,0.22595922589273484,0.234758270834276
0.32015086530702624,0.2190033907981923,0.22482030069177797,0.23602544320300345
0.3174935413936504,0.2210899997096196,0.22269558299251876,0.23872087590421123
0.3187009826928993,0.2201601059901798,0.2244957282121756,0.2366431831047453
0.31492343427705544,0.22325255934958377,0.22075738192106753,0.2410666244522933
0.3216681215539436,0.21778215586711472,0.2279031932656046,0.2326465293133371
0.32130388702067575,0.2181860613457873,0.22551535842957857,0.23499469320395847
0.3220437112888366,0.21738176008532029,0.22647128542832862,0.23410324319751455
0.32411776910791734,0.21575570583346626,0.22801908941181168,0.23210743564680478
0.31946397895678574,0.21946360603112158,0.22331505652935904,0.23775735848273377
0.31684467646419884,0.2215384762865913,0.22235300171390843,0.23926384553530142
0.32115666217230837,0.21820502506952186,0.22683766233245692,0.23380065042571288
0.3195090486742062,0.21957283233133396,0.22411623953373597,0.236801879460724
0.3158199952268933,0.22241699068950405,0.22142222963698702,0.24034078444661566
0.30343005814590285,0.2323687479319494,0.21148926361860634,0.2527119303035414
0.30024082803194935,0.23525998821517682,0.21195308114175976,0.25254610261111393
0.28072950223404824,0.25096360878304436,0.1957067767441408,0.2726001122387666
0.2795737796211026,0.252757007294126,0.19950578497236718,0.26816342811240423
0.2962799258040036,0.23971721777300584,0.21460566234419476,0.2493971940787958
0.2990981357481437,0.23709990978375445,0.21268691694468722,0.25111503752341463
0.2927298069668121,0.24171449544157914,0.20652930074219222,0.2590263968494165
0.28994386777443504,0.2441026655412158,0.20563804699469238,0.2603154196896568
0.2846834791635983,0.248506550671036,0.20168356137605895,0.26512640878930677
0.3048427281449313,0.23237647003110448,0.22107868175941814,0.241702120064546
0.29964562404960415,0.23641325727207194,0.21080852266396055,0.2531325960143634
0.29666682035914543,0.2383623886230185,0.20993069561082378,0.25504009540701217
0.29234536407164247,0.24208919683510596,0.20666924325716718,0.2588961958360844
0.29253318401229206,0.24209177829483766,0.20800466901498768,0.25737036867788265
0.3009142110914361,0.23543960248380716,0.21536410113335253,0.24828208529140425
0.30395547097525877,0.2328276681902243,0.21580709532696749,0.24740976550754945
0.30419572564435576,0.2323813471787866,0.21529594382778808,0.2481269833490696
0.31246264000825247,0.225650233608855,0.2225765157722066,0.23931061061068598
0.3124021389857264,0.22563354717099737,0.22016297794256487,0.24180133590071143
0.31299768429995295,0.22493412908936797,0.22086142852981663,0.24120675808086248
0.3118610893635716,0.22588017141855912,0.2196040396197686,0.24265469959810052
0.3160639136716262,0.22247368409636806,0.22369601701819103,0.23776638521381477
0.3141460752996421,0.22402736333893175,0.22076012341875736,0.2410664379426688
0.3151934964987566,0.22308081842836502,0.22232755488110642,0.23939813019177192
0.30895512227265093,0.22813607869718713,0.21643680912358845,0.24647198990657365
0.3121254780166297,0.22563094859677027,0.22102204146437038,0.24122153192222953
0.3113551664704697,0.22638618691062928,0.21933044859837686,0.24292819802052423
0.3177254074974325,0.221133831137263,0.2253487533170204,0.23579200804828396
0.32112810033297295,0.21840632764119214,0.22648669917471945,0.23397887285111543
0.31995117586394617,0.21916787218115397,0.22459833645386934,0.23628261550103052
0.319371140868914,0.21957789834659025,0.22442480489318142,0.2366261558913143
0.31777276556279854,0.2209043508536811,0.22312695154431808,0.2381959320392022
0.3115307188447976,0.22591764495019412,0.21806391960339994,0.2444877166016083
0.315611701783827,0.22274538293079424,0.2234065089287537,0.23823640635662516
0.3164556649770553,0.22219364079872084,0.22290184773967583,0.2384488464845481
0.3180838155517767,0.22074254553803044,0.2242445879892693,0.23692905092092365
0.3127398359182571,0.22502282544272004,0.2190083193735446,0.2432290192654781
0.3137386033994919,0.22422887447807416,0.22142585547584717,0.24060666664658684
0.3110439527874906,0.226528498817206,0.2186466080346374,0.24378094036066592
0.3159811696474745,0.22252351633169348,0.22387035790875537,0.23762495611207665
0.3195786687171517,0.21967330251535655,0.22559601911036634,0.23515200965712538
0.3197279682764933,0.21939728813876352,0.22481573905867247,0.23605900452607073
0.3187256876004734,0.22013273189729535,0.22389962322576967,0.2372419572764618
0.3094617115848544,0.22754054484278233,0.21598765637314146,0.2470100871992218
0.3080936746928551,0.22879880545028175,0.2173052118643672,0.24580230799249586
0.31816071339622304,0.2208917636977461,0.22655161555958434,0.23439590734644652
0.3163406110201553,0.22233407539000027,0.2220711989978356,0.23925411459200888
0.3137391725269434,0.22416302294523327,0.22048470033440215,0.24161310419342116
0.30109526669761294,0.23433246983932385,0.20997373033150754,0.25459853313155567
0.3092500698496582,0.2280951353956171,0.22058951715540379,0.24206527759932095
0.31216752087623845,0.22595003974738018,0.22075225054079034,0.2411301888355911
0.31544303327152184,0.2230261940021037,0.22308846178408573,0.23844231094228874
0.3163937787826695,0.22221354368342341,0.2229531247712327,0.23843955276267437
0.3146487309875749,0.2235212340305536,0.22119012399974716,0.24063991098212448
0.3133952567247171,0.22453163612228538,0.2205567888910288,0.24151631826196876
0.31289548718473165,0.22499059357977413,0.22043198889850998,0.24168193033698432
0.30943101729856914,0.22779694049630977,0.21749992895547027,0.2452721132496508
0.31461855207187334,0.22366758027762826,0.22308115384415603,0.23863271380634224
0.3108768380630301,0.22672147733407697,0.21823564178483323,0.2441660428180596
0.3100511513070126,0.22727643801433003,0.21867218521972953,0.24400022545892783
0.30225462917285567,0.23362812591478094,0.21191513838705367,0.2522021065253097
0.31093090656027056,0.22678336611622588,0.22177529222559864,0.24051043509790498
0.30857979673866437,0.22878212159914013,0.21713545775451046,0.24550262390768512
0.312875862488387,0.2250921347976331,0.22183010290748578,0.24020189980649417
0.3141210390554098,0.22416143906517516,0.22158484749053806,0.240132674388877
0.3156832698148581,0.22275575168876197,0.22274415643554488,0.23881682206083496
0.3164716113186091,0.22210380224550733,0.2229708847108937,0.23845370172498984
0.3126600398068199,0.22511303398713856,0.2193974334059787,0.24282949280006283
0.3084484036922793,0.2285113232489612,0.21673720699630603,0.24630306606245336
0.3143302688906167,0.2239257266804121,0.22307120902364608,0.2386727954053251
0.3117964322271355,0.2260102520099124,0.21911862003607604,0.24307469572687607
0.3091275903923514,0.22800832610781077,0.21760278830498705,0.24526129519485085
0.3019579338531246,0.23385910779453908,0.21191838491622975,0.2522645734361064
0.3047643382667281,0.23180516560144943,0.21632577426089042,0.24710472187093196
0.3032992453124767,0.2331017300831908,0.21418365462135122,0.24941536998298125
0.3095645072264638,0.22798230353183213,0.2202549536080704,0.24219823563363377
0.31150779898264735,0.22640621992509974,0.2201650324503863,0.24192094864186664
0.31452926554167066,0.2237768750516314,0.22243716845009587,0.23925669095660201
0.3170388583568293,0.2217114806249413,0.22378231490492106,0.23746734611330828
0.31367683690485254,0.22431719049546542,0.22013426805655165,0.2418717045431305
0.3096764409764482,0.2274991585897736,0.21755752147187166,0.2452668789619066
0.31626523882213725,0.22232460934555956,0.22446693386441158,0.23694321796789175
0.31082182757519206,0.226739162258762,0.21772916979289927,0.24470984037314658
0.30744131198894464,0.22932429122727466,0.21640384037819288,0.24683055640558788
0.29975066638683723,0.23567662559446856,0.2104060534918448,0.2541666545268495
0.3065418062744331,0.23043934097410254,0.21850329987187284,0.24451555287959145
0.3058006615386631,0.23112105601432906,0.21588401229367732,0.2471942701533305
0.3086935460948479,0.2286060540417666,0.21882413804670095,0.24387626181668468
0.31145231613109775,0.22640361134768983,0.220384798034294,0.2417592744869185
0.31437252968626306,0.22393465487011655,0.22227834327107984,0.23941447217254064
0.3173567893981342,0.2214499448827899,0.22412262189307786,0.2370706438259981
0.3194202815844419,0.21970166098422264,0.22514064708991846,0.23573741034141701
0.3128329647747245,0.22490216302695473,0.21874871508754387,0.2435161571107769
0.3137435136114537,0.22419584464630007,0.2214147285593989,0.24064591318284725
0.30721922695795006,0.22957977698459892,0.215268131664159,0.24793286439329207
0.3046058816891877,0.23172310323336284,0.21482073232291055,0.24885028275453888
0.30247304886513376,0.23365177029245945,0.21353109113164376,0.25034408971076305
0.3091589000280902,0.22833894627338053,0.22008267706781734,0.2424194766307118
0.30665562836873084,0.2303233401670304,0.2159740601957324,0.2470469712685064
0.31129897678058993,0.2264380642421277,0.22092290108677076,0.2413400578905117
0.3147936282517202,0.22366912574306375,0.22261993064398383,0.2389173153612323
0.31996333845629543,0.21932467717300477,0.22636017595243224,0.23435180841826764
0.3163627608562958,0.2221434020687791,0.2216749862831553,0.2398188507917698
0.31210430037106823,0.22544761727378412,0.21900952007908497,0.2434385622760627
0.30822542424971017,0.2287182929586656,0.21665213916883386,0.24640414362279042
0.31361592002852523,0.2245145587707255,0.22249544521180145,0.2393740759889476
0.3129258939272316,0.22511580556597624,0.2203192995076451,0.24163900099914706
0.3110960885301208,0.2264360498675597,0.21901969390209394,0.24344816770022565
