0.29187601628789595,0.2357940302267737,0.23506733292940651,0.23726262055592395
0.2939053461962276,0.23888882767395578,0.22648046436026145,0.24072536176955528
0.2955194655611266,0.23821416344075955,0.22654535775008589,0.23972101324802805
0.29551599710573784,0.23781852513801063,0.22795608553773264,0.238709392218519
0.29136118961906143,0.23904516677693197,0.227950577202273,0.2416430664017336
0.2935399554934551,0.23990144701079585,0.2227700523480436,0.2437885451477054
0.300450057835604,0.23757610071203503,0.22359169428243483,0.23838214716992617
0.29238799283679395,0.23786145696824848,0.23084907357082332,0.23890147662413422
0.2961687754058281,0.23735727118348385,0.2288791559447623,0.2375947974659258
0.29376590102753947,0.23758252515192446,0.23060569444769388,0.23804587937284205
0.28724559419178747,0.24061687898581105,0.22644365942351938,0.24569386739888205
0.3029113110390825,0.23810995420613607,0.21944677371549165,0.23953196103928984
0.2951120237051149,0.23683909018174487,0.23135116316880427,0.23669772294433583
0.2945032966873735,0.23666570698451714,0.23282327263398306,0.2360077236941263
0.2935627040964427,0.237054518201076,0.23263557118945422,0.236747206513027
0.2952581403202324,0.23680281591093133,0.23175471123483682,0.2361843325339994
0.28793731687133206,0.2394315787262725,0.2301318983085521,0.24249920609384337
0.2990292808909189,0.23839595921266563,0.22256308506435513,0.24001167483206035
0.29492877328384576,0.23774447496250262,0.22867986003552151,0.2386468917181301
0.29297105267573187,0.23833918594538966,0.22875810511204664,0.2399316562668319
0.29042240331329067,0.2402869893032023,0.22450573319504433,0.2447848741884626
0.2965673513879188,0.240020497882637,0.21920886104208082,0.24420328968736338
0.2891455424962113,0.24186812113767955,0.21943546715914972,0.24955086920695946
0.3054059165943846,0.23800093168944955,0.21684712590898714,0.23974602580717874
0.29273876905563617,0.23743541112192112,0.23161484340346714,0.23821097641897573
0.29618157704387005,0.23684465984496866,0.2305061970633033,0.236467566047858
0.294499490797882,0.23675674707129502,0.2326364376124737,0.2361073245183491
0.29275652165949023,0.23739062280414047,0.23231508473178705,0.2375377708045823
0.2887281243781507,0.23998271903382823,0.22738430407740245,0.24390485251061866
0.3024488622204618,0.23744221209485872,0.22219090181165377,0.2379180238730258
0.293244802215634,0.2371007251686046,0.23251741591181654,0.23713705670394497
0.2919843975051229,0.23814173254093313,0.23047131492570105,0.2394025550282429
0.29525286168355985,0.23825109276616344,0.22689763479724206,0.23959841075303462
0.3032457754492163,0.2344555894757822,0.23090695717986928,0.23139167789513207
0.28249503774430934,0.23841305306293,0.2390637183528873,0.24002819083987337
0.3031485769460482,0.23578468498219704,0.22704324052562705,0.23402349754612786
0.2926960105896494,0.2358353623749423,0.23747243334947213,0.23399619368593624
0.29498096273083685,0.23525722824759915,0.2369687192865584,0.23279308973500545
0.29400613276705245,0.23531459500994673,0.23792408715697777,0.23275518506602308
0.293150792006194,0.23560981943434714,0.23782796203670173,0.23341142652275715
0.2907517692512342,0.2371124682514143,0.23538430040947808,0.2367514620878734
0.2967913291756158,0.2365110760416104,0.23123938612712708,0.2354582086556467
0.29275908891729585,0.23701364762572072,0.23360603476816952,0.23662122868881413
0.29776521658483535,0.2356724917537062,0.2328500318089234,0.23371225985253502
0.2908935781810346,0.23679477165010906,0.23622093629292037,0.23609071387593594
0.29179197099558407,0.23810646988183445,0.2309278059582092,0.2391737531643723
0.28634550469679093,0.24184858527295072,0.22277998407137664,0.24902592595888182
0.30939483983664023,0.23657618800267063,0.217640191744335,0.2363887804163541
0.293995484256017,0.23505449997202013,0.2381714245572618,0.23277859121470104
0.2948017199125168,0.23431412575200009,0.24001437774998086,0.23086977658550228
0.29115054999213746,0.2354273817240014,0.24046473463952162,0.2329573336443394
0.29311255081641135,0.23598956546802569,0.23668626115170147,0.23421162256386152
0.2868538313999677,0.2392522135113302,0.23197555932958394,0.2419183957591182
0.2997877607976343,0.23802302624970106,0.22314118930183122,0.2390480236508333
0.2957421844595706,0.236937586864905,0.23057777783599392,0.23674245083953058
0.29369842146371405,0.2370516437410088,0.23239381472563986,0.23685612006963738
0.290331627778091,0.23887298813578808,0.22970415234084726,0.24109123174527355
0.30021111155429947,0.23703469576394032,0.22589124897276475,0.23686294370899555
0.2881757198829884,0.23908760310433438,0.23097298910532968,0.24176368790734748
0.30264887920287786,0.2363322557980372,0.225643013459365,0.23537585153972004
0.2971254849143406,0.2344291484106026,0.23727141794684767,0.2311739487282091
0.29287138024350223,0.23426905738578976,0.2421992368684381,0.23066032550226978
0.29025717482313484,0.23567035482585696,0.24055766078757565,0.2335148095634325
0.2906834970851946,0.2375039134735695,0.2342025718214851,0.2376100176197508
0.2893866656168038,0.2401209952243612,0.22635972572182914,0.24413261343700576
0.30338204351972964,0.23707010301054646,0.2224367505539825,0.23711110291574136
0.29400418678262497,0.23631264667352342,0.23434100500860525,0.23534216153524642
0.29433205462246226,0.23614719258709777,0.23473383380871243,0.23478691898172746
0.29014329933500754,0.23796171407936698,0.23309677201078002,0.23879821457484543
0.30024075922001886,0.23600432429153326,0.2292889627819014,0.23446595370654652
0.2839358318596875,0.2397759000221202,0.23281867381475493,0.24346959430343737
0.30820721085216507,0.23509721944206557,0.22390756095346134,0.23278800875230798
0.2924700422944778,0.23460896337165174,0.2414534647021424,0.23146752963172806
0.28793926114025975,0.23657238490860977,0.2397548423780154,0.23573351157311517
0.2907603892858319,0.23890469645278065,0.22937530675020246,0.24095960751118495
0.295101906062676,0.23924956699532823,0.22365479453798986,0.24199373240400585
0.2874294636220763,0.24202910463979158,0.22073383891734272,0.2498075928207895
0.30769960447695377,0.23737096138122457,0.21666067724674437,0.23826875689507732
0.2901496049771241,0.23760444057650182,0.23367806189752194,0.23856789254885216
0.2919147535503181,0.2390001279447537,0.22752952645001578,0.24155559205491248
0.29519710856933773,0.23925829612710342,0.22342782859328944,0.24211676671026938
0.29894565505915227,0.23732831508472677,0.2259766955422675,0.2377493343138534
0.2858845752890701,0.24042622825096718,0.2283418350220208,0.24534736143794197
0.3072868233798976,0.23609735645158467,0.22154951126121802,0.23506630890729965
0.2904265596782545,0.23645887931262427,0.237496650816311,0.2356179101928102
0.2942492162906667,0.23648523257550239,0.23371133695345467,0.23555421418037611
0.29183794524908496,0.23778385186852605,0.2320371363522586,0.23834106653013032
0.29863822173645677,0.23628372573006354,0.22999489173167464,0.23508316080180516
0.28632222049202005,0.2392472604961739,0.2323641547956686,0.24206636421613756
0.3024056612256514,0.23683897131711154,0.2243175767043894,0.23643779075284768
0.28977764281758234,0.2380414164212979,0.23298221500354246,0.23919872575757734
0.2943460900218858,0.23848723690467533,0.22694384425815667,0.24022282881528223
0.2962650205046887,0.23795034099711643,0.2268092254987048,0.23897541299949002
0.2930547176845337,0.23838391865210606,0.22851460252796757,0.2400467611353927
0.28495197030898967,0.2424100940041514,0.22172684124673459,0.2509110944401244
0.3114609631630581,0.2364698833703376,0.2157567481793644,0.23631240528723987
0.28820376138649195,0.23703987436844087,0.2375165002428916,0.23723986400217553
0.29678731630971356,0.23630280632462,0.23168065154465736,0.23522922582100914
0.2935392176779197,0.23669256036248157,0.2339137964828779,0.23585442547672078
0.2935305671978979,0.2370070118368027,0.23282288074731233,0.23663954021798705
0.2911094388387083,0.23855130355558918,0.23009000530789564,0.24024925229780691
0.2985829605996313,0.2372828029526874,0.22674910078574886,0.23738513566193245
0.29981179040785505,0.2346032717081369,0.23398579826594068,0.23159913961806727
0.2856559543938861,0.23745978652772315,0.23919004979321445,0.23769420928517643
0.29157554602274555,0.23942384790429835,0.22661823349346172,0.24238237257949435
0.29509529094084785,0.23977416238601368,0.22174612552412803,0.24338442114901038
0.29223011637569135,0.24060016150842362,0.2213060228104855,0.2458636993053997
0.3099523105818821,0.23425680775145763,0.2243019648881157,0.23148891677854466
0.28713007096428633,0.23584076106492288,0.24291176999895522,0.23411739797183556
0.2982437885659038,0.23400852797894825,0.237499563135447,0.23024812031970107
0.28942624161243524,0.23584759912925762,0.24094316711135289,0.23378299214695428
0.29153319088460283,0.2370750798836013,0.23468204271579096,0.23670968651600488
0.295951725732497,0.2369294570315702,0.23076868612040888,0.23635013111552403
0.29873729664896337,0.23492485311881017,0.23420689286011573,0.2321309573721106
0.2889834399391144,0.23657040527897552,0.2388604966165638,0.2355856581653463
0.29086199647765887,0.23838162064087162,0.2309406457844915,0.2398157370969781
0.2985106103827007,0.23731639059226678,0.2268009385525055,0.2373720604725269
0.2946985476921509,0.23679976823759322,0.2322007352771641,0.23630094879309183
0.2887328087036879,0.2390626939699098,0.23058195605026655,0.24162254127613586
0.3061801580439754,0.23480843545030583,0.22688977183494147,0.2321216346707772
0.29231934358519385,0.23455099288396425,0.241846622955256,0.2312830405755858
0.2945212464000131,0.233789350384626,0.24199253004278265,0.22969687317257836
0.2884470345969885,0.23600515467716776,0.24137978817023878,0.23416802255560495
0.29316759313841534,0.2368709257556248,0.2337908282636088,0.23617065284235086
0.2943291333964673,0.23719740476135942,0.23151512886982784,0.2369583329723452
0.2961551241667612,0.23646551511909739,0.23193423326376159,0.2354451274503798
0.2935693196402026,0.23662491749036826,0.23403363857146336,0.23577212429796576
0.2918651857998732,0.2377139903159303,0.232163525770792,0.2382572981134045
0.29862125162153,0.23629622416253213,0.2299885147069564,0.23509400950898163
0.2903065677390826,0.23761492380752838,0.234025006146673,0.23805350230671593
0.2862946107760637,0.2412933326011245,0.22488015345916193,0.2475319031636498
0.316966055193761,0.23264073744926206,0.22211076212465733,0.2282824452323197
0.28850084346485216,0.23301042950996076,0.25033893429477794,0.22814979273040906
0.28298273571473764,0.23608905641809158,0.24600656380829425,0.23492164405887664
0.3004739155576036,0.2349856005454476,0.23260711104119428,0.2319333728557545
0.29229615046381463,0.23531986664747787,0.23966856293663313,0.23271541995207443
0.2842918721479748,0.2391571934738976,0.23466894143148495,0.24188199294664262
0.30292800966010713,0.23701334122810122,0.2233797844013511,0.23667886471044058
0.29145950645986474,0.23737092362624096,0.23352433663646938,0.23764523327742498
0.2895122997880145,0.2395690519922037,0.22798292938049522,0.24293571883928658
0.28600266192569523,0.24366286587420208,0.21580001093079443,0.25453446126930823
0.2863692505760276,0.24714673456731592,0.19962488923609845,0.2668591256205582
0.28445275891676997,0.24917515413182822,0.18883821573125487,0.277533871220147
0.30175270524172365,0.24474305976605315,0.19157607219900297,0.26192816279322023
0.30103980433350885,0.23906753160501715,0.21453213545627095,0.24536052860520316
0.2862946192518474,0.24264065035202986,0.21870043207057477,0.2523642983255481
0.2955368767895824,0.24321438886435578,0.20789579214342685,0.25335294220263493
0.29685474818657803,0.2413229179694766,0.21291810095785454,0.24890423288609084
0.2889965852499035,0.2431876953364173,0.21385116418202066,0.2539645552316586
0.3064517695989793,0.23882081633565425,0.2125771073179851,0.2421503067473814
0.28743153838217117,0.24010480017761698,0.22725418561256952,0.24520947582764221
0.2953792301068931,0.24079763776711854,0.21755746996195002,0.2462656621640384
0.29631550060293543,0.23986233117535866,0.219646568568985,0.24417559965272087
0.2899176998380423,0.24155204611088274,0.21987303278584694,0.248657221265228
0.2927071861555525,0.24283575260119405,0.21226600648377122,0.2521910547594821
0.30587283142677735,0.23791671495492395,0.21617527849583673,0.24003517512246209
0.2911318763871634,0.23811833347758124,0.23086286550427632,0.239886924630979
0.29697225844971137,0.23743444089953974,0.22772836344752387,0.23786493720322513
0.2971818582333076,0.23617198633443456,0.23173808445059846,0.2349080709816593
0.28783795172257426,0.23853705806284317,0.23331145404507125,0.24031353616951145
0.2949397048033171,0.2391448267624665,0.22418255344354746,0.241732914990669
0.30322893694800124,0.23546160528940663,0.22770141221463344,0.2336080455479587
0.28453748111288757,0.2386458662354447,0.23614995761225133,0.2406666950394163
0.2963830571576112,0.23883339498131093,0.22378808619176016,0.24099546166931776
0.29227307794455193,0.2397189160888071,0.22463069910712802,0.24337730685951306
0.29863848581107444,0.23828391586499476,0.22309998385943292,0.23997761446449792
0.2899917349103715,0.23975745209251134,0.22663970955738186,0.24361110343973544
0.3071405781524437,0.2349248025585356,0.22534574690813924,0.2325888723808814
0.29495405414242676,0.2334883988098991,0.2423619983759994,0.22919554867167471
0.2873872105491448,0.23531163153549678,0.24440405638463145,0.23289710153072696
0.28970970713760336,0.23773088032805018,0.2344081918939894,0.23815122064035707
0.2925424379299154,0.23928649259888532,0.22625233799930267,0.2419187314718966
0.2944465853276729,0.23959755660361273,0.22294407748133324,0.24301178058738102
0.2980041855618312,0.23818214276998692,0.22405375619510254,0.23975991547307934
0.295695227158742,0.23735767928752688,0.22919699266261706,0.23775010089111404
0.29544431036384405,0.23682891843471235,0.2313391612516344,0.23638760994980915
0.2903632432093541,0.2384424583954964,0.23113359714063275,0.24006070125451684
0.29103490179820235,0.2403951235956589,0.22358590786500185,0.244984066741137
0.2908026448770594,0.24235771732619352,0.21624503901903655,0.25059459877771056
0.31197347103925976,0.23513711643123908,0.219166156264798,0.23372325626470322
0.2960131546641619,0.23276845191198658,0.24320050331112417,0.22801789011272725
0.28064229355880543,0.23700771385832506,0.24544506999865284,0.2369049225842166
0.29363823907192454,0.23880344138828472,0.22689189965996787,0.24066641987982287
0.2928264252207047,0.23986314761987018,0.22375903860004853,0.24355138855937647
0.29445997299837856,0.2400626962761672,0.2211180584049015,0.24435927232055274
0.3031672220845288,0.23643106816495246,0.22446447429265112,0.23593723545786754
0.28651631239112035,0.23887699896575626,0.23326361865728235,0.2413430699858411
0.29567455274156357,0.23923473618182572,0.2230407713352604,0.2420499397413503
0.28981522263531473,0.24113965026021436,0.22182441970847833,0.24722070739599264
0.299681216817873,0.23959379082936158,0.21740328522472083,0.24332170712804457
0.28864681119952346,0.24126817693033692,0.22208556073229807,0.2479994511378415
0.3091703411681324,0.23584843954582943,0.22010379483551704,0.234877424450521
0.2911950536301707,0.23570104875509681,0.23907832307326096,0.23402557454147166
0.2883709596676951,0.23792894159573597,0.23476080971683547,0.23893928901973344
0.2924501197806127,0.23973731122696848,0.22472044630363527,0.2430921226887836
0.29690833076204975,0.23904407920460363,0.22234045074512648,0.2417071392882202
0.29320405014045897,0.2393369814552219,0.22488889819795344,0.24257007020636567
0.296208824373692,0.23887410631110811,0.22354781115663855,0.24136925815856128
0.29231560032755727,0.23966921155602144,0.2246487617560763,0.2433664263603451
0.2944087909019028,0.24005625645845768,0.22120307610108506,0.2443318765385545
0.2937619312661842,0.24041343526507086,0.22042644038648967,0.24539819308225513
0.2969958224683088,0.23951262345831106,0.22033031540492928,0.24316123866845077
0.2883981518486785,0.24171863818360012,0.22076697582319196,0.24911623414452944
0.3080345552512355,0.23680855836926773,0.21813707346219444,0.23701981291730229
0.2949239814098478,0.2351111733545524,0.23704680416458582,0.2329180410710139
0.28744340703906796,0.2374738062368703,0.23723213769154283,0.23785064903251896
0.2932635721442749,0.23884095349731352,0.22702443700288671,0.2408710373555249
0.2961753038406724,0.23843298681800473,0.22529374128049665,0.24009796806082617
0.2906570746783572,0.23986124017996804,0.22569561094431867,0.24378607419735604
0.29926722241975173,0.23842039188813163,0.22205069036413663,0.24026169532797995
0.29004888452065997,0.2397639808634809,0.226523084639157,0.24366404997670207
0.2924994682642882,0.24118438935120298,0.21904406524993036,0.24727207713457844
0.2958057517709158,0.24086135346807802,0.21665346216329823,0.24667943259770786
0.29221857956680175,0.24151922437589007,0.2175684912256986,0.2486937048316096
0.2890460279055506,0.24386023494492565,0.21147922906480893,0.25561450808471475
0.3107825712258744,0.23733200770368618,0.21292491457370524,0.23896050649673414
0.29525496970914283,0.2350800068744018,0.23648317581811565,0.2331818475983397
0.28589600338463717,0.238116819497405,0.23651881601474797,0.23946836110320996
0.2998618743932607,0.23694480071458743,0.22671189036227882,0.23648143452987308
0.29298050685756444,0.23709443094105426,0.2330235032900197,0.2369015589113616
0.2879358578058468,0.23979462527067058,0.22876300222786045,0.24350651469562223
0.3023686316529637,0.2374396777189898,0.22233662815715813,0.23785506247088833
0.28524371356396244,0.24035759748697155,0.22915055314425556,0.2452481358048105
0.29418984747475857,0.24164180496880838,0.2157792777120951,0.24838906984433792
0.29516394267900903,0.24117504254980485,0.215932833741001,0.24772818103018512
0.29706649183300726,0.23998344981712383,0.21830534296749832,0.24464471538237068
0.28606357878109245,0.24302907988014727,0.21767542916081706,0.2532319121779433
0.3076034206961014,0.23864700487819832,0.21226501712714038,0.24148455729855983
0.2955450892184126,0.2363308690325355,0.23211094403333452,0.2360130977157173
0.29195064793136866,0.23723161293587083,0.2334807122069665,0.23733702692579411
0.29859923608680705,0.23578726148956936,0.23163842434369886,0.23397507807992474
0.2959662437651162,0.23469047068612398,0.23778499941866915,0.23155828613009063
0.28256030729529075,0.23901564383086785,0.2368891459116109,0.2415349029622305
0.2942608028611366,0.2406006317146437,0.21985535613679855,0.24528320928742106
0.29201510817187704,0.2415750615622508,0.21788268815981812,0.24852714210605395
0.29394547919039765,0.24200820929286218,0.21411948073329828,0.24992683078344202
0.2984153648642932,0.24026136064586975,0.2158204448331327,0.24550282965670442
0.2950463147972745,0.23956815316790267,0.22180550716006775,0.2435800248747551
0.28980041839356036,0.24154379123982075,0.22010315600089453,0.24855263436572425
0.3074732842248528,0.236665523331175,0.2191612207481107,0.23669997169586146
0.2948605624869921,0.23511125998196913,0.23715573618957667,0.2328724413414621
0.2914906720165736,0.2357827026343071,0.2387468007773835,0.23397982457173586
0.2859950670651282,0.23949303042279166,0.23191760834239844,0.24259429416968178
0.2978667559785068,0.2392840633197131,0.22081647155654696,0.24203270914523328
0.29494112202210065,0.23866900716843986,0.22544296571416847,0.24094690509529096
0.29892840213833205,0.23681735369614146,0.2277080770549228,0.23654616711060372
0.2827011659940513,0.24116949764552725,0.22868396799684837,0.24744536836357311
