0.28537051433271843,0.24386615518612045,0.23814760237588659,0.2326157281052745
0.2875429342018566,0.24334222227268174,0.23306897378917998,0.23604586973628153
0.28646323736652535,0.24386301399030025,0.23422537678119398,0.23544837186198034
0.2857569579290892,0.2434279826199944,0.23614556131289174,0.2346694981380246
0.28736834313063697,0.24358103654048346,0.23315375601413466,0.23589686431474502
0.2887735850365634,0.24433452160621671,0.2283949935829195,0.23849689977430025
0.285279688514326,0.24440178597105,0.2345848159421682,0.23573370957245582
0.2850931990434144,0.24308565355131542,0.23809463120574098,0.23372651619952925
0.2857867736371102,0.2428406995447454,0.236761484428676,0.23461104238946837
0.28557190278952144,0.24286082126776357,0.2377130079594823,0.2338542679832326
0.29000745369180486,0.24355751589446403,0.22805399909720722,0.23838103131652394
0.2866181776992914,0.24501673695449908,0.23047616505973506,0.2378889202864744
0.2834288166987273,0.24296257912886282,0.24110574546249325,0.23250285870991655
0.2848728728519351,0.24178875654931484,0.24021975527271308,0.2331186153260371
0.2854258847933391,0.24213857120609228,0.23917380398592566,0.23326174001464287
0.285274639203578,0.24220993327614432,0.23926453262011854,0.23325089490015913
0.2882486500554147,0.24319889151387966,0.2327780401735975,0.2357744182571081
0.2872775625247219,0.24429104271716268,0.23124811597857134,0.2371832787795439
0.2850499810701702,0.2436160206708814,0.23730761752944987,0.23402638072949836
0.28657973514187973,0.24322125783908682,0.23502956092383262,0.23516944609520082
0.28931097700965763,0.2440042376141793,0.22826117356073386,0.2384236118154292
0.28861826859147766,0.2450987811441244,0.22664292756467788,0.2396400226997201
0.2906790786273466,0.2446637296029946,0.22281897438821827,0.2418382173814406
0.28560041259005586,0.2457841833554562,0.22989402878666648,0.23872137526782136
0.2834251351772869,0.24326373461108422,0.24041206846278243,0.23289906174884667
0.2851513507512702,0.24222219400350023,0.2385293179778676,0.23409713726736192
0.2847446542859068,0.24211679296459018,0.24022917540781724,0.23290937734168596
0.28580196552128956,0.2423154603010553,0.2383218598170096,0.23356071436064552
0.28923487757727256,0.24351473177506014,0.22992895930563034,0.23732143134203698
0.28591005369085803,0.2443857715913217,0.23333661855103446,0.23636755616678576
0.2840154321577592,0.2426787880359121,0.24084193952889085,0.2324638402774379
0.28677929415953796,0.24270373803781378,0.23564026039913133,0.2348767074035171
0.28679153812021346,0.243583464563812,0.2339983472505537,0.23562665006542066
0.2826165584195677,0.2414157967906905,0.24407849089831873,0.23188915389142298
0.2861832308900458,0.24169723101457072,0.23971906389550093,0.23240047419988255
0.2855851326544272,0.24239725898356135,0.23724771218485868,0.2347698961771528
0.2830980017635819,0.24096822233801796,0.24540706649030897,0.23052670940809117
0.28427837768378494,0.24022079469283883,0.24393325155283826,0.2315675760705378
0.2840508383203479,0.2402066320554576,0.24470522608321557,0.23103730354097887
0.2844966286454028,0.24038602903481454,0.243828001736254,0.23128934058352874
0.28604464008783065,0.24161194840239533,0.2396142688607551,0.23272914264901892
0.28546093306562137,0.2421334343624193,0.23912556556874967,0.23328006700320972
0.2851992749048958,0.24206545919083775,0.24014300139359646,0.23259226451066994
0.28440580269383364,0.2414017756039859,0.24182002515401557,0.23237239654816483
0.2849849013090612,0.24142251610992338,0.24163389598440724,0.23195868659660834
0.2872531575348408,0.2426412134173755,0.23537044292301318,0.23473518612477046
0.29221990115412566,0.2435709101871692,0.2229886088624279,0.24122057979627715
0.28478741512334166,0.24537722253951488,0.23250832279467556,0.23732703954246792
0.28101054623433885,0.24063087425120233,0.24861707993794416,0.2297414995765146
0.2832841035584372,0.23887266915204547,0.24699768037525693,0.23084554691426035
0.28424163983537876,0.23977036916163372,0.2451516508343498,0.2308363401686377
0.28517206596680805,0.24080750209824964,0.242054948411131,0.23196548352381133
0.2885510156145454,0.2428114077155852,0.23334531617548707,0.2352922604943823
0.2870994486542018,0.24411853868054165,0.23210517848214396,0.23667683418311258
0.2842143898160836,0.2429698996406516,0.2399522315687321,0.23286347897453277
0.2852457561579895,0.24212445693036952,0.23937433067979363,0.23325545623184732
0.28763866397022936,0.24313037212942976,0.23373161238229676,0.23549935151804405
0.2855558563405636,0.24347480057647725,0.23598867082666028,0.23498067225629887
0.28688464853255485,0.24335647263135354,0.23505627098289386,0.2347026078531976
0.2851286039926727,0.24310282106873055,0.23685518382788714,0.2349133911107097
0.28187693709013856,0.24004176357818519,0.2479927549497081,0.2300885443819681
0.28305706537946246,0.23850177994253777,0.24845390111654003,0.22998725356145977
0.2848339771675484,0.2398825774455031,0.24418587892859445,0.231097566458354
0.2868263050581336,0.241941032172924,0.2377322206006927,0.2335004421682495
0.28974938962591557,0.24364844323736035,0.22888460683648182,0.23771756030024227
0.285450484308155,0.24434265357375473,0.2343474687213706,0.23585939339671963
0.2831976414216509,0.24191011659631903,0.24338576821398508,0.23150647376804506
0.28472288802173706,0.2411413869765757,0.2416675466609806,0.23246817834070668
0.286607014018521,0.24237177260740575,0.23717888392819583,0.2338423294458775
0.28482095964311327,0.24232593785308223,0.23935502738090025,0.23349807512290408
0.2881746141875422,0.24303847935712022,0.2337064660646188,0.2350804403907187
0.28447396590654384,0.24295706467228306,0.23764869736313365,0.23492027205803936
0.28141671812747426,0.23934682396792056,0.25022993876240995,0.22900651914219533
0.28576949963175075,0.24039510316856108,0.2417331601267027,0.23210223707298558
0.2885694317009801,0.2430144422992822,0.2323673629713626,0.23604876302837513
0.28805976582890963,0.2443632696594505,0.23029935705980642,0.23727760745183343
0.2916525111086865,0.24409851492963155,0.22248033854380322,0.24176863541787869
0.2852644334777019,0.2457339684612727,0.23071583380891222,0.23828576425211306
0.2834368178748377,0.24302282920544752,0.24122708965202574,0.23231326326768903
0.2880573483260566,0.24311158673607833,0.23189500767991264,0.2369360572579524
0.28769129792068676,0.24443791532968964,0.23038066132593019,0.23749012542369352
0.28492828649697044,0.24385058509051047,0.23641918259141487,0.23480194582110417
0.28889368041935215,0.24359521067063097,0.23027280787021437,0.2372383010398025
0.2847913952530216,0.24398597263018124,0.2351423034429561,0.23608032867384113
0.2828097558367119,0.24149716979270106,0.24497085062173246,0.2307222237488546
0.28552280449943057,0.24138773861412283,0.23977896450820302,0.23331049237824358
0.2862808777903463,0.24257001597856642,0.23731638714549594,0.2338327190855914
0.28488711974029246,0.2423400524311764,0.23939936196490869,0.2333734658636225
0.2876021492160225,0.24297560192120304,0.234678955331003,0.23474329353177162
0.2858883552974068,0.2435163325732326,0.2349191137603189,0.23567619836904172
0.2852415047460608,0.24293109957423242,0.2388126277420764,0.23301476793763023
0.2875226564700161,0.24331330620006048,0.23291967524729074,0.2362443620826327
0.28599103408938376,0.24374915715459378,0.2351782193827122,0.23508158937331042
0.28638108670285495,0.243465604177112,0.23515319059616555,0.2350001185238674
0.2930141205471766,0.2432134905741004,0.22103024890014886,0.2427421399785741
0.284580576522867,0.24580233942312207,0.23147585149444294,0.23814123255956784
0.2823683861491638,0.24217374861950255,0.2446315332405514,0.23082633199078234
0.2854070675043994,0.24155789886994297,0.23902831211737544,0.23400672150828217
0.28468578751918344,0.24189648637408767,0.24096681708576928,0.23245090902095977
0.28558896453209587,0.24203949450101053,0.2391378476589864,0.23323369330790727
0.28728410907687124,0.2430458714189642,0.23466462485552156,0.23500539464864306
0.2858175908741741,0.24337790136827483,0.2359448260696797,0.23485968168787125
0.28248436753035994,0.24081406830488733,0.245642615781743,0.2310589483830097
0.28559987230937567,0.24113020624094153,0.24131995742504309,0.23194996402463958
0.2894853291087644,0.24328833146137382,0.22958519788892848,0.2376411415409334
0.2884112269580779,0.2448181516885831,0.22849644059094262,0.2382741807623963
0.28901107401828896,0.24482504309299097,0.2268090505598198,0.2393548323289001
0.28217168865293774,0.2430074002636856,0.24106893499896945,0.23375197608440718
0.28220651853604534,0.23974944632956752,0.24850602774651134,0.22953800738787578
0.2838767651084039,0.23928476453350708,0.24524440982607681,0.23159406053201226
0.28417091564247293,0.24001943488275773,0.2452839278000219,0.23052572167474736
0.2865031226131915,0.24162413157414903,0.23859998566518748,0.23327276014747192
0.28572872033215835,0.24245922007389503,0.23828386307172733,0.2335281965222193
0.28330746451257804,0.24085595946817864,0.24452205754660952,0.23131451847263382
0.2848020430259494,0.2407560369196217,0.24309695259122066,0.2313449674632083
0.2879184693443648,0.24262134772536134,0.23425446676254977,0.23520571616772418
0.285909994277279,0.24343692538125544,0.23588783443685948,0.234765245904606
0.2844929469247812,0.2423671208161798,0.24053203913395124,0.23260789312508776
0.2878634163886133,0.24296721051961734,0.23370401134367724,0.23546536174809213
0.2836909401301342,0.2423423889423408,0.24044082959644095,0.23352584133108406
0.2818079600295275,0.23904803311683498,0.24997823597998775,0.22916577087364973
0.2833527087763396,0.23822461881435286,0.24819362416664642,0.2302290482426611
0.28497038126120955,0.23998292783249436,0.24413425282106016,0.2309124380852359
0.2863640211481539,0.24172643587705814,0.2386432495521516,0.23326629342263638
0.2858435455248911,0.24247471419961383,0.2383017476907933,0.23337999258470182
0.28489718015120863,0.24207462853585773,0.24023182512426744,0.23279636618866623
0.28491172248551605,0.24172333533465482,0.24096198774045566,0.23240295443937356
0.2864226546596726,0.24241323148719846,0.23729946737046273,0.23386464648266625
0.2849199669987232,0.24234708382097542,0.23937335318107741,0.23335959599922393
0.28558067594883096,0.2422640061214944,0.23928324160562764,0.23287207632404694
0.2917282817459971,0.24326386826173008,0.2248158247922129,0.24019202520006006
0.28175180975929975,0.24277414988049273,0.24154724955345677,0.23392679080675063
0.2794753404717104,0.23584634888142655,0.2576897911381825,0.22698851950868063
0.2860898072709477,0.23918045756277095,0.24325578339034046,0.23147395177594082
0.2850110893638564,0.24104008828281154,0.24116132666835247,0.23278749568497983
0.2833129335684749,0.24005900757971133,0.24657666595003278,0.23005139290178087
0.28886730261606997,0.242188515361995,0.23392511818010972,0.23501906384182525
0.2863414548153245,0.24378657441050153,0.23383921832597732,0.2360327524481967
0.2844091336038428,0.24266487249857946,0.24069242699085344,0.23223356690672434
0.2889159851498958,0.24319350287424077,0.23085470607085337,0.23703580590501003
0.29541101911362205,0.24272211703349766,0.21473412852491156,0.24713273532796876
0.3012165851104748,0.23831623933643897,0.19756896402732932,0.2628982115257568
0.30372895105681436,0.23246616773724546,0.1857362060585621,0.27806867514737804
0.2892738872507224,0.2480393130332897,0.1997154869765701,0.2629713127394179
0.2806060504382196,0.24882944474564267,0.228211200476709,0.24235330433942856
0.2894317952219716,0.24396451480764855,0.22145175140102102,0.24515193856935885
0.29198467639268016,0.2449387860061494,0.2132187356208039,0.24985780198036645
0.28779526835026503,0.24685003370343803,0.22144550800810675,0.24390918993819002
0.291723829379329,0.24437985472094284,0.21701613818906437,0.2468801777106637
0.2854866712817939,0.24695448101993447,0.22607883567502826,0.24148001202324337
0.28602127196352706,0.2447661770725185,0.232393272685733,0.2368192782782216
0.28979221932662913,0.24456349639243843,0.2235175067064253,0.24212677757450704
0.28718222891012957,0.24562281003278752,0.22807396580944714,0.23912099524763583
0.29000249295115305,0.24462901310416715,0.22390702185093644,0.24146147209374322
0.2923809364680638,0.24466742959699028,0.21644246051683272,0.24650917341811315
0.28442121414261434,0.24658408688809094,0.23028356154938107,0.23871113741991373
0.2839086270028332,0.2435633338974162,0.23873737494967573,0.23379066415007488
0.2857573377288957,0.24292486594503115,0.2359111955047867,0.2354066008212863
0.28384955238042964,0.24213380916777125,0.2413606201839061,0.23265601826789298
0.28684537262315524,0.24253370932277657,0.2364391937821436,0.23418172427192468
0.2884340614238966,0.24390313920373335,0.2300358004500373,0.23762699892233274
0.28325014793514003,0.24283890887643433,0.24085547552053657,0.23305546766788918
0.2862064834562679,0.24230663925193585,0.23836356597594374,0.23312331131585246
0.2885136159809077,0.24371727464117313,0.22988568161456063,0.2378834277633586
0.28775394206375793,0.24457152760121106,0.2305882757845467,0.2370862545504844
0.2863541061462755,0.24439277828536393,0.2325960580677599,0.23665705750060068
0.2876163469922577,0.2441100262799102,0.23156348121424758,0.23671014551358438
0.2833229198403746,0.24277733516673394,0.2398481480001311,0.23405159699276035
0.2807688621499283,0.2381137550159849,0.25235404436262904,0.22876333847145786
0.2843612748472819,0.2388416032234308,0.24632991789217049,0.23046720403711676
0.28747775330439246,0.24190316907658269,0.23656541219787675,0.23405366542114817
0.2885647011174053,0.2437672265047783,0.23090555515617286,0.23676251722164357
0.2881968089917592,0.2445624279503818,0.2295117361143121,0.237729026943547
0.2859697943798038,0.24438975034478708,0.233629077988179,0.23601137728723
0.284809797744742,0.2431610828290119,0.23813044503947806,0.23389867438676812
0.2848469643721579,0.24230643069346872,0.23950726381394802,0.23333934112042534
0.2868496605969297,0.24287350171780922,0.23564217695127931,0.23463466073398184
0.2898586128149127,0.24398492414282802,0.22715186707920654,0.23900459596305276
0.29220459520309694,0.24449033112442836,0.21939765642796272,0.24390741724451195
0.2824864052084215,0.24501411985779226,0.2367153405366431,0.235784134397143
0.27921724261168035,0.23745189946301987,0.25508301331264777,0.22824784461265202
0.28592043005307266,0.23971605494586445,0.24280639711968613,0.23155711788137673
0.28920743877141314,0.24314731181540902,0.23026419705573048,0.23738105235744728
0.28837339410424395,0.24461297511920463,0.22945840012065694,0.23755523065589448
0.28856664922023284,0.24480370917734495,0.2277205015548524,0.23890914004756983
0.28389878091740284,0.24393417348667445,0.2374977236901883,0.2346693219057345
0.2861543454607648,0.24293495081013516,0.23693033745882228,0.2339803662702778
0.28860959601414754,0.24393014284290104,0.2290877640793192,0.23837249706363234
0.2898431019595902,0.24464181389773448,0.22562585732328638,0.23988922681938896
0.28778023632135374,0.2455288910283827,0.22682750008626268,0.23986337256400087
0.28924986203388997,0.24478216443573814,0.22602166474587213,0.23994630878449988
0.28371218228943607,0.24445165646135095,0.2355422911831079,0.23629387006610508
0.28170155380110273,0.24069471905854023,0.24751072178747455,0.2300930053528825
0.2870928293969925,0.2417328953085419,0.23684233332410345,0.23433194197036214
0.289177448690972,0.24388354584024752,0.22891959716541913,0.23801940830336138
0.28724904305979315,0.244791543806747,0.23061475970259201,0.23734465343086775
0.28712551392131824,0.24440080998958535,0.23171455984250822,0.23675911624658827
0.28698447929466187,0.24434643272744516,0.2315770277941661,0.23709206018372703
0.28767830192904,0.24435840480561385,0.23062379482174275,0.23733949844360339
0.2885580289772598,0.2446849061522775,0.22764554975903933,0.23911151511142323
0.28859019120722007,0.24502131885361433,0.2268451947195979,0.2395432952195677
0.28726582457034794,0.24516771815759644,0.2289441144545485,0.2386223428175072
0.29045156340584466,0.24441613259167394,0.22377677500911825,0.24135552899336316
0.2845123052700306,0.24527874124793342,0.23271395412244386,0.23749499935959212
0.2811050098311422,0.2408458264987269,0.24782165156822072,0.23022751210191014
0.28608428287685383,0.24122351407200446,0.23953502881175567,0.23315717423938606
0.28826973715244775,0.24338417032248735,0.23165519050646,0.23669090201860493
0.28662452348055806,0.2441578569382359,0.2333347892552611,0.2358828303259449
0.2882090144995629,0.24409828212574247,0.23048403431282147,0.23720866906187313
0.28670818826745736,0.24454617099649764,0.23153255794037053,0.23721308279567452
0.2874786458901486,0.2442315377256632,0.23164189928950638,0.23664791709468183
0.2905694412164638,0.24444192919888189,0.22345628380307486,0.24153234578157945
0.28908409642523897,0.245639057672256,0.22388759672169903,0.2413892491808061
0.28969096153964696,0.24523900162198253,0.22306276348848983,0.2420072733498806
0.2941578433027823,0.24355576696655637,0.2133102498178303,0.24897613991283105
0.28384990785607545,0.24721906032283958,0.22904231344510342,0.2398887183759816
0.2800134563077669,0.24122564869130417,0.2483978714737641,0.23036302352716498
0.28659584710073555,0.24150413336905507,0.23781222980916444,0.23408778972104483
0.28604652735778197,0.24306392268611168,0.23554628538086667,0.23534326457523969
0.2845284038392138,0.24246258908775056,0.24050157197503072,0.2325074350980048
0.28906225878477587,0.24318235127764215,0.230827291382665,0.236928098554917
0.2860488276767706,0.2442912669336036,0.2332391678657787,0.23642073752384726
0.2882190318361368,0.2438956074969919,0.23146823746271386,0.23641712320415748
0.29174884859148514,0.24443389565639229,0.2201970953313939,0.24362016042072857
0.28913940428265406,0.24595050157100298,0.22302330287458863,0.2418867912717544
0.2872606040142605,0.24569590817572307,0.22727632222479005,0.23976716558522634
0.2926412927731696,0.24370261475247318,0.2186279519322213,0.24502814054213598
0.28611410973794854,0.24679870055727568,0.22575223668847869,0.241334953016297
0.28149532119416043,0.24306834919908668,0.24347471131452605,0.23196161829222686
0.28523966152010255,0.2417682287243056,0.23927414708492423,0.2337179626706676
0.2843091262164447,0.24173543010313933,0.24098504117910308,0.23297040250131285
0.28281885742241714,0.23991961893784952,0.24674824611983212,0.23051327751990125
0.2881450952707218,0.2419697643101211,0.2357450567676193,0.23414008365153774
0.2910276749916159,0.24417742218287974,0.22387033022676117,0.24092457259874325
0.29033400017153554,0.24526132684025836,0.22278328172022338,0.24162139126798268
0.2908299155523934,0.24529314955668882,0.21981755563955482,0.24405937925136315
0.28752093666933515,0.24621959625283177,0.22525016638786666,0.24100930068996634
0.2863937891440949,0.24521100987383604,0.23029649004535596,0.2380987109367132
0.29025037956565214,0.24437904468426971,0.22373937621921866,0.2416311995308595
0.28415971227659614,0.24512650571790923,0.2337321523907497,0.23698162961474506
0.2812290811763455,0.2407338305737046,0.24774366045145563,0.23029342779849438
0.28435169280752376,0.24010547879468408,0.24381686255128882,0.23172596584650326
0.28903813777782755,0.24271486362008252,0.23222096022587066,0.2360260383762192
0.28854693810958926,0.24461597549058545,0.22821565268090827,0.23862143371891698
0.28607545605597157,0.24451843733581857,0.2337366813485437,0.23566942525966622
0.2846168120226567,0.2430971973195703,0.2381158452816051,0.23417014537616773
0.29034121942845453,0.2432799554103,0.22803549761474864,0.23834332754649679
