0.23160737060631306,0.2058946334085027,0.23219971133915687,0.33029828464602734
0.23743075422858623,0.2131273039390952,0.23686314552414495,0.31257879630817365
0.27415032614706203,0.21648816259393802,0.24251362564456694,0.2668478856144331
0.30498571558489057,0.22648631212187528,0.23074447356658145,0.23778349872665275
0.2369950183366649,0.22763272471097004,0.21160900498342852,0.32376325196893646
0.19741163152264288,0.20413310142225607,0.22938026931768926,0.36907499773741187
0.29131552425707335,0.21282565718458876,0.25611575470120207,0.23974306385713576
0.28487345094053396,0.22716340559285486,0.22164049004745398,0.2663226534191572
0.31611213504511987,0.22664802844198204,0.23541100646092966,0.22182883005196843
0.32841225457654666,0.2372629297571187,0.2159837679916529,0.2183410476746817
0.10021103084398697,0.17143910328008014,0.15779248662629927,0.5705573792496337
0.23227375670991157,0.18434363445281884,0.3074101727895553,0.2759724360477143
0.30868284869106194,0.22070810201766036,0.2273827844596465,0.24322626483163118
0.3320550164479616,0.22757478285728372,0.2290174809891708,0.2113527197055838
0.32858139574593215,0.23049077222519973,0.2240409527705895,0.2168868792582786
0.35651229872479706,0.227526976352684,0.22587292264984737,0.19008780227267155
0.18162157820897815,0.2121389348469838,0.1922091391944738,0.4140303477495642
0.2604024950391447,0.19608608592974863,0.28146223245298263,0.26204918657812415
0.2907499972735341,0.21783807778982373,0.23194481782175436,0.25946710711488796
0.2883706564800158,0.22173787780149615,0.23288798728325624,0.25700347843523175
0.1586173724296402,0.19908454561170075,0.2022303209849219,0.4400677609737371
0.20535321518672703,0.20060824984030465,0.25204654649638236,0.34199198847658596
0.059289810966272255,0.11585298810361813,0.14265290780768525,0.6822042931224243
0.20780138750476912,0.16586625937576963,0.3319050914134271,0.2944272617060341
0.2572226966971573,0.21507098307018202,0.22085884253010685,0.30684747770255394
0.31149716934027344,0.21936659689262936,0.2452331576777959,0.22390307608930132
0.34206084501734985,0.22778512612740193,0.22560822480810555,0.2045458040471426
0.32590023335510915,0.23744431965718157,0.21458088099593506,0.2220745659917743
0.12823697749662005,0.19751425993697513,0.1717859494841264,0.5024628130822784
0.2661356909732211,0.19400262206688668,0.2982328868338109,0.2416288001260813
0.2995216853861622,0.23277347810200122,0.21323903481213152,0.254465801699705
0.2613568142611611,0.23586046886596673,0.21538534853284105,0.2873973683400312
0.24857532251380116,0.23024165291733983,0.22595660097633496,0.29522642359252405
0.39273875122027935,0.2235244979649971,0.23304405144148768,0.15069269937323593
0.15425880526109284,0.21781927523062616,0.1655087859124454,0.46241313359583563
0.29740543708611955,0.2071275769831129,0.28368159012361627,0.21178539580715133
0.3501537612174905,0.23538569933357947,0.21080202403910323,0.20365851540982688
0.37709045912954775,0.23481957865801642,0.21698822693333883,0.17110173527909697
0.38577643449817184,0.23929773230241025,0.20775852182852256,0.16716731137089536
0.3875305758051604,0.24020783921742725,0.20660001891840826,0.16566156605900398
0.31543609935696876,0.2459913631461632,0.20590906585713836,0.23266347163972972
0.35600026452266065,0.22687931737314296,0.2318036882009984,0.18531672990319797
0.30234135703175213,0.23967878121737113,0.21035698597549393,0.24762287577538283
0.3684227746329947,0.2233661215573479,0.23637409444231197,0.17183700936734536
0.3360338035162331,0.24259498877783656,0.20829956274114997,0.21307164496478045
0.29789328820287425,0.2480052796623695,0.20702362036944089,0.2470778117653154
0.04374980612706023,0.10573914944922583,0.11273953124571252,0.7377715131780014
0.21236210015320342,0.16300335431794527,0.3501588795631881,0.2744756659656631
0.3415557240781847,0.21620778459832335,0.22691848562392666,0.2153180056995653
0.38704910036108936,0.22364128967374466,0.22507168739077452,0.16423792257439143
0.3758985762618346,0.2332992722654954,0.2129507111206221,0.17785144035204795
0.3795533499709959,0.23461405978738903,0.21293999691394935,0.17289259332766585
0.16268534205110394,0.21617158501394498,0.17829040331177,0.44285266962318104
0.2612636717786853,0.20168010137318626,0.28083125113035845,0.25622497571777
0.31794536887278924,0.22679855130939208,0.2251507615467485,0.23010531827107011
0.3288526928100719,0.23835567567072224,0.21745226583144323,0.21533936568776252
0.20997324000721107,0.23324988948149575,0.19993750454504947,0.35683936596624377
0.32532255721616743,0.2275269172758681,0.2456355398748121,0.2015149856331525
0.17453147728461313,0.2200866340076864,0.18080689955592952,0.4245749891517711
0.2976923801494728,0.20741823748562926,0.2774597833182672,0.21742959904663076
0.38777308908102703,0.22247778946807525,0.22190885412302483,0.16784026732787297
0.4060171690669633,0.22620054391241495,0.21526189385534494,0.15252039316527677
0.3718638591818474,0.23937536573698726,0.207279435171517,0.1814813399096483
0.3176611541585927,0.2443843693705735,0.20770768500787437,0.23024679146295937
0.1278944415335716,0.19709100222865059,0.17372358539164542,0.5012909708461323
0.27066708038391046,0.1929982543417948,0.29997392029009845,0.23636074498419626
0.3195543611200944,0.2307199249552746,0.2163402430391935,0.23338547088543743
0.35629354427433735,0.23539553441679875,0.22067915109839542,0.1876317702104685
0.26487868839834033,0.24099432091766684,0.2070303305498136,0.28709666013417917
0.3694846562787088,0.2283038588296577,0.23316668069294363,0.16904480419868978
0.10110606777910959,0.17376810381343633,0.1457277950715521,0.5793980333359019
0.2506115242509828,0.16981165320922345,0.34214872696043536,0.23742809557935834
0.3636023959273064,0.21058553152574128,0.23053581114746483,0.19527626139948753
0.3240849440295795,0.2274702390672459,0.22146100286877146,0.22698381403440307
0.23805597734904851,0.2225737758535082,0.2208301185599323,0.31854012823751104
0.25619092731421633,0.21906068409509288,0.23611803996997674,0.288630348620714
0.04746212807982397,0.10109942714424848,0.12326530683173728,0.7281731379441903
0.2002770102604243,0.1523625408101799,0.35932272165070833,0.2880377272786875
0.23467114733372985,0.210353471607674,0.21444944745374578,0.34052593360485034
0.21182975976332125,0.20950048116788114,0.23165815504787743,0.3470116040209202
0.21419366735187342,0.21115892752459522,0.23504916770048287,0.33959823742304845
0.3223433683650973,0.22214028581152445,0.24267344765734447,0.2128428981660336
0.07878345331065237,0.15414367107249413,0.13827448876544693,0.6287983868514067
0.24201591328553035,0.1733711717208996,0.3364865111956922,0.24812640379787784
0.29625873631231947,0.22301783268899752,0.21685733517102468,0.2638660958276584
0.33124649549506757,0.2260771576435307,0.23366888975570116,0.20900745710570062
0.2824054593475628,0.23281670095414037,0.21721759613203726,0.26756024356625957
0.360179615139436,0.22534234116755408,0.23453041930098348,0.17994762439202638
0.1706959375637111,0.21076718056297322,0.18464621996852118,0.43389066190479436
0.2913441090911144,0.19443937983758688,0.29335280290631316,0.22086370816498557
0.2302085386054057,0.22298706021487422,0.20357643033898068,0.34322797084073947
0.25414565687693086,0.21152478736625754,0.25144353015419457,0.282886025602617
0.29449865898139066,0.22371732769262978,0.23538044587240722,0.24640356745357234
0.29499995954132757,0.23666909867372382,0.2154465413072993,0.2528844004776494
0.02579673823913225,0.061923766650454695,0.09012822688693739,0.8221512682234756
0.19079586610362642,0.14782015460406558,0.37191938017587883,0.2894645991164292
0.24084298312825336,0.20997536897897814,0.2134793067131586,0.33570234117960995
0.3061362087050437,0.22161019193153378,0.2460958173270665,0.226157782036356
0.34382708425886344,0.23123932343229933,0.22182239933945075,0.2031111929693865
0.3365667747279811,0.23810378350062933,0.2147478923322559,0.21058154943913368
0.24469010899697102,0.2326008988807209,0.20786032858801576,0.31484866353429214
0.3032919004181125,0.21313455012242863,0.2572287475712625,0.2263448018881963
0.3944156372975246,0.21943264653936315,0.22736696776447002,0.15878474839864234
0.29565033587642914,0.23992002473514218,0.2045992649766304,0.2598303744117983
0.187255983110339,0.22335131299637134,0.2073250715075244,0.3820676323857653
0.21019702048245933,0.21585750546402574,0.23193147135834954,0.3420140026951654
0.1059513697441793,0.1708519703008493,0.1784104351684257,0.5447862247865458
0.2932969278717111,0.19073688801758074,0.3072717833477634,0.20869440076294485
0.3081939079355177,0.233758862344525,0.20783750113800514,0.2502097285819521
0.38958517514681446,0.22361478958310113,0.23160875582612975,0.15519127944395456
0.36640987447855344,0.2409433768736741,0.20369654416079117,0.18895020448698122
0.3016264326244094,0.24564645291477819,0.2077067780458842,0.24502033641492812
0.32385619404125454,0.2335675517716324,0.2289020625894457,0.21367419159766746
0.39710563816861655,0.2213324435123523,0.2275175179193583,0.15404440039967288
0.321118974582505,0.24815311136155244,0.19940354854542586,0.2313243655105167
0.2404180593956752,0.23745217466385962,0.21029838457675545,0.31183138136370975
0.3119651649538729,0.23279778669544923,0.23648131985668538,0.21875572849399244
0.3558736413748302,0.24472021973802907,0.2075309169069768,0.19187522198016396
0.16404777648074614,0.22235272589925165,0.17755438142094007,0.4360451161990621
0.3222459394627476,0.20732720352846556,0.2805107531056028,0.18991610390318403
0.3869188167301841,0.22856046732548738,0.21253749881242937,0.17198321713189924
0.4166404379403626,0.22917158370790736,0.21097229836177764,0.14321567998995247
0.3542425215880977,0.24424587050621338,0.20280189410408722,0.1987097138016016
0.3240986156308987,0.24446509374243913,0.21239454765335838,0.21904174297330392
0.32822033681125107,0.23748650429150692,0.2205709206227074,0.21372223827453463
0.361103168930932,0.22710107528960694,0.2272945622362054,0.18450119354325567
0.3232828673134055,0.24746771534589138,0.2045301980550422,0.22471921928566085
0.28634638535837736,0.24217553363816918,0.21601169722956462,0.2554663837738888
0.36798089258278044,0.2316639561304588,0.22792737117725267,0.17242778010950807
0.29879667985467945,0.25716093650711513,0.19084494737232732,0.2531974362658781
0.04490023220082876,0.11374301657890663,0.11002549461144075,0.7313312566088238
0.22027634216457465,0.15376808391050836,0.37421745562678654,0.2517381182981305
0.38621834009527095,0.2112642161934947,0.22321048178542108,0.17930696192581336
0.2566486243473842,0.2344940626011543,0.2024340852745329,0.3064232277769286
0.3524932982519324,0.2111008937288071,0.2590695108584547,0.17733629716080576
0.3905448832582296,0.21898783645615116,0.22111556031947682,0.16935171996614246
0.1740533074631766,0.19063413874674315,0.1947366678986412,0.44057588589143915
0.26466914078427595,0.168280872203542,0.32603848030116817,0.2410115067110139
0.3032400147944088,0.189760223803699,0.255575433069644,0.2514243283322483
0.2464263423266183,0.19322879177380226,0.24804923434217716,0.31229563155740225
0.03217903788467322,0.038784907176005995,0.13346535058483014,0.7955707043544906
1.4009544061052242E-05,1.6409900106287257E-06,0.001099162189351259,0.9988851872765769
3.321298244637756E-16,3.0136353990428486E-23,3.68447337343941E-12,0.9999999999963152
0.06690173110333032,0.08562949813347515,0.31990372376708726,0.5275650469961073
0.19588877896482898,0.16719155872687788,0.2717944340438878,0.3651252282644053
0.04915234052717012,0.07140516968546759,0.14170995863539476,0.7377325311519676
0.05770267340793008,0.09246189680699021,0.2265897875333784,0.6232456422517012
0.12237143042532227,0.1414335795278311,0.25502126297314925,0.4811737270736974
0.027921806277959742,0.04802729137832426,0.12009251210513198,0.803958390238584
0.16327321134004769,0.13425006911888157,0.3646057339805027,0.33787098556056805
0.10336169120000926,0.14772650282375577,0.17469064431196435,0.5742211616642705
0.13861510613505165,0.15378134897862797,0.2720765829503737,0.43552696193594664
0.19833831404516625,0.1881582968530112,0.25106788374559375,0.36243550535622876
0.09268431298501933,0.14873568515940438,0.17584950425781212,0.5827304975977641
0.049945379290126636,0.09345962193593477,0.1729681968358827,0.6836268019380559
0.20786096987528857,0.16558100901179748,0.324418965839758,0.30213905527315593
0.21475702496165744,0.21079021307134907,0.21022778288398414,0.3642249790830093
0.28364166302026245,0.20976959039033766,0.2611061701634264,0.24548257642597351
0.36086396901690154,0.22413391742546057,0.22739765758225303,0.18760445597538486
0.239167354686986,0.22916123362039068,0.2017342611299595,0.32993715056266393
0.20916232909618993,0.20946630909393874,0.23642289973845249,0.3449484620714188
0.3462435267184719,0.20280797150251303,0.2673865586604471,0.1835619431185681
0.16103493282862302,0.21008309458947486,0.17967547957623167,0.44920649300567045
0.2201674283255089,0.20581747633237646,0.26130665646970586,0.3127084388724089
0.182511392369935,0.20872918010627706,0.2108226127649693,0.39793681475881865
0.2725443137847544,0.22002421826390342,0.24873783773772667,0.2586936302136155
0.1398933671793581,0.19498328427419406,0.179037348543747,0.48608600000270086
0.2910202595727007,0.18982876344280605,0.3058110000130232,0.21333997697147014
0.3988797037546043,0.20980628144389085,0.22968047236407532,0.16163354243742953
0.36202370194947237,0.2311432683734175,0.21372018968129025,0.19311283999581993
0.28202179347560175,0.23780060913734224,0.2123109487901302,0.2678666485969258
0.2366862277792092,0.22407805816297705,0.22251757427019322,0.3167181397876206
0.21717502354901363,0.2113502711520827,0.23028424730613434,0.34119045799276926
0.280134318997226,0.2087068690213239,0.2553428137264932,0.25581599825495693
0.29429699727600866,0.22547393021010514,0.22793709955520147,0.25229197295868483
0.3400243380110929,0.2287847001482966,0.2305596597047841,0.20063130213582644
0.28108615581640223,0.2369065887838517,0.21332856240525608,0.26867869299449004
0.16489154135528022,0.208159490813767,0.19696830492492418,0.42998066290602865
0.049184035754784965,0.10262184558954725,0.1407749884242308,0.7074191302314369
0.21171601827562014,0.15175241791302937,0.364047031385123,0.2724845324262274
0.3846947537326501,0.19907539242610806,0.24160194692011916,0.17462790692112248
0.24692861726649776,0.22288369476810438,0.20684999212924882,0.323337695836149
0.23226233823615225,0.2136911291433082,0.23950808914938115,0.31453844347115834
0.21175795694122695,0.2050652399770286,0.2275366369383997,0.3556401661433448
0.16829598575579682,0.19021422335841118,0.2262471429408205,0.41524264794497157
0.30426451568001645,0.1905222485344628,0.29064844860139577,0.21456478718412494
0.16552662190663994,0.20301989182543578,0.1899656351328144,0.4414878511351099
0.2219581839426864,0.19945293492859592,0.2652457185343299,0.3133431625943879
0.10488870353877512,0.15804245507820172,0.18371788518109947,0.5533509562019238
0.20399012843441897,0.1854150884838135,0.2803839820907675,0.33021080099100014
0.06295112372764303,0.12074702162490125,0.1390811297678705,0.6772207248795852
0.22051976126314118,0.15842126515687555,0.3548947272108939,0.26616424636908936
0.33482165338423886,0.20819373386259432,0.2340043859311278,0.22298022682203905
0.2571539386517412,0.2220256783958459,0.21841421887916906,0.30240616407324383
0.2014093108381879,0.20519771173370518,0.227592939800313,0.36580003762779395
0.251049292362987,0.2043994280205809,0.2559014978051381,0.2886497818112941
0.223737534820084,0.20845687549410274,0.22762151622499535,0.34018407346081797
0.2661873919174173,0.20390438688515422,0.2576078219260448,0.27230039927138366
0.188796045566701,0.20727046100434257,0.2109242261092037,0.39300926731975283
0.19297441707052784,0.19884324942169704,0.24145535946834287,0.36672697403943216
0.17164961369339574,0.1920284978851336,0.2283776301325693,0.40794425828890146
0.22782298319720024,0.2070785701268882,0.2459868445001943,0.3191116021757172
0.05577461438167836,0.11374385863878313,0.13227040381898275,0.6982111231605558
0.2089575504461085,0.15767056062242038,0.3521788746730434,0.28119301425842774
0.35152576630626686,0.20719655995104497,0.23692048328386714,0.20435719045882103
0.2790802088225739,0.2251653121138707,0.21749219092829147,0.278262288135264
0.24818264990344605,0.21474051047797718,0.2361471644514778,0.300929675167099
0.28626918638405274,0.21413307537861404,0.24470084334389486,0.2548968948934384
0.19710096568408106,0.1997238151777648,0.21787881570397372,0.38529640343418037
0.27534859068026196,0.1922473480413281,0.2815373367203813,0.25086672455802866
0.17295094328284122,0.1978626710023661,0.20177724546157205,0.42740914025322063
0.13328240008642464,0.16770843501033483,0.22836607652987959,0.47064308837336105
0.16749647127294415,0.17647734504970206,0.2554131366838172,0.4006130469935366
0.10588436460665969,0.15906050071870673,0.19074556118494504,0.5443095734896886
0.015126279079067224,0.035770413217643605,0.08802945085433198,0.8610738568489572
0.16755560305980371,0.13624735613612368,0.37728908173516384,0.3189079590689087
0.33922097215929103,0.20728350744563367,0.23541875093646897,0.21807676945860624
0.2243708400844709,0.21571869802055438,0.20980630029439368,0.350104161600581
0.3061350179744193,0.20585909216431988,0.2679233880494081,0.22008250181185265
0.335143008124234,0.22004209322470314,0.22761145661729235,0.2172034420337707
0.16056510457006776,0.193512121003717,0.19745646680242868,0.44846630762378653
0.2790961795683321,0.18353828809186676,0.3052779896108085,0.23208754272899262
0.09485938463432217,0.154042610920828,0.160974364500586,0.5901236399442639
0.10679361603240882,0.14109319466898254,0.24681183514373392,0.5053013541548746
0.12536805884509314,0.15552698874850077,0.23669796423867387,0.4824069881677322
0.192838319109157,0.19161219270869798,0.2505599430157247,0.3649895451664204
0.01724903966895844,0.04370622018989013,0.07863815641889106,0.8604065837222604
0.16328875362924833,0.1420625810046441,0.3621350252497112,0.33251364011639645
0.3034831423447435,0.20878618554408637,0.234375043702655,0.2533556284085151
0.2870919214946993,0.22076411227344112,0.22997983269204741,0.2621641335398121
0.34695684618274203,0.20746470402867795,0.25495578114528994,0.1906226686432901
0.39672065130599005,0.21022044159952344,0.23303388013841686,0.16002502695606957
0.177443970592961,0.20232330049128963,0.19284576071732032,0.4273869681984291
0.18029230263327284,0.17947719566808418,0.2608294050009136,0.37940109669772926
0.09991455284194399,0.1527983101742748,0.18818426195150575,0.5591028750322755
0.0873218156472969,0.1330922825317472,0.21427423853924424,0.5653116632817117
0.16315391227821258,0.17213970133558262,0.26702739982454116,0.39767898656166367
0.21345214771871293,0.20082017571739497,0.23611416055300566,0.3496135160108865
0.062120143151944036,0.12363971403343468,0.14415673217668587,0.6700834106379354
0.21840753849811956,0.16426727621311582,0.34168257987037276,0.27564260541839175
0.34981130873001065,0.2088500773186614,0.23702729656885474,0.2043113173824732
0.36826824966668686,0.22034351608633704,0.22705469637988318,0.18433353786709297
0.14738423065609946,0.1964304474766171,0.18119666371175824,0.4749886581555252
0.21469428501314694,0.18777749645541977,0.2806483332169087,0.3168798853145247
