0.2757255112253541,0.22439012846354123,0.22390409061756303,0.2759802696935417
0.2718674908632452,0.2751796316017806,0.21615828776351223,0.23679458977146192
0.27027968994667145,0.2852226858492184,0.2153410839855921,0.22915654021851803
0.2851204157982421,0.2522586921564801,0.22289362659132023,0.2397272654539575
0.30842813089189275,0.1816920716242224,0.23847400049361164,0.27140579699027323
0.2587133064795108,0.2959382175378659,0.21080042411061786,0.2345480518720053
0.268449295153407,0.2990275340377108,0.2112568203336721,0.22126635047521007
0.2729907252025319,0.27756190871932257,0.21853135387189504,0.23091601220625058
0.271197930617421,0.2842313787899756,0.21562469766247644,0.22894599293012702
0.30780595750636464,0.1927374036415884,0.23549298126289364,0.26396365758915336
0.2719580820978392,0.2669693178726021,0.21806692341853123,0.2430056766110274
0.2648833275732069,0.3067381343692117,0.20778871461593484,0.2205898234416466
0.2771543301171418,0.27651153300642445,0.21671638592212505,0.22961775095430878
0.27909638294853073,0.2604330973944517,0.22166270091613993,0.2388078187408777
0.2862149747507745,0.24079377575605343,0.22508712011410884,0.24790412937906306
0.3099438202064056,0.16928598282861976,0.23929256634233903,0.2814776306226357
0.2936617783137821,0.19113757161065603,0.23521589888613165,0.2799847511894301
0.25991701849911086,0.2936503677750747,0.2115003180101341,0.23493229571568033
0.277664559099973,0.26454715515947513,0.22153241029827933,0.2362558754422723
0.2894973475961987,0.21838150299770415,0.23385182410034033,0.25826932530575697
0.2724313206854766,0.2653390319852459,0.21969029615523097,0.24253935117404665
0.29172754508546783,0.2408666854084803,0.2251147257903555,0.24229104371569632
0.26854744621971643,0.2882587215589338,0.213315396254656,0.2298784359666938
0.26460689906820145,0.3100722822830521,0.20757455755333176,0.2177462610954147
0.275264231765358,0.2782263169129674,0.2172296065881507,0.22927984473352386
0.2717096559027695,0.2811765641357872,0.21693989238748795,0.23017388757395532
0.2847639413398298,0.2508379327426794,0.22240636512018422,0.24199176079730658
0.28587269344963034,0.23733804348432236,0.22553005659999617,0.251259206466051
0.2668356976599944,0.28639961394258323,0.2153671426522706,0.2313975457451517
0.26321445416744166,0.3107541955106258,0.20776764616240329,0.21826370415952923
0.28330153018339477,0.26466086966870805,0.21923328246216672,0.23280431768573054
0.27091172376361133,0.2831130062448761,0.21562949510183335,0.23034577488967914
0.25440598436913275,0.32449420424444125,0.2058156259358213,0.21528418545060454
0.28837487755624974,0.26861918264196977,0.21710437085475176,0.2259015689470288
0.2790220749930347,0.25823001192992917,0.2211546088495567,0.2415933042274794
0.261182588623519,0.3131701023994883,0.20649381046615833,0.2191534985108344
0.27862490199488316,0.27714368464113254,0.2156591735261229,0.2285722398378614
0.2654883551706965,0.2974004669454315,0.21197475341731495,0.22513642446655707
0.27561508480970925,0.2790216872106575,0.21601589961509862,0.22934732836453475
0.2956000542213742,0.22517311864467537,0.22776240296441896,0.25146442416953146
0.2995648621975658,0.20569221806881663,0.2303249304408769,0.2644179892927406
0.2652638146569935,0.28563387977809307,0.21267412495491517,0.23642818060999832
0.2598168559644365,0.30882092935555633,0.21011874209186418,0.22124347258814306
0.2651400748572988,0.3001419436446996,0.21353360639576105,0.22118437510224068
0.2877135322454699,0.24411760436293725,0.22540833019876358,0.24276053319282936
0.31490628830390643,0.17357878385431758,0.23765956735232338,0.2738553604894527
0.2586442076209154,0.30166553416669784,0.20871959765812995,0.23097066055425686
0.2627053137915528,0.31948070274998125,0.2046281363895339,0.2131858470689321
0.2728265076219133,0.28662900716462164,0.21468451043378345,0.2258599747796816
0.27564520612913834,0.26906852480689475,0.21976052374688165,0.23552574531708517
0.2918844291927107,0.22167188049163888,0.22993328514806732,0.2565104051675831
0.3027338672342596,0.18292297873634636,0.23614220762998384,0.27820094639941023
0.27929047898439785,0.24129092924173062,0.22392302173615003,0.2554955700377216
0.258891137398772,0.3097255066138558,0.20799781004630452,0.22338554594106785
0.26603298456876523,0.3022817115922056,0.21127189947140168,0.22041340436762744
0.27820924213105286,0.2694895974498056,0.22045021238824963,0.2318509480308919
0.2651045035581702,0.29908282404424813,0.2115697321749155,0.2242429402226662
0.2911872365635551,0.2651813789024278,0.21601662090405746,0.22761476362995958
0.28317790179663893,0.26229735622755607,0.21765233936303166,0.2368724026127733
0.2551411807118633,0.321674465947734,0.20561039707568488,0.21757395626471787
0.26698784676782894,0.3013526899744049,0.21147108152337116,0.220188381734395
0.28148069899833306,0.25258338023136223,0.22446630953676325,0.24146961123354146
0.3009339075139385,0.19091231707641243,0.23677917907941642,0.27137459633023275
0.2961768794333088,0.1997764416233645,0.2313990913895805,0.2726475875537463
0.2686630681789971,0.281965713669157,0.21390205236578017,0.23546916578606575
0.25869028369140973,0.31829409902672984,0.2061022238569225,0.21691339342493787
0.2664126096245686,0.30156005369305106,0.21188390684506364,0.22014342983731675
0.2876066182867164,0.2468374851057441,0.22599972211450173,0.23955617449303787
0.27554023589346843,0.271266346242357,0.21650216374679546,0.23669125411737915
0.31296041068822195,0.20329327084406862,0.22785790493345037,0.25588841353425906
0.27522006161228296,0.2541697741471983,0.22161466579003233,0.2489954984504863
0.2537392752494597,0.32106786683205135,0.20580553094977674,0.2193873269687121
0.3016559844874892,0.1938437293142888,0.2389656219582834,0.26553466423993843
0.30792443144878456,0.11835567364212747,0.2543036375616847,0.31941625734740325
0.28250491045131,0.21945367931171872,0.22613970713453405,0.2719017031024372
0.2996225311792616,0.2023501195781064,0.23163357129339357,0.26639377794923846
0.26176354908679667,0.29071826835200093,0.21376172193780643,0.23375646062339592
0.26158304562260876,0.31327154117856093,0.2075468958264714,0.21759851737235894
0.2953668343213567,0.21846213037253678,0.2327639553903374,0.25340707991576916
0.27129972820449866,0.26708309510869976,0.2202902483490564,0.24132692833774533
0.2668880059186395,0.2988659277710267,0.2105060149887793,0.2237400513215544
0.29555838474867807,0.24170517732330218,0.22289677139597835,0.23983966653204147
0.2648172987837474,0.2909930774045053,0.21383026007548123,0.23035936373626614
0.26284990433355004,0.31356349070976625,0.20696669807530044,0.21661990688138327
0.2923229793082623,0.23310840159061913,0.22758119079604194,0.24698742830507667
0.2846605290391724,0.23776700989982122,0.2258875330103087,0.2516849280506977
0.26814511882007186,0.2826716845264894,0.21456467275601745,0.23461852389742127
0.297247037485927,0.2246527807224421,0.22865700494833,0.2494431768433009
0.29553081659384167,0.20092683017319254,0.2342350440355971,0.2693073091973686
0.26153484639936486,0.29444670861093925,0.21057774741078036,0.23344069757891553
0.2855582110636281,0.2419179828988626,0.22701785878775876,0.2455059472497507
0.26268333226485946,0.2912704291619328,0.21517050805766896,0.23087573051553884
0.27504097783122655,0.28114777839472843,0.21559061026339488,0.22822063351065014
0.3237721891198005,0.14282631547034355,0.24697947862660447,0.2864220167832514
0.24919815327335335,0.30929408663405716,0.20828107514740926,0.23322668494518015
0.2673569821289634,0.3122697844214865,0.20646424173938063,0.21390899171016933
0.2749645741757343,0.2738179461526796,0.2186863308643261,0.23253114880726006
0.26903814687037314,0.28965660253757336,0.21512300844860235,0.22618224214345098
0.2958159965703053,0.23075511536048668,0.22582142104153663,0.24760746702767147
0.30199042012199034,0.2021309775709368,0.23028974665372715,0.26558885565334583
0.2803439922964793,0.24730804552786922,0.2218695818000343,0.2504783803756172
0.24902705200118347,0.3257682124504644,0.20580562080770065,0.2193991147406515
0.27654304544357494,0.2755088042762805,0.22033566638126484,0.22761248389887967
0.3000338804666513,0.18352497319108754,0.24097885322266732,0.27546229311959386
0.2694585069006298,0.27667196908142405,0.2152379565430022,0.23863156747494388
0.2914292195733103,0.2593280209971337,0.21712154716014806,0.23212121226940796
0.2511770745146807,0.3273347992280704,0.20532498983946873,0.21616313641778007
0.26324839568356456,0.3202696343668791,0.20558073127371992,0.21090123867583657
0.2782987278516424,0.26840315391531366,0.21995406502592876,0.2333440532071152
0.28095299294525306,0.2649237948887053,0.21839689042145943,0.23572632174458233
0.3003564323112391,0.20359138531173407,0.231400626196635,0.264651556180392
0.2677152429507645,0.27798303754312315,0.2154738631693237,0.2388278563367887
0.26729964341905293,0.2977145266011106,0.2113189852672688,0.22366684471256768
0.27047429859115124,0.2902841463222716,0.21313899994350965,0.22610255514306749
0.2866801059711432,0.23880971921762675,0.22723042859389497,0.24727974621733498
0.25822431912198,0.3053655576624725,0.2107059940799592,0.22570412913558827
0.26883645294414404,0.30586406869405974,0.20886204490748772,0.2164374334543085
0.3052757086764735,0.22582065687825556,0.22460927425196048,0.2442943601933105
0.2560227227050665,0.31178371020121404,0.2080665578327574,0.2241270092609621
0.2616801727637718,0.32024888707155486,0.2054043801973772,0.2126665599672961
0.2745515556336512,0.2812382855517047,0.2162241590950414,0.22798599971960282
0.29086774464081094,0.23303714849360832,0.22682739232308177,0.24926771454249902
0.2861115655405795,0.22910581290511764,0.22696302290558287,0.25781959864872017
0.27498992311288445,0.26902063998247566,0.2173885306701945,0.23860090623444544
0.2911545925535878,0.24214635491942074,0.22315574380820583,0.24354330871878574
0.2562076503685881,0.30937692920034504,0.2090073578286793,0.2254080626023876
0.264475468866145,0.30311190477666894,0.21229144741813752,0.2201211789390486
0.2683610918494483,0.2935518157246353,0.2154927726319429,0.22259431979397368
0.275799803528416,0.2897025634960648,0.2107728504332987,0.2237247825422204
0.3215043885950877,0.17476563432448,0.23559192307172727,0.268138054008705
0.24504651404956357,0.32440155629469575,0.20593438489453092,0.22461754476120974
0.2596465803836629,0.3264851941726417,0.20354063078079165,0.21032759466290366
0.33233140951129847,0.08577342297917616,0.2572717844705098,0.3246233830390156
0.2796745060000898,0.20031439344776342,0.23239170491659758,0.28761939563554917
0.2897795058417892,0.2395791426831292,0.22044107240388844,0.25020027907119313
0.3103467098859481,0.009457773094638248,0.24654738453478162,0.4336481324846321
0.3171838807256885,0.04564911450065414,0.2448104750929108,0.3923565296807467
0.27442350570705804,0.22207797743692417,0.2239669294591519,0.27953158739686584
0.3030346241707045,0.11541889288330266,0.2564746532067164,0.3250718297392764
0.27706758078116184,0.01741184207386306,0.2670357419503848,0.43848483519459025
0.2736626190201722,0.01684964098221812,0.243902996295705,0.4655847437019047
0.28265880746432265,0.06089943041536586,0.24645394359492903,0.4099878185253824
0.27810620162749206,0.22685764009847023,0.2230503748023216,0.2719857834717161
0.2539654202924122,0.3101425599650738,0.20953594989883723,0.22635606984367673
0.3010100447998484,0.18653608052690435,0.24769182785941216,0.26476204681383514
0.30262269635048483,0.13550526151526404,0.25067952290949846,0.3111925192247526
0.2656709654698542,0.26942903142142777,0.21665123530286903,0.24824876780584898
0.3117718115893667,0.16675043582542376,0.24516962967137176,0.27630812291383766
0.2663778266602768,0.2676628768052997,0.21852566094504572,0.24743363558937764
0.2710429115444179,0.2827558271445204,0.21503097657602013,0.23117028473504145
0.2966326431683633,0.1913455841112292,0.24129012424942015,0.27073164847098735
0.2599902345988781,0.28683644547246573,0.2160600317183319,0.2371132882103243
0.28428022626648675,0.2544837342158982,0.22265466321433602,0.23858137630327905
0.30201832506313814,0.19746242859886876,0.23749867718467327,0.26302056915331984
0.2560414469484136,0.30804684833006635,0.2083752454993916,0.22753645922212837
0.2648326876889612,0.3129119999087465,0.207066854176081,0.21518845822621133
0.28534332723228645,0.25308656327528584,0.22434598610036438,0.2372241233920634
0.2660040216318249,0.2927978488927449,0.21280113000943793,0.22839699946599226
0.30656158446405096,0.20407982735697006,0.23158959883179212,0.25776898934718695
0.29265007589736475,0.19772530486760995,0.23473085218009282,0.2748937670549325
0.25582810345198825,0.3055289048415375,0.2094628030610761,0.22918018864539827
0.27603176499825927,0.27984591109274337,0.21562025602673482,0.22850206788226257
0.2749822768208023,0.2596211970157565,0.22357321191129728,0.24182331425214398
0.2682944579803689,0.2895832847620215,0.21632286777013904,0.2257993894874706
0.27979690768743526,0.27884106003801185,0.21417738439111614,0.22718464788343667
0.2994516187206623,0.24631874574651952,0.21817930076979886,0.23605033476301926
0.26045829938682324,0.3058487258003637,0.20952553061447635,0.2241674441983368
0.2573454747794538,0.3234618194075544,0.2057888308302825,0.21340387498270924
0.29172609693615603,0.22881855095744807,0.22972563168950585,0.24972972041689004
0.3029671657821097,0.15381881341886355,0.24658480918676257,0.29662921161226424
0.29257013992994985,0.19296000233717056,0.2345956355903644,0.2798742221425152
0.2949696479050406,0.2151554955877639,0.22761502681809526,0.2622598296891002
0.28692858102127,0.24338724481645105,0.2214150158830761,0.24826915827920285
0.25662429206745657,0.30941964597039795,0.20906303127482215,0.22489303068732336
0.2563203040672577,0.3191078097206593,0.20877124849283757,0.21580063771924538
0.2845854011249287,0.24941754563069496,0.23016869630004247,0.23582835694433388
0.31802289173012943,0.15616331972741138,0.24058567165251563,0.28522811688994343
0.31425093045643204,0.16927814513585368,0.23266803220988566,0.2838028921978287
0.24917892592898894,0.31745976269177456,0.20627588083980136,0.22708543053943517
0.2536548588605313,0.33093816830651435,0.20443166375748875,0.21097530907546558
0.3254651702038555,0.11094388155417473,0.25805760165867053,0.30553334658329917
0.3056539431204501,0.055450058103446005,0.25773233856562416,0.3811636602104796
0.29229940162605805,0.19798019327544444,0.226584668623481,0.2831357364750165
0.2886721750586058,0.226698058526297,0.22537215297784058,0.25925761343725656
0.2633536758287817,0.2926554242417034,0.21329484731438986,0.23069605261512507
0.2721860484759445,0.2819675645507966,0.21585541712614342,0.22999096984711567
0.28183933455556853,0.2388650551302064,0.2293156046576604,0.24998000565656467
0.286879567754565,0.23053853928261672,0.23229758035634127,0.25028431260647704
0.283792147842167,0.2502117091404382,0.22046053181599176,0.24553561120140305
0.29377022432967775,0.24228893444310545,0.22109645134829856,0.2428443898789182
0.2565481572869301,0.3093783040320408,0.20977029288483173,0.22430324579619745
0.26244129567619995,0.314199376523608,0.20825714963344738,0.21510217816674462
0.3241454152254436,0.11547403479944435,0.25424851372755636,0.3061320362475557
0.301627726363153,0.13262439093844378,0.2469390095753965,0.3188088731230068
0.2777430190340058,0.2399613334884058,0.22190244658842495,0.26039320088916346
0.28090637837153315,0.25382187568727405,0.2213617159548692,0.2439100299863235
0.29316828357749514,0.2161221382303991,0.2323086465990509,0.2584009315930547
0.2699932815482552,0.2667972716994321,0.21901299080815478,0.244196455944158
0.26854265739778604,0.2813186810190235,0.2176149094289906,0.23252375215419976
0.27797809562593373,0.2634658032997553,0.22430451111948121,0.2342515899548297
0.2800099319093198,0.2667471763624589,0.21798219473867914,0.23526069698954216
0.30246855268046263,0.22074637599244426,0.2263378638666958,0.2504472074603973
0.2594536305051856,0.3011750940192216,0.21109747358634062,0.2282738018892521
0.25893853585689613,0.3202150123692787,0.20640188882559773,0.21444456294822736
0.3153983151665956,0.16193301518494777,0.2446326792824736,0.2780359903659831
0.31024965626436474,0.10805882500590745,0.252705897264013,0.32898562146571486
0.2771680778877651,0.23460567204953814,0.22229353189475465,0.26593271816794206
0.3039493502469242,0.18621520061399108,0.23691303507867695,0.27292241406040785
0.295687208604338,0.1845061148419005,0.23807275565695984,0.2817339208968017
0.26826557809268947,0.26379981909088585,0.21879883816229495,0.24913576465412982
0.2787918388053423,0.24358744247797065,0.22820007939267067,0.2494206393240163
0.2729475940913935,0.2601708458985216,0.22673683448433068,0.24014472552575414
0.28137809359058996,0.2601173374371646,0.21954429483871754,0.2389602741335279
0.30463142645582286,0.2040202567593782,0.23270566572396464,0.2586426510608343
0.2538272632089198,0.3128344823836104,0.20831618029265583,0.22502207411481395
0.2584955973447317,0.3243787633940391,0.20502740986055898,0.2120982294006702
0.3283573357820369,0.12860466466584877,0.25111475541796024,0.2919232441341541
0.2901272303533085,0.1788692426504038,0.2376717974976651,0.29333172949862263
0.27425248910250855,0.26360844781667037,0.2164508279905599,0.24568823509026114
0.3180004343456317,0.12585761626312422,0.2508302535096641,0.30531169588158
0.28093532584434905,0.208224261620043,0.23284835984092314,0.2779920526946847
0.2837892951983426,0.23190594033067452,0.2253703303592777,0.2589344341117052
0.29391773634110174,0.18394509386590088,0.24118619613166145,0.2809509736613359
0.2631480098852065,0.27746675934971077,0.219613719538918,0.23977151122616486
0.2663610424959749,0.29799721214965014,0.21162834848230055,0.2240133968720743
0.2913392773275125,0.24550213753916916,0.22533662249742764,0.2378219626358908
0.2653590524944461,0.29570610596559926,0.2126670018227173,0.22626783971723732
0.26959524660930123,0.3072465034869226,0.2071768527178097,0.21598139718596646
0.3120810810540976,0.19604938898770868,0.2318681436626114,0.2600013862955822
0.27894737331490366,0.2388366914583774,0.22545347230041857,0.2567624629263003
0.2637074651278006,0.29017320381952993,0.21345274587560206,0.23266658517706754
0.32091541356111214,0.10539901955888258,0.25777606092726096,0.3159095059527443
0.30356698640058905,0.046988177780036854,0.25999869858261654,0.3894461372367576
0.2693084372488312,0.24470776212446838,0.2175481393069047,0.2684356613197959
0.27094810788818796,0.27568071485918694,0.2182969254187125,0.2350742518339126
0.2617855086409198,0.3038156847382316,0.21309001648768106,0.22130879013316754
0.2822422933453253,0.27584957165357576,0.21734947474988908,0.22455866025120982
0.31288819907763116,0.196193120690427,0.23025997528190284,0.260658704950039
0.25304667508524575,0.3112111634894486,0.2085848998638333,0.22715726156147248
0.25771571311104563,0.32358748060645576,0.2059362671634749,0.21276053911902382
0.30608666557850006,0.19393474070602784,0.23853815303640027,0.2614404406790717
0.3219675971095108,0.06537291363664423,0.2563803084166787,0.35627918083716625
