0.29261785266308454,0.21647476358600737,0.2224229329884926,0.26848445076241556
0.29564176493346894,0.2098774739336306,0.22182414506102183,0.2726566160718787
0.2946195868189515,0.21077764953163844,0.2237294152060987,0.27087334844331135
0.30350948420471985,0.20552231832618045,0.2233990799379516,0.26756911753114804
0.2957950022520649,0.21152254351099706,0.22288532655695337,0.2697971276799847
0.28454057839305696,0.21755700502070036,0.2217893205530863,0.27611309603315626
0.3042433531018426,0.2032235146385599,0.2241537989605086,0.2683793332990888
0.2917471132198808,0.21439324645419555,0.22291098204785176,0.27094865827807185
0.2996290743276112,0.20735743173344737,0.22285127540654864,0.27016221853239275
0.3099134285411946,0.20203829911539967,0.22425188365916215,0.2637963886842437
0.27441409649614057,0.2266776716549388,0.22037905913572878,0.27852917271319183
0.30160779414439354,0.20314000193182058,0.22361168596076028,0.27164051796302546
0.29597361058046007,0.2111720881651725,0.22411872122234514,0.26873558003202236
0.2992262048138453,0.20848669217110466,0.22248915266360553,0.26979795035144455
0.29458952725794274,0.21146726564401822,0.22310854198143104,0.27083466511660803
0.31006777666282154,0.20133602968795808,0.22380755155752957,0.2647886420916909
0.2828299991463348,0.22096296657768333,0.2216334765674279,0.274573557708554
0.299477808773461,0.20591496509447624,0.22306450069242936,0.2715427254396334
0.2990223813701442,0.20882116184599625,0.2240556930173978,0.2681007637664619
0.3037679810877703,0.20605059167745346,0.22296803496199535,0.26721339227278074
0.28858631056286754,0.21608488558638908,0.22225560506227976,0.2730731987884636
0.30826025753179837,0.20143058460120006,0.2237839492302701,0.2665252086367316
0.2695277556902773,0.2296396247923894,0.22065823212244565,0.2801743873948876
0.3078189570516044,0.1987567406991654,0.22390001489777847,0.2695242873514517
0.29105024311372324,0.21527148971808052,0.22377367806367432,0.2699045891045219
0.2987264289611004,0.20803875048720968,0.2222475524632941,0.2709872680883959
0.29956584261248265,0.20818652745969604,0.2238518138131136,0.2683958161147077
0.3071088615910593,0.20400381041096116,0.22336458613065832,0.26552274186732117
0.27689835453863054,0.22436955651424798,0.22096583205932127,0.27776625688780016
0.3045136680558489,0.20183266733060048,0.2238041707007714,0.2698494939127792
0.2998640495426073,0.2091625160902392,0.22411089524508676,0.2668625391220668
0.2941966330397865,0.21221213617300105,0.22196402225398273,0.27162720853322975
0.2809241370189374,0.21946613306560436,0.2219841158031438,0.27762561411231423
0.32359688821936894,0.19116851024507023,0.22512018049683033,0.2601144210387306
0.27249905201118796,0.23022643830606626,0.22056887100640687,0.27670563867633885
0.30632230564024426,0.2000570504339509,0.22295484010893385,0.2706658038168712
0.2935922417748367,0.21318912786969707,0.22426722631867932,0.26895140403678697
0.2989194003253476,0.20838819554218319,0.22221589414520435,0.270476509987265
0.2986828739640249,0.20876412930301308,0.22363249651831693,0.2689205002146452
0.303509017567717,0.20605982933273176,0.22323859566060908,0.2671925574389423
0.29037272970838457,0.2149594777536295,0.22233987487687304,0.27232791766111286
0.30173437794665475,0.20571447020395103,0.2233543352628359,0.2691968165865585
0.28941752250720626,0.21534710010834934,0.22274855101413166,0.2724868263703126
0.30572019787190663,0.20321736856950195,0.22349841718618524,0.2675640163724063
0.29959117663370116,0.20944315634165045,0.22344105191242838,0.26752461511221987
0.3112279564385987,0.20139224838023356,0.2233071512457821,0.26407264393538565
0.2608750324451649,0.23596093003105792,0.21915131699483784,0.2840127205289393
0.3072429374409828,0.19758700118385056,0.22421183559080132,0.27095822578436535
0.29420526162276517,0.2132241684656387,0.22444533108307396,0.268125238828522
0.3041400424593871,0.20526359823757373,0.22232351966011787,0.2682728396429213
0.2972817096343512,0.2104017844418033,0.2234194785494813,0.26889702737436416
0.3113050648189742,0.20102483227860507,0.2235031565132985,0.26416694638912236
0.2808786421495419,0.22235993346144478,0.2214108326879337,0.2753505917010796
0.29850756460155764,0.20619632576977825,0.2230366441175866,0.2722594655110776
0.2981312171808016,0.20923943344900386,0.22412858328563326,0.26850076608456125
0.30471620328459714,0.2053564583886003,0.22304722092504833,0.2668801174017544
0.28281701512665597,0.220009745269915,0.22174425942255088,0.2754289801808782
0.31266594316156854,0.1978652504267329,0.2241352375117697,0.265333568899929
0.27624944592944706,0.22581248008682264,0.22150684119958217,0.2764312327841481
0.2975285162217136,0.2061914214191285,0.22273135648824446,0.2735487058709134
0.29971971008320336,0.2080233741222045,0.22460333242535602,0.26765358336923617
0.30434808226698096,0.20591647763313434,0.22289179350643493,0.26684364659344956
0.3018780525902127,0.20768055121194212,0.22319329915752112,0.267248097040324
0.30458655585988803,0.2057275635216199,0.2231570605757206,0.2665288200427715
0.27578837559229297,0.22469184796345001,0.22090066579710166,0.2786191106471554
0.30340665521376214,0.20234176443057444,0.223904315235397,0.27034726512026624
0.29592374477772715,0.21152985499384588,0.2238589826266214,0.2686874176018056
0.305689542131553,0.20439379481288614,0.22289828313984142,0.2670183799157195
0.28301317929676256,0.219982803678227,0.2219547075794583,0.2750493094455521
0.32077841442327104,0.1931100765791208,0.22436143041088022,0.26175007858672794
0.26296482781516467,0.2362225216779318,0.21974019328230254,0.28107245722460084
0.3090635458950676,0.19692363333284985,0.22347203793296716,0.2705407828391152
0.30629835212119483,0.20565243368451663,0.22540871479072017,0.2626404994035685
0.3014200893628432,0.2088601708162796,0.22169581317552442,0.2680239266453529
0.2926768134707976,0.21280890762396068,0.2226690282524747,0.27184525065276705
0.31066339826899475,0.20061069780749122,0.22398442282903042,0.2647414810944836
0.2642034578293197,0.23372585827040218,0.2196814526842209,0.28238923121605725
0.31395310327295295,0.19415038300866652,0.22437231853924947,0.26752419517913095
0.2973451473248892,0.21219800230675637,0.2243028921398196,0.26615395822853477
0.2943988629833599,0.21178254343034525,0.22136896642289514,0.2724496271633996
0.2880977340551053,0.21467149087777987,0.22300315161182357,0.27422762345529134
0.3160778730343729,0.19680075260927832,0.22447458769219067,0.26264678666415814
0.26540447600721156,0.23383372127135224,0.21973790556038206,0.2810238971610542
0.3126544836631847,0.1951000590822552,0.2239694850091335,0.2682759722454267
0.2935229406185632,0.21436923519076528,0.22415237153791015,0.2679554526527615
0.3029775601029298,0.20582403844678282,0.2221200310397464,0.269078370410541
0.2868122889728349,0.21691051773698314,0.22274849864090113,0.2735286946492808
0.31529718359939274,0.19705156365414184,0.22402927380473875,0.2636219789417267
0.27542364443084566,0.22673119698286662,0.22115293446073395,0.2766922241255537
0.31147585033389563,0.19746891726695723,0.22358080591140517,0.26747442648774206
0.2927715564564219,0.2146026670451881,0.22367316516956678,0.2689526113288232
0.2941199193005505,0.21116167980535372,0.2218055046523698,0.27291289624172616
0.30000093702657044,0.2071709229622422,0.22400143211229104,0.26882670789889634
0.3142719072510949,0.1997120591669813,0.22394603779580124,0.26206999578612256
0.25547246419991415,0.24041658018346662,0.2180573879171614,0.2860535676994578
0.31936402314102075,0.18946002572158827,0.2248742276674624,0.26630172346992875
0.2869983521715495,0.21978947848864233,0.223715395353352,0.269496773986456
0.3015529908792814,0.20571148159861577,0.22174801196562566,0.27098751555647727
0.29717479122011703,0.20995919405825011,0.22410488067328718,0.2687611340483457
0.30326554223322855,0.2061214621614122,0.22292601945454735,0.2676869761508118
0.286494824152761,0.2173611924429712,0.2221860366154319,0.2739579467888358
0.28973605816722314,0.2127027423217628,0.22256490113563523,0.2749962983753788
0.3154615052572063,0.19727236445967034,0.22498319394892366,0.2622829363341998
0.29706687420783034,0.21277058777769067,0.2225189755314223,0.26764356248305665
0.2936799345072911,0.21176455439369032,0.22195941974950842,0.27259609134951024
0.3006669884280057,0.20673390726615162,0.22385824859646045,0.26874085570938244
0.26601821501816647,0.23093236307908263,0.22004729966277312,0.28300212223997795
0.3180726097232914,0.19203117706308345,0.2249978915691434,0.2648983216444818
0.2850041187809413,0.2209625039092658,0.22284242466831874,0.27119095264147414
0.3092201491225382,0.20052292294051832,0.22262052248895348,0.2676364054479899
0.298987927402599,0.21008872538374043,0.22396420286808472,0.2669591443455758
0.2931469564004092,0.21272420060368388,0.22181315132939103,0.27231569166651587
0.2896899888280034,0.21357940462515368,0.22288310363554495,0.27384750291129795
0.30916813866216564,0.2011615835944421,0.22421814063031761,0.2654521371130747
0.30059496679010006,0.20946563841276913,0.22314201752182194,0.266797377275309
0.28717117556070043,0.21659828712225634,0.22154532755822645,0.2746852097588168
0.2988400703138134,0.20688129940091812,0.22365549887762215,0.27062313140764643
0.30763211610057944,0.20351930471070107,0.22412643470482752,0.2647221444838919
0.2712471024758584,0.22845682651023919,0.22008171541241153,0.2802143556014908
0.3070871699701256,0.1992924497948606,0.22415166166312428,0.2694687185718895
0.2944938209791689,0.21301451199987392,0.22390423387592875,0.26858743314502836
0.30880257619094326,0.20230109502110546,0.22284452681696695,0.26605180197098427
0.29583523892335994,0.2121006480371033,0.22308533325684052,0.26897877978269624
0.2970220657138383,0.20960662394667456,0.2224853204027055,0.2708859899367816
0.2934266004619239,0.2118968335719789,0.22312331825679124,0.27155324770930594
0.29964933608198147,0.20762005297159405,0.22328351167843843,0.269447099267986
0.30119607645714574,0.20754690533106782,0.22343984881166196,0.26781716940012446
0.287564335360219,0.2164983008595067,0.2220087921905612,0.27392857158971295
0.30723722225296746,0.20185621325407935,0.22392066835168448,0.26698589614126866
0.3097421608946261,0.2034237976045862,0.2240209388123031,0.26281310268848457
0.24980103141919652,0.2438051491855955,0.21692651924756415,0.2894673001476438
0.3176902339957993,0.18942883366773097,0.22536743768103276,0.26751349465543706
0.3133942107172663,0.2028670985855173,0.22569129929324686,0.25804739140396954
0.28075134340492286,0.22330084546758702,0.21927344771780985,0.2766743634096804
0.3041374662098749,0.20218789996328668,0.2240328421272301,0.2696417916996083
0.31474624012711605,0.19995709884614504,0.22482007707119786,0.2604765839555411
0.27398631556097147,0.22782457932948996,0.21971790725167095,0.27847119785786767
0.30827349633846624,0.19886406379176688,0.223977710077448,0.2688847297923189
0.3034054391249185,0.20749127307472515,0.22447957989864523,0.26462370790171114
0.3097699629366909,0.20305438303330625,0.22260443736636965,0.2645712166636331
0.2990891457969837,0.21011886553681364,0.2229245290831947,0.2678674595830079
0.2985319851504992,0.20906828509911313,0.22263471182438163,0.2697650179260061
0.26154945926429485,0.23339040640001973,0.21968986882954977,0.28537026550613565
0.2923364368938851,0.2069460572461171,0.22378006027284492,0.27693744558715294
0.31406811540087204,0.1987037397565517,0.22588904249802005,0.2613391023445561
0.2838630304050104,0.2213804822546118,0.22083601974194408,0.2739204675984338
0.29200963214644776,0.21055948123804524,0.22248280949143945,0.2749480771240675
0.30666600315062276,0.20289669406825003,0.22482622824053022,0.2656110745405969
0.266426362078291,0.2317981031535233,0.21966992209552783,0.2821056126726578
0.31890247493745744,0.19151933692437179,0.22478647793070727,0.26479171020746345
0.2868024195794134,0.21984162481489733,0.2230903600831741,0.27026559552251517
0.2944809328587681,0.20995880798760724,0.22155603071458166,0.27400422843904304
0.3050981755963948,0.2039816249929963,0.2247933986458025,0.2661268007648064
0.2942744122421919,0.21305707140414645,0.22234759028054724,0.27032092607311436
0.272428336786396,0.22522809651784043,0.2206223436221375,0.2817212230736261
0.3100803872603417,0.19775409145835354,0.22498717342501504,0.2671783478562897
0.2888018281452796,0.2173270360866031,0.22294426370993548,0.2709268720581819
0.29409444191289674,0.210443638535625,0.22204861432958986,0.27341330522188845
0.31033654403090694,0.20083608115816562,0.22478058145684193,0.26404679335408543
0.2913657729438535,0.2156644891689683,0.22206060914660578,0.27090912874057244
0.2811537744342378,0.218931481410806,0.22135579374311357,0.27855895041184275
0.3198567133493361,0.1932441101681155,0.2254031126469688,0.26149606383557955
0.28594244171468,0.22071317952133412,0.22188699508037996,0.2714573836836059
0.3031770640012112,0.20412164793092796,0.22256490676126026,0.2701363813066006
0.28579890217185816,0.21770463394089426,0.22303957019696746,0.27345689369028015
0.30854713673875056,0.20106709500790518,0.22350374984326465,0.26688201841007964
0.26908533411276253,0.22991447843668664,0.22079894261709584,0.280201244833455
0.3031240546924257,0.20158314884501974,0.22356479407958774,0.2717280023829669
0.3084727663396749,0.20353255827192865,0.22516214462985829,0.26283253075853813
0.30314018771629175,0.20801641940367668,0.2221863727053467,0.2666570201746849
0.29761591744683585,0.21003082252173383,0.2227286306573524,0.26962462937407794
0.2952394707449002,0.2108907705253716,0.2228586117354627,0.2710111469942654
0.2895763203284486,0.2142053624073104,0.22259462811084588,0.27362368915339524
0.29655104607699584,0.20890261053593354,0.2233486547682854,0.2711976886187852
0.29539193972898126,0.21078791507921893,0.22325465034719447,0.2705654948446054
0.30533882768037257,0.20438286547925005,0.22353877354926702,0.2667395332911104
0.3003359642053181,0.2089377419686952,0.2231356885344409,0.26759060529154577
0.30041639114998525,0.2081061419792,0.22281289721204248,0.26866456965877233
0.2603493736325616,0.2345582660602639,0.21937088407049257,0.285721476236682
0.3034166497961977,0.199871258000107,0.22453024114848658,0.27218185105520865
0.32124168229495054,0.19603079514377678,0.22589107423280552,0.2568364483284672
0.29111899244310524,0.21765933420976916,0.22077500349114348,0.2704466698559821
0.2997869491012512,0.2066676673802139,0.22275858721530112,0.2707867963032338
0.29441285111494314,0.21171633465068343,0.2235119538024171,0.2703588604319563
0.28028065937891417,0.22030714655957595,0.2213647040460665,0.27804749001544354
0.3166953508338548,0.19501489736804922,0.2249657599550022,0.2633239918430938
0.2881369016200888,0.21870684975988774,0.22236075459960866,0.27079549402041486
0.30724134133552383,0.2020350662656119,0.22282530615220855,0.2678982862466557
0.2808668181756599,0.22160386812475594,0.22228790918334895,0.27524140451623536
0.31212560699831804,0.19806322862706108,0.22373445249665458,0.26607671187796633
0.2627891708982461,0.2348740805191914,0.2202079064166599,0.2821288421659025
0.31209769591584136,0.19519050046736788,0.22395564098127188,0.26875616263551894
0.3051038259947442,0.20693290799077163,0.22505214432288081,0.26291112169160336
0.29775528402304635,0.21092103948705995,0.22141156812883986,0.269912108361054
0.2900289945993436,0.2139185107993057,0.22268010948441264,0.27337238511693795
0.3005963001484822,0.20645043500942784,0.2235900238382237,0.26936324100386616
0.29173501531126467,0.21375114544669602,0.22282634218608346,0.2716874970559557
0.3019883170037269,0.20585988046694084,0.22328221855332167,0.2688695839760105
0.29424494513816307,0.2122649219844891,0.22305092036337373,0.2704392125139741
0.2975768179574464,0.20902276105813317,0.22284801429480738,0.270552406689613
0.29017367977278136,0.21414757270491916,0.22278991358543382,0.27288883393686564
0.3098482917424739,0.20079730650348745,0.22397616364000347,0.26537823811403505
0.2646576473149726,0.23328577604607634,0.2198620995355744,0.28219447710337675
0.30479581764372937,0.19974286498274418,0.2238660023263436,0.2715953150471828
0.3087311098154469,0.20366422005994575,0.22532934101035634,0.262275329114251
0.2956628924152778,0.21282257024399565,0.22148988961575436,0.27002464772497203
0.29262371978020396,0.2119836558908711,0.22264086804188668,0.2727517562870382
0.3049143910700045,0.2041140449465151,0.2239882044149047,0.26698335956857583
0.2840531481657922,0.2194577446486637,0.22184737920940173,0.27464172797614245
0.30867485836985914,0.20047192359637817,0.2237994581363309,0.2670537598974318
0.2957064400299633,0.21238894220177568,0.22335026041716566,0.26855435735109534
0.29189704162190017,0.21291031204732117,0.22190672841694642,0.2732859179138322
0.3006661483602164,0.20647627386003226,0.22387485051190895,0.26898272726784245
0.303140768895153,0.2066125235552432,0.2234857434343421,0.26676096411526184
0.25907951713056937,0.23603426666073585,0.21881853103475066,0.28606768517394404
0.30579855501779185,0.1981297995513638,0.2246663496971458,0.27140529573369854
0.311778278120448,0.20210889376467234,0.22549417247701645,0.2606186556378632
0.28194198502907597,0.22222484751899524,0.22012304127272186,0.2757101261792069
0.3031847473662912,0.20313820059347293,0.22371693705986567,0.26996011498037015
0.30785548781131317,0.2039757915146715,0.22447598099977445,0.2636927396742408
0.2770351720739064,0.22466713916376874,0.22032246669141575,0.2779752220709092
0.3197822415833061,0.1925385641438771,0.2247043931365477,0.2629748011362692
0.28788003529505635,0.21924762248777982,0.2226423783517329,0.27022996386543097
0.29515293522673064,0.20957656782636613,0.22177237590799287,0.27349812103891036
0.29013365712383293,0.21355941919590335,0.22362667906405656,0.2726802446162071
0.3144492047190084,0.19820088293224028,0.22406147208985666,0.26328844025889464
0.26125993297147815,0.23637867985410058,0.219277811393512,0.28308357578090926
0.30475024296689013,0.19917637466847665,0.2237705923879249,0.2723027899767082
0.3002017657645437,0.20895147576098916,0.22506868832413224,0.2657780701503349
0.2885864637607543,0.21610009389562423,0.22109004431263468,0.2742233980309867
0.296090503247015,0.20869330326191265,0.2235188408798281,0.2716973526112442
0.32007189863312807,0.1955806645939272,0.22475835735323585,0.2595890794197089
0.2884460702343031,0.218947998358273,0.22148904845210923,0.2711168829553147
0.3014261696583535,0.20545097599828502,0.222696964870242,0.2704258894731194
0.29311342505885557,0.21275993563319862,0.22350538253072397,0.2706212567772216
0.28750182471515034,0.21540329774339412,0.22194218094530102,0.27515269659615443
0.29750097429441213,0.20785686472580303,0.22374811594387825,0.2708940450359066
0.30504796976452686,0.20495769480227607,0.22388715563073416,0.26610717980246285
0.26752743790070893,0.23055560066080133,0.21984147643023325,0.28207548500825647
0.30406372009205146,0.2005666074325222,0.22417144325683014,0.27119822921859627
0.30123206687311294,0.20831596594602353,0.22460766079993363,0.26584430638092976
0.3124770756081551,0.20113259876431228,0.22288949578802586,0.26350082983950684
0.28341449610982106,0.22069811871692435,0.22161056730143758,0.274276817871817
0.29877211012845417,0.20643004818695576,0.22298854293834053,0.27180929874624954
0.28765152335885913,0.21597387587068806,0.22319011849922665,0.2731844822712262
0.3226665176426908,0.19288365647194536,0.2242853166009586,0.26016450928440527
