0.30691785297519786,0.22552784202451515,0.21555163941473296,0.2520026655855539
0.30350388073504375,0.2257433615714562,0.21737606906520973,0.25337668862829027
0.3002121167517305,0.22068140246205037,0.2109113359810622,0.2681951448051569
0.30732055105123957,0.22558059610621184,0.21897815710030602,0.2481206957422426
0.3073894653819817,0.22534950893041658,0.21730114305069906,0.2499598826369027
0.30983518987917724,0.22769417972360267,0.22865815548633897,0.2338124749108811
0.31017339881508876,0.22769021203750803,0.22624771841263297,0.2358886707347703
0.3017603927834119,0.2245756693395528,0.21595051336932206,0.2577134245077133
0.3073382129430354,0.22605455286145817,0.21839856866230928,0.24820866553319704
0.309604134019145,0.22552056350283692,0.2168939192029463,0.24798138327507183
0.31006418347668996,0.22451892988657796,0.22058238250883266,0.24483450412789934
0.30943600008011135,0.2254428308308184,0.22925789647660957,0.2358632726124607
0.3140329594790697,0.2203046053668485,0.2138763388673314,0.25178609628675047
0.30318791855454014,0.2166238920994631,0.2071976540156401,0.27299053533035655
0.3059485082681191,0.21582739964486763,0.20336972815627113,0.27485436393074214
0.3077884878583768,0.2214722236510155,0.2123581344665869,0.2583811540240208
0.30763920885860624,0.22223553900742507,0.21213433606768717,0.25799091606628155
0.3015352912810687,0.2258142376828087,0.2224493045270172,0.25020116650910534
0.3046790174738457,0.22763048820778667,0.2176143002414754,0.2500761940768922
0.29397302237375617,0.22548034830862967,0.21192551925167033,0.2686211100659439
0.3050316935797132,0.22826901912312417,0.2176687099132834,0.24903057738387915
0.30480493154615973,0.2286600510186776,0.22413575428873833,0.2423992631464242
0.3097053188812404,0.22677824226344093,0.2273063328963777,0.23621010595894093
0.3109457621860302,0.2273896233533877,0.23316173455469857,0.22850287990588342
0.31333187923235484,0.22296697663641518,0.21753318708767536,0.2461679570435547
0.3042056199763603,0.22597197875260033,0.22215697646291815,0.24766542480812112
0.31071359290086503,0.2265345924846051,0.2190159328354746,0.2437358817790552
0.3106734985309589,0.22865379175397238,0.2234111898870706,0.23726151982799823
0.30657105414447383,0.22775566552026008,0.22205398508768182,0.24361929524758438
0.30706514297931475,0.23095662472715703,0.23477039082144122,0.22720784147208709
0.3156085085863876,0.23023463921255016,0.22950164492249775,0.22465520727856447
0.3064542312951098,0.22824194787543434,0.22319244724595882,0.24211137358349705
0.31132930538561937,0.22882709991851,0.23163262537504012,0.22821096932083054
0.3128104678822143,0.22816798668258248,0.2275774945891645,0.23144405084603875
0.31488740121601216,0.22414386730704455,0.21947314547121524,0.24149558600572796
0.31267023364857927,0.227582440036675,0.23452039960822932,0.2252269267065166
0.3155866500772347,0.22496697360795592,0.22214956529524937,0.2372968110195601
0.3114038452605054,0.22326750177609953,0.21852687568755358,0.2468017772758415
0.31168646048699145,0.21770719174722503,0.2074808982066558,0.2631254495591277
0.3104549771868516,0.22197062648609908,0.2167652228422887,0.2508091734847606
0.31266904332518297,0.22494416072064521,0.2225940644643469,0.23979273148982505
0.3126895679000955,0.2295231024050992,0.23124649218892684,0.22654083750587845
0.3096808229687805,0.22892054745377943,0.22304630913110413,0.238352320446336
0.29496243535386557,0.22675074543541626,0.21673839495180985,0.2615484242589084
0.3085281152907834,0.22865270967399276,0.21725802647375636,0.2455611485614674
0.31076443846471496,0.22753520044731654,0.21981330876386365,0.24188705232410473
0.3129238310743492,0.2257334260330233,0.23038742638435233,0.23095531650827522
0.3136297841968074,0.22644086472713934,0.2394560851764553,0.22047326589959787
0.31840420724954444,0.2206896823043553,0.21631800232298165,0.24458810812311862
0.3066518945967607,0.2206726670371869,0.21242592007880076,0.26024951828725157
0.30897292736316045,0.22123211403909296,0.20905121897317608,0.2607437396245706
0.31013734835645745,0.22587167385405607,0.21806964097911744,0.24592133681036907
0.3091101473689877,0.227720975727838,0.222656240427851,0.24051263647532342
0.30573548264240163,0.23128837382049258,0.23295490243982336,0.2300212410972825
0.3115251044320843,0.23176043921968204,0.22910796212230228,0.22760649422593152
0.3043723866371663,0.22750316842228624,0.2179360384937035,0.250188406446844
0.3096326847299748,0.2252836020366222,0.21954521478743808,0.2455384984459651
0.31304458736451024,0.2265377162257379,0.22958839423135557,0.23082930217839634
0.3166952198169701,0.22418026491361462,0.2267342114851901,0.23239030378422518
0.31488758613786433,0.22600526055566394,0.23450553465571977,0.22460161865075182
0.31321575545596925,0.22270604499193788,0.2171055357355604,0.2469726638165324
0.3043920621932567,0.22332848970732097,0.21274561040838003,0.25953383769104227
0.3096461410190385,0.22290308701368627,0.2090528152685899,0.2583979566986855
0.31020817631823244,0.22746877091581755,0.22263869968206085,0.23968435308388913
0.3098734528426371,0.22842619498462685,0.22835558047508733,0.2333447716976486
0.30851518627656377,0.22962050054839087,0.23314916358161233,0.228715149593433
0.3147984690206537,0.2256034767077512,0.2197621002916693,0.2398359539799258
0.2993026551430807,0.21948740895671776,0.20837164315259976,0.2728382927476018
0.3116109085856623,0.22026983388465382,0.2120986485116793,0.25602060901800444
0.31403922326459605,0.22336099571266202,0.2222305045010875,0.24036927652165432
0.3128821570558019,0.22043527486061418,0.2152237597849978,0.2514588082985862
0.3053957430911915,0.22127061853014332,0.22332019341741982,0.25001344496124545
0.30872635892710665,0.21890002229027067,0.2031559731875999,0.2692176455950228
0.29341102240942885,0.21925968680156446,0.20167909880445542,0.28565019198455116
0.3058802832061247,0.22537180138330268,0.21239437820702436,0.2563535372035482
0.30539453600935945,0.22839973297073698,0.22205335128960368,0.24415237973029996
0.30480629715930213,0.22685989903364134,0.2221278930614086,0.24620591074564796
0.3046048520407216,0.23073554923016132,0.23461930390718244,0.23004029482193464
0.3124750563528264,0.22669291386855173,0.21665094100224833,0.24418108877637348
0.29922832353678236,0.22612370181025523,0.21821527145709343,0.2564327031958689
0.30979467984188636,0.22800441843791636,0.22550776789057167,0.23669313382962548
0.31076588135983546,0.2276987707187085,0.22581999923665788,0.2357153486847983
0.311890160707821,0.22386682236355823,0.22017521902054188,0.24406779790807895
0.30751834504038644,0.22472761905693642,0.2285796015278755,0.23917443437480174
0.3151588519966082,0.2225742250723555,0.21492661402038177,0.24734030891065437
0.30383765087951276,0.2206045349712572,0.21127188880087552,0.2642859253483545
0.31027893724781724,0.2182275598662898,0.20788041105759053,0.2636130918283024
0.30647579477553766,0.22293271647281862,0.2176579870769029,0.252933501674741
0.30761828429533616,0.22295373108090713,0.2136751576248331,0.2557528269989235
0.30869787340361554,0.22978823906643359,0.23055022886243481,0.23096365866751603
0.3092645849539819,0.22649357695512284,0.21577452336430042,0.2484673147265949
0.2897628326352277,0.22325428165766265,0.2136940865057617,0.273288799201348
0.30739462739889967,0.23098783412303453,0.22474299449681673,0.23687454398124896
0.3073313387790738,0.22827949780803122,0.21815778181019635,0.24623138160269853
0.30972789649398424,0.22834236294852783,0.23263965115131718,0.2292900894061708
0.31023409309961336,0.22976145526096775,0.2370706430210354,0.22293380861838352
0.3152983670540901,0.2220579450777909,0.21430887265794638,0.24833481521017275
0.30523210783197446,0.22011088661335665,0.21257606951802552,0.2620809360366434
0.30929912532894016,0.21926662261589805,0.21037134704653454,0.2610629050086273
0.31453373888703107,0.22538472642022353,0.2262379718163508,0.23384356287639455
0.3104007517831905,0.2253928355074447,0.22116702268179744,0.24303939002756728
0.3070659629378853,0.22994520425516343,0.23197238989466934,0.23101644291228193
0.3055461654987565,0.23014420449830053,0.2201942908117376,0.24411533919120537
0.30121071202427063,0.22746333456176565,0.21240194786926037,0.2589240055447034
0.3098281836329247,0.2312246572542879,0.22932621408472503,0.22962094502806246
0.3099266161190188,0.23052298060732468,0.23263604978505972,0.2269143534885968
0.31515097847114354,0.2278623489723038,0.23757157537509818,0.21941509718145435
0.31411211014162926,0.22592612031935252,0.23186579205629246,0.22809597748272573
0.31405230705146675,0.22179349189589245,0.21455104841519507,0.24960315263744562
0.3109717340885784,0.22406908616332624,0.22031046377935767,0.2446487159687377
0.31646400505218447,0.2221928403619055,0.21395066573456126,0.2473924888513487
0.3114258880344161,0.2253397867770665,0.22336386304987094,0.23987046213864638
0.3073465256756123,0.22763181214776346,0.22570705208963213,0.23931461008699212
0.31143513611556195,0.23206721766988744,0.23207407334474958,0.22442357286980094
0.31166419552511476,0.22991868448759692,0.22078746093493976,0.23762965905234873
0.30337813642986194,0.22788310903213116,0.22097223727008738,0.24776651726791957
0.31109205157680486,0.22939790727291134,0.2315310378993679,0.22797900325091597
0.3152211261928349,0.22718367362522454,0.22658563065435613,0.23100956952758436
0.31646752403765693,0.22528548646595759,0.23003475338372828,0.22821223611265726
0.31320579209856103,0.22471152280597026,0.22993879853364443,0.23214388656182428
0.31435988613669447,0.2232376311338576,0.21882389913181843,0.24357858359762938
0.3114699674767537,0.22289196171509837,0.21411634881722935,0.2515217219909186
0.3123416513027446,0.218347197977367,0.20586611440418548,0.26344503631570304
0.30989225257493885,0.22618857486593014,0.22676508399076484,0.23715408856836626
0.3085254344650533,0.22924673456232625,0.2280352909402003,0.2341925400324202
0.3140706447870417,0.2334932739214927,0.23381610079180634,0.21861998049965922
0.3098595857583316,0.22980943516476388,0.22346436105476825,0.23686661802213638
0.29686485730225604,0.2281853109140194,0.2177199301021298,0.2572299016815949
0.31289013478616123,0.2317824429587514,0.2313351769914833,0.22399224526360412
0.3184049221769312,0.22612690519816428,0.22252096952362538,0.23294720310127914
0.3104353116492524,0.22373502879547952,0.22650501303764267,0.2393246465176254
0.31451481907490675,0.22414797753755053,0.23617895402469907,0.22515824936284362
0.3225237281945552,0.20793309721038403,0.19068021208194733,0.27886296251311343
0.28410637882686907,0.18678046137860838,0.17165820089660316,0.3574549588979194
0.2848757720339161,0.19291732271322226,0.17523897508266395,0.3469679301701977
0.29742817141612016,0.19998779561495478,0.17296900492442951,0.3296150280444957
0.2993580914923777,0.20752097609612544,0.1869282958242971,0.30619263658719964
0.24529472659737409,0.17771093540195187,0.16657404010798518,0.41042029789268886
0.19390247952426756,0.15966376677825897,0.13692976725818543,0.5095039864392882
0.14019959618214847,0.140468537442024,0.11395898448122233,0.6053728818946054
0.22350283621661882,0.23222294120612633,0.17294051298038868,0.3713337095968662
0.26719139514471796,0.24419866317934885,0.20725138027273077,0.2813585614032024
0.26550269768917456,0.22527290884581672,0.20896065046487505,0.30026374300013375
0.2734423251764106,0.22657383710453308,0.2251737558804397,0.2748100818386166
0.2896514428471613,0.22557076860632205,0.20814925792950742,0.27662853061700926
0.27335568342947136,0.2114454228783582,0.19242652414432657,0.3227723695478439
0.2933781381577147,0.22665402184920794,0.21409885312148394,0.26586898687159344
0.2917774618967288,0.22489321331589118,0.21345041639259182,0.2698789083947881
0.2994134068028845,0.22502466838245413,0.2181718908466969,0.25739003396796445
0.30122784024016624,0.2303748879442478,0.22855528246266374,0.23984198935292217
0.29969579873718094,0.22676441340253656,0.21257873819072193,0.26096104966956046
0.2894401605328757,0.225786002928217,0.21565264998014078,0.26912118655876643
0.303930479279072,0.23181973148837268,0.22294286258511956,0.24130692664743578
0.3044933223048648,0.22987510629759111,0.22328271591932797,0.24234885547821614
0.30778922549144444,0.22769077587249775,0.22969417571935027,0.23482582291670756
0.31203611284813193,0.2278165582911679,0.23348260846615482,0.22666472039454538
0.30864120012878804,0.21952215337112133,0.21007156693449644,0.2617650795655942
0.30558731119664045,0.22221601919177214,0.21975316823065294,0.2524435013809344
0.31468708316656924,0.22241980567259081,0.21434459604249298,0.24854851511834702
0.3078692089118774,0.2240868387695456,0.21730256829422467,0.2507413840243525
0.3065070406926628,0.2295995218463094,0.23038178320633165,0.23351165425469608
0.3059092505852849,0.23326678088271674,0.22947720129970692,0.23134676723229144
0.30951238167668355,0.228836075036076,0.21694425789713687,0.24470728539010342
0.297252053693806,0.22532378541103124,0.2166054873274116,0.2608186735677511
0.31036097031246074,0.22661516331640186,0.2248494099134179,0.2381744564577196
0.31578677046919124,0.22553244689745594,0.22862343991706752,0.23005734271628533
0.31612387605929476,0.22249004078105444,0.2265563615459434,0.23482972161370716
0.3112382210347023,0.2235384566748815,0.22918418980245317,0.2360391324879631
0.3101581343097669,0.21978686618128745,0.20824665339222018,0.2618083461167255
0.30466617204755897,0.2170652370932431,0.19948703596187303,0.278781554897325
0.30329527673968126,0.21684583148072087,0.20035823609146092,0.279500655688137
0.30615947768041407,0.22590109323927912,0.22309988756949176,0.24483954151081508
0.3101765175261179,0.22947884932465903,0.23331801277518327,0.22702662037403964
0.31044690148886867,0.2303523259523843,0.2293280096675552,0.22987276289119182
0.3026671054728648,0.2247244172514768,0.21610282775209455,0.25650564952356386
0.28821813950942293,0.2190131777376263,0.2038004113157615,0.28896827143718923
0.3075263033265437,0.22677034215473263,0.21574238686771655,0.24996096765100703
0.31443638587021705,0.2273703241809187,0.22697821698890613,0.2312150729599581
0.3091398899382017,0.22205465702497404,0.22464294655605707,0.24416250648076734
0.30640727532072537,0.2218805617268421,0.22919976942276923,0.24251239352966322
0.30592297096249704,0.2126278379113853,0.19497888557056234,0.28647030555555536
0.30282205089729103,0.21578522880224207,0.19618283178509552,0.2852098885153715
0.3069014554521507,0.22083761838673133,0.20807386118978496,0.2641870649713331
0.3037069744827979,0.22476894659988345,0.22022538389428276,0.25129869502303587
0.30592346401752296,0.22729755221307058,0.22468969128738217,0.24208929248202424
0.2986066909077305,0.22631838803362805,0.22002818104804073,0.2550467400106006
0.3052307317589639,0.22440916380945428,0.20857818279238893,0.26178192163919284
0.2889310102405535,0.22235464175884298,0.2098026592602039,0.27891168874039957
0.307288222660186,0.22790147361139823,0.22250315535187115,0.24230714837654457
0.3099993252514918,0.22699221944091283,0.22511275189844016,0.23789570340915522
0.3089307467386703,0.22047824250874956,0.21752381244015834,0.25306719831242175
0.30094695497085355,0.21887476809615472,0.21940600368337665,0.26077227324961505
0.30837172892085885,0.21644426076414763,0.20010488339438917,0.2750791269206044
0.3033815680622507,0.21832001523016795,0.2028805945865876,0.2754178221209937
0.30192557554480554,0.2175754449129551,0.2049994487196707,0.2754995308225688
0.3011768742039516,0.22436738472952505,0.2189288998838204,0.255526841182703
0.3035463615127436,0.2274914889436481,0.2197427657886198,0.24921938375498845
0.30275613473317914,0.22933171783747355,0.22202053698552476,0.2458916104438226
0.3044072613699273,0.22747203788873044,0.2169293841394456,0.2511913166018965
0.29043339697948534,0.22370348942501123,0.2127139965928146,0.27314911700268896
0.3062462536804614,0.2282882305549911,0.22273964430455803,0.24272587145998945
0.3118578842040847,0.22736554936102668,0.22475933952679664,0.236017226908092
0.30934687886758694,0.22079282081860493,0.21790061578746406,0.25195968452634415
0.3030470766015801,0.21811331277249904,0.2209020277877565,0.25793758283816437
0.3097884031293224,0.21538192463088535,0.2011364102241696,0.27369326201562266
0.3002174451421601,0.21079284172626167,0.19322244002933336,0.29576727310224493
0.3009496203786942,0.21203625279762348,0.19728372819840187,0.2897303986252803
0.2990514028495284,0.22053107862342133,0.2102736356265283,0.27014388290052194
0.30021681516053533,0.22525856179161455,0.21518321157294432,0.2593414114749058
0.30145119102022955,0.22945316531927393,0.22099187881261684,0.24810376484787983
0.2983020320779684,0.2277830102474966,0.2135268051271884,0.2603881525473466
0.2827132786916065,0.22620419256752647,0.21192523921179748,0.27915728952906943
0.30270821787699387,0.23447498998141603,0.22636249832541855,0.23645429381617167
0.3102266050810823,0.23046828932915103,0.2260518340790718,0.23325327151069497
0.30452119747939044,0.22185448454395312,0.22101209864986948,0.2526122193267869
0.30796300420399564,0.22213326815352313,0.23113426973851472,0.23876945790396661
0.3147173252335565,0.21423615072199167,0.2009922745645292,0.27005424947992257
0.30316400498942947,0.21280725952658316,0.20050068595698073,0.2835280495270067
0.30707806306443847,0.21463046979554357,0.20349769587050254,0.2747937712695155
0.2980263681819994,0.21541253470643212,0.20076385151119827,0.2857972456003702
0.2978979685045888,0.22332407852726105,0.20967238997538387,0.2691055629927662
0.29756684053245136,0.229747798975022,0.22055763970288045,0.25212772078964607
0.3039441037965986,0.23029468972575762,0.21605580915297928,0.24970539732466437
0.2863771889893531,0.2309868446338983,0.22126166727824872,0.2613742990984998
0.3034282701798754,0.2348255675626123,0.22874148555645615,0.23300467670105618
0.30710245710518186,0.22945178955266315,0.22166015676567857,0.24178559657647647
0.3071602152506011,0.22103145214601894,0.21641300473078828,0.2553953278725918
0.30895069621405596,0.22072201701765157,0.22909928920647352,0.24122799756181906
0.32062170130132017,0.21652114222045066,0.21181322825698815,0.2510439282212409
0.30664942559146724,0.21244614662299224,0.2039893552435771,0.27691507254196335
0.2995504383541916,0.21108972227194744,0.2004176505848343,0.2889421887890267
0.29682968357522793,0.2197581483055431,0.20218542671450462,0.28122674140472437
0.2964628135830273,0.2263669035575325,0.2062865377082772,0.27088374515116304
0.29970048527704846,0.23583211468437104,0.2274953407715976,0.23697205926698287
0.30142744760414397,0.2299496449826487,0.2185578502752563,0.250065057137951
0.2903240161782852,0.22447003299989735,0.21788454734774432,0.267321403474073
0.30591983707001874,0.22951202095050724,0.22836745446824241,0.23620068751123163
0.31330635785847105,0.2284664095833584,0.22838970311179319,0.22983752944637742
0.3141487963268382,0.22040040559455537,0.21869815793090122,0.2467526401477052
0.2972126249815583,0.21491004279139328,0.21844202185627698,0.2694353103707713
0.3064367803758479,0.21705084916195527,0.20304357422587474,0.27346879623632214
