0.33851677355502624,0.21517362727867184,0.20476274235186315,0.24154685681443883
0.3414947767547476,0.22486008816131303,0.2048104135510043,0.22883472153293505
0.34165472227191024,0.21622422816197978,0.2031258419334594,0.2389952076326506
0.34210854947435715,0.22051685243578678,0.20501159132667418,0.23236300676318197
0.34301569473435967,0.22154201634380963,0.2030389396367749,0.23240334928505582
0.3383111673034404,0.2131240380260211,0.20375811870340776,0.2448066759671308
0.3378764122134947,0.21701760653396338,0.2071909597502946,0.2379150215022473
0.34212796001076173,0.22291422765856367,0.20502840523680838,0.22992940709386614
0.3423750453158326,0.22033573420496802,0.20237271020854541,0.23491651027065386
0.33956921128354933,0.2149293532304983,0.2043636642751942,0.24113777121075822
0.3416454569576287,0.2246351691308143,0.20463137909183726,0.22908799481971973
0.3385571505596195,0.21342873161671674,0.20302853175431612,0.24498558606934767
0.3393432458419698,0.2214974519988909,0.20602821135421437,0.23313109080492497
0.34371854461780854,0.2258257638625179,0.20250482751194251,0.2279508640077311
0.3423502188689172,0.21694974876365322,0.20211058343212213,0.23858944893530742
0.34288156752458454,0.22031845458378338,0.20491057735464915,0.231889400536983
0.3418386938917204,0.2205346740210728,0.2027403517849825,0.23488628030222433
0.3361789182089957,0.2066478876967227,0.2061245777653497,0.2510486163289319
0.3374038430099779,0.21860283712273854,0.20945031045095613,0.23454300941632744
0.34187559171976567,0.22054644466020096,0.20513133862910693,0.23244662499092647
0.3391338145395871,0.21576726920828387,0.20373947345621113,0.24135944279591795
0.33803960732937116,0.21283235512979867,0.20740657016345274,0.24172146737737743
0.3430255930665058,0.22907398343706645,0.20461379270834323,0.22328663078808456
0.33994070232352114,0.2140560037046441,0.20115215909711337,0.24485113487472143
0.33878528298922306,0.2174792264072661,0.20662854592801203,0.23710694467549892
0.34385767114649984,0.22649986254737153,0.20390386395237323,0.2257386023537553
0.33928155646811675,0.21364824217730033,0.20170478392282198,0.2453654174317609
0.33938296615161034,0.2192587524605918,0.20658436883149947,0.23477391255629845
0.34223928697676803,0.22401501574165467,0.20333361319816556,0.2304120840834118
0.3412724829861126,0.21495585190389832,0.203586040853048,0.24018562425694107
0.3391609523972856,0.22187206666393455,0.20408568700767749,0.23488129393110246
0.34021710951736556,0.218559097757164,0.20394876105937215,0.23727503166609826
0.3424050151886311,0.22499489876605697,0.20325604266441705,0.22934404338089487
0.3435436527097025,0.22235316390080825,0.20143671842535057,0.2326664649641386
0.3435152646882525,0.2257125196627696,0.2009576648135982,0.22981455083537974
0.3379196136640016,0.21229993004027173,0.2024375379900376,0.24734291830568922
0.3388359430669692,0.22291899461759607,0.20610204732331877,0.23214301499211598
0.34341317409388533,0.22860678540982282,0.2011669647519027,0.22681307574438903
0.34339303381331343,0.2208628637207889,0.20043811421896873,0.2353059882469289
0.3453583315964071,0.22407516668274485,0.20282359808391653,0.22774290363693162
0.34391567361006364,0.22300102568257868,0.20049651830924822,0.23258678239810945
0.3358999029666605,0.2089829582508268,0.20369666029839523,0.2514204784841174
0.3360414868166547,0.2188112342914405,0.2084390743855581,0.23670820450634666
0.3427597982061442,0.22323172129090496,0.2051206748387481,0.2288878056642027
0.34229002473512143,0.22247301790178553,0.20123579915941944,0.23400115820367362
0.33902231541593736,0.21459370156437954,0.20368599287589403,0.242697990143789
0.34232601575908456,0.22791071183745545,0.20416664109973484,0.2255966313037251
0.34201369307892077,0.21968080989717872,0.2007226282196647,0.23758286880423576
0.33929169916524027,0.21874255454997302,0.20353239193271605,0.23843335435207064
0.3440502846289072,0.22744951815985748,0.20333814431891564,0.2251620528923197
0.3435797412948918,0.2208427376978084,0.20040729128739743,0.23517022971990226
0.34181896872600215,0.21748538007477983,0.20381122780866576,0.23688442339055227
0.3412071139846602,0.22201044195990502,0.20359345136421342,0.23318899269122131
0.33616806461076365,0.20856898310619765,0.2050850396089923,0.2501779126740464
0.33690429511481784,0.22096331850123382,0.20787460421235532,0.234257782171593
0.34156883780745245,0.22364912930716632,0.20351125491426456,0.2312707779711166
0.3435297278530023,0.2238948377354684,0.20170127577755737,0.23087415863397193
0.34231206197463276,0.21897032114795437,0.20226301732038596,0.2364545995570268
0.34353130412956084,0.2274801406041943,0.20196949670885908,0.22701905855738566
0.338949641714045,0.2146679159574859,0.20124907361255043,0.24513336871591862
0.3390595701652893,0.2193750030396552,0.2062560211232556,0.23530940567179984
0.3452440529397291,0.2302641547827596,0.20234195093048277,0.2221498413470285
0.34149921473188405,0.2155225111393304,0.20011709434673766,0.242861179782048
0.33926293750178976,0.21507548091125883,0.20656497175323446,0.23909660983371697
0.3415209400010267,0.22651666926868005,0.20377240780934325,0.22818998292095
0.3344759471004158,0.20571984965675,0.20366420675721977,0.2561399964856144
0.3379338122442396,0.22530218079751504,0.2086436452025251,0.22812036175572029
0.3453880032719129,0.2282077952687665,0.20120276233379913,0.22520143912552157
0.3420927156143006,0.21748877738621586,0.200452245663816,0.23996626133566742
0.34064597157814447,0.21835921987913107,0.2049189170034588,0.23607589153926567
0.3429170242428089,0.2278277698771856,0.20225121881249264,0.22700398706751282
0.33789645027694054,0.2093220764593656,0.20279664241452036,0.24998483084917353
0.339213734135256,0.22130963961171202,0.2078317517593809,0.23164487449365098
0.34414540148352446,0.22378998970540465,0.20325602680561328,0.22880858200545753
0.3392747732022484,0.21300813070008703,0.2028393314340511,0.24487776466361344
0.3382361179254026,0.21448344726352042,0.20794455004495835,0.2393358847661187
0.34198100294075595,0.224588768365791,0.2050691789167748,0.22836104977667826
0.33886768587644495,0.21059358359348038,0.20394045166847055,0.246598278861604
0.3378337482359594,0.21932487371263898,0.20703056220370375,0.23581081584769786
0.3429893412888166,0.22309996776741473,0.2044722944854849,0.22943839645828382
0.33961703731200354,0.21555714927932235,0.20268018310871927,0.2421456302999548
0.34092103983295435,0.2197804522098124,0.20600200790833803,0.23329650004889516
0.34365617140349763,0.2287961100650508,0.2014363539859565,0.22611136454549513
0.3354707785187784,0.204026078740874,0.20316671119894872,0.2573364315413989
0.3387689143889303,0.2261086811502105,0.2089019477162341,0.22622045674462515
0.3435076489149,0.22539823228132688,0.20087186750207467,0.23022225130169838
0.33978560069868924,0.21386672867904882,0.20269283754122017,0.24365483308104174
0.3438422586838254,0.22454070094238512,0.20588574570305343,0.2257312946707361
0.342347569886482,0.21964229114194503,0.20121565214213652,0.23679448682943655
0.3372096390988053,0.21059781121766816,0.20540851855436412,0.2467840311291624
0.33549973380139003,0.21653274108560136,0.20769261959324622,0.24027490551976233
0.34488040261793174,0.22385985872159966,0.20674358072377924,0.22451615793668936
0.3427202428723692,0.22156109862880313,0.20040958991793772,0.23530906858088993
0.3376968316208965,0.20905877806838777,0.2053640047459339,0.24788038556478198
0.34043100800700443,0.22703590831828319,0.20615507827274338,0.2263780054019691
0.3357181652297847,0.20866724970915965,0.20310804249349262,0.252506542567563
0.33944836244136917,0.22648585965114335,0.20723810241269838,0.22682767549478916
0.3447783328525388,0.22714929523227564,0.20048050598299338,0.2275918659321922
0.34408661604765084,0.21733961025213747,0.20189318905487313,0.2366805846453387
0.34328916922818986,0.22524457373866041,0.20252689969902377,0.228939357334126
0.3379060226171549,0.21200024850377794,0.2026174419879582,0.2474762868911089
0.33753261561772413,0.21576991047708163,0.20821548933907252,0.23848198456612174
0.3410209774961708,0.22395849463148504,0.2047626799151805,0.23025784795716378
0.3421582780019472,0.21875930098594895,0.20295649129881527,0.2361259297132887
0.33885013502969563,0.2170899373872848,0.20395463782605514,0.24010528975696452
0.34017963530222395,0.21941335023699973,0.20549736582787034,0.23490964863290584
0.34289554362496083,0.22890593266389261,0.20163793139792596,0.2265605923132206
0.3392698122263236,0.21388906238939318,0.20142353944267133,0.24541758594161192
0.3419100645461446,0.22649530489043457,0.2049141492869699,0.226680481276451
0.3449081257176901,0.22660321239650885,0.19995354193920903,0.22853511994659204
0.3414901746164093,0.21811681008095585,0.20093790709597575,0.2394551082066591
0.34243463240071687,0.22352413095576096,0.20373596710595737,0.2303052695375648
0.3420033300291411,0.21864369687944277,0.2026242432781037,0.23672872981331244
0.3388022500662879,0.21652477072981707,0.2042760633383022,0.2403969158655928
0.3381889189602249,0.22016115754755214,0.20472604100987266,0.2369238824823503
0.3425734678266493,0.22339937057194778,0.20404564931166133,0.22998151228974165
0.3421051762207689,0.22137910518903087,0.20168165285185535,0.23483406573834487
0.34204372719580045,0.22130430282767638,0.20286255134517348,0.23378941863134972
0.34418320580539835,0.23030752170635768,0.20046129518985584,0.2250479772983883
0.33490042382712565,0.20543546136126598,0.20181585160860666,0.25784826320300164
0.33997995204172743,0.22705688087714065,0.2088798606247031,0.22408330645642885
0.34611352059408995,0.2330459507740067,0.19835264560696328,0.22248788302494008
0.33654277811516364,0.20548323509993047,0.20085920458405762,0.25711478220084844
0.3415356020447716,0.22401067524034673,0.2098793786992448,0.2245743440156368
0.34449946473312587,0.2273510602222352,0.20003395304122382,0.22811552200341512
0.33085285067837816,0.20000963878849862,0.2031322948475033,0.26600521568561986
0.3362519664398913,0.22369417331859054,0.21229956536766184,0.22775429487385632
0.345714831706944,0.22759059160952397,0.20236353924947656,0.2243310374340556
0.34222236729573136,0.21803904083111902,0.2002624851787193,0.2394761066944303
0.34006651183107367,0.22040652516107626,0.20378528463939422,0.23574167836845575
0.34297812592465066,0.22554064835493473,0.20269212389392535,0.2287891018264893
0.3384666267529562,0.2138998297199417,0.20217582552774332,0.24545771799935878
0.33716757936999736,0.22078703083924864,0.20547208931788738,0.23657330047286662
0.3456794449320456,0.2331757015885132,0.20187115774208486,0.21927369573735625
0.3463730813568363,0.22129792302171747,0.19868055364018322,0.233648441981263
0.34271485946722724,0.21281362148538988,0.2045991056938714,0.23987241335351142
0.34255139424875575,0.22389761386353196,0.2046036426859332,0.2289473492017791
0.329678067132507,0.19360816632566338,0.20648636625456934,0.27022740028726017
0.33867910023100045,0.2163375222415757,0.21832128172052398,0.22666209580689992
0.34579316719275127,0.21565105177631352,0.20743571665236113,0.23112006437857413
0.3348555260062339,0.193931238921614,0.20970440539651924,0.26150882967563277
0.33780953540518316,0.2152254785382397,0.2156374821002955,0.2313275039562816
0.3390916549342181,0.2114342022105982,0.20765528835755198,0.24181885449763177
0.33701808701689906,0.20289182497038016,0.21172442679252088,0.2483656612201999
0.340271511978712,0.22159300460891104,0.20976845758421242,0.22836702582816457
0.34136308123262127,0.21490549019647848,0.20459021977054656,0.2391412088003537
0.33891539640703827,0.21092018340145094,0.2076584270912864,0.24250599310022447
0.34476860283448196,0.22205709226237555,0.20791381425265895,0.22526049065048348
0.34111457923254923,0.21481253589531787,0.2026959066272244,0.2413769782449085
0.3333929821629398,0.20124069876338796,0.20940109453730818,0.25596522453636394
0.3393106544115187,0.2250876211283548,0.2106176457332671,0.22498407872685955
0.34117720696870807,0.21376984005555796,0.20397320452508644,0.24107974845064764
0.33819105301389113,0.21245956813144157,0.2074187377156517,0.24193064113901563
0.3391785627121232,0.21898477785862067,0.20683744190846015,0.23499921752079597
0.340979600959252,0.22061038232868774,0.20421872583958714,0.2341912908724731
0.3380155383505602,0.21538873810321285,0.2039292150434512,0.24266650850277569
0.3404224300603204,0.22116146476921592,0.20594244874128126,0.2324736564291824
0.34653840974803835,0.22863443415819074,0.20216215585157435,0.22266500024219654
0.34224620804135764,0.21691832542569514,0.19996345332984522,0.2408720132031018
0.34048096081243745,0.2150092850152175,0.20621822275486837,0.23829153141747667
0.34018927374443314,0.2198453408304683,0.20515112920653855,0.23481425621856003
0.3355315706588599,0.2090592838612295,0.20571458249048954,0.24969456298942103
0.3363468545404337,0.2208582883186725,0.2077315498948308,0.23506330724606303
0.34276443350135394,0.2217746476587027,0.20484738295507746,0.23061353588486583
0.34420275385697446,0.2247133265690926,0.2016643946904636,0.22941952488346937
0.3431218006611682,0.2211063110160041,0.20125093974637037,0.2345209485764574
0.342272725293908,0.22316106598727875,0.20203352135800506,0.23253268736080818
0.3372271552206392,0.21186696580783532,0.20364731365585106,0.24725856531567436
0.3384574930446725,0.22016230419567973,0.20723111091385146,0.23414909184579624
0.34486697281194645,0.23104484882192658,0.20181817397842425,0.22227000438770264
0.34231917727972955,0.2141363698468247,0.20081071716571447,0.24273373570773132
0.34264983870126164,0.2164950676965997,0.20733271027364686,0.2335223833284918
0.33982734651806695,0.21995506669653184,0.20342042256286919,0.23679716422253205
0.3302945270387223,0.20230975706742188,0.20640397377606406,0.2609917421177917
0.3389897244157873,0.22787592703924212,0.21080612960543343,0.2223282189395371
0.34558681804737856,0.22227161764616746,0.20169455331425096,0.23044701099220308
0.34216050282060356,0.2166320760182518,0.2027279312531233,0.23847948990802142
0.33770046176727503,0.21706722034736317,0.2043398388410251,0.24089247904433675
0.34092022044561177,0.22310665929248677,0.2049300844686615,0.23104303579323998
0.3406571365325302,0.21807647119530624,0.20299536121105677,0.23827103106110686
0.3414824944763593,0.219726577671042,0.2048399638342313,0.2339509640183673
0.3450892912788338,0.227458512388324,0.2022782939689118,0.22517390236393048
0.34023226602595197,0.21242978076187613,0.20178705479480338,0.24555089841736857
0.3392967225325232,0.2133677333335142,0.20864267183867213,0.23869287229529054
0.3398831620740654,0.22089258976637308,0.20549115304894278,0.23373309511061877
0.3374785637336535,0.20981582344346228,0.20587823552404338,0.24682737729884086
0.338305778400875,0.22079244812598056,0.2073341208031912,0.23356765266995336
0.34388965161467244,0.21836994664520112,0.20565626495166178,0.2320841367884647
0.34082843837794713,0.21895829899360278,0.20311522470133217,0.23709803792711784
0.33849695254728007,0.21457052542587682,0.20516653713655683,0.24176598489028628
0.3419347845768082,0.2260534004975366,0.2047280271933353,0.22728378773231983
0.3402069107759514,0.21340614183905462,0.2029842944471872,0.2434026529378067
0.33913132835253756,0.21726358519328115,0.20673627713489856,0.23686880931928278
0.3437344372767917,0.22728670491930253,0.2035148403493891,0.22546401745451675
0.34070605903209394,0.21266347313352993,0.20236079150534325,0.2442696763290328
0.3411602008867615,0.21433298452816354,0.20861140632040942,0.23589540826466554
0.34112058028893566,0.22037712122325723,0.20497410803628807,0.233528190451519
0.33423949366750516,0.20531190034954291,0.20597142006858724,0.2544771859143647
0.3373958635559911,0.21992623656981722,0.21031640609996446,0.23236149377422713
0.34410874620067666,0.221741296831048,0.20491291653012578,0.22923704043814958
0.3398176609274726,0.21358985399235786,0.20339001674173027,0.24320246833843928
0.3394153907781536,0.21894148701726135,0.20630589780063802,0.2353372244039471
0.3421681988275658,0.22544396431689612,0.20295420619179194,0.2294336306637462
0.3373483354158559,0.20870117462225993,0.20390132315668164,0.25004916680520256
0.3395609980392127,0.22216046000719417,0.20798573115176822,0.23029281080182498
0.3451131927437463,0.22897527111292487,0.20135855900980673,0.22455297713352207
0.3388397412468753,0.2084217188907736,0.20221661453925813,0.250521925323093
0.34270259434605743,0.21734190272911066,0.2104411340320938,0.22951436889273819
0.34336621877842716,0.22282335813662243,0.20298182142890842,0.23082860165604205
0.3291279721575245,0.19447427647147378,0.20619284514378006,0.27020490622722165
0.33682819071862374,0.2216664006914785,0.21565773314696746,0.22584767544293025
0.34338586050412634,0.21925662019544057,0.20453227726838386,0.23282524203204913
0.3360957324450292,0.20661265150426175,0.20570200378199027,0.2515896122687187
0.3365083613817841,0.21924967650754737,0.20899872815584697,0.23524323395482155
0.3431061158848889,0.22652746940955137,0.20369454968293987,0.22667186502261988
0.3401883024582381,0.21392271788557593,0.20225989287530266,0.24362908678088335
0.3398807282300882,0.22012097185342352,0.20591527262942205,0.23408302728706634
0.3445925927157286,0.2280300149582842,0.20232269461521207,0.22505469771077502
0.3395284113997867,0.21209112777816677,0.20165218688587497,0.24672827393617153
0.341008693506307,0.21543205673796795,0.20896227476568532,0.23459697499003968
0.34506887112224777,0.22580681952492493,0.20407891232186307,0.22504539703096418
0.3371083527689185,0.20283512489779482,0.20436429595056513,0.25569222638272143
0.3332063020608367,0.2107104047999695,0.21190678718966957,0.24417650594952428
0.3401363735025907,0.21758594145525384,0.20990045952824632,0.2323772255139091
0.3356337675787869,0.21135167947862912,0.20524544315088966,0.24776910979169448
0.33787543582968743,0.21869395499075867,0.20821358110279536,0.23521702807675857
0.34378482128657206,0.22910839102986663,0.2027618985995654,0.22434488908399589
0.3415155844401825,0.21407579767873766,0.20157998301661828,0.24282863486446143
0.3404546782514691,0.222323327837658,0.204822125985937,0.23239986792493583
0.3441824472175686,0.22563523553298007,0.20210962732658738,0.22807268992286395
0.34485675816940925,0.21928374322746058,0.20208893509856685,0.23377056350456327
0.34084731731337076,0.21177610530016236,0.2052732363634693,0.24210334102299755
0.33642858024113104,0.21028319667213607,0.2082554809779801,0.24503274210875275
0.33356013375489896,0.20904368682992214,0.20972164022747836,0.24767453918770063
0.33879733946186913,0.22213219212805324,0.2085378312014411,0.23053263720863645
0.3426489374522418,0.2167953506550372,0.20495188052083993,0.2356038313718811
