0.2723632140154181,0.20600379970948957,0.2578205382504975,0.26381244802459475
0.27015662051622485,0.20585339432638394,0.2574749730364089,0.2665150121209823
0.2777855311193391,0.20409695917746473,0.2493882053811273,0.26872930432206893
0.2828544543937869,0.20858041909073272,0.24860688195779945,0.25995824455768096
0.28481333144722626,0.20886053094194695,0.24010182743612649,0.2662243101747002
0.2663979168909988,0.20955999225172345,0.2600890496028636,0.2639530412544142
0.2605720642092578,0.20585954160000086,0.267615844564764,0.2659525496259774
0.2744116550565069,0.20413291409159026,0.25243536937056976,0.2690200614813332
0.27343997976966355,0.20677795833633505,0.25666933313607415,0.26311272875792724
0.2818226999709951,0.20548603549741265,0.24645482387324855,0.26623644065834373
0.26917059383214087,0.20835161771584165,0.2597694247870384,0.26270836366497896
0.2720282304342375,0.20920331046271068,0.2522582589458043,0.2665102001572475
0.2631361406446666,0.20203541020448493,0.2694483345382257,0.26538011461262284
0.2837231795206698,0.20279538443388986,0.24686548962407842,0.26661594642136205
0.2859527956378124,0.20525289441401176,0.24626805464359455,0.26252625530458135
0.29419074578345145,0.2079652368760615,0.23629261799606202,0.2615513993444252
0.2762751978724847,0.20776745462568796,0.2516269905456522,0.26433035695617524
0.27517169184323986,0.208518295262625,0.24889614594022136,0.2674138669539138
0.26748709169071316,0.20589896132253127,0.2623229915545476,0.2642909554322079
0.2873870549536647,0.2057233748300185,0.23584676754877285,0.2710428026675441
0.2721716150839952,0.20827824624141436,0.25724384580304205,0.2623062928715484
0.28575803421981794,0.21017579239280737,0.2378069544816879,0.26625921890568677
0.2678956459487766,0.2114816917181154,0.2575421034695026,0.2630805588636055
0.2677711075370629,0.2092218200155962,0.25545043993508454,0.2675566325122563
0.25949907422658913,0.20253784218887055,0.27316651261610925,0.264796570968431
0.28207755279754215,0.20790006064038363,0.2450637440509993,0.264958642511075
0.2695099888720709,0.20610137219908062,0.25920110825747283,0.26518753067137574
0.2683513165368383,0.20454614354275152,0.2615148570131784,0.2655876829072318
0.26329134691299694,0.20687188819836339,0.2652586670777712,0.26457809781086844
0.2728017247764615,0.21108936642458956,0.24942890658020161,0.26668000221874744
0.25123774293770157,0.20551966749903897,0.28159827671875376,0.26164431284450573
0.2653517725840114,0.20321031782908064,0.2591995411306512,0.2722383684562567
0.25311145673314767,0.20706306829729887,0.28033092652952313,0.2594945484400304
0.27214519775910073,0.20483219617433118,0.2545377694297952,0.26848483663677264
0.25576005950407465,0.20369049104203454,0.27823177455322484,0.262317674900666
0.26375272204041006,0.20750031181257297,0.2643392198248169,0.26440774632220015
0.2552855309810125,0.20252128798985758,0.277335684642547,0.26485749638658296
0.262728685687341,0.2014251734210491,0.26890544038948366,0.2669407005021263
0.26714036052926227,0.2001500108410317,0.2674866554711239,0.2652229731585823
0.2883949535017797,0.2063245864149331,0.2449131649944423,0.2603672950888448
0.2750974864470207,0.2096127560187079,0.25367855553838004,0.26161120199589133
0.2608780350889637,0.20580753886652062,0.26636437661702794,0.2669500494274879
0.24508773127133762,0.2020983460918448,0.2892040380947668,0.2636098845420508
0.27803156027770326,0.2039831016828177,0.24679711035290544,0.27118822768657364
0.270071737053941,0.20576504279625046,0.2631708385027185,0.26099238164709
0.2809958975457168,0.20546641974976354,0.24633107448956942,0.2672066082149503
0.2582666156547537,0.20994664847282854,0.2716110795719477,0.2601756563004701
0.26407505916362656,0.20931847735927375,0.2597222608849052,0.2668842025921944
0.2525196578124686,0.19997553999346926,0.2831672105374235,0.26433759165663867
0.277227205300077,0.20208284958776151,0.25460156034416,0.26608838476800145
0.27692542160335953,0.20415611851614443,0.2560703423160489,0.2628481175644471
0.2807599511042021,0.2057799945777179,0.24955356285162178,0.26390649146645834
0.26347982614296167,0.20762880224710847,0.26619737807710747,0.26269399353282247
0.26553931671262665,0.20957919591364146,0.25620395286810843,0.2686775345056234
0.25065910869890795,0.2046752001904024,0.2812819367860526,0.2633837543246372
0.27012425834839143,0.20181447456186302,0.2562929860939845,0.271768280995761
0.2666204210881372,0.20578549079531364,0.26570659977635597,0.2618874883401932
0.2801275306965987,0.20936023907735815,0.24731588112764194,0.2631963490984012
0.2612910147264043,0.20727631540184566,0.2682175203456921,0.2632151495260578
0.2564222561704521,0.20570719391389142,0.2728780448086757,0.2649925051069807
0.2546027696878766,0.20024893087509388,0.2796550434706958,0.2654932559663338
0.2800945200017692,0.20283382086401255,0.2515505969590611,0.26552106217515714
0.2751283002460119,0.20372298879992265,0.257348273155981,0.2638004377980844
0.27820083652324873,0.20686673966693023,0.2518302399719389,0.26310218383788214
0.25980794524891415,0.20924912636498538,0.2681495473813697,0.26279338100473065
0.26253036714026196,0.20646808666582725,0.26002078729338524,0.27098075890052553
0.24834406005602144,0.20112361087646027,0.28888540185278205,0.26164692721473626
0.2904969831698835,0.20172643720038338,0.2377046696692163,0.2700719099605169
0.2759324259386398,0.20788173277977037,0.2578093594689136,0.25837648181267625
0.2856721044909429,0.207691658629671,0.24285681670035944,0.2637794201790265
0.26246229078484323,0.20553619582923366,0.26833844977483434,0.26366306361108877
0.2714732393570187,0.20517298709757345,0.25635065157083486,0.26700312197457293
0.27120646268402604,0.20063836338881083,0.26489303809314463,0.2632621358340186
0.30282832324546427,0.20469983574581146,0.22650112453358362,0.2659707164751404
0.2788560846224835,0.20927392407228554,0.2510807733687138,0.26078921793651716
0.28280447393903474,0.2086438183825267,0.24218567712607483,0.26636603055236374
0.26524743495198255,0.20952620821126364,0.26047227509595994,0.26475408174079396
0.27374813663106823,0.21202997348841268,0.2468604733128378,0.26736141656768114
0.258290965433836,0.20279752923679653,0.27385733213692154,0.26505417319244595
0.2835802565501952,0.20653056041755138,0.24074099527012435,0.26914818776212895
0.2660282196876183,0.2099104446623514,0.26350129176667847,0.26056004388335186
0.27743165555581656,0.20628710859983748,0.24774465153515857,0.2685365843091874
0.25795613980476995,0.20581034043624993,0.2736074502438158,0.2626260695151643
0.2752602223829978,0.20745481220738438,0.24939170057239837,0.2678932648372195
0.26263270261769056,0.20352672956275344,0.27252405229813126,0.2613165155214248
0.2834222199460413,0.20348128240314806,0.24313385828747253,0.2699626393633382
0.26821696517016924,0.2031329144175155,0.26612861251421144,0.26252150789810386
0.29294773896898463,0.20734568443703982,0.23762939428407773,0.2620771823098979
0.2786155976357447,0.2087095433833567,0.24881400457710473,0.26386085440379387
0.2723468075443998,0.20877462328202503,0.2534283995408321,0.265450169632743
0.2558942589125335,0.2027852274298158,0.2763508895686557,0.2649696240889951
0.28520469636059614,0.20613319741213576,0.23726028945794975,0.27140181676931835
0.2700471839049092,0.21032195019627628,0.2615805302073692,0.25805033569144525
0.2843266070825215,0.20494637612908473,0.2393380971064524,0.2713889196819413
0.2571095934989727,0.2113940861189837,0.27311894549667076,0.2583773748853728
0.26577462144397196,0.21013680214091332,0.2539727000136505,0.2701158764014641
0.2530397004799583,0.19918430933062767,0.28182232884590125,0.2659536613435129
0.27946740836904466,0.2034200658434503,0.2517406326398587,0.2653718931476463
0.2887572497328994,0.2064514556382768,0.24195438317750298,0.262836911451321
0.27797658776641565,0.21005221513954872,0.2536416718125612,0.2583295252814744
0.2636547501594039,0.2056800028869852,0.261492964563105,0.269172282390506
0.2568350429011334,0.20617184162463503,0.27366547353938087,0.2633276419348507
0.26452968544217437,0.2043626738359637,0.26429668494946124,0.26681095577240077
0.28129860292835435,0.20247134631151611,0.24592060233407942,0.27030944842605004
0.2644761523263166,0.21072207485400668,0.26718745333338767,0.25761431948628905
0.2731859529922133,0.2089006560124229,0.2478341056320554,0.2700792853633084
0.24507141303496424,0.20770637130283512,0.2868106201608529,0.2604115955013477
0.2585562711171556,0.20295477702582804,0.2691784920541276,0.2693104598028887
0.2611710475794372,0.201531259863199,0.27476571787224024,0.2625319746851235
0.27912245374781636,0.20598506420326718,0.2506027960190906,0.26428968602982583
0.2641017298182725,0.20203572997713792,0.26917035769598546,0.2646921825086041
0.2632505792222838,0.2049261373867456,0.26942135026554603,0.2624019331254245
0.2675231990590589,0.20775496387646208,0.25915109874813524,0.2655707383163439
0.26274104015729877,0.2066118252761862,0.2662185043600297,0.2644286302064853
0.25111801233013925,0.2014441906270424,0.2809253792694388,0.2665124177733795
0.2664583727626123,0.2035351357568858,0.2612119944277568,0.2687944970527452
0.26555808836889067,0.20951608677616088,0.2652053422450382,0.25972048260991026
0.2705218837259553,0.20518145422565306,0.25602802673442376,0.2682686353139679
0.24790876885816743,0.2051319034657079,0.28629612583968783,0.2606632018364367
0.259598106606478,0.20366496300129489,0.2690879493134163,0.26764898107881097
0.2617027988264995,0.20233110136720486,0.2736238386454208,0.2623422611608747
0.27243375881184456,0.20258821197574955,0.2587942492913381,0.26618377992106773
0.2671029493587027,0.19951673964190247,0.26674624756193993,0.26663406343745494
0.2763755716904898,0.20851136239223234,0.25745152216942474,0.25766154374785305
0.27501072695462436,0.2108660658680201,0.2472498501197927,0.2668733570575629
0.24949442769187288,0.20261573394336538,0.2811513055538075,0.26673853281095417
0.24677086581043145,0.20172311791807607,0.2882548230002645,0.2632511932712281
0.2854683458533009,0.2063891621061564,0.23926365246495315,0.2688788395755895
0.2656828354658796,0.20972657689215943,0.2653524197475858,0.25923816789437515
0.2588670397441724,0.2024248855043536,0.27168889238741345,0.2670191823640605
0.25516143994979973,0.20594542009240083,0.27484702194615057,0.2640461180116488
0.26766246733528715,0.2076524989620439,0.261642822089018,0.26304221161365093
0.26422540565026026,0.19487316019505288,0.273123092591164,0.267778341563523
0.2942913721352613,0.19739589205554117,0.24152896026958456,0.266783775539613
0.3153940639157909,0.20567630824614416,0.2223012038321864,0.2566284240058784
0.3336532056956069,0.20737204908846207,0.2045296995840237,0.2544450456319072
0.3062639335709343,0.21172902083156497,0.225000634859446,0.25700641073805475
0.29342511923958686,0.20392444420495173,0.2324961296097256,0.2701543069457359
0.3010224384243277,0.1986065041441048,0.2341325318291802,0.2662385256023875
0.34234135945216454,0.20745128820885236,0.19238851856805758,0.2578188337709256
0.3264383010991988,0.21915951482399612,0.1950835004905001,0.25931868358630505
0.302473613007812,0.2248395204130342,0.21002605875585353,0.26266080782330026
0.2797700950363669,0.2211171899731124,0.22517112218840185,0.27394159280211877
0.27928494978346063,0.22269039151984896,0.2322032149251163,0.26582144377157413
0.29038658191188277,0.20968614459637186,0.23158096504258027,0.2683463084491652
0.3021823008665591,0.20832719248219062,0.21909614403202243,0.27039436261922783
0.28678891291408487,0.21620742244121888,0.23782936574858085,0.2591742988961153
0.3024137972703707,0.21334713666656763,0.21760038922331834,0.2666386768397433
0.27928094652892504,0.2150182423921986,0.2414064835670268,0.26429432751184956
0.27782835363100206,0.21320841442166968,0.2420764986320318,0.26688673331529655
0.271591824912218,0.2052113019911023,0.2542790146082476,0.268917858488432
0.2835786270896199,0.21035562780154424,0.2367524893417039,0.26931325576713205
0.2782877733300276,0.21063056111549933,0.24819365846849928,0.2628880070859739
0.2843725971129516,0.21097769577554523,0.2383235322942741,0.2663261748172292
0.2660350169828636,0.21261237632536317,0.25543219902215597,0.26592040766961716
0.26396153649495985,0.20773687118026413,0.2628625008498444,0.2654390914749316
0.27104080289729193,0.2020236964147483,0.25919903000867633,0.2677364706792834
0.2870339637154524,0.20905126458603304,0.24149478147189934,0.2624199902266152
0.27511729352696357,0.20608577531699424,0.2555860493786201,0.26321088177742213
0.2775181660644385,0.20571626588255235,0.2507812151797459,0.2659843528732633
0.26367280527639714,0.2116787152425008,0.26343731528622555,0.26121116419487656
0.26844316476401486,0.2066768697109449,0.251852521850878,0.2730274436741622
0.25024759033659877,0.20073533881652703,0.28459562341655353,0.26442144743032064
0.2859908114904087,0.2054884418132133,0.23940904581440692,0.269111700881971
0.2773924435586771,0.21183557202770628,0.25188260648552413,0.2588893779280926
0.27437604785760394,0.20893068306718285,0.2507579875045321,0.2659352815706811
0.25525150286850434,0.20552628855060737,0.2758673268310699,0.2633548817498185
0.2644350786259027,0.2057037631050484,0.264866979039014,0.2649941792300349
0.2709543479687837,0.200265217413172,0.26213275954330395,0.26664767507474035
0.28141813565190243,0.20006406094766663,0.25220899652580564,0.26630880687462527
0.2882411328459305,0.20402357599758858,0.24412592045634604,0.26360937070013485
0.2943794091900761,0.21327612029253876,0.23423649269709937,0.2581079778202857
0.2733850475275985,0.21471043005657414,0.2479865341900044,0.2639179882258228
0.2519925493301797,0.20312400678286638,0.2727338093959322,0.2721496344910217
0.25443594702999006,0.20000585558396355,0.2796640432512044,0.2658941541348419
0.30558160027802084,0.20447556125501512,0.22491499805610754,0.2650278404108566
0.2963168867680389,0.21316719473018028,0.23332716014007568,0.2571887583617051
0.2725673583505245,0.21061439142517557,0.25301493835711125,0.2638033118671888
0.25495842482845055,0.20549470137400755,0.2710643067836545,0.2684825670138874
0.267587223637665,0.20591837929098414,0.2635926406274965,0.2629017564438544
0.2887473274378425,0.19896352586533117,0.24531009220726377,0.2669790544895627
0.30065691526971566,0.20443659248838503,0.2336265835416441,0.26127990870025514
0.284462932586995,0.2093154423265683,0.24454653596314216,0.26167508912329457
0.2860861973677953,0.20979463565753553,0.23911522946230615,0.2650039375123629
0.2666497783259404,0.21111215358786553,0.25926595675929953,0.26297211132689463
0.27546898248451984,0.20509295867053096,0.24508341383165197,0.2743546450132972
0.2631470088234988,0.20195676576937913,0.2718735247409118,0.26302270066621036
0.3056403988142128,0.2083495837961491,0.21920216001490478,0.26680785737473334
0.27982257308460284,0.21476565198808237,0.24732395491929504,0.2580878200080198
0.2762494426413807,0.20874087016486195,0.24543131420496125,0.2695783729887961
0.26002050206526545,0.20485243704327644,0.27019503020200364,0.26493203068945453
0.2832176072682311,0.20743282964713072,0.24375280679180175,0.26559675629283647
0.2873015598439026,0.20269313364905728,0.24587853874588625,0.26412676776115385
0.29172286133040004,0.20560863631835816,0.23845555184473038,0.26421295050651145
0.28234000635919004,0.206614090864709,0.24577867079305413,0.26526723198304675
0.2900970210585486,0.2107595921514221,0.23748367988148084,0.26165970690854856
0.2811872016227904,0.2116942188235138,0.24235482686774223,0.26476375268595354
0.27160230317018164,0.20694767859271482,0.24988923678385985,0.2715607814532437
0.2619348904286991,0.20384544951874695,0.269032394810978,0.26518726524157593
0.2957382641308453,0.20818554996597294,0.22838424082152972,0.26769194508165195
0.2821937120753399,0.21396669543998653,0.24378136322623115,0.2600582292584425
0.2767074099718309,0.20881602940422045,0.24726889779949351,0.26720766282445507
0.2623683665504637,0.2055891846274565,0.26584446169779813,0.2661979871242816
0.27842643168798836,0.20693496113392862,0.2490458504982621,0.2655927566798209
0.2864388877389093,0.20268637645819312,0.2476174106613177,0.26325732514157996
0.2972129702422256,0.2034069732298926,0.23352770286082924,0.26585235366705257
0.28806577077774587,0.20604430958550862,0.24340192201412658,0.2624879976226191
0.30162968437319027,0.21016496084607217,0.22801435786194152,0.260190996918796
0.28835463387338645,0.21317192868703455,0.23448281712159827,0.263990620317981
0.2722293431925969,0.20753074982220285,0.24939446530870604,0.2708454416764942
0.2671655004778029,0.2040346029139802,0.2625366021791822,0.2662632944290348
0.2970441978465954,0.21112920036287952,0.22414587221010926,0.2676807295804159
0.2818252076080267,0.21530632085094334,0.2406454605444005,0.2622230109966294
0.27202870464330225,0.2091801125765538,0.2519160091156684,0.26687517366447566
0.26634442199969177,0.2081624464683062,0.2568363880087732,0.26865674352322877
0.2757068202602925,0.21021622923339656,0.2518324945033185,0.26224445600299245
0.28375397673751285,0.20181130929712862,0.249032218885198,0.2654024950801606
0.29376227968732394,0.20548230743527898,0.23665606601536518,0.26409934686203196
0.2815185888409337,0.20600125755526605,0.25041417407891964,0.26206597952488053
0.29889264224197126,0.20461345437489123,0.23203725500843367,0.26445664837470384
0.28698288465529015,0.21102453388543485,0.24082921024462486,0.26116337121465016
0.28603560143350554,0.21122222886670372,0.23318503611765387,0.269557133582137
0.26272462497147064,0.20534544170726968,0.26740379792567603,0.2645261353955837
0.28546605800789243,0.21284615782038696,0.23082535792125983,0.2708624262504607
0.2669939801306164,0.21205765213908026,0.25627350368591123,0.26467486404439206
0.2748849338179041,0.20502903056187297,0.2495467685995967,0.27053926702062625
0.2741384061731683,0.20851745999979615,0.2538276460705306,0.26351648775650494
0.2870477622892298,0.21398671909329908,0.2363262681092079,0.26263925050826326
0.2749074075710371,0.20513275224200717,0.2571963163284044,0.2627635238585513
0.27959086200673056,0.20286087020939464,0.2503285917660174,0.26721967601785745
0.2807352476680312,0.20277643712899376,0.2528872889031124,0.26360102629986254
0.3032249399408745,0.2055780990656412,0.2303711527795926,0.26082580821389173
0.29351912712108985,0.20925859681565473,0.23290094259191135,0.264321333471344
0.2742733465495148,0.21282301092892164,0.24553235243625476,0.2673712900853089
0.2600979951836265,0.2037851260458879,0.2648970440955312,0.2712198346749544
0.2871709924906779,0.20935141854867395,0.2368169045533721,0.2666606844072761
0.28664121193237524,0.21690257891916231,0.2375154533811857,0.2589407557672769
0.2789529632664007,0.21021304423913578,0.2425367033490718,0.26829728914539175
0.2509874202655685,0.202952208579359,0.28024787840546306,0.2658124927496095
0.2792505012666159,0.20416102516021678,0.24941869692674823,0.2671697766464191
0.29233730030089883,0.20499859226739922,0.24243732290888786,0.26022678452281417
