0.3326326252343959,0.19195208913935902,0.2349916935175703,0.24042359210867473
0.3164047919428753,0.20754430290438095,0.22596725649899427,0.2500836486537496
0.3382714684370732,0.19648852995204016,0.22883008008319553,0.23640992152769116
0.3092743597289076,0.20995360879851166,0.23141106259200825,0.24936096888057246
0.3343319571177356,0.2013704110730436,0.22552611560794453,0.23877151620127615
0.3129608695296281,0.21103771688634126,0.2282149638933185,0.24778644969071215
0.32289138724701605,0.20881718410641703,0.22536514707453278,0.2429262815720342
0.3057412909794083,0.22205579307926085,0.22131691458237523,0.2508860013589557
0.3389144302572825,0.20187576526384146,0.22637781023502773,0.23283199424384823
0.31844727316418253,0.20519176386922297,0.23299549445399623,0.24336546851259827
0.3587239491972133,0.1831887163955239,0.23099594475238647,0.2270913896548764
0.3119708446813886,0.20193843615305074,0.23520107592767367,0.250889643237887
0.3720582281145456,0.17337251086123384,0.23217231077337724,0.22239695025084333
0.31556576759873833,0.1966103662501578,0.23815574920171498,0.24966811694938895
0.3564173874275297,0.178300291285849,0.23541039393461638,0.22987192735200496
0.3111766341919323,0.19941835423394905,0.23784732983039353,0.25155768174372506
0.34130077474142145,0.1924893592204688,0.22771263318288243,0.23849723285522736
0.28894631675925053,0.22216712040889985,0.22770587349078875,0.2611806893410609
0.32064518680387233,0.21615793369042272,0.2192504470726982,0.24394643243300676
0.29984458361666105,0.22830784856082237,0.22042787281626705,0.25141969500624967
0.34249756969518,0.20067869542079034,0.22748122229766435,0.22934251258636526
0.30341020316627787,0.21470763636824466,0.2318101538997511,0.25007200656572626
0.36367186684455927,0.1854263636580271,0.22657911897570002,0.22432265052171374
0.2953587472579061,0.21505201810342436,0.2326580109288608,0.25693122370980886
0.345085872172988,0.19610481644037123,0.2254533893379666,0.23335592204867436
0.27596041708982105,0.23878638515172448,0.21955767817706182,0.26569551958139254
0.33993895250265965,0.20951004893009176,0.21904048108896873,0.23151051747827994
0.29762108546973115,0.22523836017362378,0.22684380107118177,0.2502967532854633
0.31728788598259494,0.2217670473523185,0.21787780835253565,0.243067258312551
0.2885489691645402,0.23896055998623453,0.217956331571909,0.2545341392773164
0.32588140053614184,0.22046526023944996,0.21800291866758054,0.2356504205568277
0.29912248713944833,0.2313786859947024,0.22064611563363282,0.24885271123221642
0.33500292639915924,0.2104988661259632,0.22209697130970463,0.23240123616517308
0.30236157676000197,0.22322401109828863,0.22533665850569443,0.24907775363601503
0.35450618314591,0.1945639068384535,0.22504405344131492,0.22588585657432153
0.2863983434403186,0.22636296275328205,0.22793531005250325,0.2593033837538961
0.360043328870107,0.19292726242138317,0.2219342265370109,0.22509518217149907
0.3157338192299057,0.20701279067911973,0.23196570248798618,0.24528768760298844
0.357769205505879,0.18326750140121295,0.2327495164762832,0.22621377661662495
0.2945529904662721,0.21554630558327179,0.2320353004409977,0.2578654035094584
0.33364532445382,0.20614652264201527,0.22052621292555158,0.23968193997861312
0.2919839491761092,0.22939220859330336,0.2221752226781175,0.2564486195524698
0.3161020376950752,0.22450540012967263,0.21612355004882353,0.24326901212642865
0.28207314952379103,0.24748721991194925,0.2134270001112882,0.25701263045297157
0.3460684716544279,0.20794582437799716,0.22146080117632322,0.2245249027912517
0.3177847977125107,0.20759381371569854,0.23461406846222155,0.24000732010956927
0.3690323896707957,0.17813512756794656,0.23175165051230384,0.22108083224895397
0.3006095159418285,0.20925127153491285,0.2336048670743902,0.25653434544886833
0.3545702141871207,0.18871607474490446,0.2263129427229256,0.23040076834504927
0.2965820341723922,0.21899957383320393,0.22771638316565918,0.25670200882874455
0.33577788454795054,0.20424688199822116,0.2234879423366283,0.23648729111720007
0.3019431206071382,0.21915369766074067,0.22815769113231052,0.2507454905998105
0.3159757166552455,0.21975482035770552,0.21904521185538323,0.2452242511316657
0.2815106017804401,0.24412966298177882,0.2151366423892398,0.2592230928485412
0.3264646185374301,0.22271267192576588,0.21573336812387597,0.23508934141292814
0.30558138842846083,0.22709077761898858,0.22241799566666856,0.24490983828588195
0.35417879497584515,0.19372505888589417,0.22864233123779149,0.22345381490046923
0.30480812681240727,0.21153483476828672,0.23379422862982208,0.24986280978948402
0.36943643650119523,0.18081979985244262,0.2274058796149098,0.22233788403145244
0.2886036795695878,0.21971335015332366,0.23045388623942745,0.26122908403766126
0.3459982158446141,0.19893570289298323,0.2220074011365538,0.23305868012584893
0.28562963040448275,0.23324873035705976,0.22121136696711144,0.259910272271346
0.34458954367799555,0.2028915449416965,0.2232614107922953,0.22925750058801275
0.2972491161084645,0.2212501618220752,0.22962011596245618,0.2518806061070042
0.3371498997323689,0.2064737194672027,0.22036545338199842,0.23601092741842997
0.29532325925000275,0.2259330482052446,0.22391197416551328,0.25483171837923946
0.36594506276240457,0.18746662254384477,0.2259690644200146,0.2206192502737359
0.3068544615528891,0.2096890232122276,0.232858323177061,0.2505981920578224
0.37625437040471277,0.1717980646398823,0.23411823946714708,0.2178293254882578
0.31413553756089463,0.19379295518555525,0.24306953525309702,0.24900197200045307
0.3755323510838806,0.17086883259208815,0.22991540116159545,0.22368341516243567
0.2892407164352027,0.21098798558663856,0.2365976818621967,0.26317361611596196
0.34514136233799236,0.19406332817025354,0.22533195392127645,0.23546335557047776
0.28990767150851093,0.22564164751943078,0.22454064323363998,0.25991003773841825
0.35878726492199425,0.18845113930069454,0.22878762554864956,0.2239739702286617
0.2902880750248578,0.21895877554195536,0.23269681197986639,0.25805633745332035
0.3459205849058777,0.19974292940329927,0.2206332670413307,0.23370321864949242
0.2770629195513067,0.2353550914624838,0.22379950725337813,0.26378248173283125
0.34913994350193933,0.20241271113031328,0.22034812648479876,0.22809921888294862
0.2890384246470948,0.22989377967692637,0.22444513186930856,0.25662266380667026
0.3514354003564831,0.1966925436021902,0.22516878130727555,0.2267032747340512
0.31306483070342545,0.2076523750201973,0.23320998204714555,0.24607281222923177
0.36342006968221774,0.18282694828717028,0.22855885686958427,0.22519412516102774
0.28775694103797517,0.21690137275723276,0.23388399251556283,0.26145769368922916
0.3715276964827317,0.18119776098169488,0.22528592734971023,0.22198861518586327
0.3037324744666874,0.2094314927437717,0.2330063167493237,0.25382971604021703
0.3748640572410531,0.17238643734901207,0.2338711831337722,0.2188783222761627
0.2853619040031913,0.2158510462169209,0.23527696406665688,0.26351008571323087
0.345147506577578,0.19850732727893983,0.22051773031730745,0.2358274358261748
0.2949851529874331,0.2204750228035881,0.22916628831397234,0.25537353589500644
0.3185135343718421,0.21773604975403807,0.21938865352501782,0.2443617623491021
0.30439525647343474,0.22662577276577436,0.21988969641070424,0.24908927435008657
0.3217282313950272,0.21563230831471772,0.22372644493448002,0.23891301535577517
0.3179854164126857,0.2115503288663138,0.2287516631238111,0.24171259159718964
0.3339406920809762,0.20342546273397885,0.22559583225814644,0.2370380129268986
0.3026777828984998,0.21838170421792455,0.2261670431627094,0.25277346972086623
0.37275606435850306,0.18075497980027017,0.22770369872911747,0.21878525711210922
0.30021080106626236,0.2109096509714036,0.23466892311845675,0.25421062484387724
0.35465047600829736,0.18609105382923855,0.2305153366614339,0.2287431335010303
0.2993400168556003,0.2141028726604032,0.23106588839632777,0.2554912220876686
0.3244034370415203,0.2114226780597739,0.22017317362295188,0.2440007112757539
0.2824969859233728,0.24038138211767018,0.21704185849179394,0.26007977346716316
0.2978260104438277,0.24346882787556598,0.20971369297525122,0.248991468705355
0.302939104843826,0.23840849229519642,0.2156497323589015,0.24300267050207608
0.32098301932639345,0.21987655409557263,0.22430884058593642,0.23483158599209747
0.319601200539584,0.21472111579958966,0.22561801334442533,0.24005967031640105
0.3516319935700602,0.1928953671399895,0.22802970671966746,0.22744293257028284
0.30057398906492566,0.2153023064669096,0.23071676352259585,0.25340694094556887
0.3416600938278823,0.20061361766593686,0.22315144773644832,0.23457484076973267
0.30296204846507563,0.21973745534116249,0.22567649606598886,0.251624000127773
0.355838465647309,0.19049757932970418,0.22802876157183144,0.2256351934511555
0.2903706127851333,0.22351329976081724,0.22800244314902632,0.25811364430502315
0.3010712847349155,0.2335554613733157,0.21265989650221645,0.2527133573895524
0.29127844506696654,0.24410556522426857,0.21293727206963198,0.2516787176391329
0.31972608698397736,0.22722484474949675,0.21670866577981332,0.2363404024867125
0.3078288402914847,0.22725940925193824,0.2219156652052381,0.24299608525133895
0.31649254073113914,0.2201810086891163,0.22287435845776093,0.24045209212198385
0.3389795545284398,0.20177506149022678,0.22758786945105952,0.2316575145302739
0.34739835868835295,0.18968687001777526,0.2326781516404989,0.23023661965337278
0.2911449233816827,0.22035671771226,0.2288201225354624,0.25967823637059495
0.3489111193963629,0.19840211001593208,0.2213699346836417,0.2313168359040634
0.3141497231061306,0.2118813436479338,0.22773922999835092,0.24622970324758475
0.3374689370887033,0.1965457644333757,0.23192251972125916,0.23406277875666184
0.2864039838025222,0.22869952865064094,0.22462259169330448,0.2602738958535325
0.3051921005984321,0.2352541523059242,0.20905055754444596,0.2505031895511977
0.30607481786006635,0.23151093855857421,0.2187074580441573,0.24370678553720218
0.3055841479385022,0.23148901004186612,0.21867220611350896,0.24425463590612273
0.28850686048741175,0.24702587688674854,0.21123449950903206,0.2532327631168076
0.3629481873508296,0.19488217261012036,0.2259597094216444,0.21620993061740565
0.33719019787958315,0.1893960053652821,0.24074072458138115,0.2326730721737536
0.3655035063666693,0.17318339661330595,0.23452340167754157,0.22678969534248314
0.3295517940314785,0.18441136528106286,0.2400675875267541,0.2459692531607045
0.4106636469438904,0.14454037433012099,0.23860785341593993,0.20618812531004851
0.3988805597789482,0.13399063891000643,0.2584547900381364,0.20867401127290897
0.37294976913821687,0.13698052529400898,0.2678651158623037,0.22220458970547033
0.3541312596433159,0.1456343122605997,0.26589752000924965,0.23433690808683474
0.36657406391580355,0.15062755551955637,0.2488388318592477,0.23395954870539232
0.3120993238057134,0.17526457682024443,0.25472417911362827,0.2579119202604138
0.32967674182984774,0.18003237839467603,0.24211200607709174,0.24817887369838457
0.28154349954845237,0.21521029672500885,0.23309645159184073,0.2701497521346981
0.34390222265420545,0.18244928526689866,0.24084616476305987,0.23280232731583597
0.328995049961911,0.1859629931107123,0.2419003731581024,0.2431415837692744
0.34940666179958735,0.17848712354268145,0.23446129058448228,0.23764492407324894
0.30318263236044724,0.19930951874407213,0.24011774220369236,0.2573901066917882
0.33778651570214613,0.19167461275531975,0.2294384326567858,0.2411004388857483
0.33348785665293323,0.19098397655325627,0.23457865063962924,0.24094951615418134
0.34717800188358194,0.17704416125586728,0.24398892854281193,0.23178890831773877
0.31245974768657625,0.19823651841117546,0.23592435190049743,0.25337938200175086
0.3295021845135585,0.19863209511505475,0.22721242003009468,0.24465330034129212
0.2915619216573478,0.21929481723808394,0.2304580589188731,0.258685202185695
0.32391581030219735,0.21454538497805414,0.21808385290213403,0.2434549518176144
0.2937969629220164,0.2304461674256112,0.22150891506586262,0.25424795458650973
0.33356383460719163,0.20590079596371014,0.22729961568039547,0.23323575374870284
0.3035840882560071,0.21973535068648992,0.22610072146967514,0.2505798395878278
0.3665889682852797,0.18388048557361145,0.22776942428071265,0.2217611218603962
0.3023370216673845,0.20818351572321825,0.23652659687678013,0.2529528657326172
0.3564062602107718,0.18644839013032255,0.22777811056975525,0.2293672390891504
0.31243415336700064,0.20561053289545864,0.23256992744495128,0.24938538629258944
0.34001791450725455,0.19328166345794098,0.2310577043524072,0.23564271768239728
0.29634622383605613,0.21925088351556724,0.2274437088885093,0.2569591837598674
0.29711274428943724,0.23428051258225036,0.21323233512641487,0.2553744080018975
0.2938478646456865,0.24105459120608844,0.21347512429426177,0.2516224198539632
0.33385009622214357,0.2148557238025286,0.22070224978345365,0.23059193019187435
0.3126284274642873,0.21608192454351122,0.22851217621342804,0.2427774717787734
0.3574830214300027,0.1869760690114991,0.23127628133803554,0.22426462822046264
0.3405858800820337,0.18469827117178247,0.24000574308702619,0.23471010565915756
0.35134754521452655,0.17997864781412895,0.23510089804139983,0.23357290892994464
0.2908436769987623,0.21650517768252675,0.22919405758317302,0.26345708773553794
0.3440591658548181,0.19876010023012947,0.22210785296583863,0.2350728809492138
0.33791333513864663,0.19404671192048997,0.2330277209329574,0.23501223200790602
0.33110861111067974,0.19172605327421466,0.23845724291169537,0.23870809270341029
0.3048135048149324,0.20987026543904566,0.23144915948565958,0.2538670702603624
0.30975351907512566,0.22063338729522047,0.21730449560406995,0.2523085980255838
0.3240858608094345,0.21269229547012275,0.22228615579770322,0.2409356879227395
0.32461744366136847,0.20923519819475775,0.2264191591930141,0.23972819895085976
0.29526540271764784,0.2276169714532346,0.22239818815860965,0.25471943767050775
0.3657135981161481,0.18395365402684416,0.2310855272346912,0.21924722062231666
0.3329716966211103,0.18766922098111474,0.24138994428110422,0.23796913811667067
0.3793175318739975,0.16427601394400837,0.23568239834228424,0.22072405583970978
0.28630707704643543,0.211418748424146,0.2359629692071806,0.26631120532223773
0.35783187512285414,0.18544480997054025,0.22672633473791198,0.2299969801686937
0.324144763113342,0.19627538485496115,0.2360723893430481,0.24350746268864884
0.3527954548295672,0.1784585667391677,0.23890044779354103,0.22984553063772406
0.2984384496662005,0.20863344241376047,0.2341070042647658,0.2588211036552734
0.3256449429701809,0.208490453334333,0.22002724168849225,0.24583736200699388
0.30324221104224036,0.2202239756294844,0.22432562514077117,0.2522081881875041
0.34004571270365747,0.2007551488302091,0.22629903499703277,0.23290010346910087
0.3052457135295072,0.2140681806888513,0.23000476693836686,0.25068133884327465
0.3626109996481554,0.18247294200683123,0.23097191640614786,0.2239441419388656
0.3359568011856978,0.18450344377972752,0.2414892220713,0.23805053296327464
0.3678117245205886,0.16979526582495674,0.23609368768396408,0.22629932197049055
0.2937004429347924,0.20626784474938786,0.23770472005540233,0.26232699226041734
0.36017482599500933,0.18118524670169994,0.2296062998523343,0.22903362745095626
0.33098044640283186,0.18978195461082495,0.2379153696523441,0.24132222933399908
0.3444745760704559,0.1818724335390775,0.23842112452743022,0.23523186586303627
0.29381750458939404,0.21216632890749615,0.23337813075936115,0.2606380357437486
0.31642335163936663,0.21592830566750823,0.2180595114133939,0.24958883127973108
0.3088627202981137,0.21961741411546346,0.22335112218767053,0.24816874339875228
0.3345240274958943,0.20374755581378196,0.22686116899273173,0.234867247697592
0.3017807402032028,0.21984599471444105,0.22589219497161814,0.25248107011073806
0.3536800159388629,0.1894264545896573,0.22997011825559466,0.22692341121588522
0.3446290049174577,0.18231819152842496,0.2401821384093342,0.2328706651447833
0.3681734815812238,0.16811612309385682,0.2379848163601977,0.22572557896472176
0.3105163990614234,0.19277673001083673,0.2425570607764133,0.25414981015132654
0.36441149636799386,0.17333994422405008,0.2337458609683609,0.22850269843959528
0.3506158855103811,0.174138266112297,0.24172087437801085,0.23352497399931105
0.3433177385203075,0.17271359546034623,0.24813217600182236,0.235836490017524
0.3041411868650156,0.1995472639951912,0.23833184158969412,0.25797970755009897
0.31337427500752707,0.21288251725851276,0.21969507303129343,0.2540481347026666
0.30173962380227015,0.22043729934362805,0.22554533131783985,0.252277745536262
0.31677610970697556,0.21731321718338228,0.2219383074467417,0.24397236566290054
0.28307474824329976,0.24149201705675757,0.21579238016931657,0.25964085453062596
0.35254729056219053,0.19715497813895766,0.22704855396187654,0.2232491773369752
0.3326901596608273,0.19338497390934367,0.23784531300546075,0.23607955342436812
0.3841799321155342,0.16284643163613371,0.23627477818722972,0.21669885806110245
0.3097614707282209,0.19104108130620814,0.24587594737649174,0.2533215005890792
0.37301396487991834,0.16721072223068947,0.2350918760641068,0.22468343682528533
0.33759502485349596,0.18007017766805275,0.2415449551538347,0.24078984232461662
0.35128333139037565,0.17155319438423414,0.24439128818374065,0.23277218604164965
0.3011506964874248,0.20189372767963942,0.23811239887162092,0.25884317696131487
0.325329538056937,0.20554125570182974,0.22193103405934805,0.24719817218188525
0.2838871268955546,0.23006411895034473,0.2246426805193036,0.2614060736347971
0.316001271314941,0.22162280260934247,0.2187170772587384,0.24365884881697805
0.2804696090614513,0.2456929616584563,0.2140432495892368,0.25979417969085555
0.34603563823572275,0.20629227362329788,0.2214724932250972,0.22619959491588218
0.34647164410815967,0.1870432840792028,0.2390185982773905,0.22746647353524693
0.37751688895483226,0.1632431034336533,0.24092154163199,0.21831846597952437
0.3303836540513548,0.1774399491007331,0.24878196478355574,0.24339443206435632
0.3755649467536641,0.16069784944365748,0.23978354173041896,0.22395366207225956
0.332805935985252,0.18073455743689945,0.2417110629078658,0.24474844366998266
0.33523536893671163,0.1845331659429869,0.2378515001335611,0.2423799649867403
0.26928020646184936,0.2299182373740432,0.22805543861214672,0.27274611755196077
0.31540485039826927,0.22269570032238387,0.21489866779376302,0.24700078148558374
0.2997503583121789,0.22959681423136943,0.22078159434365446,0.24987123311279727
0.35265229747210164,0.1962645377525599,0.22603677415013895,0.22504639062519946
0.2883291535792383,0.2247441478212194,0.22896949479957693,0.2579572037999654
0.35078916814512384,0.19343718120268366,0.22708324408731811,0.22869040656487427
0.3370935138336507,0.1904287473582518,0.23583774888873638,0.23663998991936117
