0.28104081319507523,0.21268206623008973,0.29247205954114175,0.21380506103369318
0.24989819453088896,0.20238806494390452,0.307949656613863,0.2397640839113435
0.24994970090430296,0.20031994483080756,0.30364602216452896,0.24608433210036046
0.2485394774044081,0.20047895750966252,0.30965772886088255,0.2413238362250467
0.260662090846027,0.20137363321159868,0.2810891666110314,0.25687510933134305
0.3089018299449301,0.20559474394566532,0.20844725735037575,0.2770561687590288
0.2834641716105334,0.21382222548176552,0.29237497177833066,0.21033863112937048
0.2514027728126012,0.20267561299921685,0.3044247308292835,0.2414968833588985
0.2502864575753223,0.20068710800785297,0.3050806719175651,0.2439457624992596
0.2812949967980404,0.2029590432919788,0.24365201840794146,0.2720939415020395
0.2883605587989264,0.21057444838682415,0.26661413828337804,0.2344508545308713
0.32139394433107454,0.20693123503351477,0.19150477862977625,0.2801700420056345
0.27211433319817135,0.21368224289185037,0.3206888322688538,0.19351459164112442
0.24433688612747276,0.19906567248871482,0.30148074836182875,0.2551166930219838
0.25134889824212314,0.20087767925186698,0.3064538531915139,0.24131956931449597
0.25954276965007567,0.20164063679702696,0.2850507050292114,0.2537658885236859
0.27787876435509773,0.20532925529003548,0.26251253384301076,0.2542794465118561
0.31602789829870215,0.20806722309655715,0.20569169340509527,0.27021318519964543
0.26243657002822446,0.2110649239344477,0.33148928809955874,0.1950092179377691
0.2403089801178945,0.19734639664592243,0.30431289533332434,0.2580317279028588
0.256899192439134,0.2012597206953473,0.2941183660445254,0.24772272082099328
0.27477332309195873,0.2041551800572332,0.26267734221882255,0.25839415463198556
0.2493325868528294,0.20411581161062087,0.3301072233901528,0.21644437814639683
0.28997806478516497,0.19899715701173223,0.20846016137223394,0.3025646168308688
0.26678045704457426,0.21074397803146444,0.32647337813862626,0.19600218678533515
0.23718993862083976,0.1974260973045447,0.3138381822730205,0.25154578180159504
0.24907467498142472,0.19939458990337317,0.3040625437237064,0.24746819139149567
0.2496743744422875,0.20059532282222273,0.30727648959674425,0.24245381313874562
0.24463388711399264,0.1996032891636778,0.3152985162810713,0.24046430744125827
0.26988489293665235,0.20132895652835292,0.2594934682430891,0.2692926822919056
0.2584437769703231,0.2057119274531441,0.3150892442341794,0.22075505134235346
0.26205564908075163,0.20114421505079966,0.2721656157931572,0.26463452007529153
0.24413046293858195,0.20214940141764187,0.3370289586520816,0.21669117699169455
0.2447820290974011,0.19702427675279482,0.29491230217655223,0.26328139197325184
0.26680753164141013,0.20324023427936555,0.28011364591131904,0.24983858816790536
0.32013084705708744,0.2047022967144561,0.18858187088840472,0.2865849853400516
0.267751080892297,0.21302269394409348,0.3306781718163885,0.1885480533472211
0.22918276155556966,0.19574166385876604,0.32791917592208897,0.2471563986635753
0.22737539657260455,0.19443156424773342,0.3420866705455475,0.2361063686341146
0.23681405660511878,0.19511432194826223,0.31209942245843175,0.2559721989881871
0.26412963200489226,0.2011821841087201,0.27500707344238,0.2596811104440076
0.322801823598382,0.2052866601116613,0.18834017064254602,0.28357134564741077
0.275902090018746,0.2145270108160045,0.3154332094918527,0.19413768967339684
0.2311133901529424,0.1973938996300934,0.33266961978804815,0.23882309042891608
0.2278897951549101,0.19429404520523957,0.33723638063479877,0.24057977900505148
0.2716569558827011,0.19844469614052584,0.24333250060532335,0.2865658473714497
0.2758788282776302,0.20925892424336617,0.29177757937920556,0.2230846680997981
0.301527063636474,0.20453196969288645,0.21046117240654805,0.28347979426409137
0.2697126280211344,0.21154039483364478,0.31766718577909664,0.20107979136612414
0.22490213624454441,0.1957852542960808,0.346040014058578,0.23327259540079678
0.2256521637726012,0.1927883890533486,0.3341117379985079,0.24744770917554232
0.25146318669028955,0.19764417763718733,0.2872306010006015,0.2636620346719216
0.27483197707433765,0.20477048879749113,0.2685987154571904,0.2517988186709807
0.31421825872554227,0.2072478329382056,0.2051748897703412,0.2733590185659109
0.26127497034458946,0.21080256660057922,0.3343102588020949,0.19361220425273631
0.23010757671900536,0.19546573954564941,0.32468399004106435,0.24974269369428093
0.23251736935914522,0.19569540466473737,0.3329827944283545,0.2388044315477629
0.2654416178969471,0.19889470258561445,0.25793686736044297,0.2777268121569955
0.272656426523899,0.20757706613020835,0.28962775483353626,0.23013875251235646
0.31611746141642183,0.203462499571006,0.18717338862583055,0.2932466503867415
0.2587895435244581,0.21113269137533583,0.3488017719987127,0.1812759931014935
0.21264854526182825,0.1908036976378812,0.3542680522476556,0.2422797048526349
0.2406740203758644,0.19422798317155696,0.29788727492477085,0.26721072152780784
0.28410917540164093,0.20376734909109706,0.24577177520483975,0.26635170030242233
0.287839136993258,0.21042005706464434,0.2656696957033104,0.23607111023878732
0.3318567491427102,0.20567297723272998,0.17499437992529582,0.2874758936992641
0.25518796514842396,0.21139966938132246,0.35946115627118724,0.17395120919906631
0.2292290519286243,0.19314478361067253,0.3093841830838223,0.2682419813768807
0.26496097872667357,0.20133197389088978,0.27679953541262003,0.2569075119698166
0.2931420913495621,0.2068089114626893,0.2388419674570873,0.26120702973066134
0.2839550752567137,0.21099790234248614,0.2754246560468768,0.22962236635392325
0.3145941648506463,0.20612059988258538,0.19761034801262706,0.28167488725414136
0.24925845585819395,0.2085449834594192,0.36137079465920013,0.18082576602318678
0.2300793981184683,0.19297240934585344,0.30742163405028705,0.2695265584853912
0.25563394655320604,0.20059252831933766,0.29671783997329,0.24705568515416632
0.2802186634768579,0.20406399836278097,0.2507172011478794,0.2650001370124818
0.265905002027489,0.20772387619818317,0.30419140193965294,0.22217971983467474
0.292994731953155,0.20302438328315098,0.2188874892659317,0.28509339549776236
0.25748892738730117,0.2086181063331306,0.33735487390887386,0.19653809237069444
0.251770066982758,0.19796736514429975,0.2768695166357649,0.27339305123717733
0.269661285087114,0.20529716379503446,0.2854297282685332,0.2396118228493183
0.2703033503793382,0.2050219247305381,0.2747104964291441,0.24996422846097965
0.26841201259429365,0.2058395886199429,0.2854999797141363,0.24024841907162703
0.32721679643798124,0.20260585260486055,0.17238958932534335,0.29778776163181486
0.25810262232856357,0.21196028704365322,0.3562371179256047,0.17369997270217857
0.2461742037066866,0.19545505775269978,0.27398035746553684,0.2843903810750768
0.25836329258226454,0.20397025497298749,0.3104951040100761,0.22717134843467188
0.24856610283848599,0.2001776214075656,0.3031146983607356,0.2481415773932129
0.26992373174613987,0.20273383903731418,0.26735873748459826,0.2599836917319478
0.30397512192807497,0.20792917400052183,0.2248949154877972,0.2632007885836059
0.26602845835878297,0.2102056309336087,0.3155120912534308,0.20825381945417748
0.22707790383660487,0.19626264741044147,0.34347353066584246,0.23318591808711117
0.23885916307955476,0.19526916671109942,0.3065622345959177,0.25930943561342806
0.29018158671053695,0.20257082812271168,0.22842847031436914,0.2788191148523822
0.29716064477481374,0.21274495983577685,0.2590114240978388,0.23108297129157063
0.31497379215541144,0.2088266603399465,0.2059085451662641,0.27029100233837805
0.24577112925099465,0.20744073965424722,0.36340368728304945,0.18338444381170876
0.22114239954155335,0.19123683007114775,0.32692141381045936,0.26069935657683946
0.23600206110802885,0.19593266923452193,0.325901078119623,0.24216419153782626
0.25810151043287455,0.1992924597739482,0.2773402335058997,0.26526579628727764
0.30330987590282876,0.20644240993742913,0.22155687534217644,0.2686908388175658
0.2836081952702108,0.212692121671535,0.2851114937023366,0.21858818935591748
0.22550615178315137,0.198098511235221,0.36333677769021266,0.21305855929141507
0.23159493219257765,0.19247629433252164,0.30798227639002695,0.26794649708487384
0.2602340129069708,0.2011095151674739,0.2868438885742107,0.2518125833513446
0.2768000088972038,0.2051139506116055,0.2632605595987477,0.25482548089244295
0.271068909380886,0.207271743109965,0.28679339496970446,0.23486595253944445
0.28931254039906945,0.20560335104657987,0.23730951895316552,0.26777458960118516
0.2416273015984823,0.2042670094405114,0.3582226780439591,0.1958830109170472
0.2243315369114027,0.19211648580586357,0.32452374033342934,0.2590282369493045
0.24293286223044247,0.19733970026222084,0.31220216764835795,0.24752526985897863
0.25731651002182526,0.2006976268488946,0.2873314162842887,0.2546544468449914
0.2697917183756125,0.2045103624081274,0.2769617356269967,0.24873618358926342
0.27039580910609295,0.20582396418962604,0.280299632488296,0.2434805942159851
0.24814658100745096,0.20266782452030085,0.3219398595549542,0.22724573491729388
0.2388481582603539,0.19753156416840637,0.31750051814425095,0.24611975942698877
0.24806641509318406,0.19901587320953548,0.3033059894765451,0.24961172222073544
0.25835122681289524,0.20172483132136232,0.29037779022034343,0.24954615164539903
0.27147844814785776,0.20436338082821925,0.2713347665600842,0.25282340446383883
0.3249927155023673,0.2056476630536347,0.18569062325131816,0.2836689981926797
0.2434966230896468,0.20790602538428873,0.3772054140032418,0.17139193752282258
0.2046949911245163,0.1867136209605416,0.35580459763635586,0.25278679027858625
0.26206767207214404,0.19557748445476658,0.25356169730558287,0.2887931461675065
0.25208081418941497,0.20472643092255938,0.33297225967891503,0.21022049520911057
0.2504844413157973,0.19821031180961804,0.2841632962204677,0.26714195065411706
0.3180821693417974,0.20419259266118062,0.19250970531711123,0.2852155326799108
0.25345638186777286,0.20985179095789316,0.3556807891926056,0.18101103798172835
0.22460506497219054,0.19265981180147473,0.3230765719847761,0.2596585512415586
0.26267898324975125,0.19967721350139603,0.272482364266574,0.2651614389822786
0.32188413082042644,0.20584580810410172,0.19202970574961858,0.2802403553258532
0.36402537699814563,0.21425191156026352,0.16820025320840984,0.253522458233181
0.38059523182233074,0.21560600250918435,0.15176092792393797,0.25203783774454686
0.29568599412287644,0.2214337014522151,0.29095677259734537,0.19192353182756305
0.23848514524727105,0.20098795853082596,0.32933516986421424,0.2311917263576887
0.27725160681567335,0.19956209823557408,0.23569517936904108,0.28749111557971163
0.33031021490745516,0.21102060869432904,0.20041987898737293,0.25824929741084285
0.33896965725969985,0.21609019395029105,0.19933896451688704,0.24560118427312197
0.36782844884685584,0.21204791469561476,0.15471561182997023,0.26540802462755914
0.26096823851851075,0.21489770654124699,0.3534027767054576,0.17073127823478462
0.2385828943834669,0.19504974554725565,0.2917878184761832,0.27457954159309433
0.2860452927911167,0.20445259914622707,0.2467261350099428,0.2627759730527134
0.3005787616021611,0.21081755332966812,0.24179328101186645,0.2468104040563044
0.3362709618495071,0.2094527765766763,0.1819370264585484,0.2723392351152682
0.34226316707959975,0.2184983471137079,0.2045927560741599,0.23464572973253234
0.25553922164222387,0.210756352316477,0.34040494041071273,0.19329948563058635
0.2610843180597818,0.1980885846053189,0.25544038782432793,0.28538670951057155
0.27161452672577274,0.20751583900587506,0.29398313544264804,0.2268864988257041
0.25828857278497314,0.20312345345522062,0.2920261073710988,0.2465618663887075
0.2979145995695549,0.20453450777242974,0.22049921031644035,0.277051682341575
0.3137254860204676,0.21409038845261216,0.2338709823854072,0.238313143141513
0.2454376155502873,0.20620458831412844,0.348152847493535,0.20020494864204935
0.2591690951378638,0.19693532126342983,0.25579439726371966,0.28810118633498666
0.2693070224084512,0.20716139866353542,0.2985572545186058,0.22497432440940757
0.2812845761365928,0.204067011474753,0.24433824083566996,0.27031017155298415
0.2892638319170081,0.21054850276460585,0.2644456394778661,0.23574202584051998
0.2971018575574427,0.20869731690269974,0.23509284776324593,0.25910797777661165
0.2474537431397796,0.20595617745358,0.34647385424037447,0.2001162251662659
0.2191562954100616,0.19207742465681765,0.3434725586958954,0.24529372123722543
0.24778821164240095,0.19620721129007707,0.2893451180727675,0.26665945899475435
0.2906996628634741,0.20497605893856594,0.2380736685544565,0.26625060964350344
0.2946373229199116,0.2116845694142685,0.25712482821576577,0.23655327945005408
0.2942210788977066,0.2096589417464626,0.24419772690193567,0.25192225245389527
0.25238298345903337,0.2063819139368206,0.3317486799590445,0.2094864226451015
0.2325854690351953,0.19585145403194001,0.3230535299033543,0.2485095470295104
0.24060426596514525,0.19730790061304934,0.3163508564400108,0.24573697698179456
0.2847213670768248,0.20134238387673611,0.2310010710937294,0.28293517795270956
0.32514303648988785,0.21216682053079158,0.2105364076705698,0.25215373530875085
0.334628507968099,0.21489569100792685,0.20065278222991118,0.24982301879406293
0.24781972344885017,0.2089138994832416,0.3588851160064036,0.18438126106150463
0.2011683839518067,0.18694173500686517,0.3763559239618782,0.23553395707944988
0.2463071227981814,0.19229548267965876,0.27138168623020187,0.2900157082919581
0.2906353731737698,0.2070912744112659,0.25112904079443343,0.2511443116205309
0.3193185167675623,0.2096926489994743,0.2055015955690033,0.26548723866396
0.3334006686835646,0.21562265523226157,0.2069142084767648,0.2440624676074091
0.23987304725836156,0.20669726304349223,0.3711721611283759,0.18225752856977015
0.22498559483835784,0.19110807809485778,0.3134866102294667,0.27041971683731775
0.2622198379752598,0.20061963902698668,0.2803126670718631,0.25684785592589054
0.32386444184446517,0.2042042436485788,0.18321234857220212,0.2887189659347539
0.3245282035984933,0.21877137782753067,0.23444334431206384,0.22225707426191219
0.3041613205487536,0.2129584820366241,0.23582011483637377,0.24706008257824852
0.23715866301509356,0.20381244814174848,0.3651974788667878,0.19383140997637013
0.22268953247396905,0.19115835085934899,0.3239857658376027,0.2621663508290793
0.27366263795954,0.20008279855150493,0.2505251146776568,0.27572944881129813
0.31576846759173105,0.20983726439617104,0.2154034525738913,0.2589908154382067
0.2932259547006082,0.21437427299290102,0.26927551720215936,0.22312425510433134
0.2889579918000389,0.2081000650969077,0.24559011406459347,0.2573518290384599
0.25187400109909597,0.20602349707260978,0.33288209844306965,0.20922040338522463
0.2547945725618187,0.19857307581463543,0.2751764109129042,0.2714559407106416
0.28309119460805027,0.20652752039261338,0.26050503972615247,0.24987624527318397
0.31355421347805706,0.2086010436439405,0.21029104981372282,0.2675536930642796
0.294600138565839,0.21484413732113222,0.27039785575001307,0.22015786836301568
0.30302471598799424,0.2077935551765395,0.21911054871023644,0.2700711801252299
0.25577219094763065,0.2086362185370143,0.338609646043739,0.19698194447161602
0.2298274605539953,0.19495063750379293,0.32343453225484403,0.2517873696873678
0.2708134011852344,0.2001604287112183,0.2548636792033013,0.274162490900246
0.2912833547391679,0.20937897810956949,0.25605287691673706,0.24328479023452562
0.28030899842327567,0.20910199213673863,0.27122542687603124,0.23936358256395443
0.30554260685783263,0.20741271624091523,0.21709809200734043,0.2699465848939117
0.26036414101627414,0.2097170491589819,0.33060689649567643,0.19931191332906759
0.2521058953008739,0.19874463018035138,0.28052564356923765,0.26862383094953707
0.2891742584088087,0.20607264675417808,0.24602593573723783,0.2587271590997754
0.3056415220467311,0.21094638942114927,0.23269269648060162,0.25071939205151794
0.31269425057518435,0.21274334438975778,0.22604417711221142,0.24851822792284656
0.33561242045694684,0.21224805565413565,0.1911623906316645,0.2609771332572529
0.2555951757444554,0.2110744844540908,0.3491543028121564,0.18417603698929735
0.22562831767745184,0.19338652023544714,0.3250180959609203,0.25596706612618064
0.27807490524635897,0.20003108082650078,0.24042842572755835,0.2814655881995819
0.27521387066779357,0.20959785231378922,0.29364042195523726,0.22154785506317998
0.2720577425586573,0.2044071326883787,0.26426926505760295,0.2592658596953611
0.3207668930825319,0.207316181727584,0.19754615112475685,0.2743707740651273
0.25489765805027986,0.21008707796097123,0.3496068726273597,0.18540839136138926
0.2555438086108694,0.1967479519184946,0.2600305345738447,0.28767770489679134
0.2964855993345689,0.20862854394553462,0.24614772994123538,0.24873812677866106
0.301738393318384,0.21108094498096555,0.2380063850749945,0.24917427662565597
0.29373882470462315,0.2118773429423711,0.2564322399825815,0.23795159237042418
0.32355125767471427,0.2084212286337374,0.19387058185262276,0.27415693183892553
0.2681590606765762,0.21296338575494025,0.32622585456107195,0.1926516990074116
0.24660805555924936,0.19875969559943138,0.29350686143262017,0.26112538740869906
0.271751302506028,0.2037907171233949,0.27097275348793026,0.25348522688264685
0.2619142002586942,0.20545320457185307,0.30046172555379524,0.23217086961565747
0.23945179418968274,0.19954340117846686,0.32815993278377836,0.23284487184807204
0.29662591895401447,0.19874238426080912,0.19990187906581683,0.3047298177193595
0.2971363207183407,0.21541855538479368,0.27557211437108287,0.21187300952578278
0.28611138144550885,0.20739555225148668,0.24575170791566836,0.260741358387336
0.2927412781014976,0.21067355305387225,0.256161999500711,0.24042316934391925
0.2730224459901093,0.20849351336609293,0.28451707504520546,0.23396696559859234
0.2640490870268093,0.20459013621808858,0.28668239095912945,0.24467838579597265
0.3128624870029781,0.2043325751564496,0.19669653205027235,0.28610840579030006
0.2794617004548761,0.21421507288688227,0.30588571635106404,0.20043751030717757
0.25343384397041674,0.20168594133904455,0.29165209147914695,0.2532281232113918
0.2519944489960778,0.20196790693329267,0.30993451230840635,0.2361031317622231
0.27452671341380874,0.2022540358669765,0.25274010299483085,0.27047914772438386
0.2866145102406949,0.2094298530353727,0.26514760804316667,0.2388080286807657
0.28930729893138346,0.20849384992457118,0.24932867918058235,0.2528701719634629
0.2490624983510598,0.20529692812264203,0.3361062663520671,0.2095343071742311
0.2725804722262549,0.19878671096086814,0.2373311738251161,0.2913016429877608
0.28548873612193415,0.21069537207298997,0.27760841137968606,0.22620748042538988
0.30229603800161436,0.2067240683261702,0.2173385837904882,0.2736413098817272
