0.28730341500392775,0.25188728388673015,0.21702419440639686,0.24378510670294512
0.29046253725360377,0.2432395819283238,0.2211925918490273,0.24510528896904513
0.28920505954440456,0.24369591360193055,0.22218976903403875,0.2449092578196261
0.2896343129885072,0.24451583522909418,0.22104194713848757,0.244807904643911
0.28787382553619145,0.25230977396976306,0.21602509665401537,0.24379130384003012
0.2896777547751669,0.24463481399387177,0.22068426012128,0.24500317110968123
0.2913928560982264,0.2358453295284234,0.22699639096415078,0.2457654234091996
0.28706469109161387,0.24892758768872963,0.21959629590611343,0.24441142531354307
0.2910131581187695,0.23961299805372646,0.223783153712997,0.24559069011450702
0.28839342099139975,0.2501775441223433,0.21759437111706678,0.24383466376919016
0.2868652602406264,0.2553797196635391,0.2140629320382547,0.2436920880575797
0.29408664877900215,0.22780820968320975,0.23135611276419915,0.2467490287735889
0.2867474945254205,0.24590217392433408,0.22267842607083937,0.24467190547940612
0.2903041378812329,0.2410997482037897,0.22303605483349054,0.24556005908148695
0.2887921735181795,0.2441141876532026,0.22214862715483835,0.24494501167377963
0.29012801602039295,0.2441349894829792,0.22095378284262598,0.24478321165400196
0.28649456870285844,0.25535073426255356,0.21461765984565562,0.2435370371889323
0.2927338619273672,0.23475437070152946,0.2264529135775658,0.2460588537935375
0.28764543383343133,0.24724779274094486,0.22073776051068372,0.2443690129149401
0.28932385254090837,0.24900092342292493,0.21739276910466393,0.2442824549315028
0.28784453051141146,0.2535833525817999,0.21495797727549892,0.2436141396312896
0.2910773307096465,0.24568762154425228,0.21882470441771834,0.24441034332838305
0.2859621563344647,0.2555822545334753,0.21490316901143436,0.24355242012062567
0.2950907767609995,0.22479140469495412,0.23305710535016338,0.24706071319388306
0.2851433951518024,0.2509685742206828,0.21984089570456117,0.24404713492295357
0.2916608156671223,0.2372623279179544,0.22499248759915663,0.24608436881576654
0.28849742656726635,0.24451809513714404,0.22222988259071816,0.24475459570487154
0.2891719014440991,0.24863572044766388,0.2179240225480957,0.24426835556014137
0.2873196007044935,0.2523823719982154,0.21626981938679574,0.24402820791049532
0.2935870775088906,0.2293343432231866,0.23050670474502807,0.24657187452289459
0.28644452158343997,0.24997363163277264,0.21950909371765973,0.24407275306612755
0.289606304009733,0.24643957687126944,0.2190999000941703,0.24485421902482735
0.28960106503162253,0.23885201743945755,0.22576958981238002,0.24577732771653987
0.2925854261137335,0.23156356118252336,0.22974684041799337,0.2461041722857498
0.2831098031217444,0.2611305194440718,0.21276523835445726,0.24299443907972662
0.29598502772745827,0.22277457694278605,0.2337253208414069,0.24751507448834875
0.2856555921516116,0.24694141886554133,0.2228930376030878,0.24450995137975928
0.2912474571853414,0.2361260531784635,0.22631773886375597,0.2463087507724392
0.28884955603726636,0.2411250731452594,0.2247232393970241,0.24530213142045
0.2895064642711748,0.2428993001793705,0.22243070507375556,0.24516353047569914
0.2882890730118896,0.24670307666959126,0.22026873161521376,0.24473911870330534
0.2911078870283084,0.23775335206352058,0.22542556346977785,0.24571319743839318
0.2879144828404587,0.2445528643535393,0.2225193439290329,0.2450133088769691
0.2914061510562556,0.23589962608140458,0.22671487858367373,0.24597934427866594
0.28723933387646794,0.2502654575123139,0.21840723128744824,0.24408797732377002
0.28960930648512045,0.25168151727161764,0.21497005219591334,0.2437391240473485
0.2862085967394337,0.25572884399379403,0.2143946372532025,0.24366792201356974
0.2966109672431687,0.21512167359672124,0.2402880267801689,0.24797933237994116
0.2849606800965916,0.24534138174029538,0.2247935984858832,0.24490433967722983
0.2914747942895402,0.2356049220798861,0.22652312658990448,0.24639715704066925
0.28791821933861683,0.24539747351428062,0.22191804270682716,0.24476626444027538
0.29013980599326633,0.2451628898267563,0.21998673512960557,0.2447105690503717
0.2864289306088171,0.2557148097686477,0.21437158658338404,0.24348467303915122
0.2931387593441783,0.23221285976366796,0.228268787808408,0.2463795930837458
0.28776486489735975,0.24428773892122158,0.22313739891491258,0.2448099972665062
0.28960713476802885,0.24551848387403505,0.2200552402862794,0.24481914107165684
0.28775627759382405,0.2494621691067034,0.21840282263569555,0.24437873066377702
0.29258556779423506,0.23568610991915398,0.2259954171229666,0.24573290516364432
0.2850626042798543,0.25474473434552164,0.21646830414712928,0.24372435722749483
0.29428844160193124,0.22422925522311643,0.23400491494248785,0.2474773882324645
0.287859482377416,0.2378897851895769,0.22855556599808297,0.24569516643492417
0.28961605365646786,0.24018755090743155,0.2244733178453794,0.2457230775907212
0.2884540127314406,0.24745250361049134,0.2195910707946645,0.24450241286340363
0.2889936918693021,0.2507070732361191,0.21636196508335773,0.24393726981122113
0.2878567797335713,0.25045476282255213,0.217401636533758,0.24428682091011855
0.29357619231403287,0.22737414618541207,0.23225038683255206,0.24679927466800286
0.28667857821489395,0.24585932017728807,0.22269987409556907,0.24476222751224905
0.29053433943860835,0.24190675774417209,0.2222085372451071,0.24535036557211248
0.28743209955905286,0.24838747778227718,0.2196496303576061,0.24453079230106387
0.29287543842532726,0.23600880009118558,0.22548814079593255,0.24562762068755464
0.28345490733932205,0.25956701358630957,0.21377758219650925,0.2432004968778592
0.2973605559065662,0.21426739914413354,0.24009387005085045,0.24827817489844986
0.2848132071121549,0.24944041752155457,0.22166662082714517,0.24407975453914532
0.2891807439381156,0.2504428998145933,0.21595805146018074,0.24441830478711038
0.28884024436651073,0.25020730140781394,0.2169654595011443,0.24398699472453092
0.2901685965758553,0.24853790406567322,0.21730202980548616,0.2439914695529853
0.2858857750743763,0.2563866546875911,0.21417699276593063,0.24355057747210196
0.29626375753868733,0.22092357803338042,0.23549637192926332,0.24731629249866874
0.28357284596081367,0.2584730035305175,0.21507590227911494,0.2428782482295539
0.29088118048046213,0.24606948698409398,0.21807019473030348,0.24497913780514047
0.28921269563103796,0.2435339062342373,0.22236803434950836,0.2448853637852162
0.29093566552936584,0.24154991444441187,0.22254340194541328,0.244971018080809
0.2847967148668428,0.25743324683492946,0.2142569258641144,0.24351311243411333
0.2965725139372934,0.21912044946377107,0.23667411971724478,0.24763291688169073
0.28401730411449483,0.25336586901704256,0.21891734267316543,0.24369948419529716
0.2917594845049086,0.23990398176750186,0.22258218906785535,0.2457543446597341
0.2876288556301658,0.246984865345152,0.2208297952862904,0.24455648373839184
0.29196443113187676,0.23802393365310692,0.22449441594725159,0.24551721926776482
0.28489186649278925,0.25718523890839684,0.21454765436441692,0.243375240234397
0.29482446393210837,0.22859810926729235,0.2298864544238482,0.24669097237675108
0.2847443919626767,0.2562892412278518,0.21578853002798642,0.24317783678148505
0.29139091327053623,0.2412873149826233,0.22177126312563591,0.2455505086212046
0.28925089820669053,0.24366652848872436,0.2223274284161457,0.24475514488843936
0.2885895411862696,0.2533524051674831,0.21463150556019556,0.2434265480860518
0.2858190150427623,0.2576827854527755,0.21296433827017158,0.24353386123429058
0.2980306941560366,0.2136137158810399,0.2405082159792462,0.24784737398367726
0.2819479590892366,0.25850091153746074,0.21644293903432837,0.2431081903389743
0.2935308770246494,0.2335004431535457,0.2263158573775809,0.246652822444224
0.28749110235368464,0.24631265090556773,0.22175047533557576,0.24444577140517176
0.2899287723223371,0.2445846754212669,0.2205315988550648,0.24495495340133125
0.28798448897187434,0.24861968033368104,0.2189716342874601,0.24442419640698446
0.29149174405354256,0.23273561008814558,0.2292645926635647,0.24650805319474708
0.290310225307568,0.23654434183208228,0.2275055054941604,0.24563992736618934
0.2855490887023335,0.2590294966322306,0.21241624991762056,0.24300516474781528
0.2905925174427866,0.24753474010327498,0.21734845364332167,0.24452428881061686
0.2893793031073215,0.2478042881991539,0.21870651676487396,0.2441098919286506
0.2878737777094945,0.2448501228468764,0.22199219125813427,0.24528390818549478
0.2955282426628942,0.21741277603538967,0.2394074510611242,0.24765153024059203
0.28330933284393234,0.2531207675794226,0.21948199995153253,0.24408789962511257
0.29389723710322435,0.22962052447615175,0.22952916213305063,0.24695307628757324
0.28613495561667174,0.2511470078905948,0.21884655160842748,0.2438714848843061
0.2901285303608309,0.24365062174155555,0.22094903179557154,0.24527181610204202
0.2899255264854844,0.23771985898279346,0.22656561767424305,0.24578899685747915
0.29074679182023,0.23548154724827902,0.22783357013667901,0.2459380907948119
0.28679212918707875,0.2526776258059678,0.2166912587503175,0.24383898625663605
0.2895556409867516,0.24623893654630674,0.2193323417210971,0.24487308074584446
0.29114302469069814,0.2362489353876725,0.22681845973101025,0.24578958019061897
0.2884304394926397,0.24677786775902233,0.22034522307725016,0.24444646967108785
0.2873801567300599,0.248679174072467,0.2191291132745408,0.24481155592293233
0.29476461655186065,0.22011136702343767,0.23754754687938653,0.24757646954531518
0.2858605682102346,0.24398392495814522,0.22501067840884473,0.2451448284227754
0.2914030249536693,0.2364260762353538,0.22602393473709312,0.24614696407388376
0.28703571594303817,0.25032639717552596,0.21851487160416633,0.24412301527726948
0.290544235747623,0.24193319923870574,0.2221898282943942,0.24533273671927705
0.28908877326393817,0.24251482636377833,0.2232636361045955,0.24513276426768804
0.2901433820508323,0.23927940466795386,0.22497420746105143,0.24560300582016245
0.2887436167130437,0.24518233942284487,0.22128910567626714,0.24478493818784428
0.2887420185427465,0.24513120368565747,0.22110838545541447,0.24501839231618164
0.2914916231885505,0.23645342331286967,0.22630297957159323,0.24575197392698653
0.2867199381129284,0.256507516799391,0.21375759702124833,0.24301494806643223
0.2872824678201991,0.24934161064771598,0.21836497915724223,0.24501094237484264
0.29853788938135695,0.20190383516696458,0.25074414180016014,0.2488141336515183
0.2828012577848511,0.25321416862379637,0.22019573614171348,0.2437888374496391
0.28864092957412624,0.2497574351703382,0.21662335665545704,0.2449782786000785
0.29326481965661333,0.22830515985149216,0.2318404522684956,0.24658956822339886
0.2870687886915966,0.25010682191483025,0.21891725337756332,0.2439071360160099
0.28668673927805477,0.2560493293497475,0.2134927178909457,0.24377121348125194
0.29464036914648595,0.22741741330323734,0.23127228580876372,0.24666993174151303
0.2854000731550559,0.2551069994281668,0.21624597561211417,0.24324695180466308
0.28912000113901676,0.25733130966768025,0.21052875493649045,0.24301993425681254
0.2862975022852384,0.27009329918142616,0.2029382369614857,0.24067096157184972
0.28841518192420224,0.2681021350266233,0.20254258041887016,0.24094010263030433
0.2874820084355111,0.262402654708141,0.20790940537569108,0.24220593148065692
0.29470186296902845,0.22783541512476338,0.23087908269770985,0.24658363920849843
0.287276763875369,0.25001822954949704,0.2190221879671377,0.24368281860799626
0.2856515022390615,0.26532199229882747,0.20690208494327136,0.24212442051883973
0.2922369696521753,0.2433910675661358,0.21951565663530573,0.2448563061463832
0.28849518161416116,0.25185576778939084,0.21628113073412986,0.2433679198623181
0.28668505715525117,0.25571082283883895,0.2139085094659412,0.2436956105399688
0.2955382504413822,0.22695867952246304,0.23100807404005333,0.2464949959961014
0.28241096097293644,0.26604451953925135,0.2097589704654044,0.24178554902240773
0.29291176335762775,0.24082178899789558,0.22070029747063263,0.24556615017384414
0.28835286116919906,0.2500928578244639,0.21793242887547076,0.24362185213086623
0.28733973635907384,0.2589042903208254,0.21090744868984054,0.2428485246302602
0.2896795342556052,0.24605726334029862,0.21940527620709016,0.244857926197006
0.2933563977321383,0.22829060502034804,0.23190410873017625,0.24644888851733734
0.2850601924535788,0.25345476982188236,0.21763761705507778,0.24384742066946105
0.2920418348320071,0.23546107169493186,0.2261930393822758,0.24630405409078537
0.2892800448379383,0.24253253481488432,0.2233597134621824,0.244827706884995
0.28669020030286607,0.2556982913902559,0.21409548581097862,0.2435160224958994
0.29099930900149973,0.2383541088213378,0.22473344585722832,0.2459131363199341
0.29199528492329413,0.233174442536231,0.2290122821980089,0.245817990342466
0.28386290794124336,0.2623688959611252,0.2111669085303009,0.24260128756733063
0.2931546010683821,0.23918202912117395,0.22210807005358463,0.24555529975685936
0.28669142512611334,0.25150057807453075,0.21799578208180112,0.24381221471755493
0.29201145007756296,0.2391768337412219,0.2233472756899672,0.245464440491248
0.2858752201914882,0.25062681522348806,0.21912746575604825,0.24437049882897552
0.29525495663422124,0.21714660015064519,0.23951705257726558,0.248081390637868
0.2866866415865463,0.24212066406052113,0.22604608855868458,0.24514660579424796
0.28838196265129057,0.24978162921817276,0.2173489513114645,0.24448745681907214
0.2889592061753415,0.2504937160552002,0.21655343924977047,0.2439936385196879
0.2893043982953117,0.24846935650562277,0.21798303178951461,0.24424321340955094
0.28935963765968514,0.2450662875953853,0.22076368063720825,0.2448103941077213
0.29041961989418136,0.23896616300728707,0.2250532362431819,0.24556098085534955
0.2888846177882564,0.24243205408327706,0.22347026484634996,0.24521306328211637
0.28983445854919465,0.24311471630337617,0.22202270762125728,0.2450281175261718
0.2875901542860135,0.25404265517394875,0.21487239220507137,0.24349479833496646
0.28903298724702486,0.25434660799097325,0.2132519892961303,0.24336841546587154
0.2880433697427642,0.24716748726793483,0.21990272770683034,0.24488641528247065
0.29580314079371406,0.2110404266491679,0.24474832749600942,0.24840810506110875
0.2863780929295303,0.2438323276449201,0.22493747948810575,0.24485209993744378
0.2858275929000319,0.26123300584305886,0.2099486382529017,0.24299076300400746
0.2919383486466987,0.2435608852216063,0.21966346931874944,0.24483729681294578
0.28774291489572734,0.25159523429513697,0.21698242181983987,0.24367942898929595
0.2897324794616049,0.242319539326996,0.22251074634829587,0.24543723486310323
0.2923547416305844,0.23328731356077545,0.22847129799075763,0.24588664681788253
0.2842928199510097,0.2608984018578902,0.21207933277593294,0.24272944541516725
0.29252388948664193,0.24294214185688762,0.2195391618179939,0.24499480683847652
0.2859783225026489,0.2567866766548145,0.21414653062741132,0.24308847021512517
0.29302869603398785,0.2388831168326826,0.22273551761386462,0.24535266951946508
0.2846165329588344,0.25558601806062337,0.2161445498000461,0.2436528991804961
0.29682235543602914,0.21600273812464663,0.2391599330068648,0.24801497343245943
0.28413459280672765,0.2541865050949155,0.21822445445177235,0.24345444764658442
0.2894615561583954,0.2514580722684375,0.21482637267226753,0.24425399890089966
0.28922419159494356,0.24813564487346404,0.2183943595338274,0.24424580399776494
0.29039087998534213,0.24273484537735227,0.2219255335645721,0.24494874107273354
0.2879466631675547,0.24939616864844558,0.2184236397610904,0.24423352842290924
0.2905173692687701,0.24367913934049193,0.22090338503831497,0.24490010635242299
0.2876970015833204,0.2522346599267225,0.21632587876552345,0.2437424597244336
0.28999492045375935,0.2472306700882344,0.21832459542464602,0.24444981403336016
0.2885581986157087,0.2490005285687656,0.21823632989196604,0.24420494292355968
0.2904804744240849,0.24618021882791083,0.21896840304420448,0.24437090370379969
0.2858649769137136,0.2549437964732507,0.2154056734323956,0.24378555318064002
0.2959438572637804,0.21771350599943973,0.23849384269643534,0.24784879404034457
0.2857887768992051,0.24781281314877604,0.22209414225581497,0.24430426769620384
0.2882464627724452,0.2526737417884765,0.21495851519877152,0.2441212802403066
0.29010606333493716,0.24500621479194248,0.22015074181750108,0.2447369800556192
0.2898009365947119,0.24495308387836873,0.22067277104932853,0.24457320847759081
0.2873129154414731,0.25203743415630614,0.2166442969716495,0.24400535343057125
0.2922656176945735,0.23826519164068355,0.22401262270531333,0.24545656795942974
0.2858015096859258,0.2587565622874593,0.21269145854436275,0.24275046948225212
0.29021979125532815,0.2491412356363546,0.21632699641232686,0.24431197669599045
0.2895472747843847,0.24841259769688082,0.21803675294776947,0.24400337457096505
0.2877921878454749,0.25786908629805894,0.21158397817843072,0.24275474767803537
0.2876939403943687,0.252091266433056,0.2159795873835102,0.24423520578906513
0.29615975416458007,0.2147042531548464,0.24120864807874076,0.24792734460183263
0.28531024946053113,0.24930346910497503,0.22124728659357704,0.24413899484091678
0.2877135256592928,0.2526004969346814,0.21532304950904557,0.24436292789698022
0.2929514280618151,0.2325202233344904,0.22836948571693513,0.2461588628867594
0.2870225169630479,0.25152027997773424,0.21774774641507885,0.24370945664413898
0.28777420781833546,0.2522169229194033,0.2157784957903946,0.24423037347186655
0.2937598241068308,0.2339216176167394,0.22662125285348053,0.2456973054229493
0.28304523577347135,0.26770882270664637,0.20775116922581222,0.2414947722940701
0.29255816483773905,0.24412312482108894,0.21832293541162032,0.24499577492955185
0.28808868020067613,0.24927507296717002,0.21870244390666202,0.24393380292549185
0.2903890346358957,0.24836330010022586,0.2171867513235958,0.2440609139402825
0.2849243724238495,0.26100969892838816,0.21120994724804656,0.24285598139971584
0.29672090513826593,0.2183169992136131,0.23723324144285762,0.24772885420526328
0.2852226736496707,0.24869428153538153,0.2218708233158711,0.2442122214990766
0.2898085066916289,0.24251686425137484,0.22200458848336868,0.24567004057362765
0.29098410325401275,0.23316079869438427,0.22958671728150737,0.2462683807700956
0.2893801317565635,0.24331264377401302,0.2225057932750935,0.24480143119432987
0.28492308192586135,0.26468746005018884,0.20822855982002936,0.24216089820392042
0.292271152574248,0.2450571014495483,0.2180459656904389,0.24462578028576482
0.2870060896094931,0.2564984858491511,0.21360170326744962,0.24289372127390627
0.2899864588631479,0.2474650545833714,0.21800227650238152,0.24454621005109914
0.29030763417423655,0.24217425609193918,0.22256130189370013,0.24495680784012416
0.28836083949546376,0.2511158659421103,0.2167323707237796,0.24379092383864637
0.2874483868569826,0.25089394918299857,0.2172459917838244,0.2444116721761945
0.29498885245424333,0.21981633846305693,0.23762290386498744,0.24757190521771222
0.2861459433301001,0.24486119801001222,0.22411483342364685,0.2448780252362409
0.2898013503220897,0.24733032057150534,0.2182480868386684,0.24462024226773654
0.28642376581155743,0.2581928626992991,0.2123574386283403,0.2430259328608031
0.2926284872210152,0.2372094422445352,0.22445505219543244,0.24570701833901706
0.28760237637601943,0.24557964566555307,0.2220947176480307,0.2447232603103968
0.29163480641050676,0.2415690812777728,0.2218191162787372,0.2449769960329833
