0.29898229806406784,0.2310327049686699,0.24112758377899796,0.22885741318826436
0.29802980835153986,0.231153384604168,0.24093526704720053,0.22988153999709163
0.2979140813808421,0.23131320772976266,0.240648464676098,0.23012424621329733
0.2982400636467428,0.2311285834187903,0.2409641198999995,0.22966723303446743
0.2986499815638467,0.2308496998343082,0.24143942361150103,0.22906089499034404
0.29727743324927225,0.2316253109726707,0.24011914718547978,0.2309781085925773
0.29665469219089746,0.2321218339936282,0.23927366117529023,0.23194981264018408
0.299048006790381,0.23075924500981326,0.24160143222452965,0.22859131597527613
0.29842942235199776,0.2309066411479559,0.24134683981863306,0.22931709668141328
0.299043724614178,0.23059122314464947,0.24187671042217024,0.22848834181900227
0.2988004198183633,0.23067987258682285,0.2417248808835477,0.2287948267112662
0.2953297769109462,0.23269937199533355,0.23828647067662279,0.2336843804170974
0.29883611697794754,0.2310138011380394,0.2411614379352474,0.22898864394876567
0.2994143118825428,0.2303266579067281,0.24234199647274812,0.22791703373798097
0.29955944943734303,0.23018063626375368,0.24257754148375174,0.2276823728151516
0.29925106049068934,0.23035442562327238,0.24227534968920966,0.2281191641968286
0.29953682499276646,0.23020725332416522,0.24252705956431053,0.22772886211875787
0.2966817546725568,0.23187545661704648,0.23968965683326518,0.23175313187713162
0.29839256403480663,0.2311543869194102,0.2409152485928218,0.2295378004529614
0.29866273495042384,0.2308275344789844,0.24148085581783107,0.22902887475276068
0.2980205156719794,0.23118709766042578,0.24086328329067846,0.22992910337691638
0.2960028939300075,0.23241359703577932,0.23877717758737071,0.23280633144684243
0.29680215874540433,0.23216508049188253,0.23920118103368432,0.23183157972902882
0.2940745157477912,0.23358052268373386,0.23678755804653137,0.23555740352194343
0.2989312087987863,0.23107589427149952,0.24106746565385265,0.2289254312758615
0.2987316997334397,0.23073792385421651,0.24164483900756462,0.22888553740477907
0.29943766394074706,0.23032157743728904,0.24233932886490162,0.22790142975706237
0.2995614276355429,0.23017578796153068,0.2425845402641297,0.22767824413879678
0.2989057568468534,0.2305649506631392,0.24191572833709207,0.22861356415291528
0.296173604804766,0.23222508247723636,0.23909366649149694,0.2325076462265006
0.29931902810409644,0.23063612824953314,0.24180773640411632,0.2282371072422541
0.2991712721016044,0.23042957111210646,0.24216089102881602,0.2282382657574732
0.29812331224262834,0.23107539353701467,0.24104962933198393,0.22975166488837317
0.29829079353073823,0.2310762788649367,0.24104797925185537,0.2295849483524698
0.3015884547860084,0.22901262679291634,0.24462570759774713,0.22477321082332813
0.29744127923508595,0.23124138216233003,0.24077787569653156,0.23053946290605246
0.30054760054193025,0.22974931635197257,0.24332644914763005,0.2263766339584671
0.30041241412817576,0.22954261940089402,0.24367326625877642,0.2263717002121539
0.30074619386083495,0.22934345329784425,0.2440062617212057,0.22590409112011506
0.3008046444896885,0.22927415952678387,0.2441226732327322,0.2257985227507955
0.30049525553969775,0.2294625381956198,0.24379447760296868,0.22624772866171378
0.29909069746014216,0.23036014224630336,0.24225642536178896,0.22829273493176547
0.2998527353143747,0.2300250432519296,0.24283588499708306,0.2272863364366127
0.29930036279430317,0.23029526304378609,0.24237548890625996,0.22802888525565093
0.30053694487739213,0.22957904803269358,0.24360892402694342,0.22627508306297098
0.29942812217173964,0.23015242496530697,0.24261805740510256,0.2278013954578508
0.29818278546982724,0.23101170939281893,0.24115091125116245,0.22965459388619142
0.29392101502678214,0.2334998959990797,0.23690481175268932,0.23567427722144893
0.3002155916439389,0.23028796242684998,0.24243094509419066,0.2270655008350205
0.3009578400522753,0.22923602683892344,0.24422600221691415,0.22558013089188705
0.3014765456036899,0.22883432151447536,0.2448934256901582,0.22479570719167655
0.30062102751282466,0.22932223851578074,0.24403344528662033,0.22602328868477436
0.3001405539968822,0.22970036566503604,0.2433822122510125,0.22677686808706915
0.29680741105727065,0.23173977949288463,0.23991384120672984,0.23153896824311493
0.29876845074471353,0.23091241959399292,0.24132506324306566,0.228994066418228
0.29941838669727666,0.23032844800546007,0.24233220390902693,0.22792096138823628
0.29921888792183576,0.23038901903577616,0.24222005871218344,0.22817203433020453
0.29739398038193154,0.23149889284933653,0.24032884572980162,0.23077828103893033
0.299536493616538,0.23038524746591568,0.24223241976864446,0.22784583914890194
0.29704912241899445,0.2316691731576759,0.2400479791324202,0.23123372529090946
0.3001346675148222,0.23004638935521848,0.2428211329303727,0.22699781019958665
0.3016008458492742,0.22883236957665912,0.2449195512050336,0.22464723336903308
0.3015928402738738,0.228700137672639,0.24512032522090713,0.22458669683257998
0.3003206657633429,0.22949850073071656,0.24372623922840414,0.22645459427753636
0.2987151124417355,0.2306033563840756,0.24183905033533004,0.22884248083885889
0.29614712176277636,0.23225711005169467,0.23903463172965336,0.23256113645587573
0.29964195150782336,0.23043792698814744,0.24215030402618853,0.22776981747784064
0.2999045497780033,0.22994639902028224,0.2429885607685817,0.22716049043313286
0.2999915170347101,0.22986516455399447,0.24311324681478966,0.2270300715965058
0.29827840039071024,0.23090057373580175,0.24134235351830818,0.22947867235517994
0.3003559291301316,0.22978923871732831,0.24325280799990984,0.2266020241526302
0.2960216104634165,0.2321615365514883,0.23920754659057417,0.23260930639452104
0.3012202513691139,0.22946022436398172,0.24386038133823168,0.2254591429286728
0.3014788326563541,0.2288122468248263,0.2449479217219545,0.22476099879686504
0.29927813042754814,0.23015595399847436,0.242606697481949,0.22795921809202851
0.2974274270102978,0.2314700989209461,0.2403687434854607,0.2307337305832954
0.2974422385382461,0.2316475562304985,0.24007492544555945,0.23083527978569593
0.29376315657204055,0.23366594161955256,0.23662923226888594,0.23594166953952087
0.2995425151028261,0.23072446466725116,0.2416730706421425,0.22805994958778025
0.2984878471713458,0.23082712788783305,0.24149358596134324,0.22919143897947786
0.29726418559331447,0.23164991243489313,0.24007495483920735,0.23101094713258505
0.2974041519215762,0.23168845954650388,0.24001035666493908,0.23089703186698074
0.2991801675822539,0.2306062884657774,0.24186092215146582,0.22835262180050298
0.29538120113939226,0.2326351365452993,0.23840339845062364,0.2335802638646848
0.3004772762144655,0.22998927807848915,0.24293946374272854,0.22659398196431677
0.29971523564795827,0.22998758646206013,0.24291939070142662,0.22737778718855492
0.29963217565242317,0.2301057593815743,0.24269820081163565,0.22756386415436694
0.2985690312341231,0.23076099384164092,0.24157997549360744,0.22908999943062858
0.30007914253618806,0.22993503321965764,0.2429991414784932,0.22698668276566106
0.29677413033667144,0.23176943098781025,0.2398733069895759,0.23158313168594247
0.2997682154509278,0.2303002263610525,0.24238005635270737,0.22755150183531236
0.29820287305317306,0.2309713181454108,0.24123496550068854,0.22959084330072752
0.29795361526770925,0.23127067402474813,0.24071619233031533,0.23005951837722738
0.29860158897325745,0.23090574123831964,0.24134242962011487,0.22915024016830807
0.29800400570984076,0.23120264387759318,0.24083776298123655,0.2299555874313294
0.2929600729982899,0.23399833063569905,0.2360383904842637,0.23700320588174742
0.30036359901893467,0.23028330391609503,0.24244841743222248,0.22690467963274785
0.2989831585985344,0.23045091638610668,0.24213842318969947,0.22842750182565946
0.29983401993304015,0.23005180886425633,0.24279662572661226,0.22731754547609137
0.29963577643306827,0.23009139565947012,0.24272595539774663,0.22754687250971495
0.299269567800134,0.2303349473185743,0.2423061810740029,0.22808930380728878
0.2977781095047582,0.23126791037950062,0.24071912831045802,0.2302348518052831
0.29926994762248993,0.23051290046312609,0.24201045228016344,0.22820669963422058
0.3014526459171392,0.22900605237796284,0.24462192862628265,0.22491937307861543
0.2985426850248489,0.23060499814440663,0.24185113804881792,0.2290011787819265
0.2969143988719523,0.2318416563414264,0.23973925654875392,0.23150468823786735
0.2969689070375846,0.23197580690871036,0.23952013536241787,0.23153515069128713
0.2957929987467956,0.2326408296423193,0.23839631653881901,0.23316985507206608
0.30174212767192027,0.229155903908265,0.24442825932354076,0.224673709096274
0.3002901098135651,0.22951772576310683,0.24372649624891324,0.22646566817441482
0.30168089843621315,0.22876493001230896,0.24501702776730847,0.2245371437841694
0.30032290077008345,0.22949037491010524,0.2437455563145578,0.2264411680052535
0.29906881685063624,0.23038936606758975,0.24220373058494682,0.22833808649682724
0.29951202561191204,0.23023792517292288,0.2424705446744664,0.22777950454069865
0.3011998524793098,0.22914121515665317,0.24437340532458504,0.2252855270394519
0.29955303647593906,0.2300139075143741,0.24285386497204298,0.22757919103764396
0.29784735870476564,0.23119764148601096,0.24083279253296028,0.2301222072762632
0.29928519614015253,0.23049590925696364,0.24203728511788053,0.22818160948500332
0.29952375287583966,0.23021357699488512,0.2425230406152154,0.2277396295140599
0.29706825513425195,0.23165719165787912,0.24006123107858587,0.23121332212928303
0.30139053590872694,0.22925341265638147,0.24421359589176864,0.22514245554312307
0.30152152768985413,0.2287685105629421,0.2450178630755248,0.224692098671679
0.3019009087211242,0.22850998401248784,0.2454493621373245,0.22413974512906337
0.3000427216157532,0.22964260886192403,0.2434781551165602,0.2268365144057626
0.2993656459020909,0.23023374352342144,0.24246807961014677,0.22793253096434085
0.2992221306479579,0.2303878973052151,0.2422135432336498,0.22817642881317718
0.2998638012733159,0.23000691544784235,0.2428713285920297,0.22725795468681198
0.2996441600392955,0.23008294533399543,0.24273897707654402,0.227533917550165
0.29857324807378205,0.2307573962408339,0.24158574242843533,0.22908361325694865
0.3000799864410212,0.2299340524196445,0.2430007100993248,0.2269852510400095
0.2986386144472625,0.2306775218162025,0.24172674405791578,0.22895711967861915
0.29445562099219047,0.23317607272594912,0.2374625429625292,0.23490576331933127
0.3029863392752548,0.22850340496121488,0.2456594063556638,0.22285084940786654
0.30300856583391583,0.22769210772666515,0.24693346952117554,0.2223658569182435
0.29923159523892895,0.23004363448260132,0.24279932542838192,0.22792544485008787
0.3011934036048794,0.22916949070426154,0.24431112142376538,0.2253259842670937
0.300873450878168,0.22919000243202461,0.24426989783301978,0.22566664885678742
0.2965541390088806,0.23180832361281767,0.2397976524205492,0.23183988495775248
0.2997391683388768,0.23033735328346155,0.24231232776732614,0.2276111506103355
0.2989056246549119,0.23055035347767322,0.24195127677499384,0.22859274509242106
0.2965728023228855,0.23200220644949096,0.2394738318226378,0.23195115940498567
0.2917382495537984,0.23473709104289434,0.2347388552137868,0.23878580418952036
0.28763765199553915,0.2370283075408678,0.23057113181790997,0.24476290864568306
0.283758715611174,0.23886299287466825,0.22697274288658537,0.25040554862757247
0.29258914124209257,0.23562514841532856,0.23314784077443032,0.23863786956814842
0.2964007536729531,0.23272818830920552,0.23826726421742148,0.23260379380041996
0.2926003000571602,0.23436953008422567,0.23542796436160388,0.23760220549701022
0.2937755594513536,0.23418104322565947,0.2357530533527959,0.23629034397019114
0.295175545199965,0.23331395626997495,0.23725970506518326,0.2342507934648767
0.29239208297132024,0.23460456889898762,0.2350184805227673,0.23798486760692492
0.29828794963253874,0.23162717321541765,0.24012511757681518,0.2299597595752284
0.295574846220851,0.23263156252450637,0.23842973374056314,0.23336385751407945
0.2959613167327485,0.2326906157265877,0.23830901493994738,0.23303905260071636
0.2967645706001689,0.23219415654272677,0.23916193081286877,0.23187934204423555
0.2945015787698309,0.2333635624232315,0.2371641921845529,0.23497066662238475
0.2936757419904531,0.23403301625026487,0.2360086351538644,0.2362826066054177
0.2988330485612636,0.2311746057778875,0.24090749920056354,0.2290848464602854
0.2979988117202059,0.23118971584639264,0.2408786314021464,0.22993284103125503
0.29896500935848414,0.23068273695340036,0.2417245158225501,0.22862773786556528
0.30013166253677476,0.22986707831241357,0.24312188560093767,0.22687937354987403
0.29755653291102313,0.23131484689913628,0.24064443011409253,0.23048419007574814
0.2974760161593459,0.23161559986277877,0.24012779347995478,0.23078059049792055
0.3008203490299646,0.22957513746090036,0.24364677548987662,0.2259577380192584
0.2972887441646934,0.2314054998673905,0.24049973433515057,0.2308060216327656
0.2978032314891706,0.23144917938751972,0.2404094147214623,0.23033817440184742
0.29673205331943553,0.2320249033166321,0.23944243244010316,0.23180061092382917
0.2983807000113555,0.23115910485029684,0.24091519892044652,0.22954499621790103
0.2964424717093104,0.2321331929658188,0.23926228042484318,0.2321620549000277
0.3012686870794022,0.22939189257914475,0.24398537875303314,0.22535404158841998
0.3024104139809246,0.22821644275036676,0.2460012817302267,0.22337186153848185
0.3004706017428595,0.22933410828528983,0.24401268617325259,0.2261826037985981
0.29839313353497643,0.23078213434329786,0.24153330311950405,0.22929142900222166
0.2972557166615969,0.2316585492053305,0.24005117160249653,0.2310345625305761
0.2970279961602037,0.23190772895437603,0.23963665589861916,0.2314276189868012
0.2984260897870258,0.23110286164766358,0.24101213762651388,0.2294589109387968
0.2990197269770524,0.23060763180249103,0.2418563560826551,0.22851628513780145
0.29948298329614503,0.23026501804124144,0.24243534812106815,0.22781665054154532
0.2978104981597497,0.2312295385745061,0.24078794921170232,0.23017201405404195
0.2959745862376019,0.23244951938824698,0.23871239650965104,0.2328634978645
0.29394838941295975,0.23373122056645293,0.23652159234622316,0.23579879767436418
0.3011151706571104,0.22972377966233543,0.24344588549643287,0.22571516418412138
0.30295028158840653,0.22789280378307075,0.2466034823836843,0.2225534322448384
0.298480226010263,0.23050296762291891,0.2420286718104595,0.22898813455635855
0.29767368027984076,0.23140561276838092,0.24047471684429353,0.23044599010748484
0.29672236954448417,0.23204099930375408,0.23940916359456307,0.2318274675571988
0.2965440172538922,0.23224179894825153,0.2390725587566342,0.2321416250412221
0.30001217319596896,0.2301724862527928,0.24261836426095298,0.22719697629028535
0.2971284929936215,0.23157929398070587,0.24020693763354295,0.2310852753921297
0.2973991503121304,0.2317047757013989,0.23997846035972215,0.23091761362674856
0.29505255961963384,0.2329994346801995,0.23778169688399492,0.23416630881617173
0.2973689817849015,0.23192751720815377,0.23960683545803865,0.23109666554890598
0.2945993345978576,0.23324774542263133,0.23736411652151157,0.23478880345799943
0.3006326825522659,0.22996703715891076,0.24299794975568587,0.2264023305331374
0.30039947686008284,0.22954977743161933,0.24367743361463498,0.22637331209366274
0.29799748443999086,0.23102982113081694,0.24112414793030112,0.22984854649889108
0.29680374869815734,0.2319608055002146,0.23953990949608694,0.23169553630554116
0.2976825880094182,0.2315690025188951,0.2402142390852435,0.23053417038644322
0.29708607939428255,0.2318345446963766,0.23976889082240752,0.2313104850869334
0.29772966059652717,0.23151557479569104,0.24030853328887747,0.23044623131890427
0.2967172700679077,0.23204258085171137,0.23941495166024493,0.23182519742013585
0.2965441119136054,0.2322433081103817,0.23907113909325578,0.23214144088275704
0.29611200979571767,0.23250699649762527,0.2386259424160192,0.23275505129063778
0.29717714194109873,0.2319384875949421,0.23959362818651683,0.23129074227744234
0.29414388724594015,0.23350472072430675,0.23691789265699667,0.2354334993727564
0.2999247186690715,0.23045247012681527,0.2421484023518667,0.22747440885224668
0.3009072481094189,0.22929518435988494,0.244125265477033,0.225672302053663
0.2984491540012039,0.23071366751273026,0.241664596896542,0.2291725815895237
0.29764443455459755,0.23142714538326895,0.24044479932714055,0.23048362073499287
0.2981964022330162,0.2311793999807248,0.24087472790244258,0.22974946988381642
0.2964194168079063,0.23216316657936448,0.2392069923093767,0.23221042430335256
0.29833043014737587,0.23121930286907194,0.24081124739999002,0.2296390195835622
0.29642960838164567,0.23214578450272913,0.2392418002091007,0.2321828069065244
0.29530899358537993,0.23296232568118927,0.23784351102034085,0.23388516971309
0.2958900390427957,0.23275703235165027,0.2381992770221588,0.23315365158339518
0.29476101496681856,0.23331915862044936,0.23724398809320915,0.23467583831952288
0.29186699574004715,0.2348950471388362,0.23449617650281487,0.23874178061830179
0.29950864939736654,0.230919889604318,0.2413520573774222,0.22821940362089332
0.30080732944664124,0.22939892340986082,0.24395835501154545,0.22583539213195256
0.2976894904997756,0.23117396386397907,0.2408869446745048,0.23024960096174052
0.29960750954445764,0.2303127036935956,0.24235013687388182,0.22772964988806502
0.29924007442191997,0.23035742862460382,0.2422761601300228,0.22812633682345343
0.29623567036266535,0.23215674385934723,0.23921075752006413,0.23239682825792327
0.2993339519211367,0.2306208754364038,0.24183244519558517,0.2282127274468744
0.29539586944973883,0.23261212957809116,0.23844617007117425,0.23354583090099568
0.295139145608577,0.23316036572685966,0.2375000910311454,0.23420039763341796
0.2954494772367538,0.23302060045450446,0.23775268158763263,0.23377724072110911
0.29666965474809387,0.2323010300387169,0.23898201473864805,0.23204730047454122
0.292203556014373,0.23452018151599477,0.23514397836380208,0.2381322841058301
0.2986124119642197,0.23144261174655695,0.24043379186520328,0.22951118442402005
0.29967395917878503,0.23018969844578901,0.2425909429777278,0.2275453993976982
0.29891908394749345,0.230550454383424,0.24194763647567072,0.22858282519341183
0.3004666709208764,0.22966037989032959,0.24347331738306635,0.22639963180572767
0.3013712525842031,0.2289445807617562,0.2447081191782084,0.22497604747583244
0.29663959370540927,0.2317122463239231,0.23996616185963685,0.23168199811103077
0.29618560343348765,0.23244872273892175,0.23870568140439027,0.23265999242320018
0.2948289227223888,0.23324723550274495,0.2373589661075172,0.23456487566734893
0.29458442720664885,0.23352278273754654,0.2368905082150478,0.23500228184075683
0.29651415426765737,0.23247597519148994,0.23868314730969026,0.23232672323116244
0.29685136186180616,0.2320911373528199,0.23934267240976573,0.23171482837560825
0.29452410536188445,0.23334221217935408,0.23719946061354405,0.2349342218452174
0.2999852738766506,0.23037974536608444,0.2422745171975844,0.22736046355968054
0.3009225663759363,0.22927984891105324,0.24415007616330123,0.22564750854970925
0.3001819481471,0.22965241293434865,0.24347489883316992,0.22669074008538145
0.29642273044681894,0.23195295083723813,0.23955213993312213,0.2320721787828208
0.297642264472433,0.23162789810193232,0.24010503386982598,0.23062480355580872
0.2978129866766718,0.23141074022618463,0.2404891403388751,0.23028713275826843
0.2995927592251024,0.2303128956332148,0.24236264138182717,0.22773170375985563
0.2941627329486385,0.2332269378806102,0.2373800429519555,0.23523028621879577
