0.2937358838670742,0.2108316805811329,0.2209409701069488,0.27449146544484404
0.28516317400392405,0.21913710203520306,0.21956295042396362,0.2761367735369092
0.28176296525475925,0.22307352327411042,0.21702717814018957,0.2781363333309408
0.2864090064594369,0.21832962578067588,0.21838853097588573,0.2768728367840015
0.29122976638331816,0.21542984380666838,0.2194736332157658,0.2738667565942477
0.2913202460235621,0.21064028038598515,0.22277848421915947,0.27526098937129334
0.290299753841903,0.2142330344069927,0.2210748306621372,0.2743923810889671
0.280385018241731,0.22397813914244238,0.21746441838497327,0.2781724242308532
0.2820404356134845,0.2263569385857174,0.21449401479417263,0.2771086110066254
0.2928067240944886,0.21262995033529625,0.22018854680029118,0.2743747787699239
0.29009433011522884,0.21492282063615684,0.22089110398341052,0.2740917452652038
0.2928742520111597,0.21011189378094608,0.2227655070038209,0.2742483472040732
0.29156966597564987,0.21139817929968377,0.22270577283893636,0.27432638188573
0.2855529699010626,0.21629193413013154,0.22110826577130138,0.27704683019750453
0.2850311775566077,0.21954921056194582,0.21853570882939288,0.27688390305205346
0.292647144571277,0.20839301891177936,0.22322894110370228,0.2757308954132413
0.2905901118117023,0.21324529794620223,0.22172240734210477,0.27444218289999084
0.2863569285298906,0.21311670911684963,0.22230972074708735,0.27821664160617254
0.28106194463663847,0.22523912877734795,0.21606900585870556,0.2776299207273081
0.27741261143445334,0.2285627969318099,0.21408660521463166,0.279937986419105
0.2814028955138549,0.22741514871356086,0.21350781165908123,0.27767414411350305
0.29185791843998393,0.2142830394876853,0.21933499010022406,0.2745240519721067
0.2891963054567813,0.21652726204852613,0.2199868277946424,0.27428960470005004
0.29449651317936815,0.20849187602722516,0.22317176734151511,0.27383984345189144
0.289602647952432,0.21350098203538723,0.22212260886871504,0.27477376114346563
0.2824856739880368,0.22182593946827692,0.21826988329753488,0.2774185032461514
0.2871827381394296,0.2208593057013526,0.21669948736077027,0.27525846879844756
0.29275054323674066,0.2099983850142145,0.22234222344520332,0.27490884830384144
0.2837679416366094,0.22401703233900008,0.2170910366339565,0.27512398939043403
0.28713488373902357,0.21798029088578355,0.21851232151904312,0.2763725038561498
0.29339584664100615,0.21418145443905082,0.21978051884570826,0.27264218007423474
0.28932235582634525,0.2154987123762919,0.22075547442342755,0.27442345737393536
0.28447900094779355,0.22261929429092409,0.2173321842571172,0.2755695205041651
0.2952902918256152,0.21162059191882884,0.2206218180170924,0.27246729823846366
0.29158541099728574,0.21301667109163008,0.22200013723726697,0.27339778067381726
0.294866549413793,0.2091484479969771,0.22315666823144215,0.2728283343577878
0.2936636616539595,0.21050203453857197,0.22301812043946692,0.2728161833680017
0.29003798290275806,0.21306547631568853,0.2222012384648682,0.27469530231668526
0.28834085544913857,0.21677164102010812,0.2200220274756246,0.27486547605512873
0.2905255140446545,0.21195004290882768,0.22220390253544273,0.27532054051107524
0.29451454610451616,0.2113168626745472,0.22175847214174818,0.27241011907918855
0.2973755064529283,0.2031669958438247,0.22626284035268318,0.2731946573505638
0.28591503459164236,0.21833508997609785,0.2204933803149189,0.27525649511734107
0.2734982991910033,0.23380279978685511,0.2128199964231592,0.2798789045989823
0.28109239184587886,0.23125710766558807,0.21105870771901328,0.27659179276951984
0.298151360079258,0.20896006753769103,0.22094053898748683,0.27194803339556406
0.29417706654801123,0.2097952962244444,0.22365556992729677,0.2723720673002478
0.29774592342376044,0.20452391475664133,0.22558367195644988,0.27214648986314843
0.29339391911843266,0.20852459073528495,0.22467787438189554,0.27340361576438693
0.2852155784911935,0.21699668646133505,0.2210474497951719,0.2767402852522995
0.2844439112263522,0.2224613451006589,0.2169089405330225,0.27618580313996643
0.29343564118587534,0.20971462496973808,0.22207187749267188,0.27477785635171476
0.29026167777408046,0.21519528022244558,0.22075639235273076,0.2737866496507433
0.28784393375564304,0.2161121433905455,0.22026714031256883,0.27577678254124266
0.286220620277216,0.22093286015609748,0.2175883848848703,0.27525813468181615
0.2837282916531888,0.22388157191068628,0.21625623293600513,0.2761339035001198
0.2832350332838828,0.22539588192122056,0.21527849418747402,0.2760905906074226
0.2975388376373257,0.20890676696892796,0.22156312602188544,0.27199126937186086
0.298322978325155,0.20500203042636073,0.22545855445466093,0.2712164367938234
0.29702558234132104,0.20351432741013692,0.22686850054340665,0.2725915897051355
0.28909924172168205,0.2138040459016947,0.22248891056418293,0.2746078018124401
0.2803590628961723,0.22360183478182358,0.21767051978821048,0.27836858253379376
0.2856770853891807,0.2237172563580452,0.21522317929911844,0.27538247895365564
0.29481143073269095,0.20812484370779233,0.2228513965849683,0.2742123289745485
0.29086421966273224,0.21550130851858904,0.22064844178872456,0.2729860300299541
0.2914531963379647,0.21109313288174159,0.22246454394037019,0.27498912683992355
0.28750807156016844,0.21820924810664225,0.21946976752493136,0.27481291280825787
0.2829087865829214,0.22296088017822877,0.21730519198669843,0.2768251412521514
0.2875246902316423,0.21936874263687176,0.21773049200633524,0.2753760751251506
0.30288396620513447,0.19980072116618292,0.22631340083650892,0.27100191179217364
0.29424889531015935,0.2070566330644246,0.22595276608871587,0.27274170553670013
0.28960256788436045,0.20888966297142436,0.22478567066538643,0.2767220984788286
0.28381460239502754,0.22032008548861667,0.21890337232392848,0.2769619397924272
0.277314760592435,0.2264759775436468,0.2158402103630887,0.28036905150082947
0.28572466738045577,0.22198877652188823,0.21564958927918093,0.27663696681847494
0.29491463785819144,0.207589260756577,0.22308873584815958,0.2744073655370721
0.2836980052300608,0.22228866929019336,0.21830868875512507,0.27570463672462087
0.286781216969266,0.21590042749904198,0.21969903107136032,0.27761932446033155
0.2872350343726676,0.22018633151913075,0.21764745891882195,0.27493117518937976
0.28150548531014014,0.22345173696919185,0.2170847469283296,0.27795803079233844
0.2856141635330944,0.22364541258390988,0.21539687202674337,0.27534355185625226
0.2970833452588803,0.20694456049216395,0.22300877672761799,0.2729633175213376
0.28871816070031664,0.21604040727647492,0.2211374219009909,0.2741040101222175
0.29109564410505023,0.2111694318221415,0.2224013782268196,0.27533354584598857
0.29022798038683567,0.21447742698251215,0.2210040766385208,0.2742905159921314
0.2881996265295272,0.21519923507888067,0.22085415078831058,0.27574698760328165
0.2872405272982116,0.2167221931252311,0.21993828264966672,0.27609899692689055
0.29135104226867276,0.21033780949297973,0.22278533981961932,0.2755258084187281
0.2870324461944734,0.21913669017161305,0.21896661815790572,0.2748642454760078
0.2926473292884711,0.20717986785212741,0.22389229257695425,0.27628051028244716
0.2865421644428192,0.21934831836058863,0.21909635468823094,0.27501316250836116
0.27421424950961876,0.23046310607030956,0.21448633521873178,0.2808363092013399
0.28293055986255133,0.2276809955236236,0.2127319118917178,0.2766565327221072
0.29652885381281485,0.20986615597741917,0.2209581404101036,0.2726468497996625
0.28767572089627375,0.21651258020360836,0.2209632601455354,0.2748484387545824
0.2944296152926488,0.2112483395618357,0.22142426031524726,0.2728977848302681
0.2894105870184053,0.21287952973009866,0.22245525388552376,0.2752546293659722
0.2833455428271861,0.22248283555665851,0.2178140858383716,0.27635753577778377
0.2881118212592581,0.21722830135647164,0.21889396809580325,0.27576590928846706
0.2986375743834064,0.2044089055794447,0.2245767057016198,0.2723768143355291
0.2955671311099799,0.20721211592782285,0.22490733840276453,0.2723134145594327
0.28461122796508115,0.21501873735541177,0.2223210635382622,0.2780489711412448
0.27902548255553866,0.23133339915785353,0.2129531583701635,0.2766879599164444
0.27728863328852066,0.23027554426717517,0.2129027252239118,0.2795330972203924
0.2882291830179478,0.22302381350381328,0.21459433629013566,0.27415266718810316
0.2981490796761165,0.20836413999104708,0.22218037423880702,0.2713064060940295
0.29338973915768773,0.21025082818883647,0.2235709732427392,0.2727884594107365
0.29565511449065984,0.20766506171586116,0.2241134841815774,0.2725663396119017
0.28665197151198124,0.21695587938501898,0.2210525269587984,0.27533962214420143
0.28934412564798556,0.2168474368886551,0.21930026867454802,0.2745081687888114
0.2965932858266123,0.20750065511360452,0.22330018207858637,0.2726058769811967
0.2932399056470613,0.20843454925804605,0.22459331939664667,0.27373222569824596
0.2858742906958024,0.21998014591269507,0.21908194938522346,0.275063614006279
0.2898221565925782,0.21469755836806265,0.22006728815243207,0.2754129968869272
0.2892154383779804,0.21819087921643385,0.21873927642832153,0.2738544059772642
0.28087002950923823,0.2256994011389011,0.21625947813082003,0.2771710912210407
0.2871127174881415,0.22308185078933754,0.21542270652370563,0.27438272519881546
0.2998910488576411,0.2062875136565398,0.2229273247950932,0.27089411269072594
0.2961860252673018,0.20623042673472355,0.22556909502230954,0.2720144529756651
0.294611297733442,0.2080037391526974,0.22456396679508034,0.27282099631878026
0.28871458887490453,0.2143671797995333,0.22194995185452088,0.27496827947104147
0.28964831857907775,0.2160986588543629,0.21988927231304647,0.2743637502535129
0.29148801324642937,0.21199968866726965,0.22189604950501546,0.27461624858128564
0.29031696399519125,0.21243079088701813,0.2223547204278001,0.27489752468999057
0.2904888291425313,0.21691825278452964,0.21935201859171846,0.2732408994812206
0.29432053583146134,0.20765795614862972,0.22361353175244805,0.274407976267461
0.2853931136313802,0.22041009860955466,0.21904072108509645,0.27515606667396864
0.27087734512358264,0.24098516082610633,0.20945827080090723,0.27867922324940375
0.2924061264292306,0.21867549147539259,0.2153060390699369,0.27361234302543996
0.3056407179770397,0.19876488851210006,0.2266656508853617,0.26892874262549865
0.28993803212964525,0.21205809407321238,0.22442151110065792,0.27358236269648434
0.2939382279676513,0.208742632540584,0.22350646430536394,0.2738126751864008
0.29756452764275276,0.20485971719888488,0.2254282523914895,0.27214750276687294
0.2847730814166129,0.2133728892961855,0.22401426399729618,0.2778397652899055
0.28785211483982054,0.21187773920569838,0.22278916902777623,0.2774809769267049
0.2985936648033689,0.19690945976564808,0.22963417550295018,0.2748626999280328
0.2949048434190659,0.2006953813097323,0.22923740131940923,0.2751623739517926
0.2855459436873164,0.20504469745502799,0.22768077418110774,0.28172858467654793
0.26387100253112217,0.22397841398469573,0.21971496878024138,0.29243561470394064
0.2504957496632106,0.24737952253115963,0.20615059871504826,0.29597412909058163
0.26572778844108735,0.23184457481606324,0.20954212711856446,0.29288550962428495
0.28815843766555754,0.2146196804087067,0.21738067321135193,0.27984120871438384
0.2810243618737192,0.2239612364496661,0.21659985289380718,0.27841454878280764
0.27370500090809324,0.22179136173479785,0.2183624473873657,0.28614118996974325
0.2796587058884952,0.22855082635279722,0.21278745026419785,0.27900301749450973
0.2754235482989344,0.2255964054086709,0.21575381075059605,0.2832262355417986
0.28254368362635995,0.22118704972378425,0.21656677200099633,0.2797024946488595
0.2893700645688782,0.2136082225447559,0.22044701069072029,0.27657470219564556
0.2820651126541503,0.2210574572727505,0.2184615150213248,0.2784159150517745
0.28800609677804395,0.21317493812892893,0.22070019384498732,0.27811877124803985
0.2790535923751681,0.22643793693489206,0.2158892251415684,0.27861924554837136
0.27183670813135524,0.2349974761848345,0.21128630936602566,0.2818795063177846
0.2835116651951521,0.2247751785121299,0.21378584985792817,0.2779273064347898
0.2897000549730783,0.2178262839572887,0.21794612242635925,0.2745275386432738
0.2881066650459351,0.2178167972023277,0.2191142880411939,0.2749622497105433
0.2939304300438528,0.2088712911321608,0.22296819068945675,0.2742300881345297
0.2865958000174519,0.21823855499266276,0.22001042407579874,0.27515522091408656
0.2833804584051031,0.2191072028207184,0.21924093958805094,0.27827139918612764
0.29503317190055367,0.21127706453377437,0.22069690854268106,0.2729928550229909
0.2922382096120783,0.20758513830654512,0.22498406607076835,0.2751925860106082
0.2833626228600176,0.2227590669749322,0.21784689274216984,0.27603141742288034
0.2873972830691126,0.21754341999751994,0.21847343792760496,0.2765858590057625
0.28099466484618246,0.22656046296623622,0.21537451554989145,0.27707035663768975
0.27873237012731417,0.23095708467108397,0.2127511726655642,0.2775593725360377
0.2882575346068982,0.220646301329318,0.21623323095946292,0.27486293310432075
0.3036766233519915,0.20122338065139128,0.2252164590337227,0.26988353696289447
0.29734497997303755,0.20255515208820118,0.22803503605038436,0.272064831888377
0.2906776951223982,0.21029278833212028,0.22429133435489493,0.2747381821905866
0.2852944809465636,0.21823934668365116,0.21985174415081557,0.2766144282189698
0.2822880003138709,0.22173968581846804,0.21771798266015932,0.2782543312075016
0.28515343206717864,0.22041458602729125,0.21753977495131044,0.2768922069542196
0.29087446213438295,0.2122357056101473,0.22141672289924888,0.27547310935622077
0.2952068398098276,0.20999470465244932,0.22228664425092154,0.2725118112868016
0.2927387953945948,0.2082627844590216,0.22425358734719178,0.2747448327991919
0.27674899171882456,0.22741176453511286,0.21667422676469342,0.27916501698136925
0.2672983599901578,0.24498738453181926,0.20696099998598844,0.28075325549203456
0.28942865618533414,0.2198867147689292,0.2148580152988502,0.2758266137468865
0.3066742026412077,0.19808718524788313,0.2263805883457533,0.2688580237651559
0.2951289037956519,0.20440433421925336,0.22778965875022325,0.2726771032348715
0.28483080789350207,0.21473913945706088,0.22270679758799564,0.2777232550614413
0.2834711358127089,0.2225609380615311,0.21710560175233276,0.2768623243734272
0.2817781506303787,0.2188602180031104,0.2192375154819578,0.280124115884553
0.2922135385560274,0.21440333627428182,0.21929157220911735,0.27409155296057347
0.292471396194099,0.2061805966151578,0.22540152709353878,0.27594648009720446
0.2847412762076115,0.220793697257685,0.21867147291317968,0.27579355362152375
0.2846254487834965,0.2163973086783507,0.21982100752522354,0.27915623501292935
0.27750199820767113,0.22956451967427471,0.21414539994328727,0.278788082174767
0.2777663486581092,0.22994904880923592,0.213012305594449,0.27927229693820593
0.2880544027086384,0.21985366959330468,0.21647017472971844,0.2756217529683385
0.3013289260086577,0.20251053420533566,0.22490506283590728,0.2712554769500994
0.28900862212176365,0.21153677847042665,0.2242900932480607,0.275164506159749
0.2842647081835761,0.21775265350919815,0.22023749770823828,0.2777451405989875
0.28606543532143885,0.2176972083048345,0.2191413867566146,0.27709596961711197
0.287140562039535,0.21498777229857663,0.22062065418705282,0.27725101147483555
0.28721489405194844,0.2160956804876156,0.2200969114924969,0.27659251396793905
0.28641299567968237,0.21347917584566983,0.22188786707097807,0.2782199614036698
0.28473952071956427,0.221861714286893,0.21718530188866075,0.27621346310488204
0.28563813205347555,0.21626943876894802,0.21959883959695248,0.278493589580624
0.28054957714367157,0.22559589713097725,0.21580612036157945,0.2780484053637716
0.27463750971794676,0.23366908491499166,0.2119670485187059,0.2797263568483556
0.2852869014150448,0.22365105564315743,0.21450814743878632,0.27655389550301157
0.3007098726479165,0.2039928883693114,0.22379819875637502,0.27149904022639704
0.29092787634428263,0.2107309355127714,0.2242090127849858,0.27413217535796025
0.2864228459382818,0.21433144137003962,0.2219934093085104,0.2772523033831683
0.28777463540717063,0.2156233392611216,0.22036070686188095,0.2762413184698268
0.2865328731796711,0.21495129195852292,0.22105520672620077,0.2774606281356052
0.28777631929956465,0.21298170773169314,0.22180475568949296,0.27743721727924925
0.2883744105564243,0.21087481021624038,0.22319679204997106,0.2775539871773641
0.28395404641867406,0.22032065794280986,0.21845692065717612,0.2772683749813399
0.28582026355780255,0.21426435965062215,0.22050069497758829,0.279414681813987
0.27665803200666766,0.22796783439559729,0.21523748568031306,0.28013664791742204
0.26557358140499465,0.24616310652602777,0.206304430163893,0.28195888190508467
0.28383015478834855,0.2261065900020451,0.21203289154310673,0.2780303636664996
0.299045638452296,0.20746616020663705,0.22182862414944693,0.27165957719162004
0.28775743824785993,0.2159744653766075,0.22158657074649402,0.27468152562903847
0.288958034231645,0.21201436246113786,0.22237964003224117,0.2766479632749761
0.29346972908275937,0.21065929706675074,0.2223104020014866,0.2735605718490033
0.28658552001120685,0.21235560790713384,0.22335197795087416,0.2777068941307852
0.2904717545147833,0.21212477148474448,0.22173927291306433,0.275664201087408
0.2884719138506829,0.2084825967893184,0.22487203649109183,0.27817345286890693
0.27853154008567743,0.22670041729011645,0.216116568070436,0.27865147455377
0.28529198600220834,0.21530596541515,0.21933455540424507,0.2800674931783965
0.28163584203726416,0.22409946104444997,0.2162223234269709,0.2780423734913151
0.272254027242352,0.23645524052755543,0.21080226071007976,0.28048847152001277
0.27855881510054786,0.23281675749091135,0.21026744485149249,0.27835698255704827
0.29362725912438764,0.21374140922791135,0.2187788151897165,0.2738525164579845
0.28577657716887594,0.21974596788167042,0.21922264610465245,0.27525480884480114
0.29398237180828124,0.20912793365296048,0.2227111545836543,0.27417853995510405
0.3004960508495801,0.20062008891541183,0.22726882800281412,0.27161503223219396
0.2927141974959639,0.2055380849361976,0.22699997907922698,0.27474773848861145
0.28277639696939977,0.21615074099008988,0.22189425176593255,0.27917861027457785
0.28130546578812704,0.2188965126957676,0.21927858544416343,0.28051943607194213
0.27859588634467963,0.2283543768247378,0.21397451081964855,0.27907522601093393
0.2840903528741563,0.219730291138714,0.2170083417749839,0.2791710142121458
0.28209929685922247,0.22603660864712158,0.21486763236682382,0.27699646212683215
0.2728539520466816,0.2334377757818494,0.21264086054024106,0.28106741163122795
0.284690996909059,0.2269330944268463,0.21268109585347353,0.2756948128106212
0.3018070789222176,0.20302841904255522,0.2239643216467475,0.27120018038847965
0.29479088899438144,0.2066062380299836,0.2258548253536201,0.2727480476220148
0.2852746565229692,0.2135349013439381,0.22333487451350836,0.2778555676195843
0.28167375292742286,0.22457858538228254,0.21649669329821183,0.27725096839208274
