0.3221208924284164,0.21132342118261718,0.22631288846131373,0.24024279792765255
0.32677193643430114,0.2101515518550765,0.22901980075681724,0.23405671095380504
0.313957597506811,0.22347177404484844,0.22473243904197918,0.23783818940636128
0.311809618822743,0.22664539438805864,0.21841680158549717,0.24312818520370122
0.31675884288104295,0.22434540790214377,0.21747810148495075,0.24141764773186258
0.31782209125487093,0.220940157199081,0.21931471251833462,0.2419230390277134
0.3328348518860363,0.2020056519944115,0.2314190956823767,0.23374040043717556
0.32985730154484577,0.2040685698557516,0.2357527768477519,0.23032135175165075
0.31849632771507236,0.21805543467419397,0.22645161755455853,0.23699662005617508
0.3172512562731125,0.21858721338838163,0.22272189793184732,0.24143963240665856
0.31815102399904677,0.2174636408878368,0.2235574874707213,0.2408278476423952
0.32364899295845456,0.20919167873436825,0.22472403916172123,0.24243528914545603
0.3278617520607939,0.2039026211744992,0.23419543541511492,0.23404019134959209
0.32053870242103766,0.21165796591393327,0.23252654902625466,0.23527678263877438
0.30721005389878836,0.2279290103997561,0.22318858432476102,0.24167235137669457
0.3068820569360645,0.22874913741004563,0.2164959635268766,0.2478728421270131
0.31382847843470146,0.22192565980024573,0.22074810992631813,0.24349775183873462
0.316348690681796,0.21480330259954533,0.22373716217111636,0.24511084454754237
0.32659944413854847,0.2046469497634788,0.2323294625389654,0.2364241435590074
0.31903506146069865,0.21568786139619417,0.22652821880243684,0.23874885834067025
0.30853938755693733,0.23196436847246485,0.21604827669114002,0.24344796727945783
0.31285551946770945,0.22820783569837452,0.21287848007704868,0.2460581647568672
0.3146472958315035,0.23125700365146307,0.2136533499967608,0.24044235052027252
0.32052438503471786,0.22046466092237238,0.2176676369170027,0.24134331712590695
0.3289416197675839,0.20865831284113762,0.23178703756269914,0.2306130298285793
0.3311316518539519,0.2085734563996425,0.23097089754909328,0.22932399419731245
0.32578148662729933,0.2189128152914985,0.2253269172299504,0.22997878085125176
0.32768081048769054,0.21920190840649856,0.2232963292399731,0.22982095186583795
0.3294429780535252,0.21482917144672634,0.22812456607295495,0.22760328442679362
0.327902969417359,0.2161337940631598,0.223037121484859,0.23292611503462216
0.33946261031877895,0.20563051790280998,0.23014867573088962,0.2247581960475216
0.3416852347028506,0.20316438027572403,0.23497301721720706,0.2201773678042184
0.33365646278968253,0.21203393948362753,0.23117260360012704,0.22313699412656285
0.33785155790150795,0.20803136865973504,0.22929292697746856,0.22482414646128843
0.33061630035919504,0.21177286213450056,0.23300001005630036,0.22461082745000405
0.34240543107216587,0.19627968954713113,0.2351686479596483,0.2261462314210546
0.35022140098721816,0.19007065093544964,0.24362125188639353,0.2160866961909386
0.342168911869357,0.2017823441377797,0.23971639513573217,0.21633234885713118
0.3251395572366168,0.21921643439980668,0.23266794581254446,0.22297606255103214
0.3182995842967153,0.2249067319948539,0.22408666021361448,0.23270702349481645
0.32572421509223604,0.2172924828672407,0.22314141991564082,0.2338418821248824
0.337506536561289,0.20153860080433314,0.2321967142890766,0.2287581483453013
0.35079239869277357,0.18454928666205903,0.24818616263901766,0.21647215200614964
0.34216629165625995,0.19456372617122727,0.24416458326626678,0.21910539890624606
0.32311451875290015,0.22012182402031674,0.22746660647600364,0.22929705075077947
0.3209835660123423,0.22684538256944725,0.2175592971546443,0.23461175426356606
0.3220580619327527,0.22498912508527397,0.21931928845320012,0.23363352452877317
0.33408852508130243,0.20557822590158165,0.226581318822873,0.23375193019424284
0.3419911797628193,0.1947909129903189,0.2426549032570083,0.22056300398985343
0.33800784191623556,0.20153576717833308,0.24066744569923065,0.21978894520620063
0.3228938152744379,0.22036423041674924,0.22991928725239452,0.2268226670564183
0.3203873647215611,0.2253008156287383,0.22083984950564386,0.2334719701440567
0.328898326131809,0.2122805634640636,0.22741471470343577,0.23140639570069144
0.33755264192004475,0.2006166272673862,0.23227270224100044,0.22955802857156857
0.34525709198789184,0.19435412134050983,0.23943621892419398,0.22095256774740443
0.33858595599333086,0.20370301338403965,0.2363819335851592,0.22132909703747042
0.3194800274374566,0.22789737896577894,0.2234064478858692,0.22921614571089527
0.32252004149287833,0.22483933559880911,0.21680097808182425,0.2358396448264883
0.32747909630466193,0.21804847723377752,0.22371220789872265,0.23076021856283782
0.3400022559560378,0.19888755634408473,0.23423031540566847,0.22687987229420903
0.3486654528729562,0.18813819061055492,0.24739170547554148,0.21580465104094743
0.33644427629266593,0.20234244344037236,0.2413949318991416,0.2198183483678202
0.3222822961449699,0.22081001578987977,0.2279197495075669,0.22898793855758343
0.3213116298874167,0.22213991345074044,0.2214467071510413,0.2351017495108015
0.33312009767657946,0.20525908745511195,0.22945713670336246,0.23216367816494615
0.339069395602903,0.19699773234503012,0.2343455683639911,0.22958730368807587
0.3426599832981751,0.19228278073170585,0.24337872312434264,0.22167851284577633
0.32689707526998507,0.20688308513494277,0.23722294774817973,0.2289968918468924
0.3088760962287852,0.23110015943796464,0.22036437585413712,0.2396593684791129
0.3184643922822786,0.21961570799587246,0.21861237279324125,0.24330752692860788
0.32423553750581263,0.21210633004668938,0.23005380201860498,0.23360433042889298
0.3257947352024351,0.20485862067274596,0.23218127587763185,0.23716536824718704
0.3311235853200477,0.19798883410895685,0.24155051967496782,0.22933706089602768
0.3173599249147176,0.2169191352939605,0.23004340218144775,0.2356775376098741
0.306115729312507,0.23715295217261376,0.21325689341030174,0.2434744251045774
0.3125975727920318,0.22733824384898912,0.21378510928871244,0.24627907407026667
0.3175122766117075,0.2212533544743281,0.22142053006953968,0.23981383884442475
0.32161456242206854,0.21491304002145623,0.22057148193610807,0.24290091562036714
0.330071499869851,0.20664029557088462,0.23190789324225022,0.23138031131701406
0.3236240758783564,0.2142718278640118,0.2276369949355209,0.23446710132211085
0.31800838029996675,0.22355994033417334,0.22009185923239624,0.23833982013346366
0.32398206286654324,0.216836086793906,0.22109741814122616,0.23808443219832476
0.322404433461637,0.21466257430035476,0.2282750736670061,0.23465791857100204
0.32658164440984383,0.20574278015353864,0.22886854914367663,0.23880702629294098
0.33440296586302415,0.20025044459197378,0.23673585733295502,0.2286107322120471
0.32768181318930656,0.21140875803119863,0.2308878051949747,0.23002162358452014
0.31120174184501365,0.22839855487347935,0.2244480283180401,0.23595167496346695
0.31558996476881457,0.220494822152161,0.22151678519744086,0.24239842788158356
0.31857909088149666,0.21992860555968174,0.2232802008592435,0.238212102699578
0.32100904579563255,0.21618842770473623,0.2216671832040625,0.24113534329556863
0.33648294756600095,0.19843602745782835,0.23724609314769265,0.22783493182847803
0.32262146013989973,0.21599147317676093,0.2298177148941408,0.23156935178919855
0.31422842002745455,0.22852402786851797,0.21718591246672894,0.2400616396372986
0.31889551065485766,0.22386236059749887,0.21808654106672345,0.23915558768092016
0.3223509397015796,0.21678370785745915,0.22261131286242947,0.23825403957853175
0.3392846594699419,0.1984021160054669,0.2290633306646786,0.23324989385991274
0.3360682838695197,0.2027416990832936,0.23848110567124128,0.22270891137594542
0.32638872300225974,0.2157127187853626,0.23151975753310727,0.2263788006792704
0.30884978373009314,0.23608995171028338,0.21876681541665055,0.2362934491429728
0.317933944379029,0.22822073743357524,0.21449620771875957,0.23934911046863616
0.33372580668355445,0.20635776003645082,0.2304987270260889,0.22941770625390603
0.33929503097356517,0.19789795097261123,0.23812874902330283,0.22467826903052068
0.34498827980878244,0.19373497948702045,0.24263303676554818,0.2186437039386488
0.3250589459678287,0.2178673043232967,0.2307179987824944,0.22635575092638024
0.3229821377890485,0.22705865483812934,0.21665577856812462,0.23330342880469768
0.330996654456837,0.2184539215604802,0.21891207465977652,0.23163734932290633
0.33204653743873386,0.21383537070635933,0.22609913720042105,0.22801895465448577
0.3450711329409041,0.1943181482524779,0.23757993659199853,0.2230307822146195
0.34203516226916403,0.19790018175870436,0.24379383420405176,0.21627082176807985
0.33580815342947884,0.211325575195796,0.2312313660425647,0.22163490533216043
0.3269187260020045,0.22251514248858406,0.22638535183529415,0.22418077967411737
0.33170534727161244,0.2127232004815348,0.2296345576067195,0.22593689464013317
0.33801819351223905,0.20120581807341334,0.2362871458968656,0.22448884251748216
0.3438046296786818,0.1983752698016144,0.23610598432259675,0.2217141161971071
0.3476166389400798,0.19545374643780555,0.24128199523158392,0.21564761939053076
0.3349037572113465,0.20968485942524742,0.23467418696633577,0.2207371963970702
0.33106857957652186,0.21593465857553246,0.2250420279143983,0.22795473393354737
0.3335843370652195,0.21647658578015538,0.22376772552037144,0.22617135163425367
0.33257495293251815,0.21180892183885056,0.2297531859137399,0.2258629393148915
0.3466796973015478,0.19009317332672626,0.2415391171725515,0.22168801219917453
0.35008798386786716,0.1909868992103573,0.2455917312538389,0.21333338566793666
0.3353273721282739,0.21187191233247576,0.23425152495954063,0.2185491905797097
0.32157935091302176,0.22477882491270257,0.2283771546610666,0.22526466951320903
0.3271038377044067,0.21669840146108357,0.22567858519173,0.23051917564277982
0.33758325948998774,0.20627435568572583,0.22776085248868932,0.22838153233559702
0.33994773747112655,0.2015006201430998,0.23503774703693373,0.22351389534884
0.35386034333534633,0.18614296569153244,0.245526704088126,0.2144699868849952
0.33613580347980143,0.2023420260893005,0.2397107345852731,0.22181143584562493
0.3202524457243646,0.226203619732088,0.2185579180870556,0.23498601645649184
0.32747684167370195,0.20945294888280253,0.22783165665490507,0.23523855278859054
0.33126457437580636,0.19326167725377916,0.24054630907927235,0.23492743929114215
0.34081339229501834,0.18106785499920813,0.24264754130800004,0.23547121139777352
0.33507013059036495,0.1745604581258519,0.25832689352345767,0.23204251776032564
0.2981132718527281,0.20622304433948724,0.24635733552882716,0.2493063482789574
0.27414696624412693,0.23304919935288704,0.21898941799997837,0.27381441640300774
0.26769690048172606,0.23414123368834322,0.21255022758722705,0.28561163824270364
0.2817059841793222,0.2311491206385464,0.2101977715688322,0.27694712361329915
0.27971265392442884,0.22778990524982193,0.2129705504142992,0.27952689041145
0.27575816362461697,0.2188986777779626,0.22582749867897217,0.2795156599184483
0.26093285695861723,0.2301160782035162,0.21592212650175882,0.2930289383361079
0.25446010459105795,0.25881064179210655,0.18792014126179668,0.29880911235503893
0.25501470380382724,0.25687840062337197,0.18172916792160612,0.3063777276511947
0.2663365859012018,0.2549768301360878,0.18397704297789735,0.2947095409848131
0.2618665728433071,0.2499650407978758,0.18852480559247423,0.29964358076634284
0.289456645043101,0.22360954694584573,0.20786503464331063,0.27906877336774266
0.2832213078789448,0.2433169338221411,0.20436633958508793,0.2690954187138262
0.2766928921109113,0.25635206015062045,0.19559047924469639,0.2713645684937718
0.2878065076366308,0.2420054425317127,0.20031115583846712,0.2698768939931893
0.2921859943736033,0.24188105039841473,0.20318991401745634,0.26274304121052555
0.30357188057305734,0.22490260986058427,0.21050273281169532,0.26102277675466307
0.3165681418884609,0.21439972039314426,0.22443234389303704,0.24459979382535782
0.3063632393114363,0.2283993817494896,0.21628312055356533,0.2489542583855087
0.30319894744993475,0.2340816051524727,0.21067661715438368,0.2520428302432088
0.31289321626276334,0.2236185137476894,0.21363528450753727,0.24985298548201
0.31211462397157647,0.22903552843179364,0.21222435890246885,0.24662548869416115
0.32238203554379924,0.21256252881751314,0.22163392499768206,0.24342151064100548
0.32727102583760115,0.21045629545746963,0.23214932047514827,0.23012335822978083
0.31268278358286,0.2305435585568052,0.22018819979070403,0.23658545806963083
0.3140272503997182,0.23053552616725406,0.21602722628359322,0.23940999714943456
0.3180516510612696,0.21995054369553196,0.22390741895732402,0.2380903862858745
0.33097128736630954,0.203266399018127,0.23115040624691038,0.23461190736865292
0.3404420320796127,0.1957678732244972,0.23531611128084634,0.2284739834150438
0.3347655432411214,0.2004803473730754,0.23997841994834573,0.22477568943745752
0.322899823883255,0.21687703675136924,0.22735979877671225,0.23286334058866345
0.31038342567743815,0.23685791860770528,0.2122362674671601,0.24052238824769645
0.31672279322037966,0.22924497070287694,0.2119221760098006,0.24211006006694294
0.3245959985015736,0.2102974289957695,0.22851909285968094,0.2365874796429759
0.34255484317914003,0.18733431697422723,0.24147305694580676,0.22863778290082598
0.34492784841669394,0.18888741895670388,0.24749201413814814,0.21869271848845406
0.3199546960634901,0.21935102032195336,0.23366067507889252,0.2270336085356641
0.3030090218918805,0.23915926962261017,0.21720217683316131,0.240629531652348
0.3016662380178647,0.2352329013135185,0.21123616786575006,0.2518646928028669
0.32705636189029746,0.20963814966052358,0.21880102562547052,0.24450446282370839
0.33694649733360305,0.19759433760610823,0.23436752730700885,0.23109163775327993
0.3371427107427489,0.19358975815046153,0.2441569674641951,0.2251105636425945
0.31399482415137825,0.2135754691647871,0.23401945419568126,0.2384102524881533
0.300142362223526,0.24146504737684188,0.20814591182214945,0.2502466785774827
0.3152843024121407,0.2264275287140852,0.21016420831503624,0.24812396055873784
0.32258150170033767,0.21163399106967276,0.2265884146409503,0.23919609258903932
0.3304759013698216,0.19620710392797028,0.23671320972455742,0.23660378497765067
0.3286348729717927,0.19867443960530032,0.24253795185219446,0.23015273557071264
0.30524938673668933,0.22926271755088362,0.22512495708959349,0.2403629386228336
0.3020221988961246,0.23832645154090198,0.21040515244199412,0.24924619712097917
0.3047712424052347,0.22618166118927424,0.215582348226672,0.25346474817881903
0.32098360546013643,0.2099092102637574,0.22522909619835396,0.24387808807775213
0.32300007557003524,0.2075820344688785,0.22821793891573358,0.24119995104535275
0.31666406410335235,0.21042473960328698,0.23355240338244274,0.23935879291091788
0.3056266911986243,0.22282259147472486,0.22101749279871943,0.25053322452793153
0.30183797875504276,0.2357267239833817,0.20805341115632442,0.25438188610525103
0.3123923029431692,0.22274156650211427,0.21287712539087855,0.25198900516383793
0.31383890376801576,0.21563879891703622,0.22627199428326222,0.24425030303168585
0.3175394489228407,0.2070666379165688,0.2287271840127894,0.24666672914780113
0.3169396847766385,0.21160774495210627,0.23091798933242386,0.24053458093883145
0.3079725561920876,0.22913520319804653,0.21992098175857744,0.24297125885128842
0.298753197498273,0.2380775911638597,0.2135668554543821,0.2496023558834852
0.3006249309087074,0.22812952933225855,0.21476588551406195,0.2564796542449721
0.3168077540521139,0.21471856598836916,0.22032864855581333,0.2481450314037036
0.3175429019353948,0.21573553033159726,0.22181381770773323,0.24490775002527473
0.3182658949174605,0.21186930934274645,0.22864463965139314,0.2412201560884
0.3084980375760145,0.21890730634967084,0.2236641033680687,0.24893055270624592
0.3024339492647146,0.23255317259578256,0.21019843527201887,0.25481444286748384
0.3111226933980744,0.222303042070423,0.21368712339599277,0.25288714113550986
0.31364773521004874,0.21430542233889757,0.22534246382151546,0.24670437862953823
0.3146445935225501,0.20697766704229528,0.2281765611848771,0.2502011782502775
0.32031657052520524,0.2044318542281307,0.23367444328806533,0.2415771319585988
0.30434930222947154,0.22909893672217352,0.22289691142042112,0.24365484962793396
0.29047801609170176,0.24379320866795495,0.21183454022601145,0.25389423501433184
0.29472730975180644,0.232076432260945,0.2127331921511666,0.26046306583608203
0.3076049171289566,0.22456629325436833,0.21440214395620708,0.2534266456604681
0.3102986306844873,0.22091367532085485,0.2178859998053499,0.250901694189308
0.31677054360477774,0.210793751535716,0.22846995252592625,0.2439657523335799
0.3069225190264109,0.2194770581653921,0.22178481054522126,0.25181561226297583
0.29889147573214253,0.23734205878166065,0.2056100504134231,0.25815641507277365
0.30964663151316013,0.22234957230587798,0.21247043027202236,0.25553336590893955
0.3095782755153631,0.22369043375434247,0.21801086163287733,0.24872042909741698
0.3079471487861084,0.21648233384900145,0.21974778646051482,0.2558227309043753
0.32101000188102363,0.2045943100568185,0.23193461903638887,0.2424610690257689
0.3075969441207158,0.22623299245653947,0.22453517579918794,0.2416348876235568
0.29993014283850394,0.2342164568168473,0.2164748038833927,0.24937859646125596
0.30317947761476577,0.2261408036165899,0.21987453250110892,0.2508051862675354
0.30347756097384293,0.23039401527251385,0.21776215363501011,0.24836627011863313
0.30522487127918424,0.22721511784484993,0.2127340200860624,0.25482599078990337
0.3163414704780706,0.21180709558422947,0.22616998084616116,0.24568145309153888
0.3174941496906082,0.20986622844046848,0.22457963480061663,0.24805998706830665
0.3106085385384061,0.22137775191721037,0.21725201542392356,0.25076169412045995
0.309770846369634,0.21940947061168192,0.21848665470902115,0.25233302830966287
0.30333557224905844,0.22989046230682816,0.21744082292150088,0.24933314252261263
0.30066751218635995,0.23091119684245806,0.20962408686471928,0.2587972041064626
0.31604055652154317,0.2174803378076079,0.22170822208058508,0.24477088359026383
0.3161672736802235,0.2203051072594873,0.2275124317756331,0.23601518728465623
0.3021589933196802,0.2251603718070822,0.22702656172366828,0.24565407314956939
0.30920071925849896,0.2137421302467084,0.22734401307373198,0.24971313742106063
0.3151227288149454,0.21489545218086684,0.2247401874676661,0.2452416315365217
0.31421717608477534,0.2234586803520535,0.21417330665564197,0.2481508369075293
0.31271193157853067,0.22193327962201817,0.22080093139619544,0.24455385740325566
0.30079830446358924,0.22651790238331299,0.21834654533953765,0.2543372478135602
0.30386876719960915,0.23011163679166619,0.20886616611151615,0.25715342989720863
0.3152568075588595,0.22169367355772324,0.21185199137874733,0.25119752750467
