0.2680892589191849,0.15824949098893498,0.23707848379383886,0.3365827662980412
0.25186077063529533,0.21002397032763095,0.2331037870874656,0.3050114719496082
0.2441735713538294,0.2033442860885459,0.246337241099153,0.30614490145847156
0.2670717923263595,0.21019190408621502,0.2508654365794869,0.2718708670079384
0.29594789044697345,0.2194728556065864,0.2789453781966823,0.20563387574975792
0.18135818591208966,0.20754701061268044,0.2839679508548438,0.327126852620386
0.19757056759492558,0.17677523625890787,0.23347741613530773,0.3921767800108587
0.32802660477810536,0.19671229687507225,0.23433522553892586,0.24092587280789657
0.28018857147078985,0.24488906743875227,0.2471428283161677,0.22777953277429036
0.2888971038541435,0.23045435381728807,0.26296611187527386,0.21768243045329455
0.3151736538253301,0.22835513063107815,0.30990670626596534,0.1465645092776264
0.1398938234416681,0.1992873679046372,0.23156607505203836,0.42925273360165633
0.27191725970723735,0.17128368073434933,0.21203207895147785,0.3447669806069356
0.28695187280027573,0.2142583347618071,0.20313539452922497,0.2956543979086923
0.31768497989922007,0.22483128836063562,0.23062733939621743,0.226856392343927
0.26798992159190965,0.23608613852272292,0.22919045453445228,0.266733485350915
0.35945853597917604,0.22247697771190264,0.26624447619899316,0.15182001010992832
0.1697813634752905,0.22322077703634025,0.24032391422441757,0.3666739452639516
0.33454529741864336,0.1972971180007378,0.24013394048316664,0.22802364409745227
0.32247867275761327,0.24850707205911468,0.25375758998968134,0.17525666519359068
0.2999732285089908,0.2458998631712935,0.3134635370774273,0.14066337124228856
0.1592319277058829,0.2094051613388094,0.32380560625099,0.30755730470431764
0.2217948093699421,0.1764116288919464,0.34605893029617424,0.2557346314419374
0.09711748241740477,0.13998503961879377,0.21460337751350025,0.5482941004503011
0.2795347839451466,0.15301090737182305,0.2296409545887174,0.33781335409431296
0.26982922493503925,0.216997661857759,0.21170888867787252,0.3014642245293293
0.31418305453895257,0.2253453216129163,0.2340682183000499,0.2264034055480813
0.2907362018100935,0.24156427096480487,0.25846143287206036,0.20923809435304133
0.3500631709553948,0.2367111422519477,0.29662739876295396,0.1165982880297035
0.16818562593887582,0.23007773608006338,0.2550633810512502,0.34667325692981066
0.3330683379058322,0.20217236486983103,0.2575107210857651,0.20724857613857162
0.28287956128356073,0.24577297169765994,0.2750416163754223,0.19630585064335684
0.27318947025771506,0.23943751891220233,0.2777979881141261,0.2095750227159565
0.23977533850385296,0.22817725291475432,0.21770677439610284,0.31434063418528985
0.460762159870407,0.20355316892972122,0.2507639147784975,0.08492075642137424
0.19222718175608447,0.27998119731838467,0.22222627425614297,0.30556534666938795
0.3783268012233575,0.21044862420504112,0.2153391644875063,0.19588541008409507
0.30692496012582837,0.2717354684593025,0.1996313530010972,0.22170821841377195
0.3597338624680406,0.24600278549551075,0.22104801443581276,0.17321533760063584
0.34902245493269574,0.264036169568543,0.2281368205857054,0.1588045549130558
0.3631018672766342,0.26116008034948013,0.2444737709194285,0.13126428145445732
0.23272848420252565,0.2548917472341972,0.23084316297245186,0.2815366055908254
0.3671990067022205,0.2258953705987182,0.24084932973873982,0.1660562929603215
0.3262779900821227,0.27395558576546103,0.2197593155942647,0.18000710855815158
0.4251833991410058,0.24880972004513324,0.2374295785328768,0.08857730228098414
0.26608839872299533,0.28234375318279165,0.2925867286960972,0.15898111939811593
0.2639773146233051,0.22167173501498047,0.35343733313105624,0.16091361723065822
0.12615346695211033,0.1766313946875427,0.218377932582968,0.478837205777379
0.311432024590772,0.17119460841423403,0.20157333584956624,0.3158000311454278
0.3282917678340222,0.23770024477429713,0.19288386382731382,0.241124123564367
0.4125738353700082,0.2469393946184703,0.2145151485900305,0.1259716214214911
0.320760809207833,0.2835329458193231,0.23864873798616593,0.1570575069866778
0.39388331549803535,0.24547751547306584,0.27216070461009995,0.08847846441879874
0.19605062463768905,0.2577581127880198,0.2556076240802944,0.2905836384939967
0.3286498278117483,0.21528560382983378,0.2433405591621633,0.21272400919625462
0.32966401242736787,0.2533523211442842,0.24519409921582896,0.17178956721251895
0.3350552473609948,0.2510232258817662,0.2876353816097599,0.12628614514747918
0.19783010067426787,0.23841036055998008,0.2638868168335951,0.29987272193215697
0.3107272952160218,0.20087134002310256,0.2851341885521043,0.20326717620877133
0.16877304075727526,0.2066148006792031,0.20792791247382075,0.41668424608970095
0.3095428624152743,0.18797727983820803,0.19373933147891184,0.30874052626760584
0.3820773979285091,0.24136276644023877,0.19155719958538123,0.18500263604587086
0.4166126362445547,0.2625181297379006,0.22647771567937855,0.09439151833816606
0.31331453393926845,0.2828392327647252,0.26897706903741,0.1348691642585965
0.3269002067547711,0.25075921259907563,0.2966910530743456,0.12564952757180758
0.16149606464104588,0.21772358977618722,0.22929114885808383,0.3914891967246831
0.3509507525923469,0.19600575725057717,0.22809789471273212,0.2249455954443438
0.32828866929961903,0.257615043649317,0.22047606856784263,0.1936202184832212
0.34980999738821056,0.24730286035771565,0.26372294421093506,0.13916419804313884
0.1962544101630764,0.23765174237284592,0.2283030408240634,0.3377908066400144
0.4029862589785074,0.19694600633439477,0.25765680956316017,0.1424109251239376
0.15885898686708047,0.23080694496228377,0.1830760459484139,0.4272580222222218
0.44658388113219016,0.1886702723814345,0.1952440241850653,0.16950182230131008
0.4305791491495382,0.2749967321087452,0.21407940119280067,0.08034471754891594
0.31986260956969953,0.2874166443465178,0.27565996385590213,0.1170607822278806
0.20595996543534464,0.23392467777688852,0.29557596161441646,0.2645393951733504
0.298397119781379,0.20269507292642888,0.3384689540292069,0.16043885326298515
0.11797433041225654,0.1823354544857791,0.22550116027820666,0.47418905482375767
0.39103279699934723,0.17600209368846625,0.25136985992992106,0.18159524938226543
0.27946270273958546,0.26305474824059294,0.2745624567072034,0.18292009231261805
0.25105553632162286,0.23269289144320304,0.2969591721969966,0.2192924000381775
0.1881253562964264,0.20068500627374922,0.25400694086873543,0.357182696561089
0.3529042671598088,0.19543268018426949,0.29114563957213513,0.1605174130837865
0.132690373685731,0.20049935216180215,0.20744155891798638,0.4593687152344804
0.40379517014675426,0.17977824980566126,0.21884316771071927,0.19758341233686527
0.28783440118942005,0.2726578104509734,0.2112553773289802,0.22825241103062616
0.32447835723444785,0.2332675296527585,0.25541618872988736,0.18683792438290625
0.25578582396701943,0.24378564077430245,0.2278711121500208,0.2725574231086575
0.4214113024889962,0.21538457207649256,0.2566853936409284,0.1065187317935829
0.1495370777746806,0.2389652731553303,0.221419486285584,0.390078162784405
0.4123857825519813,0.19101221674795643,0.24310706024185538,0.15349494045820697
0.2753172378988297,0.27313187219296536,0.26031438777488713,0.19123650213331772
0.30501693687349746,0.2431195173449907,0.26582133427053856,0.18604221151097336
0.2502521460980051,0.23179924303000096,0.307428337203008,0.2105202736689858
0.2862322095341897,0.214714904574172,0.3596069467926876,0.1394459390989507
0.12912722288715092,0.18957859495307308,0.22749338579737285,0.4538007963624032
0.39774915788845594,0.17790511563797665,0.23592924720616054,0.18841647926740698
0.2819387092770232,0.27360253034742804,0.22483906473465123,0.21961969564089756
0.3281981882163939,0.23155332375093335,0.2494035881461439,0.1908448998865289
0.2843790183399137,0.24982137306204666,0.2468903875963201,0.21890922100171958
0.28988901520291754,0.2299430509899664,0.27086610460872995,0.20930182919838608
0.22698622407316738,0.22554178268241218,0.23436836068512631,0.3131036325592941
0.3385533058789284,0.22409244639729256,0.20926044491365423,0.22809380281012484
0.4693993522828871,0.23005643099048442,0.234887602928055,0.06565661379857352
0.27747465326996507,0.30369827118701,0.30683149742752325,0.11199557811550176
0.18781290517097576,0.21653823018656135,0.32216456643474056,0.2734842982077223
0.1922889115522333,0.18259585537202586,0.3082142775738241,0.3169009555019166
0.14616764686453648,0.15597251866369435,0.1840966047598429,0.5137632297119262
0.4454568092361631,0.1749943810356791,0.21214278578032908,0.16740602394782889
0.28399440655998853,0.2944874600912442,0.19519017596608204,0.22632795738268519
0.3981741535617466,0.23635590671892873,0.2249102588596701,0.14055968085965456
0.3177422549290655,0.27750422299337835,0.2506806028520248,0.15407291922553132
0.3141688976756121,0.25628623602632933,0.24620241463775555,0.18334245166030286
0.29472780181358627,0.2548313974490872,0.21487274130700507,0.2355680594303215
0.42622249043635124,0.23827254203368115,0.23485330767715515,0.10065165985281242
0.32663615936480567,0.2858710345845149,0.2706976533620969,0.11679515268858236
0.27570605895929695,0.26311842610869013,0.2660347135131158,0.19514080141889711
0.27430855052707515,0.2324107873237539,0.2624262019362447,0.23085446021292624
0.2905485924090735,0.22870436564661703,0.2835613046975866,0.19718573724672292
0.18563839931526627,0.2097707801139449,0.20727298338420805,0.3973178371865808
0.38940964422598107,0.19952428119059154,0.20061811377234792,0.21044796081107942
0.3406364695971906,0.2782136759811587,0.18706576902113572,0.19408408540051503
0.39836154739793295,0.2490192614069371,0.23750150018988514,0.11511769100524469
0.32596616270238404,0.2802017800984569,0.25685971427445325,0.13697234292470586
0.3332471791736444,0.2634051789518945,0.23720579160406782,0.16614185027039316
0.2432448069164123,0.24804036101638507,0.24147386518078862,0.267240966886414
0.367420824583848,0.230967928693279,0.25491604554554637,0.14669520117732673
0.38529445358858094,0.2652273450110549,0.24808612903854038,0.10139207236182392
0.247947409874916,0.2784913251062518,0.2597440884792262,0.2138171765396061
0.30510498560895943,0.22527330273894103,0.283201313553666,0.18642039809843355
0.27821879687631207,0.22971285316811488,0.3235844998600379,0.16848385009553532
0.1798176388049719,0.21358672903004142,0.18210317698957285,0.4244924551754138
0.4495097558021306,0.19388599273356572,0.17810873388825213,0.1784955175760517
0.45227634455112653,0.2685820944888943,0.2026300211541789,0.07651153980580021
0.23882215412167968,0.285453663207502,0.1914510885189934,0.2842730941518249
0.32345878053263755,0.20742857688888997,0.19777221294871278,0.2713404296297597
0.36852126730514817,0.23132468486984892,0.22851211882942796,0.1716419289955751
0.13520615406375852,0.18965615450024248,0.15714437088238745,0.5179933205536115
0.4294242296931059,0.16870247526715582,0.19291496649533152,0.20895832854440674
0.4497037226782241,0.25436234561951687,0.22821260964313952,0.0677213220591196
0.17815490727984754,0.2566555279010628,0.417820732586979,0.14736883223211067
0.005745510961392447,0.044345986891035034,0.37763519124039113,0.5722733109071814
0.0012258067610791952,0.011464894810841805,0.14910108543168057,0.8382082129963985
5.743819129561659E-05,0.0005180875476856116,0.002895783802805556,0.9965286904582131
0.061118821536360224,0.03848195527470215,0.05478309330905555,0.845616129879882
0.16069820789196515,0.08679858780904734,0.1581175936732803,0.5943856106257072
0.023251599354035125,0.045277072271625106,0.11391361964712085,0.8175577087272189
0.03834132537045104,0.03672642563775289,0.0788017889338455,0.8461304600579506
0.08402523282346658,0.05934453857256376,0.12275356429511164,0.7338766643088581
0.02569202745007461,0.032336756763981,0.053356352627931244,0.8886148631580131
0.31596750253430744,0.10977552258900417,0.16550071526568783,0.40875625961100065
0.15906444909364256,0.17616062596974125,0.21268260794372548,0.4520923169928906
0.16775795339772143,0.14968580773279289,0.2502775910304928,0.43227864783899295
0.21428357882564306,0.16412641379909348,0.30007528994969973,0.3215147174255637
0.08898964641563939,0.12928405179529187,0.2836198399310005,0.4981064618580683
0.0725223470971631,0.08226327625114234,0.13942005637630137,0.7057943202753931
0.28039470256613286,0.12933446964290418,0.1870336048263539,0.403237222964609
0.1990697302699651,0.18275387434174714,0.1796656056362325,0.4385107897520553
0.2390688262606633,0.17471439662114438,0.1931962324457345,0.3930205446724579
0.3196660946982629,0.1982359374102741,0.2535203194780999,0.2285776484133631
0.26130266882253694,0.24151759302356915,0.26427281513017664,0.23290692302371738
0.22749089292982527,0.21656379592693506,0.20665168733350278,0.3492936238097369
0.47556420451317466,0.1995616183461619,0.24151586834386274,0.08335830879680071
0.23350099287507237,0.29573616707552,0.2768030199872507,0.193959820062157
0.27872186456212844,0.21979849307527305,0.3073246284909292,0.19415501387166922
0.13569603814437936,0.1839951613166575,0.2671958669111746,0.4131129336277886
0.20470908140106905,0.1534857895320828,0.2599290632403577,0.38187606582649053
0.1540540557069561,0.15211202922449266,0.15495568647807398,0.5388782285904772
0.33885512605465967,0.17158375238903845,0.15953220948341532,0.33002891207288654
0.4423354200572027,0.23660020242606516,0.19601583277250254,0.1250485447442295
0.3513320984383358,0.2821443541254157,0.2585868465522339,0.1079367008840147
0.25996102679902616,0.2509917493710501,0.30634231036292087,0.1827049134670029
0.23469846321587579,0.2207265985879488,0.2810986551428293,0.2634762830533461
0.17059900830968544,0.1820328795972077,0.23055135066239402,0.4168167614307128
0.3029673479034565,0.19031524971866104,0.2269890033362274,0.27972839904165503
0.3661003206934376,0.23794262763683235,0.23410804271348462,0.16184900895624535
0.3136969426533943,0.25828969858683476,0.2953984375711897,0.13261492118858123
0.16911337791903727,0.2165942181347555,0.3317908268671772,0.28250157707903006
0.11045356067298055,0.13117939115995664,0.28963162038607904,0.46873542778098376
0.11583071588222642,0.10960941320688973,0.12997579217190558,0.6445840787389783
0.34170562959222717,0.1511758959115862,0.15314563703528303,0.35397283746090363
0.5129652331049672,0.21297833374382205,0.20305522494887773,0.07100120820233298
0.2244244045430312,0.3013229983057485,0.27656100464022215,0.1976915925109982
0.2075959979569222,0.19394732086377536,0.2881050087573142,0.31035167242198813
0.23948890145039625,0.19617262049098935,0.2705789375401632,0.29375954051845127
0.16871773478467222,0.1784237976293073,0.19427489129541683,0.45858357629060365
0.4523194658313295,0.18182673549141162,0.2425625347979241,0.12329126387933487
0.22724714455510356,0.27752898388959074,0.27951202182343843,0.21571184973186724
0.25828758731468754,0.20994963954827492,0.332673388394702,0.1990893847423355
0.08518160062520866,0.14526796550348417,0.25383202297167756,0.5157184108996296
0.2037656051178574,0.13410885089618158,0.25742411028195655,0.4047014337040046
0.1205828711185446,0.13097960834256128,0.14230605871453267,0.6061314618243615
0.3795011660353526,0.15792377601453997,0.18217006320594842,0.2804049947441589
0.3531329799471466,0.25265764250988315,0.22710698516732442,0.1671023923756459
0.23665316617093812,0.24017808365370402,0.2821513299896537,0.24101742018570413
0.19292114088676826,0.1903140510017343,0.2658729855510438,0.35089182256045365
0.28929738523920684,0.19554766991452668,0.26231218153240926,0.2528427633138571
0.1853693930563931,0.20316112821951215,0.2487065511495437,0.362762927574551
0.29925124772899947,0.19628430044599401,0.28150639798941085,0.22295805383559572
0.2528960221542554,0.22825031562119058,0.2955753351589266,0.22327832706562756
0.19878045002785086,0.2048213042119667,0.32608703223436936,0.270311213525813
0.11498694662136169,0.14970965110420778,0.27010239228069044,0.46520100999374
0.18726898129772304,0.13954749804050612,0.27322355980051893,0.39995996086125185
0.09202058108277746,0.11068065395733552,0.1415016325819694,0.6557971323779177
0.2887617369508956,0.13735390785236212,0.15170129614378203,0.4221830590529603
0.3714817010604533,0.2125910193432924,0.20256085253596035,0.21336642706029404
0.2110415750553979,0.22984537093329097,0.2544888068633111,0.304624247148
0.21950617156285734,0.182821128424391,0.24300509881521773,0.35466760119753393
0.309590381249786,0.2007969710278993,0.2536033671165016,0.23600928060581308
0.14710439192299263,0.1896188941109476,0.22592531069814298,0.4373514032679169
0.36491423771777476,0.18278366402349133,0.2702803563666923,0.1820217418920416
0.2830612232138161,0.2541031787617435,0.3062672323924087,0.15656836563203175
0.12997194214627011,0.19790831741154266,0.355036780386397,0.3170829600557903
0.12945850152636698,0.1430183062135144,0.34662644528494035,0.3808967469751783
0.09453121077920988,0.11237634147099418,0.313682899750154,0.479409547999642
0.051602470834199735,0.0680627851069414,0.11747756718174937,0.7628571768771094
0.23942713273274815,0.11055985481356208,0.1343645754225355,0.5156484370311544
0.3516845781544107,0.18726558835124127,0.19469250877328528,0.2663573247210627
0.17695838363743469,0.20547863218803072,0.1924939449922864,0.4250690391822483
0.2990122776715399,0.17777252197915347,0.20742837597589625,0.3157868243734103
0.3854613099622293,0.2253597113463346,0.2522919966809565,0.13688698201047966
0.15387857874976435,0.2258271855184003,0.22402406181464812,0.3962701739171872
0.4381823211308362,0.1820427476949352,0.275567454647655,0.10420747652657367
0.20544261986066242,0.27022978063833697,0.31519470701872004,0.2091328924822806
0.1949236713515891,0.19846070947930156,0.3326836087725423,0.2739320103965671
0.12009755937685648,0.15648097692454732,0.3032064424239834,0.42021502127461285
0.20997902126373127,0.15188842377789208,0.3512601630942715,0.28687239186410507
0.04500113547558509,0.08866118064286828,0.1692278180766009,0.6971098658049457
0.1589876537790998,0.09518914914377535,0.12997343576166437,0.6158497613154605
0.20543417257339916,0.1306602463739042,0.13837636797248243,0.5255292130802142
0.1904664343410641,0.1436847243230807,0.14154405654028396,0.5243047847955712
0.32117243319498534,0.1760652313908605,0.16892500580524272,0.3338373296089114
0.5111132140209065,0.20637681875542307,0.2220465641840788,0.06046340303959159
0.17690296388172708,0.29180446436448965,0.2765119987688536,0.2547805729849297
0.2554065081734548,0.19804387927501804,0.32667726960429094,0.21987234294723623
0.1664577694833207,0.19169065909371139,0.35050719958854715,0.2913443718344208
0.1421210957912101,0.15842794403129018,0.3196256357592309,0.3798253244182689
0.11420893976466118,0.12904358963085474,0.24287972112004225,0.5138677494844419
0.12927956156783274,0.11460962200690337,0.23021613785921344,0.5258946785660505
