0.3845904251672516,0.2291262040484861,0.21666957392108138,0.16961379686318095
0.40330721870150266,0.2331541622598644,0.20690517428321978,0.15663344475541313
0.40022090909892594,0.22632331504343334,0.19938442999828632,0.1740713458593545
0.33811893511576624,0.22080736259270403,0.2165002177229912,0.22457348456853854
0.37346577703350325,0.21840790666435092,0.2136122291803055,0.19451408712184032
0.4053335174419053,0.23014839220349595,0.2085643608875862,0.15595372946701255
0.41011092538807725,0.23294278468205934,0.20187383272579248,0.15507245720407087
0.4053928823474885,0.2272296945234197,0.19814207553259658,0.16923534759649522
0.4060878627907416,0.22515045353954444,0.19874107683148068,0.17002060683823336
0.30829203004939576,0.2072792260867265,0.21156906925851748,0.2728596746053602
0.37967549485295066,0.21729917246057717,0.22004793582903767,0.18297739685743455
0.4058276323378163,0.23271848547062599,0.2087919489787534,0.15266193321280427
0.4046500121258127,0.23073704185775376,0.20109626591739255,0.16351668009904105
0.38554133702387905,0.22374774281040055,0.2025421496664569,0.18816877049926353
0.3926236375215118,0.22176379387777773,0.20345440841166576,0.18215816018904474
0.2881957854403362,0.20707345901025884,0.22091669722134485,0.28381405832806006
0.37525488100363635,0.21794185026165605,0.2246785612342172,0.18212470750049037
0.39860110781216346,0.23062506714700695,0.20937960301588682,0.16139422202494277
0.40715313994160013,0.23319617503027373,0.20392658184221538,0.15572410318591082
0.3860119801447028,0.22336511439251905,0.2007195673093853,0.1899033381533929
0.39509826910392354,0.22506856704916217,0.20581931384607857,0.17401385000083575
0.2981488614297915,0.21690933855312305,0.22646245923907055,0.2584793407780149
0.3856496370182625,0.23026055372942852,0.22754161970710912,0.15654818954519978
0.40447753207845033,0.23744918019104658,0.2080720748408437,0.15000121288965923
0.4015929689669554,0.23135860235891617,0.20181304409208503,0.1652353845820435
0.40555973696502173,0.23237199132300973,0.20405579146781516,0.1580124802441534
0.41717001176189905,0.23378745269172077,0.2004580542069989,0.1485844813393814
0.3346846485183941,0.22313479492935262,0.21470086629244164,0.22747969025981166
0.3974987519854956,0.23073859165540264,0.21733262243207255,0.15443003392702911
0.4077322841591842,0.23603825529794367,0.2051117404140341,0.15111772012883795
0.41202756699435533,0.23573649882377803,0.20222078518191197,0.15001514899995474
0.40989366136600974,0.23109932528736654,0.19895832986010192,0.1600486834865218
0.423538283467486,0.2361107583362514,0.20044503542762673,0.1399059227686359
0.37602441821815774,0.2263530263497718,0.20316515567777785,0.19445739975429263
0.3967590710092533,0.21918881645811208,0.2010092531923422,0.18304285934029235
0.4149162683975512,0.23280611610754182,0.20510211820955865,0.14717549728534834
0.42053767655273744,0.23652526950580344,0.1996926024165306,0.14324445152492843
0.4191665317167438,0.23566148589488273,0.19841321825571828,0.1467587641326552
0.4051662959430219,0.2265494467359195,0.19596810013176705,0.1723161571892916
0.30611174301492716,0.21194763410153467,0.2174976784992218,0.2644429443843163
0.38747070298088476,0.22510248229538307,0.22324716034334124,0.16417965438039078
0.4077036743313788,0.2342388808630736,0.20592182375419193,0.1521356210513557
0.42100755814895224,0.2368817547416887,0.20062634567838503,0.14148434143097396
0.41176544255918424,0.23205116178904034,0.19758412480957072,0.15859927084220476
0.40326098930215026,0.22786274219098043,0.19973409388575344,0.1691421746211159
0.26076197441905774,0.20230475462159803,0.22232313396902945,0.3146101369903148
0.3788354792275028,0.22597102728282487,0.23743952460710896,0.1577539688825634
0.4082157352679827,0.2406232425586715,0.21015144842297034,0.14100957375037534
0.41523750616530525,0.23730509381593085,0.20073416723700874,0.14672323278175523
0.40053277751752453,0.2319783896834316,0.2017363899985708,0.16575244280047308
0.40877306789852064,0.22886362441426475,0.20034223901350406,0.16202106867371047
0.32877969369228466,0.21505347724715482,0.21142599726915676,0.24474083179140382
0.39078238144563543,0.22344002233824542,0.2165492012923997,0.1692283949237193
0.41436630632625143,0.23561581222426448,0.20556620043950163,0.1444516810099824
0.42112382001179866,0.23865766417202783,0.20052575788751317,0.1396927579286603
0.40128311803187483,0.23044808924110396,0.19900388016330892,0.1692649125637122
0.403053580146805,0.2266527071315478,0.20077665134825554,0.16951706137339184
0.33363585197685863,0.2221112336176407,0.21841746977442678,0.22583544463107397
0.3916831432104437,0.22657760274155256,0.21556470901269256,0.16617454503531118
0.4173094406849956,0.23829289737733003,0.20595881001052627,0.13843885192714797
0.4199168417492521,0.2370569013004839,0.19861431571215563,0.14441194123810835
0.39977805146415685,0.2292323762545408,0.19925704275226136,0.17173252952904092
0.4001429711339768,0.22075850104468553,0.19715162549230772,0.1819469023290299
0.2810726331311302,0.20375201655520284,0.2193691547152109,0.2958061955984562
0.38538876496988594,0.22539058912529272,0.23069108529724824,0.15852956060757303
0.41099611078389164,0.23869065860543148,0.2076591940475443,0.14265403656313255
0.41150130186042605,0.23620088991758476,0.20128662038471173,0.15101118783727738
0.3677650030746849,0.21674717995043855,0.19900390817115746,0.21648390880371915
0.394981616852223,0.22036607512183265,0.20670218859372563,0.1779501194322187
0.23977111488351116,0.19905234283360027,0.22922462229918533,0.33195191998370327
0.3707436974072997,0.2212633683591922,0.2398035570989103,0.1681893771345978
0.40405215087293256,0.2383141227904826,0.21188450562722225,0.1457492207093626
0.3861176810789151,0.22972507250695226,0.2044968285260596,0.17966041788807308
0.365305903487221,0.21911834374586694,0.20751713215206505,0.20805862061484695
0.393965782090359,0.2244501734151178,0.20937910814935295,0.17220493634517012
0.25571003860883146,0.20449396803709602,0.22815622656002776,0.31163976679404465
0.3779292900213173,0.22663477548904234,0.23798924671640587,0.15744668777323445
0.3993667217788111,0.23899148177443258,0.21169435699115904,0.14994743945559724
0.3958159955954184,0.23071030386455238,0.20310338232569053,0.17037031821433873
0.38463906861027347,0.22288522703664593,0.20336353654762854,0.18911216780545195
0.4119969596559681,0.23131435949245588,0.2058318375189155,0.1508568433326606
0.3026534150759184,0.21457050786919565,0.21750214883490965,0.2652739282199763
0.3837320046380006,0.2212863652018635,0.22101512881511953,0.1739665013450164
0.4003794660074895,0.2335575947158361,0.20945144986058584,0.15661148941608868
0.4006509360778755,0.232627602734056,0.2044981587825572,0.16222330240551128
0.39996062537540555,0.22786979299819504,0.2016252057107356,0.17054437591566374
0.4053779520691598,0.2258125976971911,0.1998481108486453,0.16896133938500382
0.23506789136251213,0.196357479593222,0.22529793516595195,0.3432766938783139
0.37124008899998084,0.22154745218020827,0.24212255610483635,0.1650899027149745
0.3882638683172659,0.23585339582668471,0.21455323640591448,0.16132949945013483
0.40700101130631855,0.23641480307334162,0.2064888429686284,0.15009534265171148
0.40011352529403416,0.22754499016612692,0.19913790973411954,0.17320357480571943
0.4043202876166252,0.2288261819262163,0.20300039954240662,0.1638531309147519
0.2734664368909748,0.19607898652578873,0.2095943058772584,0.32086027070597806
0.38763799903697066,0.22524021819889126,0.23450331981054956,0.15261846295358852
0.4133232822717861,0.24215025512835003,0.20863943678805588,0.13588702581180795
0.40380068254227985,0.23455948720964387,0.20107631273059715,0.1605635175174791
0.3985344703480801,0.23057566068523394,0.20374695792962202,0.16714291103706397
0.379178290156851,0.2212074606084241,0.20295036691149154,0.1966638823232333
0.35360087675200885,0.22285734545160055,0.21820589097503887,0.20533588682135173
0.40230857543372434,0.2304292564817416,0.2116903475942204,0.15557182049031382
0.41990156711705257,0.23922901623669218,0.20368712259982624,0.13718229404642904
0.41761354310367843,0.23601914749876274,0.19818662049095503,0.1481806889066038
0.38033891201176406,0.21880942770399867,0.1966521076341893,0.20419955265004802
0.3929359556615955,0.22834950088784073,0.21187243724620577,0.16684210620435808
0.38142766725209953,0.22863170607853925,0.20921561154295754,0.18072501512640365
0.41621651491842754,0.23640629353776288,0.2070286186131947,0.14034857293061498
0.4154573940748804,0.23708698642920845,0.2004310261120999,0.14702459338381127
0.4100693555910684,0.2331225497217803,0.1998439476447701,0.1569641470423812
0.41382677706379367,0.23458336021400678,0.20168253071292266,0.14990733200927683
0.402282683858271,0.22681008128402694,0.19773678311341283,0.17317045174428924
0.3909205880977854,0.22500667582644654,0.2037634260032433,0.18030931007252465
0.41667847511099515,0.23223066128615294,0.203516427288858,0.14757443631399397
0.41898266622993,0.2365131698906598,0.2001773808581218,0.14432678302128832
0.4159760060942767,0.23319741927629045,0.19770469650181763,0.15312187812761524
0.40791757830453496,0.22762273568604727,0.19720139907173773,0.16725828693768008
0.41328981231476153,0.23348571240681956,0.20288002557148016,0.15034444970693875
0.3790435103035188,0.2254374936182705,0.20355866701396597,0.19196032906424473
0.4084405147386444,0.2274381375053726,0.2041832990805344,0.15993804867544856
0.42175362414674206,0.23670570480586078,0.2017928585167617,0.1397478125306354
0.4172886101883569,0.2381434395211337,0.2003168560481426,0.1442510942423669
0.4135918770383209,0.2318303519414534,0.1972797314078182,0.15729803961240754
0.3955593640164551,0.22041532586178886,0.19547585738351486,0.18854945273824114
0.33476332574521656,0.22178754185921992,0.22145436167697002,0.22199477071859347
0.4001251573869172,0.23316745946626688,0.21786595151632807,0.14884143163048794
0.41693627828298613,0.23840691590573543,0.2030159786318604,0.14164082717941812
0.39864215399368125,0.23336788963576005,0.20258750645320492,0.16540244991735384
0.4089784560671275,0.227604467877817,0.1991848745225685,0.1642322015324868
0.4041553278345831,0.22462130847261516,0.19803278199098037,0.1731905817018213
0.2516717838163599,0.17833327251703723,0.19760252818679339,0.37239241547980945
0.3695026122972121,0.20216270069790956,0.22776711060814817,0.2005675763967301
0.40971443193595203,0.2327684856363685,0.21172458779441902,0.14579249463326052
0.37170147066488396,0.22172851498465956,0.20207863940846982,0.20449137494198655
0.3356982628006998,0.189064715250158,0.19045083816433808,0.28478618378480414
0.3008065003760832,0.17850740940439105,0.20387726507686998,0.3168088251426559
0.09732493161213242,0.11626982538397941,0.20489208520039245,0.5815131578034958
0.3185199714701462,0.1789065149905251,0.26472038495671,0.23785312858261876
0.37974937433075445,0.22066301686765083,0.22050031428876427,0.17908729451283054
0.3050995704831013,0.19964425027255384,0.2073229975400702,0.2879331817042747
0.23729332518579094,0.1725594121960331,0.2190897959364759,0.37105746668170003
0.2014650929894688,0.1666489010158247,0.24588673300985195,0.3859992729848545
0.10368312456774954,0.1343704475810363,0.2556565078955974,0.5062899199556167
0.3234563364592693,0.19649041638546266,0.27212814576143396,0.2079251013938342
0.3736750059387664,0.23454101228232838,0.22896919214894815,0.16281478962995702
0.32119125388730724,0.22308389351043226,0.22328938356374417,0.2324354690385163
0.34149248589130093,0.21156500782090182,0.21868622812856484,0.22825627815923236
0.34996854797202986,0.22305637150263774,0.22698036297360333,0.199994717551729
0.232460061300841,0.1917311994989403,0.22857593447053323,0.3472328047296856
0.36982491325117484,0.2210106477901263,0.2433134458629965,0.16585099309570236
0.3747895213551568,0.23592765390376333,0.21923923506309625,0.1700435896779837
0.3848838601314113,0.22718427439002828,0.20749049991231988,0.1804413655662405
0.40087613547826556,0.2260726535609517,0.20340930827056383,0.16964190269021892
0.3385587309984939,0.21806558901222436,0.21303787342818914,0.2303378065610927
0.3381327365375039,0.2186287448752606,0.22638101192984636,0.2168575066573892
0.398203471973402,0.23180210327537998,0.21680344107747873,0.15319098367373937
0.39383130900672914,0.23749704651382095,0.21032159117342525,0.15835005330602464
0.3995828492175243,0.2323548020786709,0.20477818774023607,0.16328416096356868
0.3987151267067674,0.23126729669584314,0.20499699992296763,0.16502057667442177
0.3892003972022075,0.22259028343670315,0.20088379182487778,0.18732552753621165
0.34870911275259453,0.2086895140711435,0.20396205938583814,0.2386393137904237
0.41020098530990745,0.23064260795019786,0.21526878182922482,0.14388762491066984
0.4120716363086903,0.23495940715828711,0.20105010059789657,0.15191885593512608
0.41070935043007983,0.23240193363853556,0.20004465360849005,0.15684406232289466
0.3766979316892931,0.22447241343956736,0.20449055397308896,0.19433910089805062
0.38379943248617626,0.2255542708787094,0.2106196671023233,0.1800266295327911
0.35545721070917286,0.21712018344442688,0.20917092489030523,0.21825168095609507
0.39639980813892206,0.22064728609885964,0.20729344394497273,0.1756594618172454
0.4209073655954281,0.23620202920056005,0.2047775716303684,0.13811303357364355
0.41668834511484065,0.23734598362166776,0.199782833439434,0.14618283782405753
0.38050836110104863,0.22184899896606666,0.1989500275183774,0.19869261241450742
0.34021917662258166,0.2008613193344749,0.2004876296211129,0.25843187442183063
0.29118916119158283,0.19950084404613108,0.22742229811598408,0.28188769664630214
0.3898987604488542,0.22964348895866044,0.23086194574329885,0.1495958048491867
0.41425642391396683,0.24042750252118414,0.20620257723210003,0.139113496332749
0.403763650714556,0.23239736384638532,0.19990604917749252,0.16393293626156613
0.36891844035893595,0.215173528928863,0.19961324338794836,0.2162947873242526
0.3146337987479429,0.20530787686431662,0.2168220536877088,0.2632362707000316
0.3250142544876204,0.21507143327762082,0.23469719910785355,0.22521711312690523
0.3907665788519651,0.22755717819023502,0.21769447760082078,0.16398176535697914
0.41600479948434393,0.23972965941469487,0.2071143458161067,0.1371511952848546
0.3708830074404309,0.224690622006518,0.20289284043778452,0.20153353011526665
0.32115479971471417,0.20674047184965083,0.2131067358517353,0.25899799258389977
0.3655101450882115,0.21162765330045497,0.21645172581436403,0.20641047579696958
0.316812832568831,0.20915697893960453,0.21936610938631748,0.2546640791052469
0.39861873457678093,0.23174136542745105,0.22367392495455488,0.1459659750412131
0.3970176772042345,0.23133842129417737,0.20341070350236845,0.1682331979992198
0.388105487296664,0.22354492632207823,0.20252398856835663,0.1858255978129012
0.3193824186834942,0.20515520854681196,0.20902806222837653,0.26643431054131733
0.379454880601064,0.22120220847123168,0.22258093252901504,0.17676197839868932
0.34892353184220576,0.22028922606085374,0.2144226679969426,0.21636457409999799
0.39297862390122423,0.22156897539887416,0.20891434140264528,0.17653805929725647
0.4063375496158533,0.23151943987866208,0.2058489874164498,0.15629402308903495
0.3712616008822332,0.2256076294079882,0.2073439936664284,0.19578677604335
0.3553306225238927,0.21713904930234082,0.2120039819335028,0.21552634624026368
0.3778380573119518,0.21400780575199935,0.20640737326205444,0.20174676367399444
0.32422423263573424,0.21232828626295183,0.2187431985106604,0.24470428259065352
0.39102669003377344,0.22610671789330045,0.21931256657562267,0.16355402549730338
0.4041674617407379,0.23126081886272026,0.2043075531294512,0.16026416626709056
0.3897305040115241,0.22551016708012217,0.20237473405134485,0.18238459485700884
0.3619703090495814,0.21174067925702214,0.20209712680558506,0.22419188488781142
0.38748879565614774,0.2208032715839347,0.21113617742812332,0.18057175533179412
0.3140113460397094,0.21028129739899382,0.21574474177611255,0.2599626147851841
0.3810733674536218,0.21502652271578135,0.21506031411651466,0.18883979571408205
0.4053129256010707,0.23133984963169485,0.2087492476285708,0.1545979771386637
0.36320266131743634,0.2274837607754694,0.21134039416845338,0.19797318373864098
0.35835085960204405,0.21276330990082395,0.20733447218529402,0.22155135831183792
0.3681003391528513,0.21294457235667905,0.20938905584885323,0.20956603264161638
0.25194847495374684,0.19649682898780715,0.22827496912558062,0.3232797269328654
0.3731595255103899,0.22165720627404642,0.23766002724563604,0.16752324096992763
0.39828851402072674,0.23374098338326021,0.20985825359260366,0.1581122490034094
0.35708441169950794,0.2197778175959997,0.20674940005113845,0.21638837065335387
0.38245981403514195,0.21666272444940304,0.20730830424620578,0.19356915726924917
0.3766433181168048,0.22187118800804068,0.2098672833041102,0.19161821057104436
0.2759919402115481,0.20783098447053613,0.228461041116149,0.28771603420176683
0.37311204454365965,0.21787564827941616,0.22642249389164087,0.1825898132852833
0.3969765889671321,0.23425895875463015,0.21304430832015162,0.15572014395808612
0.34357581985583074,0.22073531375119768,0.2115076893401814,0.22418117705279025
0.37589957089187304,0.2195537729859276,0.21362055344895997,0.19092610267323937
0.3976250471342326,0.22692124395564225,0.20757127401246986,0.16788243489765534
0.2279595326548238,0.19257299161054048,0.22361938738435005,0.35584808835028564
0.367127845389316,0.2187973563723414,0.24352798281396448,0.17054681542437813
0.3718828283773122,0.22353977059717267,0.21024392209860787,0.19433347892690722
0.3745949016893148,0.2183387600031357,0.20721465499812589,0.19985168330942357
0.39261268548548384,0.22146720932542419,0.20572385047810596,0.18019625471098605
0.4131056533090442,0.2317332368010556,0.20443955911426878,0.15072155077563143
0.2543298768201124,0.20245973674484705,0.22126468798205515,0.3219456984529854
0.35737084810468217,0.21169455501829035,0.2321012122836505,0.19883338459337718
0.3829651149685292,0.23056151351165166,0.21798163942674592,0.16849173209307325
0.3710627999253601,0.22954873594520242,0.2137512972965968,0.18563716683284057
0.3965092955816928,0.22678967075850037,0.20642875402928926,0.17027227963051747
0.39881571834742535,0.21936523092337415,0.19650141432482912,0.18531763640437138
0.2843205472783243,0.1986320532089284,0.21309377690401268,0.30395362260873465
0.3731125333515064,0.21678993210201875,0.22818417092365373,0.1819133636228212
0.39891169458112324,0.23481827299554753,0.2128846552244787,0.15338537719885056
0.38908603620526855,0.22243036146563272,0.19894561168174302,0.1895379906473557
0.3605958230903218,0.2125569265552015,0.2045607696574041,0.22228648069707263
0.3805267102353716,0.22296407783201844,0.21500287557664982,0.18150633635596022
0.3547585285023596,0.2221183279464191,0.21476277931415702,0.20836036423706428
