0.3356955224027802,0.21326111582646748,0.2063423638843387,0.24470099788641356
0.33200203652020616,0.21610838943153313,0.20205371519703005,0.24983585885123075
0.3324022112415401,0.2119055209853048,0.2068422552847188,0.2488500124884363
0.32983612543284874,0.2105936409071395,0.20843296314369208,0.2511372705163198
0.3230717851941554,0.21671219357343283,0.20900944105277022,0.25120658017964154
0.33067445210704416,0.21487630999532817,0.20971426376199803,0.24473497413562964
0.33574064485113636,0.2129155277837414,0.2064640380515389,0.24487978931358337
0.3351754029740621,0.21526374062075296,0.2014856585518922,0.24807519785329274
0.32784841833674083,0.21014309277546547,0.20898444984898884,0.2530240390388048
0.3333983873393479,0.20893935532094365,0.21533050087329852,0.24233175646640995
0.32579156961691563,0.21734985558218428,0.20346271432736093,0.2533958604735391
0.3306470028001565,0.2121789438524375,0.21421373692161771,0.24296031642578828
0.33946639473884327,0.21433720171295215,0.20044649370274958,0.245749909845455
0.333811108689596,0.2147530456663888,0.20193864752337817,0.24949719812063692
0.32609125023635166,0.2134544723551422,0.20558918116199815,0.254865096246508
0.33083675251207373,0.21318364386513175,0.21096375625572703,0.24501584736706747
0.3242465741492886,0.2202868110162639,0.20386891412684716,0.25159770070760035
0.33382825958355794,0.21405480646233815,0.21107809285771867,0.24103884109638538
0.3335833615991733,0.2151930000323858,0.2007661070279696,0.25045753134047116
0.33206294052455326,0.2138420814797872,0.206961690668048,0.24713328732761145
0.3257392934719908,0.21065280358826166,0.20918294030857965,0.25442496263116793
0.32947823003277577,0.21055538648854893,0.2154591643605344,0.24450721911814086
0.32335670196659694,0.21945881558984975,0.20035034667739926,0.256834135766154
0.33251576048712633,0.20939878897565248,0.21718037762833742,0.24090507290888385
0.34076439351975807,0.2133265546901974,0.198335817395367,0.24757323439467754
0.33049064219595564,0.2149090982071251,0.20213757511813527,0.2524626844787841
0.3287439318060486,0.21119181430546963,0.20954438683897503,0.25051986704950663
0.3414782954512151,0.20865075122948482,0.20912308292250523,0.24074787039679488
0.3260668466054925,0.21597311613145204,0.19968079147454937,0.2582792457885061
0.33211675177482025,0.20896366532788968,0.21431667826175585,0.2446029046355341
0.3350531305967054,0.2105760864842951,0.2061033504146312,0.24826743250436825
0.3383125366375627,0.21267359775890393,0.20583998314602164,0.24317388245751173
0.3320501931012505,0.21106028754581452,0.2006640593566443,0.25622545999629065
0.33653486841352925,0.20603336662483893,0.21542882548490663,0.24200293947672522
0.33360866397699457,0.213373449753348,0.20192023242662516,0.25109765384303234
0.3324852703577751,0.20898074549768803,0.21378503781751432,0.24474894632702263
0.34147117955517814,0.21414796265020378,0.19936142828286305,0.24501942951175512
0.3394341692717629,0.21225140935326542,0.2001964588055903,0.24811796256938126
0.33791275949526883,0.20885858170190127,0.20209947435571185,0.25112918444711796
0.3328793231007299,0.2099348876045736,0.20665366787815467,0.25053212141654185
0.3196427163229719,0.21713165495574022,0.20722844952213945,0.25599717919914844
0.3397269956071004,0.21265239648346565,0.21247376788406555,0.23514684002536848
0.3424303921949022,0.21382685189362757,0.19643067668652936,0.24731207922494092
0.33730522490790404,0.21121791410045251,0.20267399252348864,0.24880286846815475
0.32940543568418523,0.20733686615938676,0.20835846492963528,0.25489923322679275
0.3335401134947802,0.20637877702785257,0.2183951300887416,0.24168597938862557
0.3254320286664567,0.21766754328301535,0.20022333000057352,0.2566770980499545
0.3335252577676564,0.210180543397317,0.21534691953618598,0.24094727929884055
0.34459509627512086,0.21328984808334492,0.1973798118179805,0.24473524382355374
0.3389520763236915,0.21288344195100015,0.19838241267640466,0.24978206904890365
0.32910870259000774,0.21190948850704716,0.20368816762560338,0.25529364127734167
0.33600805665620354,0.20846905446766045,0.2127571245382824,0.24276576433785366
0.3275189693133087,0.21609366849418188,0.20377399910596844,0.2526133630865409
0.33332910361106477,0.21262615639500906,0.21142973358033273,0.24261500641359324
0.33947384260313235,0.21123692363387964,0.2021248636761563,0.24716437008683187
0.33826561655424486,0.21036970149487258,0.2047519740476997,0.2466127079031828
0.32921977856430734,0.20935821403194477,0.20416907146394836,0.2572529359397996
0.3284492407860141,0.2074682857246273,0.21718480458651826,0.24689766890284043
0.3289394568200499,0.21784989910039443,0.2032105111133083,0.25000013296624746
0.33666617184009673,0.21275541734828385,0.20934679638468034,0.2412316144269392
0.34650112652672876,0.21290562117391554,0.19489477195656035,0.24569848034279548
0.3372193323728737,0.21221602014402183,0.19853738297618542,0.252027264506919
0.32669458229734977,0.2088735834110238,0.21039055369320692,0.25404128059841946
0.33677470597728215,0.20812469031120873,0.2148420823091419,0.24025852140236723
0.32306884585252466,0.218616294612104,0.20269973744096312,0.25561512209440834
0.3383403045316209,0.21017132102241956,0.21485758996606472,0.23663078447989472
0.3443108015602714,0.21083359254520945,0.19514032676352874,0.24971527913099043
0.33407490972934023,0.2116994939055319,0.2046828631336552,0.24954273323147275
0.321181271640629,0.21061867321095412,0.20893486165940622,0.25926519348901067
0.3329739838726853,0.21034162572219636,0.21810097342989362,0.23858341697522475
0.3301789272265892,0.22350514493920848,0.19626549651033767,0.2500504313238646
0.3377987570516971,0.21011113355566227,0.21229860944612924,0.23979149994651147
0.34205684879293213,0.2135061813045805,0.19447123552737902,0.24996573437510838
0.3302250614496165,0.21515378025292334,0.20302801449981697,0.25159314379764325
0.322539325225324,0.21100932370703632,0.21136657329720043,0.25508477777043936
0.33450342974314273,0.211401746730005,0.21469600976178346,0.23939881376506875
0.3225657534100766,0.22106820111488576,0.19833548542084925,0.25803056005418834
0.33369416901028326,0.20846130347036593,0.21755794197194633,0.24028658554740442
0.3379182551139037,0.21227653943183403,0.2008790269043417,0.2489261785499205
0.33197097659430125,0.2135250103988999,0.20588982416818277,0.24861418883861613
0.3224634919547385,0.21106032270556116,0.20979151466780344,0.256684670671897
0.33750852389687236,0.20932876767891648,0.21570847148766012,0.23745423693655107
0.32716918309696746,0.21847384663801506,0.19854308344335014,0.2558138868216674
0.3340839607527843,0.2075887950260779,0.21842543355956526,0.23990181066157246
0.33872753016518686,0.2150533243083688,0.1954932558580666,0.2507258896683777
0.33272485411375885,0.21464554629851543,0.2052418708731402,0.2473877287145855
0.3330412689544712,0.210927149937186,0.20416929971066333,0.2518622813976795
0.3330904945311321,0.21161748568137645,0.20909943837826178,0.2461925814092297
0.3183533860925929,0.22072285213779588,0.20316182861612567,0.25776193315348567
0.33819164925407497,0.20929815281510433,0.21655510147950993,0.23595509645131077
0.33713014604893554,0.21541301310250616,0.1976542839091295,0.2498025569394287
0.33460578980632794,0.21397582668727935,0.2023113065889444,0.24910707691744835
0.3240354848433249,0.20883058462665516,0.21085701389004072,0.25627691663997937
0.3336001652017742,0.20876272043214258,0.2197064232982539,0.2379306910678293
0.3254137079569847,0.21840298269754846,0.19999385299981884,0.256189456345648
0.33319865876435917,0.20743321533274173,0.22057621138993347,0.23879191451296572
0.34942284871969914,0.21252095174855457,0.19270288910043087,0.24535331043131547
0.3305284552339954,0.21140740162306226,0.20167662450055743,0.25638751864238496
0.3259026587076665,0.21055383259465388,0.2090227259065903,0.2545207827910893
0.32829677206705393,0.2136135199003179,0.2102671478552192,0.2478225601774089
0.3312482036040229,0.21904926689880613,0.20640335557456677,0.24329917392260417
0.34083828320673726,0.21356048158952973,0.20140618415749129,0.2441950510462418
0.33577343412078015,0.21142838461539543,0.20151949335462738,0.251278687909197
0.33627382977437925,0.20930083935382496,0.20723362273043244,0.24719170814136343
0.32432477984292796,0.20731185852157716,0.212293859656277,0.25606950197921785
0.33152508099477707,0.2123407711604591,0.2141567570573682,0.24197739078739566
0.33116698354739593,0.2162253172269337,0.2005788776286488,0.25202882159702156
0.34061947223637623,0.20588907679809643,0.2149823649737472,0.23850908599178017
0.3429544495585638,0.21286236289969443,0.19270217487615326,0.25148101266558837
0.3301969720528404,0.210948776238399,0.20572067989330337,0.2531335718154573
0.33865336146509667,0.2092434930811238,0.20777890427895965,0.24432424117481993
0.33739678588893196,0.211729293709034,0.2032946180537155,0.24757930234831843
0.3269766659435695,0.21528084734292555,0.20432485172191803,0.2534176349915869
0.33859849579567636,0.2097997423256861,0.20988041729817714,0.24172134458046043
0.3405871160239845,0.21064315646931855,0.20265942104612344,0.24611030646057355
0.33743024659511067,0.21008999923269617,0.20300957634390585,0.24947017782828743
0.3259986300676209,0.2077669449336899,0.21008560994711004,0.25614881505157927
0.3352251960849968,0.20967346751583116,0.21362412442494852,0.24147721197422364
0.3339202302682284,0.2150607574521368,0.2010867308990062,0.24993228138062848
0.3365449028745505,0.20912249177298703,0.2124404504383621,0.24189215491410038
0.3455397636785443,0.21371531470107266,0.19173146747131203,0.24901345414907095
0.33411707720395944,0.21202506376971772,0.2016494672938983,0.2522083917324245
0.337367434834159,0.20723545487256922,0.2099447007552271,0.24545240953804473
0.33492220496440983,0.2104400137495166,0.2038321241627386,0.250805657123335
0.32144522834241057,0.21890636637238578,0.2053455103228564,0.2543028949623472
0.3434792961300509,0.20785174171449264,0.21372483904973816,0.23494412310571833
0.3477072525654282,0.20827016386860753,0.19678894225235266,0.24723364131361156
0.3277292450275658,0.21332308954173634,0.2012706869534174,0.2576769784772803
0.32888970628189784,0.2017878261323087,0.22191402019817125,0.24740844738762224
0.3391689219724038,0.20701081301815852,0.21785015581288722,0.23597010919655054
0.3278514876331225,0.22006501631818912,0.2005320166577933,0.251551479390895
0.3352771845438575,0.20556278810385573,0.2197812352526925,0.23937879209959434
0.3435963859609084,0.21455113628029052,0.19955247678532473,0.24230000097347643
0.33743850253536917,0.21849932734138722,0.19266343186630705,0.2513987382569366
0.31821217916414646,0.21149344761165806,0.21084776943818834,0.2594466037860072
0.3209080055898317,0.22197832053221697,0.20956330315600658,0.2475503707219448
0.3152695083141135,0.23453829327492115,0.20014112812951348,0.25005107028145196
0.33306456228775544,0.22130722570392608,0.21287919631267027,0.23274901569564832
0.33736801889263063,0.22175708942827632,0.19115682538546247,0.24971806629363055
0.3141409169346872,0.22133642456603253,0.20589454648943323,0.258628112009847
0.30806500901735134,0.2153115489218625,0.2220475100928963,0.25457593196788997
0.3140416122925684,0.2207310385698746,0.2196679030866026,0.24555944605095437
0.3084242955290581,0.22851723341706942,0.21046888475836154,0.2525895862955109
0.3223219947839078,0.21566939863300627,0.21789913115235263,0.24410947543073327
0.3215786855536382,0.22020297944032602,0.20634908301147456,0.2518692519945611
0.32293403622125394,0.2204626911263078,0.20828473484890703,0.24831853780353125
0.3182843711494478,0.21340938992244599,0.2126144637660258,0.2556917751620803
0.32238683009611213,0.21958044566403112,0.21173850818395323,0.24629421605590346
0.31446003032152803,0.2231148123625607,0.2060821640645309,0.2563429932513805
0.3323289027973128,0.210476366498288,0.22006256196910673,0.23713216873529255
0.33362776634207764,0.21946559708795982,0.19656398717771878,0.25034264939224365
0.3238233533229428,0.21362192166875857,0.20990552757608846,0.2526491974322101
0.32872368708527155,0.20741284933178267,0.21616530133299006,0.24769816224995583
0.3244763465843437,0.21608094999013655,0.21050831480078686,0.24893438862473286
0.32248069830844794,0.21727082445925125,0.2081172108802017,0.25213126635209904
0.3359891856126297,0.20856935659497106,0.2153635547199095,0.24007790307248977
0.3367977766761488,0.216997365927937,0.19450683056866178,0.25169802682725234
0.32928010817526204,0.21367069864855057,0.2031791098576374,0.25387008331855
0.32700138374937265,0.2098839037552432,0.21372462262763464,0.24939008986774952
0.336784695677663,0.2143181381687157,0.20797144402771045,0.24092572212591093
0.32225968915069014,0.21822182748289884,0.20276995137130938,0.25674853199510167
0.3393183058258504,0.20953627352476656,0.21565891460908906,0.23548650604029403
0.340806449876297,0.2112546118392938,0.19816367788033037,0.2497752604040787
0.33092255502789475,0.20911794609948228,0.20828420069885029,0.25167529817377277
0.3219961594607627,0.21065884778879915,0.20931472506400378,0.25803026768643444
0.32804999160225357,0.21039244453184272,0.21881417844887946,0.24274338541702417
0.3338535815796589,0.2186170979473176,0.20277181140478934,0.2447575090682343
0.3341343908537257,0.2140581770427422,0.20714264155747641,0.24466479054605578
0.34297829648110845,0.21475545088934772,0.1967732230896581,0.2454930295398856
0.3378770399757372,0.21252412672693038,0.19815949039574504,0.25143934290158737
0.3257452182858366,0.20908888231943315,0.21086650464862058,0.25429939474610974
0.32249619229963156,0.21316501991359962,0.21326430169388155,0.2510744860928873
0.319441972212338,0.22180907498744235,0.20927639711699542,0.24947255568322438
0.34275018603138385,0.2139040776274902,0.21030915837477282,0.2330365779663532
0.34562490878587154,0.21168816941812696,0.192038532733503,0.25064838906249853
0.32422616943715654,0.21065782295761698,0.20676398588286526,0.2583520217223612
0.3193326041098396,0.20764491063640697,0.2195380372104784,0.2534844480432749
0.3257214471566808,0.2150061628997235,0.21735357488050133,0.2419188150630944
0.3362384838770685,0.22264562334034158,0.19983494493050483,0.24128094785208498
0.33421389787042804,0.21204569398963194,0.20584938280710702,0.24789102533283308
0.3390654088456267,0.21360761620223415,0.19937073377790795,0.24795624117423107
0.3311115427771568,0.2150485170148821,0.20142978829753558,0.25241015191042554
0.3185929110051238,0.2119896194234725,0.21484808623233997,0.25456938333906354
0.33313107833735217,0.21621385400183177,0.21120440328877532,0.23945066437204082
0.32077209762634046,0.22190074870654644,0.20135657399402346,0.25597057967308967
0.3393754835019095,0.21061110497211366,0.2149655412562313,0.23504787026974555
0.33565169626759084,0.2126411501329511,0.19823695033822286,0.25347020326123515
0.32508566380804244,0.21180102736978,0.21265308274981218,0.2504602260723655
0.31767679689025646,0.21426175602590655,0.2112644392028261,0.2567970078810109
0.33148670024195764,0.21202905110838488,0.21969533450280163,0.23678891414685585
0.33377805641682157,0.2205307778694073,0.19662438322835768,0.24906678248541342
0.329078350301736,0.21146940153337493,0.21191378270017266,0.2475384654647164
0.3350106926891976,0.2154047972238435,0.20150049683180032,0.2480840132551585
0.3295081118588187,0.21682040917075066,0.2033743663883603,0.25029711258207027
0.3250110091712553,0.21432549433040998,0.20971720507790348,0.2509462914204313
0.3290821698834803,0.21444963080736865,0.21004254177110984,0.24642565753804124
0.3200189621985893,0.22109707720615945,0.20553162748087656,0.2533523331143747
0.3349624618282924,0.2133506779559761,0.21313343845634453,0.2385534217593869
0.33679415818462843,0.21236659124118884,0.20143423610578787,0.2494050144683948
0.3250799784272785,0.21367862240222985,0.2084854711763616,0.25275592799412994
0.31825315576632485,0.21148603304799884,0.21528470338354969,0.2549761078021267
0.33105249898218175,0.21214263166423497,0.2180917555435438,0.23871311381003937
0.32986327280388644,0.22096046399250086,0.20063008833690482,0.24854617486670802
0.33107464786845037,0.21113006465086742,0.21302094196834567,0.2447743455123366
0.3348932429901908,0.21676314726784107,0.19863730245799852,0.24970630728396964
0.3294668796158842,0.2182260775702091,0.20233767660487778,0.24996936620902888
0.32574540197801766,0.21281878824707612,0.2107211793826524,0.25071463039225383
0.3278074719335834,0.21729377976031206,0.20684444139869848,0.24805430690740615
0.31737518514471413,0.22434928853651545,0.20390902442803657,0.2543665018907338
0.33539968200531967,0.21150129894429,0.2169191194940402,0.23617989955634996
0.3396560285451213,0.2134288410622938,0.19861770469766674,0.2482974256949182
0.31901691922104575,0.2155388804572437,0.20751248189519828,0.25793171842651236
0.32249985752674676,0.20660582085768392,0.22294142782486417,0.2479528937907052
0.32979935698433815,0.21313468080207645,0.21494712199542235,0.24211884021816316
0.32533319275479616,0.22148980920064257,0.2014689301818503,0.2517080678627108
0.3305877177359198,0.2078417096569943,0.2173480844433559,0.24422248816372996
0.3341365940197165,0.2169012991196363,0.20040484552202678,0.24855726133862044
0.32990672113927616,0.22029729245441734,0.19987633365616442,0.24991965275014202
0.3270241346679533,0.21191644879898866,0.21144450957623334,0.24961490695682462
0.3371933577240209,0.21593338688639868,0.20462820827267728,0.24224504711690303
0.3174048279788088,0.22259260967554265,0.1984132945918145,0.26158926775383395
0.33204094147932717,0.2094534827507022,0.22110294518440307,0.23740263058556757
0.33455168276381786,0.21341407025666395,0.20472286594419872,0.24731138103531955
0.32514574983953776,0.21634983465794091,0.20871254733387512,0.2497918681686462
0.3249740306421551,0.21068232758670455,0.2138607140730554,0.25048292769808495
0.3364637058358657,0.20708141218360943,0.21725021897158728,0.2392046630089376
0.3229996372996094,0.21828139275823039,0.19947348728817407,0.25924548265398617
0.3222293820472596,0.20894336634568828,0.2208740962943287,0.24795315531272347
0.33324479872193347,0.21824071703089898,0.2025246366082646,0.2459898476389029
0.3347163830544206,0.22133398396483167,0.19893334031073298,0.24501629267001482
0.333225591139839,0.2146088540594769,0.20236165045205726,0.2498039043486268
0.3308245828589191,0.2126367086787217,0.2099637574525676,0.24657495100979174
0.32237804865984887,0.21979150383452686,0.20602026920134184,0.25181017830428243
0.3310670658357053,0.21389257452371988,0.21236196661723672,0.24267839302333807
0.33557859848111476,0.21295848818246127,0.20396032033503178,0.24750259300139224
0.3250014532052615,0.21195069053861673,0.20959979158696593,0.2534480646691557
0.31250727573229214,0.21208249459790807,0.21585138644529578,0.2595588432245041
0.32922965709656526,0.21537394542859103,0.2173466698395906,0.2380497276352531
0.33486489927866175,0.2188587489520929,0.20130094329298898,0.24497540847625637
