0.29469857542345834,0.2390559075802314,0.22655421990593771,0.23969129709037243
0.2954648150833697,0.23755158015224068,0.2245148956583908,0.24246870910599877
0.29726689055368727,0.23776238839033317,0.22236608405622,0.2426046369997595
0.2972260865103133,0.23756133428045678,0.2230316113657227,0.24218096784350726
0.29357913035978683,0.23801271682615777,0.22768034953546054,0.24072780327859486
0.2965567897975764,0.23745354294871066,0.2225807987122084,0.2434088685415045
0.29488857119858897,0.23742368219594467,0.2245832295184379,0.2431045170870285
0.29439083703401675,0.23888505516000932,0.22654272184328414,0.24018138596268981
0.29996874775246063,0.237396313856972,0.21935142478498829,0.24328351360557915
0.2929306643008452,0.2380914330847442,0.22895124639718342,0.24002665621722716
0.29444207075476625,0.23840890558511565,0.22603276127765332,0.24111626238246475
0.29560745511124625,0.23673731982710022,0.2224559230738983,0.24519930198775522
0.2935697609266387,0.23921136904966273,0.22739674164776164,0.23982212837593694
0.2936630786009188,0.23859856072449848,0.22717746810610484,0.2405608925684778
0.2978793768720539,0.23849580300116127,0.22219695651453258,0.2414278636122521
0.29425068775208624,0.23803252570434624,0.2270213718135212,0.24069541473004633
0.29480774565665885,0.23863805708859276,0.22616356887399697,0.2403906283807515
0.29719068426698564,0.23683024650013967,0.22147909070969957,0.24449997852317512
0.2980197941992392,0.23803260576465698,0.22220718132592976,0.24174041871017404
0.29646779594960354,0.23746454719785715,0.22440941619552104,0.24165824065701821
0.3009747055591793,0.2366157393779665,0.21846145596238434,0.24394809910046983
0.2936918795866949,0.23622626365135815,0.22658096923521917,0.24350088752672785
0.295934074605541,0.23781172978258353,0.22347035044999866,0.24278384516187682
0.29558688381672965,0.2362930790854575,0.22231415656799816,0.24580588052981486
0.29286581310572274,0.23949029685075682,0.22852771711101444,0.239116172932506
0.2952096140431102,0.23813845292059588,0.2248085633960261,0.24184336964026792
0.2980515731408951,0.23841833547654892,0.22224546022877836,0.2412846311537776
0.2926291625811036,0.23824913467497144,0.22927501954461818,0.2398466831993067
0.29499411126961994,0.23844923526630848,0.22520258088115255,0.241354072582919
0.2972347840993692,0.23687017695961676,0.2210840025490536,0.24481103639196053
0.29425277497483343,0.23901750368958183,0.22723333016825514,0.23949639116732968
0.2904284849291301,0.23843704313584546,0.23112258508625674,0.24001188684876776
0.2988845722545846,0.23828842170535744,0.21938868579347404,0.2434383202465839
0.2912026025287496,0.23809262357662672,0.2299612440951338,0.2407435297994898
0.2918195252947354,0.24068896754300664,0.2305226592492897,0.23696884791296824
0.29376623308333577,0.23738126243541705,0.22496624070692858,0.24388626377431857
0.29108156709286237,0.2401777240194417,0.23066448109885332,0.23807622778884255
0.2926128277073094,0.2391365861250029,0.22819449818358373,0.24005608798410388
0.2941906924329268,0.23945904346411764,0.2267357871300984,0.23961447697285718
0.2925463955360044,0.23916639467215778,0.22912125629526356,0.23916595349657419
0.2941019680946253,0.23916668198522806,0.22686922005818883,0.23986212986195787
0.29246708850067693,0.23836823482175012,0.22810326756512997,0.24106140911244292
0.2941279241143831,0.23928335010162882,0.22646073512871243,0.24012799065527562
0.29577050502196156,0.23834526209635593,0.2244237129642477,0.24146051991743478
0.3000342303683086,0.23853131673723288,0.22084698736100267,0.24058746553345595
0.29081580629623494,0.23777175011816323,0.2316475910878632,0.23976485249773863
0.29316078092365416,0.23871477869405933,0.22670405858583925,0.24142038179644731
0.29353007001642656,0.23683340065416097,0.22367663550558078,0.2459598938238317
0.2911581986291949,0.24056604915894264,0.23059122620823236,0.2376845260036301
0.29268218939247537,0.23932470174273487,0.22855987321736101,0.23943323564742877
0.29699983323282614,0.23954560447194553,0.22403656237356645,0.239417999921662
0.2934604086984195,0.23850748692592605,0.22846568111651536,0.23956642325913918
0.29381172407458217,0.23895606473068898,0.22740031000515387,0.23983190118957506
0.2957732695516234,0.23714490533246962,0.22288464091345495,0.244197184202452
0.2964355407679883,0.23865780505899223,0.22390005084308773,0.24100660332993193
0.292778490108149,0.23839525370990736,0.22879653803793581,0.24002971814400784
0.29787724904968604,0.23833906339577213,0.22196042043708086,0.241823267117461
0.29259741997018673,0.237321761087267,0.22779318278249824,0.24228763616004798
0.29059874868766494,0.23964798839490148,0.23092390869356608,0.23882935422386756
0.29274174913251366,0.23792652891873875,0.2258242750299791,0.24350744691876847
0.2922550506825996,0.23998259363134816,0.22868807184496592,0.2390742838410864
0.2941300224318659,0.23973681904973682,0.22747267465156992,0.2386604838668273
0.2973643387563606,0.23911172375411793,0.22405799204290408,0.23946594544661726
0.29224840004291663,0.2383643269591819,0.2298677101825284,0.2395195628153731
0.29424000384158044,0.23842016854158665,0.22576401555295028,0.24157581206388257
0.294634953296754,0.23731538502244334,0.22389273643570778,0.24415692524509486
0.2949129420719475,0.23947472311890142,0.22607128696937395,0.239541047839777
0.2918388199896439,0.2386254911574988,0.22979022392031292,0.23974546493254442
0.2992445854367459,0.23876063556642457,0.22053393056783652,0.24146084842899299
0.2901849131606031,0.23756200261671295,0.23127153191206992,0.24098155231061402
0.2912170596054894,0.24034351196537088,0.23020499681433534,0.23823443161480432
0.29694414674727265,0.23709097297653642,0.22023392560943403,0.24573095466675693
0.2944740448121488,0.2403912642289183,0.22790199087129265,0.23723270008764036
0.2954015288331191,0.23884410031802747,0.2266628606523064,0.2390915101965471
0.3014459965865198,0.23699622160092026,0.21813927525585375,0.24341850655670622
0.2922189481717569,0.23691828242299734,0.22903112619783325,0.24183164320741254
0.2966896726653395,0.23802231894891115,0.2225407701973462,0.24274723818840307
0.29888512127159317,0.2357188148121893,0.21829782729167646,0.24709823662454108
0.2945587367956518,0.23942126730910174,0.22764514851063858,0.2383748473846079
0.294342629169381,0.23752225658654305,0.22624603848354205,0.2418890757605339
0.3007313948031391,0.23707239650517314,0.21769311109016323,0.24450309760152455
0.2909582990678122,0.23752879662950396,0.23045481780709687,0.2410580864955869
0.29426399579050055,0.23936732858887938,0.2262017682740575,0.24016690734656262
0.2955326643758473,0.2367002887439368,0.22237990596766813,0.24538714091254776
0.29366413409894454,0.2401861963072996,0.22833784596482193,0.23781182362893385
0.2927996749790153,0.23830408485619495,0.22831467375038086,0.2405815664144089
0.29812526535390976,0.23869113588369423,0.2217252815749694,0.2414583171874265
0.2925443885296465,0.23776905297605397,0.2285492846343019,0.2411372738599976
0.295698409937595,0.23935148108013493,0.22514921927836926,0.23980088970390076
0.2969582726416782,0.23665719853930353,0.22185451308322215,0.2445300157357963
0.29370804337591727,0.23927622954828612,0.22813551021810793,0.23888021685768876
0.2966794879332934,0.23744532660355672,0.22295008211492157,0.2429251033482283
0.3024172850293811,0.2368868402771586,0.21663032491517106,0.24406554977828923
0.2899926113038638,0.23778775438812277,0.23271804607146154,0.2395015882365518
0.2965466158600554,0.23842237848749445,0.22257774376448472,0.24245326188796554
0.29548949028663507,0.23592106115451614,0.22162357570936983,0.24696587284947902
0.2918897145637097,0.24066942931204455,0.23066190895790145,0.23677894716634423
0.29494040621217515,0.23793308408792144,0.22499762265931983,0.2421288870405836
0.2957906191950662,0.2389744325724839,0.22496254123931103,0.2402724069931388
0.2934263361155339,0.2383886416646691,0.22789990753237524,0.24028511468742175
0.29099140086997494,0.23881588200489495,0.23018689173195314,0.240005825393177
0.297204082110923,0.23814804727275032,0.22116919804883228,0.2434786725674945
0.2963982025008156,0.23856783637245965,0.2243139277636775,0.24072003336304712
0.29529699740609267,0.23933927482475506,0.22726862258078642,0.2380951051883659
0.2992163886393461,0.23668939575715847,0.22035358610024813,0.24374062950324732
0.2897161972250341,0.23735852416526249,0.23147804796129043,0.24144723064841297
0.2950232196132595,0.2385802404664548,0.22352244023893525,0.2428740996813505
0.29159033170528026,0.23756173165644426,0.22730402543759165,0.24354391120068383
0.29142298542402445,0.24121048076667873,0.23098800442147874,0.23637852938781811
0.2948258416820502,0.23854465314391604,0.22546533521398576,0.241164169960048
0.29237449290479195,0.23996636926537185,0.23001684337549472,0.23764229445434157
0.29138509854050854,0.23885673670790922,0.22992073901683704,0.23983742573474512
0.2949383529058095,0.23878496083297684,0.22454608796956363,0.24173059829164992
0.29582715326672976,0.23867913654240788,0.22458918975115427,0.24090452043970806
0.2924918347434702,0.2394920599375234,0.2300605487726655,0.23795555654634096
0.29432804970906584,0.238411839671541,0.22612020664775453,0.24113990397163865
0.298225406270404,0.2375913176418442,0.22070776985191287,0.24347550623583897
0.28950427038083465,0.23872425863973193,0.23282606569932449,0.238945405280109
0.29189424111261203,0.23945528392574725,0.22857917444834092,0.2400713005132999
0.29186011116059196,0.23798861667171656,0.22686731968973356,0.24328395247795792
0.29216480181715354,0.24074087381966938,0.2295321273845648,0.23756219697861236
0.2933934185870566,0.23935768048925574,0.2281222504850421,0.2391266504386457
0.29321249996159915,0.23982305070938664,0.22888093500487,0.23808351432414418
0.29342535519885343,0.2385568126944097,0.22738260732523624,0.24063522478150057
0.29391244825970814,0.2387489563669516,0.22648695864237267,0.2408516367309677
0.2953040012577211,0.23853503778327675,0.22493833387284742,0.2412226270861547
0.29221033567749705,0.2388978582205959,0.22933943545192184,0.23955237064998522
0.2955656104304284,0.23878938065715116,0.2246781511545862,0.24096685775783433
0.3007495123901368,0.23735165731269528,0.2185452903869506,0.24335353991021721
0.2860125225723353,0.2388469499456353,0.23802804930266858,0.23711247817936076
0.29114508161947317,0.23969119499012076,0.22821318956372727,0.24095053382667891
0.2977715605836097,0.23734903850019962,0.21800928831698235,0.24687011259920824
0.2877024810718093,0.24167032625190976,0.23716107958700644,0.23346611308927437
0.2918035191910966,0.2403485432764603,0.2303736634452188,0.23747427408722424
0.2994285801094103,0.23791942929854515,0.21913276315214952,0.24351922743989507
0.2909077526104241,0.23954877435866387,0.2322679717872995,0.2372755012436125
0.2949848095657309,0.23929138032535682,0.2260793158607953,0.23964449424811685
0.299505766121123,0.23642484217665255,0.21845659754995408,0.24561279415227036
0.30149687086378574,0.23805539882905422,0.21953319094113694,0.2409145393660232
0.30508051452729135,0.2346015490516014,0.21506942433936063,0.24524851208174664
0.30761517195300647,0.23097726004637317,0.21060871840825574,0.25079884959236454
0.29906796363543575,0.23022843816287622,0.2184571100172539,0.252246488184434
0.2988004877270723,0.23160012354754367,0.21675675547119433,0.25284263325418965
0.3064770057408687,0.23083735294840352,0.20636610942013214,0.2563195318905956
0.2987705813504527,0.2354830036517921,0.22083005544008052,0.24491635955767477
0.2982186502125937,0.23606799859168295,0.22214940671103095,0.24356394448469235
0.30448973345409647,0.2329015056924626,0.2117787211516554,0.2508300397017855
0.29369018825367205,0.23575413403672713,0.2264255005134829,0.244130177196118
0.30083369297293683,0.23620195622933712,0.21713395370586744,0.2458303970918586
0.29940492610232355,0.2346397264812039,0.21802597791788966,0.247929369498583
0.2955816271025975,0.2385114229503198,0.226148690544169,0.23975825940291365
0.30181628394667226,0.2350091030431974,0.21604971238217696,0.24712490062795342
0.3003591294567088,0.23574960615173154,0.21894720931440212,0.24494405507715755
0.2932079068311402,0.23681621945361253,0.2279797160803618,0.2419961576348854
0.29838010677391835,0.23616500704991059,0.21914279139517104,0.2463120947810002
0.29553533079779165,0.2364255792628005,0.2227160132912772,0.24532307664813072
0.29191846626623374,0.23939438130629034,0.22981452537414906,0.23887262705332682
0.29795154134243346,0.23770194822373364,0.22097808716233439,0.24336842327149857
0.29558320415022854,0.2382842039367778,0.22530919972294805,0.24082339219004567
0.2907285644761771,0.23903808470041957,0.2316879441899764,0.23854540663342694
0.2993855580060235,0.23750982360194003,0.21859097397904712,0.2445136444129894
0.2954867046654539,0.23759336006812068,0.22464417405553574,0.24227576121088965
0.29609251574780854,0.23942295005976674,0.22597883121682932,0.2385057029755954
0.2958760403030833,0.23648582443312882,0.22368347631992946,0.24395465894385848
0.2983013266906685,0.2377293155265971,0.22128076433106134,0.24268859345167315
0.29072684261970366,0.2371801249447275,0.23004356631574188,0.24204946611982697
0.2903429337709964,0.2394423409386042,0.2302065632783675,0.24000816201203187
0.2948830169426301,0.23795831939447323,0.2227525723127366,0.24440609135016003
0.29367420900253954,0.2404290747499971,0.22833907690630698,0.23755763934115628
0.295338562569292,0.2396209833332298,0.22709903877804094,0.23794141531943735
0.2966310020776224,0.23811007678895807,0.2244028633980937,0.24085605773532578
0.2951875210618486,0.23749086518483825,0.22517770868727796,0.24214390506603517
0.2951382260547287,0.23754073143841037,0.2244930007273382,0.24282804177952275
0.2944544185681134,0.23774144212296947,0.22513957983074825,0.24266455947816898
0.29639463886635464,0.23838638719942085,0.22359435958019422,0.24162461435403015
0.29802032271444545,0.23788865458732192,0.22238071554352812,0.24171030715470446
0.2997549249314624,0.2374339111526357,0.22102614626956404,0.24178501764633784
0.2900402801379976,0.23721165761097726,0.23183984482762918,0.24090821742339594
0.2908928558438429,0.23829677551860046,0.22812294717550483,0.2426874214620518
0.299082676638149,0.23734801453963897,0.21666331883009557,0.24690598999211638
0.2932715759400887,0.2404682747283422,0.22974306415831744,0.23651708517325173
0.2957706989068553,0.2398935362631308,0.22722814083514323,0.2371076239948706
0.2983310377803973,0.23652999053353438,0.22117098795981563,0.24396798372625278
0.29241349839337033,0.23774971392210048,0.2285025667556302,0.241334220928899
0.299124841338496,0.23727528587848165,0.21907045524423566,0.2445294175387868
0.2964388797988187,0.23706046179442727,0.22315309579604783,0.24334756261070611
0.298338222491199,0.2387208001394235,0.2230726401684117,0.23986833720096581
0.2964681561234351,0.23611231312404007,0.223398143642685,0.2440213871098398
0.30060759822403965,0.23686137368959853,0.2185827063081061,0.2439483217782558
0.291566734245559,0.23613458823157074,0.22860645768558793,0.2436922198372823
0.2937076354402405,0.23897069817651562,0.2260507833782025,0.24127088300504135
0.29843007545374145,0.2365443858905358,0.21862030546706718,0.24640523318865565
0.2950000154244987,0.24000782010380298,0.2275221057263758,0.23747005874532248
0.2954415142312457,0.23817909373120455,0.22614813070549653,0.2402312613320532
0.29772311180450245,0.2371364294354262,0.22176435699954264,0.24337610176052862
0.2963843196057346,0.2369479083390492,0.22318841853228694,0.24347935352292926
0.297606776155415,0.2375173771699957,0.22227773542391388,0.24259811125067554
0.29777864307314855,0.23676036212710336,0.22184266015761972,0.24361833464212843
0.2978992708556063,0.23719091985233776,0.22221682533147238,0.2426929839605835
0.29692036495962365,0.2365308671660695,0.22275405770923626,0.24379471016507057
0.30137725192126674,0.23620068760532206,0.2173094794319815,0.24511258104142963
0.2918824778667553,0.236709203370502,0.22901450930949954,0.24239380945324324
0.29289861145022167,0.23854527933075068,0.22701253002236949,0.2415435791966582
0.2983026090920356,0.23660400218617086,0.21836318743299393,0.24673020128879958
0.29430053111312215,0.23974806312218322,0.2277722236811863,0.2381791820835083
0.29458505037367144,0.2388783322182794,0.22739397880830028,0.23914263859974888
0.2987496148282756,0.23721842465162615,0.22062123586717242,0.24341072465292582
0.2948110712297264,0.23737047698464406,0.22563874582518206,0.24217970596044758
0.2983522346226956,0.23769645344057658,0.2214109778632238,0.242540334073504
0.29960347427031747,0.23605481533888514,0.21932917674295707,0.2450125336478404
0.2971350893648742,0.2375237590970736,0.2238782460303952,0.24146290550765687
0.30052632619517256,0.23553250796693423,0.21824354526011727,0.24569762057777603
0.303230925832184,0.2346081281453849,0.21498585841986645,0.24717508760256468
0.29155721431011294,0.2364578112049366,0.2298771887444052,0.24210778574054526
0.29414489431862734,0.2372554402347045,0.22430913346074866,0.2442905319859196
0.29993859422551306,0.2359918823295223,0.2157093304753549,0.2483601929696097
0.2910201704663845,0.23988887835466874,0.23186202730355762,0.2372289238753891
0.2941114289873419,0.23933341233228117,0.22735879210756285,0.23919636657281415
0.2996332076567426,0.2370125835474157,0.21886251584858255,0.2444916929472592
0.2920360598081225,0.238812935730342,0.23027968942137653,0.238871315040159
0.3003162366165296,0.23786021197111923,0.21914741058683151,0.2426761408255196
0.29939964417823967,0.23574289347978294,0.2195694652727447,0.24528799706923268
0.29715562281371005,0.23814366482612567,0.22456014353338458,0.24014056882677975
0.2985024978593454,0.23506108134670606,0.21997526229313824,0.24646115850081024
0.3037899987684133,0.23516390620744185,0.21397427175686107,0.24707182326728372
0.29304905751665905,0.23613615469059226,0.22778146716259684,0.24303332063015182
0.29449645139870706,0.23793413261994167,0.22528686468243672,0.24228255129891446
0.2977594908691693,0.2356569972861655,0.21853910904606955,0.24804440279859558
0.29087008113333734,0.2396019462951652,0.2310920796600216,0.23843589291147582
0.2914008655846478,0.23906659137225325,0.2296396232161975,0.2398929198269015
0.2991696291661661,0.2384328774822098,0.21958150022260944,0.2428159931290148
0.29612074777701686,0.23874064009390764,0.22577006488172321,0.23936854724735224
0.29828825664600295,0.23858607970363002,0.22368905175099388,0.23943661189937315
0.3006243733764172,0.2349489622119185,0.21802306526769114,0.2464035991439731
0.2970325462544737,0.23625072600271743,0.22278506661227382,0.243931661130535
0.2983240068991149,0.23567416887648368,0.22011301180312562,0.24588881242127583
0.3011944295330492,0.2355093769693611,0.21677261376473717,0.24652357973285238
0.2914535009142562,0.23731194288605376,0.22997381238491188,0.24126074381477822
0.29318868697193623,0.23820476115523428,0.22637661026159275,0.24222994161123682
0.29524621568604237,0.23710275165358521,0.22215965765274936,0.24549137500762308
0.2968743690686633,0.23979423681133033,0.22422772060604096,0.23910367351396536
0.2945580176695363,0.23864942101654757,0.22772102691170068,0.23907153440221549
0.2957671819734846,0.23847822094451845,0.22537373570821817,0.2403808613737788
0.2946653582099707,0.2367153583078415,0.22446930999767534,0.2441499734845126
0.30177159394614506,0.23755384504436208,0.2169447452313095,0.24372981577818328
0.2965505321126192,0.23688863696838347,0.22430897078251033,0.24225186013648697
