0.30042809167621604,0.2305111151405839,0.2395081204468154,0.2295526727363846
0.3012419531921389,0.23176736384766816,0.23832001799994518,0.2286706649602477
0.30044256757560983,0.2325990225285084,0.2380964406676394,0.22886196922824234
0.3001250321587196,0.2326970463237541,0.23825382123910924,0.22892410027841706
0.30260897062757,0.23013330418332928,0.23915572996501183,0.22810199522408883
0.302133569156054,0.23129023580690972,0.23811988244275822,0.22845631259427804
0.2980585126722424,0.23544561515247828,0.2368063676634258,0.22968950451185338
0.30160404896727394,0.23084925211956467,0.23934212238584385,0.22820457652731763
0.2992259914065548,0.2333019291697595,0.23807812747956686,0.2293939519441189
0.30063773269977684,0.23177321693001599,0.23888047808092835,0.22870857228927885
0.30502736312441153,0.22743463966939295,0.23993695844570087,0.22760103876049462
0.2969576314760198,0.23708073577844077,0.23572696640135316,0.23023466634418627
0.30003715272497605,0.232382815150688,0.23892183504023246,0.2286581970841035
0.29929814045894476,0.2325491741478897,0.2388509523706717,0.22930173302249385
0.300118347547941,0.2318727846797181,0.23903817671664004,0.2289706910557008
0.2991938628771193,0.2328773890595005,0.2385640793212525,0.22936466874212763
0.3041136501984776,0.22815153630695323,0.24009514164431836,0.22763967185025077
0.2987212382222138,0.2348253541561556,0.2367990310218279,0.22965437659980267
0.3006460597815791,0.23219434328796604,0.23858611304934704,0.22857348388110782
0.3013546119767201,0.2312650285167082,0.238834665598227,0.2285456939083447
0.3036777605959042,0.22933950776921325,0.23902311388761235,0.22795961774727022
0.30102813668830364,0.2330356816281553,0.23714602922617076,0.22879015245737042
0.3054038651744951,0.22791714125470905,0.23912851020007783,0.227550483370718
0.2960180566845922,0.23844508440375126,0.2350835372171136,0.23045332169454294
0.30158281195185876,0.23089820320791093,0.23954045204838426,0.22797853279184607
0.29870138491439585,0.23347230839385977,0.23821358124895536,0.22961272544278905
0.29964019065304087,0.23237269505274336,0.23890279964678654,0.22908431464742923
0.30064564949660844,0.23139248076871788,0.2391716669482129,0.2287902027864608
0.30406314288495984,0.2284883182765942,0.23962210216404492,0.22782643667440106
0.29675561399804706,0.23681454198139135,0.23610170775956105,0.2303281362610006
0.30082464922659147,0.23140316195222313,0.23938611381451252,0.22838607500667285
0.3014135642114969,0.23085692476367975,0.23913166871466657,0.22859784231015684
0.3003905867704045,0.23255317403358566,0.23810708323366508,0.22894915596234477
0.29416928605466636,0.2374973436400206,0.23691525971134794,0.23141811059396514
0.30550308459022724,0.22552223572614033,0.24230293050177718,0.22667174918185531
0.29459562543619155,0.23772127241458185,0.23615176728976403,0.23153133485946256
0.29980127228096953,0.23148962444193397,0.23996288158589407,0.22874622169120232
0.29764616763957974,0.23324691907345824,0.2390346205140033,0.23007229277295876
0.29829840255428014,0.23258734367751713,0.23942597711031233,0.22968827665789035
0.2987994287147775,0.23212279842974226,0.23955416665675353,0.22952360619872672
0.3010732039952518,0.2304401290497138,0.23982705175470895,0.22865961520032535
0.2982245087343023,0.23383516283487016,0.2381042955056815,0.22983603292514615
0.3004957495532497,0.23139692996295505,0.23936897866892004,0.22873834181487512
0.2971506526696163,0.23450981703430548,0.23810566977402003,0.23023386052205808
0.30096833426319863,0.23048966134573054,0.24002605018059353,0.22851595421047738
0.3013954878320468,0.23078815469188488,0.23914367625742844,0.2286726812186399
0.3059717356166333,0.2265104308145235,0.2398694708674563,0.2276483627013869
0.29312352397915514,0.24089053039282668,0.23428600413606412,0.23169994149195408
0.2988932403976732,0.23220943929079976,0.23998973858330475,0.2289075817282223
0.2967222563379758,0.23344744943931162,0.2393824965035331,0.2304477977191795
0.2994034298521845,0.23112121688704607,0.24025288590795613,0.2292224673528133
0.2990679384713183,0.23205450921960155,0.2393666095312641,0.229510942777816
0.30425791756640763,0.22767446392162327,0.24041868630767502,0.2276489322042941
0.2980816441673904,0.2353416159207382,0.2366538164881079,0.22992292342376344
0.2996761968189485,0.23280605210825825,0.23860308520853712,0.2289146658642561
0.3000152856686686,0.23198059422161205,0.23901103820599448,0.2289930819037249
0.30274490062709675,0.22967253568718154,0.23946710184546163,0.2281154618402601
0.297384223712991,0.23558066146876577,0.2369231656090361,0.23011194920920713
0.30412314932484946,0.2282189741445999,0.24028001476047134,0.22737786177007924
0.2956144169238083,0.2371621836114418,0.23631961577543878,0.23090378368931108
0.2967184376860216,0.23417282942072434,0.23899792756499552,0.23011080532825856
0.29750288328729235,0.2324108182043398,0.24009856335843732,0.2299877351499305
0.2998522685855598,0.23065237183455137,0.24038228038251486,0.22911307919737392
0.30130872139780207,0.23035648840658784,0.23964612556228115,0.2286886646333289
0.30381302955780776,0.22887346459772412,0.23932423299164438,0.2279892728528239
0.2961675409824147,0.2373337689799936,0.23596195160849415,0.23053673842909758
0.29981842719554175,0.23201838911769973,0.23941311465983667,0.22875006902692185
0.29882918277582626,0.23262166232976228,0.23902036956628273,0.22952878532812865
0.30212729338625527,0.22981487403297618,0.23981006097565877,0.22824777160510978
0.2964325394219316,0.2358030248376693,0.23720014099190437,0.23056429474849466
0.3060823171707788,0.22571183738221226,0.24140480374206028,0.2268010417049488
0.2920464902333109,0.24052968165910507,0.23492337920883094,0.23250044889875304
0.2987421201442637,0.23169562075885244,0.24054925410056835,0.22901300499631555
0.30137419467301824,0.22926757690299016,0.24077838021394735,0.2285798482100443
0.30232115106701996,0.23004791429898877,0.2391615963682456,0.2284693382657456
0.3011312875956322,0.23229737397508773,0.23783061129722965,0.22874072713205046
0.3059196662833305,0.22694840813274944,0.23958087312191081,0.2275510524620092
0.2944908748139901,0.2398640560316979,0.23456476011173877,0.23108030904257326
0.30275585984717657,0.22944456903541083,0.24035536676602065,0.22744420435139204
0.30184388650634386,0.23073100352791978,0.23879600139508236,0.22862910857065397
0.3012325783311942,0.23227583595334444,0.23784252100141692,0.22864906471404445
0.29848553367832004,0.23463065625114032,0.23736732831768254,0.22951648175285716
0.3057417849527976,0.22656903662298164,0.24057256695814191,0.22711661146607892
0.2934472157430395,0.23982622926234096,0.23497991947743757,0.231746635517182
0.3014332200790665,0.23003660574657916,0.24059723018610094,0.22793294398825342
0.29895742558272703,0.23260740745714284,0.23882339892616572,0.22961176803396433
0.30141547750231096,0.23074080648453676,0.23935425807180477,0.22848945794134745
0.2973774497271145,0.2348428194618604,0.23764645463513695,0.23013327617588822
0.3047557085648688,0.22724164780567824,0.2407540056418516,0.22724863798760145
0.29602866364776387,0.23701826636496318,0.23619490226751708,0.23075816771975582
0.30289920776986484,0.22930449385270146,0.24017319785162072,0.227623100525813
0.3005990026858038,0.23217661187189,0.23820741040325272,0.2290169750390534
0.2999902673471161,0.23305089358590683,0.23797513955176747,0.22898369951520958
0.30152078657767606,0.2312104898270774,0.23885253314414484,0.2284161904511017
0.30671523182077093,0.22543809933134662,0.24021744803243067,0.2276292208154518
0.29206137498735896,0.24214272953725358,0.23369799191640042,0.232097903558987
0.3030626959317938,0.22856381810569765,0.2412431896502718,0.2271302963122368
0.29769479780572633,0.23408757331902416,0.2380317675900592,0.23018586128519034
0.3000020069660644,0.2318456554661917,0.23924458367980259,0.22890775388794118
0.2999517089637119,0.23194459894074884,0.2390137589976092,0.22908993309793013
0.30221406569417214,0.23018657667091078,0.23931940747842073,0.22827995015649633
0.2982586193524558,0.23462143064904345,0.23735755547479898,0.22976239452370176
0.29573508645569435,0.2356033059277893,0.23800103029466035,0.230660577321856
0.30338694155193957,0.22759781198316908,0.24148119903212245,0.22753404743276887
0.3021481411059368,0.23049007244186284,0.23867602828811893,0.2286857581640814
0.30162216375285783,0.23212072297992034,0.2377190383838561,0.2285380748833658
0.3034031425441581,0.23018479909026102,0.23844698064049752,0.22796507772508345
0.2913183153125558,0.24114308961913847,0.234925723765547,0.23261287130275873
0.30176035885492936,0.22871669953905563,0.2418477676640764,0.2276751739419386
0.2949828121892804,0.23537770253658544,0.2382234178364567,0.23141606743767737
0.3005902351210409,0.23003376989264002,0.2407801710123473,0.22859582397397185
0.3005267264173612,0.2309813067539666,0.23946860723529276,0.22902335959337938
0.29899964191821854,0.23324011117080987,0.23827200615284758,0.22948824075812413
0.29626879082110263,0.23507419482475314,0.238141146851112,0.23051586750303232
0.30139408209445184,0.2296051729507829,0.24069288744835274,0.22830785750641247
0.30185708337045464,0.23025746965927876,0.2392903640505437,0.2285950829197229
0.2983546138869604,0.23454992308430778,0.23737646798241527,0.2297189950463166
0.29972372367493544,0.2324062015156294,0.2388985327864978,0.22897154202293743
0.30345154046020045,0.22875485035321977,0.23992151084922236,0.2278720983373574
0.2929980735344793,0.2392142009700283,0.23575432924109388,0.23203339625439862
0.2985201179560789,0.23175607109531368,0.24052396708132937,0.2291998438672781
0.29625117865467215,0.23347028576568024,0.23957352932174641,0.2307050062579013
0.3009043941694465,0.2295832999370432,0.2409009802652059,0.2286113256283044
0.29974204307801655,0.23190420986931598,0.2390126582944237,0.22934108875824383
0.29992329400864165,0.23226275281581543,0.23873338178859255,0.22908057138695034
0.29860730612484554,0.23340634471188387,0.2384178172404893,0.2295685319227813
0.29977473024580203,0.23196800544431773,0.23920784268950357,0.22904942162037661
0.3012094634598104,0.23084876000414475,0.2393224240072816,0.22861935252876317
0.29742630748407395,0.23481216136609917,0.2376559665700242,0.23010556457980283
0.30199073654442404,0.22989727953625855,0.23999416051461422,0.22811782340470318
0.3054938149104982,0.22677177896181308,0.23995783272640575,0.22777657340128288
0.2865910440590854,0.2452795214025221,0.23319560827351993,0.23493382626487266
0.2981129235617502,0.2304611735765243,0.24249770870854953,0.22892819415317608
0.3024958388313514,0.22699018536884558,0.2423038635895853,0.2282101122102178
0.29508864092972326,0.23630349482479332,0.23721930581143558,0.23138855843404782
0.2991628209493443,0.23158445605814781,0.24013107785747326,0.22912164513503464
0.30492327045586776,0.2263920661891808,0.24119074363396176,0.22749391972098965
0.2958980042975397,0.23732002436018007,0.23595287671733756,0.23082909462494267
0.30175992522163414,0.23036355621588736,0.23987529427945423,0.2280012242830243
0.30326686965485916,0.2291661139134485,0.23942549629069027,0.22814152014100203
0.30656332066172176,0.22570127339955642,0.23952487000671335,0.22821053593200846
0.30591395221663614,0.22482091020404443,0.23877291004938733,0.23049222752993218
0.30528501014372883,0.22170641473052924,0.2396619903845574,0.23334658474118458
0.3012733631337814,0.23589638576503008,0.23418858933925724,0.22864166176193138
0.30076879290890357,0.2344782593174674,0.23649269428277922,0.22826025349084983
0.3067295525876902,0.22596844740980593,0.23992034050895802,0.22738165949354594
0.30249957936292865,0.23227933257181943,0.23642357037474984,0.22879751769050222
0.30254482078082884,0.23245954950052822,0.2368944121825852,0.22810121753605775
0.30588536821290885,0.22742767465677172,0.23884873259802772,0.2278382245322917
0.2962527395289761,0.23897890220131066,0.2345528739443218,0.23021548432539143
0.3057594171050377,0.22710761847234628,0.24043876933728045,0.2266941950853356
0.3014465338702521,0.23250629373515355,0.23714371767831216,0.22890345471628212
0.3016600878822232,0.23254496386458084,0.2374551490082825,0.22833979924491346
0.30480127956521114,0.22856921298423494,0.23893192067374097,0.22769758677681295
0.30383918018404094,0.23025480330966408,0.23753449573611188,0.2283715207701831
0.2963939004439875,0.23835441905081564,0.235122192607771,0.23012948789742588
0.3026580507942996,0.22990956752630606,0.23981996036008402,0.22761242131931025
0.29884921289226574,0.23380350570869746,0.2377599443207953,0.2295873370782415
0.29820623791641776,0.23387786543438055,0.23829635594254772,0.229619540706654
0.3034904014328764,0.22838116053895088,0.24042298487480426,0.22770545315336843
0.3008273407968779,0.23238631300534246,0.23780172749129527,0.22898461870648434
0.2952640141175839,0.23723125566330366,0.2366499212595659,0.2308548089595465
0.30503335938904735,0.22646933241070627,0.241601913518592,0.22689539468165446
0.2997645266612341,0.23342435759729596,0.23734127731227547,0.22946983842919447
0.30304051957034167,0.23031016684202102,0.2387494932869307,0.22789982030070663
0.2990743068284642,0.2344632010982447,0.23707079411661267,0.2293916979566785
0.30391812963746484,0.22901878764680475,0.23948414956181308,0.2275789331539174
0.2927676571334352,0.23970310988347424,0.23546759236974185,0.23206164061334864
0.2964584332744817,0.23338022007155546,0.24005575313208458,0.23010559352187815
0.30041689558413864,0.2293885604440743,0.24139617480836792,0.22879836916341917
0.3017406938005747,0.22982641297667622,0.23979255593582297,0.22864033728692618
0.30203988656737646,0.2308934815602697,0.2385644595322305,0.22850217234012332
0.3017454472971416,0.23178472550734724,0.23798033469310964,0.2284894925024015
0.299493069678954,0.23398084033988714,0.23737562022277786,0.22915046975838102
0.29984006003902186,0.2328075965351316,0.23841269700516415,0.22893964642068246
0.2992448130702157,0.23292131920746897,0.23855925377237117,0.22927461394994414
0.3024812312018111,0.2297726848001554,0.23963178524977194,0.22811429874826153
0.30330490832657286,0.22977607874681216,0.23871962358400714,0.22819938934260797
0.304546521342216,0.22906674488789497,0.2383082111089043,0.22807852266098466
0.29140283178458526,0.24211437946416778,0.2341010284573712,0.23238176029387583
0.29541678638030144,0.2340589769120574,0.24008390692951884,0.23044032977812232
0.3043935680493725,0.22536268622470662,0.2430117524194026,0.22723199330651825
0.3007033363584665,0.23192451324413077,0.23808711684422884,0.22928503355317384
0.30272986082860553,0.23070205123047838,0.2384557737025849,0.22811231423833117
0.3020020138529902,0.2317230882649597,0.23783643358513315,0.22843846429691705
0.29612214703920253,0.23707330694830608,0.23636485090836246,0.23043969510412896
0.304614580737039,0.22737806553810677,0.24092867475072408,0.2270786789741301
0.30043507723991536,0.23288534628018992,0.23749625522098303,0.22918332125891172
0.30477012422270733,0.2285553416419219,0.23909042859394403,0.22758410554142683
0.2994299086238229,0.23497798514421084,0.236306405376964,0.22928570085500233
0.30554921544149244,0.22766315335828527,0.23953988061113535,0.22724775058908692
0.29268504525151917,0.24078091213865901,0.23458898342575796,0.2319450591840639
0.3004424049024809,0.23065616477659065,0.24064025265357825,0.22826117766735018
0.30237212422649956,0.2290676162819757,0.24021816287102654,0.22834209662049818
0.3023075727220677,0.23077567378890657,0.23842586606874996,0.2284908874202756
0.30045275640631414,0.23326974114080018,0.23740016973319772,0.22887733271968802
0.302316731158435,0.23098549349539807,0.23856070705665755,0.2281370682895094
0.30053105887751247,0.2329468044227706,0.23765924675312794,0.22886288994658896
0.3028371974756324,0.2304291840804046,0.23871747242076172,0.22801614602320114
0.3019677318510339,0.2317238723536995,0.2378365507617085,0.22847184503355814
0.30270225659255473,0.2311235058562655,0.23801358555619131,0.22816065199498833
0.30079851735306395,0.23321261175373048,0.23726233709328212,0.22872653379992336
0.30555835323302344,0.2275496619345147,0.23940331934531733,0.22748866548714444
0.2939869073169764,0.24004547541108578,0.23465222371589978,0.23131539355603803
0.2985688116816947,0.23268826882432353,0.2396439385313805,0.22909898096260126
0.3024715087771533,0.22865963829641353,0.24074874123636406,0.22812011169006913
0.3012865138482179,0.23148197733399417,0.23839697868838783,0.22883453012940008
0.300327117168588,0.23294590691593794,0.2378260045497736,0.2289009713657004
0.3035206600394375,0.22948083684176415,0.23916387854206245,0.22783462457673587
0.29885557535107665,0.23483917654801742,0.23680338612357832,0.22950186197732758
0.3039715901831958,0.22901049409935662,0.23948795920695784,0.2275299565104897
0.30310669541487484,0.2305066939777469,0.23802652051929818,0.22836009008808017
0.3021195238576503,0.2322787980309858,0.23721724099158092,0.22838443711978296
0.30402302916476565,0.22988793305702115,0.23822401335838897,0.22786502441982423
0.30567386746399966,0.22749592934831658,0.23854752179250407,0.2282826813951796
0.2936052592263116,0.2414049427400352,0.23379078898887917,0.23119900904477408
0.29862906861136584,0.23276196627210957,0.23963564010202623,0.22897332501449832
0.30355704486843554,0.22763338129474334,0.24104581757063295,0.22776375626618814
0.29718377178047684,0.23555118196280853,0.23692181581855645,0.2303432304381582
0.3007446103150976,0.23135366379671005,0.23938978934293914,0.22851193654525326
0.304131327923713,0.2281492543680681,0.23990631558035594,0.22781310212786307
0.2967379563160928,0.2367963687286689,0.23610536005957095,0.23036031489566738
0.3062684083336692,0.22606539100332693,0.24091764124194562,0.22674855942105815
0.30222806815446157,0.23171599061634426,0.23722228804323103,0.22883365318596308
0.30283883585998234,0.23165881602195387,0.23740038248539616,0.22810196563266752
0.30120767633363954,0.23310375752942109,0.23714199985589676,0.22854656628104267
0.30691643990508327,0.22564295814841953,0.23985580897471248,0.22758479297178472
0.2952857293134953,0.23988044029742026,0.2341824393346322,0.23065139105445226
0.2998723574805982,0.23249558590940067,0.23910427900404627,0.22852777760595486
0.30066156555555534,0.2310967098542114,0.23945494699927616,0.22878677759095709
0.29699703504240754,0.23489143824043357,0.2378156942503281,0.23029583246683077
0.29709610303746714,0.23368642627007974,0.2391222702304989,0.2300952004619542
0.30562328857986437,0.22544067737961299,0.24188635659017413,0.22704967745034857
0.30161492088831277,0.23195343152115255,0.2374359406874873,0.22899570690304744
0.30417611715019355,0.22973701839791866,0.23825876784412348,0.22782809660776424
0.30321517907599793,0.2310699353958158,0.23742670157035453,0.2282881839578317
0.30091479912704755,0.23381747735218758,0.2366428964071369,0.2286248271136279
0.30197263132805247,0.231866555518607,0.23797907646619404,0.2281817366871466
0.3047217343182642,0.22856962462453312,0.2389296857390486,0.22777895531815415
0.2942848868915936,0.2396282305144327,0.23490663990677554,0.23118024268719822
0.29850082937243,0.23270574363426036,0.23963612472352622,0.22915730226978348
0.2994713281734696,0.23128309164469854,0.24000256242789292,0.2292430177539389
0.30465447073595714,0.2271546996275386,0.24056985390328336,0.22762097573322101
0.299680372609797,0.23410650954904216,0.2368350180760148,0.22937809976514606
0.301387481306334,0.23198277473173265,0.23828253771716867,0.22834720624476465
0.297905010952078,0.23480748972172283,0.23749064135505912,0.22979685797114008
0.3073124414606427,0.2244735980304221,0.24139709565571205,0.2268168648532232
