0.32290438958328976,0.23289943149062328,0.21052495646891464,0.23367122245717223
0.32057146450135376,0.23407425450941688,0.20976156222863301,0.23559271876059645
0.318701788781288,0.22610291111657785,0.21383526970720884,0.2413600303949252
0.3182460765346696,0.2258139546969873,0.20909819273350905,0.2468417760348342
0.3220575849386875,0.2354717796608814,0.2098053118907506,0.23266532350968044
0.3202658254305928,0.2271451439052449,0.21506908051846188,0.2375199501457004
0.32434368929735335,0.2345768011511581,0.20726547594154135,0.2338140336099472
0.320350454620335,0.22836246240318323,0.21060482522923418,0.24068225774724764
0.32391097235635347,0.22397395053616595,0.21009915893204972,0.24201591817543086
0.32008634267724173,0.23129423838079569,0.20837110952695,0.24024830941501246
0.3163754589991263,0.22863246688539846,0.21564870240537157,0.23934337171010375
0.31808619952113276,0.2221951862968374,0.2157795954018119,0.2439390187802179
0.32174969734758097,0.22791851375953398,0.2131032085446212,0.2372285803482638
0.3141340092011997,0.2245445148263909,0.21516637175680942,0.24615510421559988
0.31914867644038974,0.22297063859914246,0.21521817569559634,0.24266250926487157
0.31783820579502003,0.22924559774157863,0.21078640785879343,0.2421297886046078
0.322264099667407,0.23800239486271227,0.21251854285085486,0.22721496261902602
0.3205020549717677,0.2307417795061195,0.21214670051813392,0.2366094650039789
0.32706857508156134,0.23781829801834736,0.20367216423467213,0.23144096266541914
0.3224082891795927,0.2359128478345542,0.20645971384800257,0.23521914913785036
0.32164142938495355,0.23011365653668775,0.20954915092233614,0.23869576315602273
0.3139650148108984,0.23461504730349247,0.20865541800845347,0.24276451987715555
0.31753415822130965,0.22810340960950354,0.21601406798988923,0.23834836417929747
0.32052711934522504,0.2252847343687824,0.21357768610656744,0.2406104601794251
0.32143788325583467,0.23021424387157297,0.2109100080925362,0.237437864780056
0.31940118165728587,0.22411381484635073,0.2106764736538114,0.2458085298425522
0.3314118710853311,0.2287882291049658,0.2083376738237369,0.23146222598596627
0.321523003586517,0.23299361149662612,0.20710788771792904,0.23837549719892798
0.32176644210498323,0.23210555161344376,0.20999465196939807,0.23613335431217494
0.3235397076695873,0.2205244867757918,0.2106514928996324,0.24528431265498854
0.33242441983596216,0.23291311126400258,0.20306069026771006,0.2316017786323252
0.321081285905136,0.23090856061443737,0.21042267203175832,0.23758748144866834
0.3203906438340921,0.21524628602461893,0.21391357042590284,0.2504494997153862
0.3256115421082203,0.2253890778625614,0.20662432936855496,0.2423750506606633
0.3204987576244436,0.22214225969908635,0.2152811652280994,0.2420778174483707
0.320578484000183,0.21823107951300993,0.2130670169698624,0.24812341951694478
0.3266729638622912,0.2247131680918551,0.21111562504973608,0.2374982429961175
0.32042785392071216,0.22029093016731224,0.21431007628378745,0.24497113962818803
0.3199833659505938,0.21968969234530084,0.21480928455782952,0.24551765714627594
0.3148332127394236,0.21748297215720144,0.21300486535773236,0.2546789497456426
0.328491175902548,0.22808297054579993,0.2106403227516286,0.23278553080002348
0.32826455386292785,0.2309601718937413,0.21044818362674778,0.23032709061658305
0.3289705840394856,0.23548842670570658,0.20541274154914024,0.23012824770566764
0.32375912217307773,0.2253191595325265,0.20706509820220542,0.24385662009219017
0.32791594123393397,0.22254086448956018,0.20674368861240924,0.24279950566409653
0.31859050498072816,0.23110336926360397,0.20878999985712152,0.2415161258985463
0.3129943741138382,0.22244066063302362,0.22012093013831516,0.24444403511482304
0.31924285824294796,0.21729209566295174,0.2163705145624364,0.247094531531664
0.3249548234476881,0.22442482045998136,0.21305470465072887,0.23756565144160155
0.31857139464061585,0.22127856364246126,0.21254627436392043,0.24760376735300238
0.32669582703363254,0.22318385066724808,0.21068492412593015,0.2394353981731892
0.3230945265526726,0.22874205195965427,0.20842377743584772,0.23973964405182532
0.3247926548557596,0.23499494199296642,0.20877589017469503,0.23143651297657902
0.326834738323044,0.2284685076114827,0.2087476055881268,0.23594914847734647
0.33148049796416273,0.23158712811692947,0.2040144741543405,0.23291789976456717
0.32282753227555117,0.23090206568937027,0.207289623780892,0.2389807782541866
0.3161968383679056,0.21646912477602787,0.2152811933660898,0.2520528434899768
0.3176591036861605,0.22068919204665738,0.21121641147175133,0.25043529279543075
0.3207179680193503,0.22542823354092084,0.21685105314744074,0.237002745292288
0.3211254546190548,0.22053810998268059,0.21610539297800566,0.24223104242025906
0.3261669425625429,0.22599765996134183,0.21031415116873584,0.23752124630737942
0.3215191907955916,0.22086748012308255,0.21007245405105676,0.24754087503026903
0.3297320327394926,0.2264435233521037,0.20821747666090926,0.23560696724749436
0.3184836695015663,0.22821258643469775,0.2094820954989795,0.24382164856475638
0.32470331292376303,0.23253090713124386,0.2106490627413944,0.23211671720359872
0.3254934008839441,0.22443244108703067,0.21166938908954644,0.23840476893947884
0.3253851271916386,0.22770722738472107,0.2078743425656398,0.23903330285800065
0.3143675930045451,0.22299368752954607,0.21317176379752362,0.24946695566838523
0.3172812389181737,0.21373980952820448,0.21782947712593756,0.25114947442768426
0.31798034674744324,0.2276964158472684,0.21059334114655148,0.24372989625873664
0.3186329948829738,0.23108208161812385,0.2202571687604698,0.23002775473843246
0.31936644444319995,0.21909951094098917,0.2164869078879106,0.24504713672790024
0.3280114724860346,0.23330310177234942,0.20439944264248736,0.23428598309912851
0.3186909393276516,0.23017581319601332,0.21022572573430778,0.24090752174202718
0.3256338460484298,0.22976335817746538,0.21048344183235687,0.23411935394174802
0.3146649026613258,0.23975295989304213,0.20738646638012265,0.2381956710655094
0.3197935543544526,0.23395344445931332,0.21399463179646377,0.23225836938977037
0.3240711187777681,0.2251539867423442,0.2091997536954845,0.24157514078440312
0.3290736410898045,0.23852051234547855,0.2031307591456351,0.2292750874190817
0.3158422200134853,0.22886200491525893,0.21145391705756283,0.24384185801369304
0.3235553720554359,0.22286692688175194,0.21188219207432887,0.2416955089884833
0.3188312653157666,0.23097473176071637,0.20887363262550065,0.2413203702980164
0.3185710278706223,0.22753971699946168,0.2166344643293325,0.23725479080058368
0.31763540428915954,0.21833424346927235,0.21495360441025435,0.24907674783131356
0.326210543503334,0.22828440084263535,0.20824303414901074,0.2372620215050199
0.31858538080324716,0.22768848121167243,0.21380389082282214,0.23992224716225832
0.31940402448258265,0.2221705992716428,0.2167922124507498,0.24163316379502478
0.31412358167001747,0.22809561783964827,0.20911829702272752,0.24866250346760674
0.32514542899774085,0.23163666054674215,0.21341461113745927,0.22980329931805768
0.324356559598136,0.22810815918209362,0.21060589629598314,0.23692938492378735
0.32692578991253185,0.24278139781399696,0.20323609353408312,0.22705671873938804
0.3183066522993719,0.22659037104903862,0.2113584260966115,0.24374455055497812
0.3271439225180531,0.22468874123523372,0.2063575221760403,0.24180981407067298
0.31974490594402577,0.23967232181347986,0.20640616584760374,0.23417660639489063
0.315350316011666,0.22340525522689708,0.21730208811359153,0.24394234064784528
0.32710075594314353,0.22723732063087934,0.20913326188713255,0.23652866153884464
0.32116688270746274,0.22595691065742482,0.2131122417638209,0.23976396487129148
0.3147156975718109,0.22141758826135635,0.21350763408362372,0.250359080083209
0.31814891271715856,0.21745752626971254,0.21585529286235014,0.24853826815077876
0.32300581010612534,0.22720564536636273,0.20898420308426616,0.2408043414432457
0.32597194444683525,0.2385388516751825,0.21252729523756972,0.2229619086404126
0.32500535228309185,0.22416628500839833,0.21040362382384886,0.24042473888466084
0.3342438365907323,0.23664774788256876,0.19867421954857184,0.23043419597812706
0.3244205455473783,0.22827371548914183,0.20766270988705773,0.23964302907642202
0.3236560583903441,0.22606606885476524,0.20685310989783642,0.24342476285705414
0.31929170816343677,0.2317740488356615,0.2101740676226507,0.23876017537825106
0.3189399082578136,0.21894875032124483,0.2184717869565862,0.24363955446435534
0.32198829859403505,0.22102168490123125,0.21194748662289928,0.2450425298818345
0.3190781676793543,0.21783380205470182,0.21364491520722187,0.24944311505872194
0.32355743918351937,0.21829456470685615,0.2116982320686389,0.24644976404098554
0.32704487853858927,0.22612812962134995,0.21206740404205182,0.2347595877980089
0.31764462610357314,0.22657585997845958,0.2119891124036987,0.24379040151426853
0.32620384922079926,0.22487071807232842,0.2105545727585508,0.23837085994832158
0.33285057586114963,0.2263876790742539,0.20525110530163557,0.23551063976296097
0.33257763764829,0.23819572714872725,0.20211631613059267,0.2271103190723901
0.3175893511240345,0.22243273455447551,0.21247911152335502,0.24749880279813488
0.3218225655398687,0.2163152610646157,0.21039755808979457,0.25146461530572106
0.32381529472010623,0.226261240222394,0.21023177019339753,0.23969169486410222
0.31770082459639054,0.2203183854831095,0.21847870334304012,0.24350208657745986
0.32031106569147394,0.21836495966759406,0.21468089822522018,0.2466430764157118
0.3225854105331797,0.2176275963794353,0.2122463933036374,0.2475405997837476
0.32741952566528576,0.22397484277531587,0.2096622632787295,0.23894336828066895
0.3212887520494804,0.2236971885932149,0.21526079158715025,0.23975326777015446
0.31597720298817367,0.22190088612176462,0.20977733581663832,0.25234457507342334
0.33322935791190866,0.23136800293158952,0.20719524845268644,0.2282073907038154
0.33401348715968887,0.23106915100816908,0.2078385940666633,0.2270787677654787
0.3237462946189127,0.2368035207647024,0.20203098234934272,0.23741920226704222
0.3202680910290927,0.21950272515412153,0.21083580060327914,0.2493933832135066
0.32715774079601856,0.2158608943638465,0.21019925733117997,0.246782107508955
0.32115329270631227,0.23609356619203772,0.20692266641870644,0.23583047468294355
0.3081316507590973,0.21631027994830887,0.22564879295153564,0.2499092763410583
0.3182359090282651,0.20548862393412493,0.2177665918258221,0.25850887521178767
0.32988546563647425,0.22953671109399154,0.2093643579578026,0.2312134653117318
0.3018102371299504,0.2166770496164282,0.22756412460250416,0.25394858865111725
0.3103941501429446,0.21216174494558265,0.22143719926928263,0.2560069056421902
0.31637132758916015,0.2342347702994281,0.21300148885167697,0.2363924132597347
0.3122528221697242,0.2422979779224435,0.22295121868361792,0.22249798122421438
0.316019060023128,0.24241850548501137,0.21936744984130382,0.22219498465055676
0.3130049133590642,0.2508599990620274,0.20468389157637865,0.23145119600252995
0.3096815239723847,0.2535457120943235,0.20091351459069234,0.23585924934259941
0.3136612578893341,0.2527201819089332,0.20405226367874454,0.2295662965229883
0.2939238604937365,0.26905110761522527,0.20379436231309073,0.2332306695779476
0.2995403646098305,0.26100969455262013,0.21612468254887285,0.2233252582886766
0.30756546570753707,0.23229166007699423,0.21355323455912054,0.2465896396563483
0.3163834121386647,0.25022004120075747,0.20062824999133796,0.23276829666923968
0.31103250521908365,0.2422137743728189,0.21391393578877813,0.23283978461931928
0.30975617581652315,0.2356201357644297,0.21285933863558335,0.24176434978346387
0.3064548905326379,0.24693411886740127,0.20827453002038226,0.23833646057957844
0.31702890087563107,0.2352237373955967,0.21687536089901704,0.23087200082975506
0.3212196933906151,0.23875150914227145,0.20614937289806212,0.23387942456905156
0.32176674457624443,0.24701768772936722,0.20367394602035613,0.22754162167403208
0.32066772725409914,0.23335993190262586,0.2088583805800364,0.23711396026323855
0.32157446439606296,0.23394882134770387,0.20516248167334245,0.23931423258289083
0.31523791772858856,0.24128887919960074,0.20706472131301354,0.23640848175879706
0.3182685089533434,0.22761232711051835,0.2175434686183968,0.23657569531774145
0.31808083826368505,0.22563389266579517,0.21178896293557925,0.24449630613494042
0.3175956892901424,0.2314560222330305,0.2125848787077972,0.23836340976902992
0.31390121540359656,0.21496395748540567,0.21726510819933031,0.2538697189116674
0.32920941421883226,0.23152075158295068,0.2077210697812186,0.23154876441699843
0.3154282132544036,0.2337651056037188,0.21266990099049754,0.23813678015138004
0.32718663551757327,0.22915930904804066,0.20897748114816764,0.23467657428621844
0.3353069007112389,0.23650356457651064,0.2014766593317857,0.22671287538046464
0.3266330502532692,0.2363828375079374,0.20483343055803543,0.232150681680758
0.3141032539940267,0.225906479209613,0.21081455628897947,0.24917571050738083
0.31610236659634755,0.21563112099093543,0.2149728035731346,0.25329370883958247
0.3188632430294137,0.2280151484137117,0.21338164639343524,0.23973996216343943
0.3143302570030027,0.2242926530855696,0.22176143992214964,0.23961564998927798
0.3205662722313816,0.21860154117077785,0.21492208373159938,0.24591010286624115
0.3290759446767673,0.22692950842802623,0.20819124047220924,0.23580330642299724
0.3227643900466892,0.22814097955477167,0.21016964920797415,0.23892498119056507
0.31672658254086766,0.22777700535380951,0.21301374997998765,0.24248266212533504
0.31355128740624244,0.22625580576688178,0.21196774351662054,0.2482251633102553
0.3284912613688688,0.23564377524163949,0.2092021569779402,0.2266628064115516
0.3315002518142343,0.23863994903078256,0.20882428397848296,0.22103551517650014
0.3191271773665517,0.23242516823546308,0.2071454532273251,0.2413022011706601
0.31634505655600637,0.22247540746409009,0.2095641125824381,0.25161542339746557
0.32175713120047517,0.21970988227428365,0.21095233644292166,0.2475806500823194
0.31874860896123847,0.24011105751013725,0.21032201217277371,0.23081832135585043
0.3113934143466025,0.23034246660772856,0.22534667838850628,0.23291744065716263
0.3153874718269243,0.2114932276210208,0.21693885251974607,0.25618044803230877
0.32961633950871916,0.2312448288676008,0.20468978516774217,0.23444904645593773
0.3165742836448198,0.22583682259178295,0.2137292320608531,0.24385966170254406
0.3214938022926471,0.2344735194313047,0.21180562982121978,0.23222704845482833
0.311185172894879,0.23376979197508083,0.21393742857286296,0.24110760655717717
0.32530138540913195,0.23441417509990042,0.21053282026265088,0.22975161922831666
0.3273846961350495,0.23519710375723415,0.2065057165550061,0.23091248355271027
0.3225236994270233,0.237365149615232,0.20527031753133332,0.23484083342641146
0.3123820575357542,0.2309772830247061,0.21011143658741072,0.24652922285212903
0.3196777023512521,0.2244997053086491,0.21338286504782433,0.24243972729227456
0.3160982678729041,0.23795727900522912,0.2121255309254605,0.23381892219640635
0.3115808689754523,0.2279408930298863,0.22147347810059648,0.2390047598940649
0.31558794071888685,0.21888112200695384,0.21505601035229532,0.25047492692186396
0.3258937946389966,0.23053584088324094,0.20820863276076398,0.23536173171699853
0.3173224901881762,0.23388557445728367,0.2124199409397092,0.23637199441483095
0.316436998533303,0.23337021901595553,0.21563217557054212,0.23456060688019936
0.3129193955604657,0.2308901745805714,0.21135940604517428,0.24483102381378852
0.32649889172498636,0.23844667949017495,0.20691863943172847,0.22813578935311013
0.32722370043812954,0.23801174122170665,0.2078066063704477,0.2269579519697161
0.32033157543641977,0.24028386218269382,0.20519986429436465,0.23418469808652162
0.3136598227689192,0.23116842022331424,0.20971895123507037,0.24545280577269624
0.3198366696892625,0.22306580306961013,0.21273065530985721,0.24436687193127024
0.3174035318697186,0.23679941138969782,0.2101582985942022,0.23563875814638158
0.31152586642976937,0.23034776781641095,0.2216384169292303,0.23648794882458926
0.3129061783643607,0.21557425444932987,0.2185475145415113,0.2529720526447981
0.3239707147577247,0.22924147679632711,0.20847432100210078,0.2383134874438473
0.3161299195652344,0.23166489754826528,0.21586448635913263,0.2363406965273676
0.314120000555437,0.22914209203284824,0.2178806232006564,0.23885728421105826
0.31105604285454025,0.2354955332640071,0.21031673824710903,0.2431316856343436
0.3246538889322933,0.23812355670858773,0.21046324322522167,0.22675931113389733
0.3287486713171566,0.24135358434368318,0.2066616833423727,0.22323606099678764
0.3185448989438017,0.2479324869026639,0.2013254809381586,0.23219713321537577
0.31850191830742586,0.23531824260549133,0.2064184727012901,0.23976136638579273
0.3233587563222479,0.2284317287079721,0.20846483566215354,0.23974467930762633
0.31448783000535957,0.244518495731461,0.20642433410151484,0.23456934016166472
0.3089682117996005,0.22895700991162476,0.22336474083680713,0.23871003745196764
0.3106332290146488,0.20970735320303185,0.21954449378608618,0.26011492399623315
0.32473313380839147,0.23341303803727675,0.2075065244468752,0.23434730370745654
0.3113078650670228,0.22452444808276845,0.22102468264587433,0.24314300420433446
0.32102342475977447,0.22805141711925903,0.21550010502739428,0.23542505309357228
0.31234462663062307,0.23706373410095044,0.21055591725009754,0.24003572201832904
0.32230220949140154,0.2351740888708696,0.21114088014494087,0.23138282149278813
0.32738952609564004,0.2385041910275538,0.20549190557732688,0.22861437729947925
0.32438112525534013,0.24914319790122724,0.20086633346640453,0.22560934337702818
0.3196804855398999,0.2405624432344379,0.20429348797295474,0.23546358325270741
0.3267494602047165,0.23012853523677135,0.2073920481661433,0.23572995639236893
0.31482616993023393,0.23852189030548163,0.2071036321023152,0.23954830766196922
0.3052905006969376,0.22453772998839056,0.22155984840663637,0.24861192090803544
0.3083637310745381,0.21066624969084663,0.2220267130237306,0.25894330621088474
0.3220340491126894,0.22854274610616412,0.21371632469509497,0.23570688008605153
0.31374646122836286,0.23024994745315833,0.22073597438477374,0.235267616933705
0.3192217276835562,0.22362889462658633,0.21677523511978727,0.2403741425700702
0.32309893910028636,0.23581229724519187,0.2032250980677343,0.23786366558678745
0.3286813966386585,0.24307016061666858,0.2042510558496356,0.22399738689503731
0.32730946523966714,0.24241632912272965,0.20427431853779074,0.2259998870998124
0.3202032042351958,0.24765232331649722,0.2044713612311881,0.2276731112171188
0.30812259971791184,0.22695055797745778,0.21267853827327501,0.2522483040313553
0.3193660717089532,0.22297818240140663,0.21028737136033473,0.2473683745293054
0.3204664129634292,0.23455225156142906,0.2112501765421604,0.23373115893298124
0.3143360370627013,0.23252708527942942,0.22252553904623243,0.23061133861163677
0.3072915736235443,0.21471238460280131,0.21881722045606472,0.25917882131758946
0.32415958888779856,0.22343350252872016,0.20951183450342617,0.24289507408005526
