0.28786141425121586,0.2460786224617024,0.2277791839547083,0.23828077933237352
0.2773397043092028,0.25375591135804715,0.22593306640651886,0.24297131792623122
0.2754612497609544,0.25392675849590723,0.2270457428213223,0.24356624892181594
0.2771185534288999,0.2526713831013201,0.22757288647640023,0.24263717699337972
0.2809142293044684,0.24976008951614542,0.22821782681243402,0.24110785436695206
0.27462283788001823,0.25555399865857537,0.22613074743789305,0.24369241602351324
0.2687661786113117,0.2593215468569373,0.22575355589921692,0.24615871863253413
0.28198987294277444,0.2476061260472973,0.22978830083317917,0.24061570017674902
0.2782395832851614,0.25308443723788204,0.2266698912231983,0.2420060882537582
0.2807707652737695,0.24966155335866289,0.22817211008922267,0.24139557127834493
0.2835991270880724,0.2481089234795014,0.22825201451689153,0.2400399349155347
0.26344186605249276,0.26537709880077004,0.22292516738762796,0.24825586775910918
0.27917227303964015,0.24858427876036654,0.23020135479530726,0.2420420934046861
0.28331865924351035,0.2488119890622153,0.2281413872721088,0.23972796442216548
0.283146454566148,0.24854668534282856,0.22789232806747406,0.24041453202354937
0.28085867425116356,0.2504940537891617,0.22734343873729848,0.2413038332223763
0.285727164973856,0.2461075705053212,0.22883490728584518,0.23933035723497767
0.2697260623149774,0.26037388156358715,0.22418247036291655,0.245717585758519
0.27733602242121497,0.2510581573277351,0.22876784326188007,0.24283797698916992
0.2806087835537965,0.25046602910259186,0.22793135909430917,0.24099382824930257
0.2788825591860471,0.25181273068103716,0.22726149683762606,0.2420432132952898
0.26845025480208046,0.26034576701475787,0.22496063872233932,0.24624333946082236
0.2748650406409515,0.25325159212515874,0.22823697291877273,0.24364639431511712
0.259142229378165,0.2683590227669303,0.22290202567174436,0.24959672218316029
0.2814584412117925,0.24620854882421672,0.2313634234245672,0.24096958653942363
0.28024759688087736,0.25187785554186,0.22699805819891905,0.24087648937834366
0.28200974730692335,0.24884035383386813,0.228191615155981,0.2409582837032275
0.28360299581009485,0.24823750785858262,0.22807930917246133,0.24008018715886126
0.282905358140967,0.24886405722375077,0.2277514938443543,0.2404790907909279
0.26620524526040906,0.26280529360300603,0.22378505421262607,0.2472044069239589
0.28201526265530247,0.24676194979555138,0.2303838640264181,0.24083892352272812
0.2834495527041752,0.24900057662774863,0.22777967314448802,0.23977019752358814
0.276540321879383,0.253959085962048,0.22635584098419753,0.24314475117437134
0.2732396950094301,0.25581918839263085,0.22657033028011989,0.24437078631781917
0.2978709737402199,0.23543054982478023,0.23255212743807588,0.234146348996924
0.27138967130040786,0.26113258175966375,0.22257912982724773,0.2448986171126807
0.2862594345522247,0.2433404804947612,0.23084213787456437,0.2395579470784498
0.2866551239206771,0.24698906373689697,0.22783504549976819,0.2385207668426578
0.2872249271015524,0.2454442612897348,0.22839485779831717,0.23893595381039565
0.2880353148903671,0.2451570321759516,0.22835131297724598,0.2384563399564352
0.28789721302956345,0.24529220133381194,0.22823764672792085,0.23857293890870374
0.27912589318252506,0.2524827487920613,0.22625850794565083,0.2421328500797628
0.28404565834291656,0.2470335302266663,0.22880523327560578,0.24011557815481124
0.280040069381772,0.25154768534662236,0.22691007100152769,0.24150217427007778
0.2881135843256029,0.24392815058361952,0.22954596914878322,0.2384122959419943
0.28360130961361085,0.24917504307455604,0.22711283778578184,0.24011080952605127
0.2809421711760992,0.2501993028570088,0.2274160305696941,0.2414424953971979
0.2562318472445126,0.27127978773737915,0.2213796465034433,0.25110871851466493
0.2856083660647934,0.2421754331159201,0.23286038475452203,0.23935581606476447
0.2902663406178859,0.2444840749905659,0.2285158412509967,0.23673374314055146
0.2919990986300508,0.2420239699132958,0.2289122138319357,0.23706471762471767
0.2871717794469731,0.2464547352589083,0.22745922363020651,0.23891426166391208
0.2881962913487023,0.24473012084348186,0.2285172415175566,0.2385563462902593
0.26942700066800035,0.26080766878630596,0.22379723467889956,0.24596809586679413
0.2781705772600639,0.25025020248701846,0.22904093228501038,0.24253828796790722
0.2832175477773405,0.2484759564516441,0.22838677938763488,0.23991971638338058
0.28352968706085824,0.248332735612996,0.22794432442807389,0.24019325289807195
0.2714996135615984,0.25838205247473406,0.22503236476682048,0.245085969196847
0.2855108470015142,0.2447528427198889,0.23031941131737038,0.23941689896122648
0.2700342950401355,0.26055299530329573,0.22410094090614502,0.24531176875042374
0.2831298621724,0.24620177516188685,0.230133834454351,0.24053452821136223
0.29283566444687165,0.24141587026735728,0.22971903439834374,0.2360294308874273
0.29319390854731925,0.24172755087342243,0.2286361856661974,0.23644235491306084
0.2869733853987566,0.24660644610063004,0.2273095060281436,0.2391106624724697
0.2810755757741298,0.2505372967632385,0.22693489954407237,0.24145222791855944
0.26540397228337814,0.26313354674614736,0.2238913126585252,0.24757116831194922
0.28301300700030385,0.24591282886280727,0.2307025779802649,0.24037158615662416
0.2852420246532683,0.24769628212196718,0.22802292124031107,0.23903877198445334
0.2864269653797688,0.24601328163459724,0.2283860259479847,0.23917372703764914
0.2746413944937231,0.25615646853524465,0.22535478654296034,0.24384735042807187
0.29102606763387245,0.2406670988579792,0.2310757617387293,0.2372310717694191
0.2640909384635824,0.26642017599599754,0.22174872043494437,0.24774016510547572
0.2897435480383158,0.23959839365639982,0.23270539939375648,0.237952658911528
0.2956066753586406,0.24056370888698897,0.22909264536152277,0.23473697039284763
0.2828971513127835,0.25013032948001235,0.22610203420241598,0.2408704850047882
0.27322169988239364,0.25639896867213813,0.22572635687920048,0.24465297456626786
0.2778098020748784,0.2515333660164651,0.22818053946313793,0.24247629244551866
0.2569887558524905,0.2705114533448087,0.2219290581053178,0.2505707326973829
0.285097665234823,0.24276832549989938,0.2326011650015481,0.23953284426372945
0.2817125281114249,0.2513720706260718,0.22669996385238667,0.24021543741011658
0.2731867721067875,0.2562297860436214,0.2259331897831857,0.2446502520664054
0.2721387267246522,0.25635466817326535,0.22677458680043042,0.24473201830165206
0.28608510704680595,0.24484279491075775,0.23015395667850233,0.23891814136393405
0.2624315120183579,0.2670517785800771,0.22210588487766733,0.2484108245238977
0.2881109026584941,0.24087329204785685,0.23252222202147396,0.23849358327217507
0.28496045540189374,0.24897659117584578,0.2270360139774879,0.23902693944477255
0.2836818859559619,0.24790878555223747,0.2279427539968146,0.24046657449498593
0.27648732221497396,0.25426650390423217,0.2261974227523453,0.24304875112844854
0.2887081347522718,0.2429422701763666,0.23022477866425012,0.23812481640711147
0.26890673902835516,0.2617763101413344,0.22340917192533183,0.24590777890497856
0.2852088506178425,0.2442251931611194,0.2308293257499761,0.23973663047106195
0.27839824272728203,0.2536613986862871,0.22610210016790663,0.24183825841852413
0.2750863854137076,0.2542168866084018,0.22687785952159878,0.24381886845629186
0.2796960863247812,0.25046330030641273,0.2282455064067861,0.24159510696202013
0.28191675867698973,0.2493658919781255,0.22802537397172368,0.24069197537316112
0.2529781292532607,0.2743692363017512,0.2203020470178319,0.2523505874271561
0.2894379735381963,0.2384503972341003,0.2342968294678891,0.23781479975981434
0.2816248077853041,0.2523585365555816,0.2258908442679561,0.24012581139115818
0.2835066236006997,0.24734892419414736,0.22851775911188738,0.24062669309326562
0.28346871485034364,0.24864609338740407,0.22777717195982056,0.2401080198024318
0.282927113120824,0.24873615179363215,0.22781561611447523,0.2405211189710685
0.2735838294675965,0.2565426545723982,0.2256349984425435,0.2442385175174619
0.27852905028880803,0.250874027391654,0.22834810006962955,0.24224882224990843
0.2957189945019133,0.23813541746893419,0.23117827379150258,0.23496731423764994
0.2805175760504412,0.25281395029596215,0.22524126261919142,0.2414272110344052
0.27128076363048653,0.2574632019389631,0.22571359533036162,0.2455424391001888
0.2738081772927861,0.2547348594235164,0.2274537474969917,0.2440032157867058
0.2623200161592834,0.26521819903499616,0.22400816543421012,0.2484536193715104
0.2961958988685604,0.2349581714324224,0.23402972300046657,0.23481620669855058
0.28543838788424936,0.24966210408476133,0.22594137614158505,0.23895813188940418
0.29298630786797625,0.24010159324981142,0.23005277304037525,0.2368593258418371
0.2871481364463165,0.24695159134528055,0.22715721935703836,0.23874305285136446
0.2790371069357747,0.2521273092983,0.2264884129656145,0.24234717080031082
0.2797598505095781,0.2506756300991546,0.2277731232089787,0.2417913961822886
0.29230809990241985,0.24081367144250165,0.23036406426091374,0.23651416439416476
0.2846522513676007,0.24888300901416918,0.22672133360819718,0.23974340601003294
0.2732752772475244,0.2566004152042543,0.2254805584342039,0.2446437491140175
0.2810126521700233,0.24880753255224788,0.22896063010833273,0.24121918516939603
0.2859529657299737,0.2464188182286952,0.2286630621051092,0.23896515393622195
0.26780831900338453,0.2619158592169461,0.22371858972605208,0.24655723205361732
0.2908948007900249,0.23966550081672558,0.2321707418017785,0.23726895659147101
0.2918990129122502,0.24343737573348836,0.22825254875158912,0.2364110626026724
0.2949103583971614,0.23983418376363355,0.22930505768523474,0.2359504001539703
0.28467042805941917,0.24889600465389403,0.2264593789621503,0.23997418832453649
0.2808588375453708,0.25023607882000587,0.22730313984623843,0.24160194378838484
0.280068023444104,0.25082909495416017,0.22750304866518023,0.24159983293655574
0.28416431287839244,0.24736007254085987,0.22856818703448184,0.2399074275462659
0.28432152064845273,0.24790984696051943,0.22793276939006804,0.2398358630009598
0.27647364110626677,0.2542417425762834,0.22615577694311684,0.2431288393743329
0.28652609402645435,0.24471941337538958,0.22973875274239247,0.23901573985576358
0.28365880987189834,0.24903534055251558,0.22731501677221594,0.23999083280337016
0.25466061390461747,0.27279915221465184,0.22064137979869988,0.25189885408203083
0.3005213357367459,0.22997377325197002,0.23632610267269988,0.23317878833858427
0.30631684601864606,0.23400640996592756,0.22939710554383108,0.23027963847159535
0.27739677576566385,0.25572045167395185,0.22339441604845242,0.2434883565119318
0.2887052277444851,0.24237808431275773,0.2303622208373375,0.2385544671054197
0.29382254753131853,0.24124965835462844,0.22913025213918659,0.23579754197486646
0.267114961156757,0.2633689379237964,0.22245300284792768,0.24706309807151888
0.2838917247769786,0.24495569380771115,0.23083775572723408,0.24031482568807622
0.283659089510688,0.24918934591390118,0.22749479796092087,0.23965676661448992
0.27542153232824773,0.2548221739667439,0.2260970281333809,0.24365926557162748
0.2595864689951226,0.26740049586505676,0.22319369709814085,0.24981933804167977
0.249648243882975,0.27379749571802586,0.22285416297167718,0.2537000974273219
0.23564704642193554,0.2855901482862856,0.21990089432892246,0.2588619109628563
0.2585721725676009,0.26249395484403093,0.22906924902602213,0.249864623562346
0.27870980190110434,0.25031562197990875,0.22999780732507605,0.2409767687939109
0.2598783938938858,0.2683394867641505,0.22251034028978398,0.24927177905217984
0.2612281815659386,0.26325829041771354,0.2262205057640782,0.24929302225226982
0.27071715392775636,0.25652400244216284,0.2279846839168439,0.24477415971323696
0.25424373454084337,0.2720978341724613,0.22217817123476005,0.25148026005193524
0.2823175546312178,0.2448212234154017,0.23232217449883782,0.2405390474545426
0.2697100601820674,0.2611251642497821,0.22420324787506352,0.24496152769308696
0.26818862001693566,0.25859557216951645,0.22658394617561697,0.24663186163793088
0.2751145749734284,0.253586206290811,0.22809193238354417,0.24320728635221656
0.26603989039911075,0.2622475841077432,0.22477031366875116,0.24694221182439496
0.25715796932988916,0.2681359719189998,0.22398426630020116,0.2507217924509098
0.2826376930559465,0.24546604207176956,0.23172525784004644,0.2401710070322374
0.27721650370950307,0.2545485507438253,0.22611651529318827,0.24211843025348329
0.2787431549180381,0.2510109198767065,0.22793578604936351,0.24231013915589178
0.28874478739667014,0.24367517690959806,0.22969274289857658,0.23788729279515525
0.27497411671429106,0.2564014149227834,0.2250085160367149,0.2436159523262106
0.26985658059763346,0.25809021925693715,0.22611967111174966,0.24593352903367977
0.2935182580930668,0.2385053841950063,0.23213012327286958,0.23584623443905736
0.2740939823344557,0.2582982921050772,0.2238747331882017,0.2437329923722653
0.27596629900714753,0.25244651396857487,0.22792431920922906,0.2436628678150486
0.27043692583358236,0.2587009297905647,0.2257119526193793,0.24515019175647365
0.2804671697236422,0.24892043844290956,0.22925651790140225,0.24135587393204605
0.2659519795863347,0.2632487071608608,0.22386058002710876,0.24693873322569584
0.2894184930290547,0.2406438511658911,0.23212293912306942,0.2378147166819847
0.29984466557095213,0.23692635961504163,0.23010687348819553,0.23312210132581065
0.2884247550150389,0.24630522266434043,0.22664695451586783,0.2386230678047528
0.27785684528719784,0.2531651843448945,0.22605775668981462,0.2429202136780931
0.2732286351266077,0.2559299395483544,0.22639517886095648,0.24444624646408122
0.27133687063348677,0.2571354056443976,0.22653205896232556,0.24499566475979007
0.2779589567782119,0.2513847706451621,0.2284134470812827,0.24224282549534323
0.2806171756476754,0.250324127663275,0.22793721281132706,0.2411214838777225
0.28461015284940866,0.24711306443513217,0.2285726582488153,0.2397041244666439
0.2776802100155916,0.2534499980078621,0.2263282109164949,0.24254158106005133
0.27078534254390296,0.2579580117574949,0.22582830785881922,0.24542833783978296
0.2553905048539406,0.27056788532311404,0.2226852050032157,0.25135640481972954
0.28915589307517064,0.23959774217898644,0.23360903659140828,0.2376373281544347
0.30715186058387833,0.23153803845202642,0.2314108911200842,0.229899209844011
0.27877025599119204,0.2552531289581797,0.22336341186695793,0.24261320318367038
0.2744472645834353,0.2541697230298755,0.2269091520088475,0.24447386037784175
0.27196470718595167,0.25699908230263263,0.22640098411560014,0.2446352263958157
0.26746570239788475,0.2602469263829546,0.22575072784293124,0.24653664337622946
0.2892511812250113,0.24152768355644078,0.2316187185606553,0.23760241665789256
0.2739790341106183,0.25786257491028625,0.22446510948524576,0.24369328149384972
0.27602305553635037,0.2525488997054289,0.22788861517045406,0.2435394295877667
0.2643449448113928,0.26390405409769985,0.224148888225678,0.24760211286522935
0.27738485616462705,0.25045357308323574,0.22953279416903707,0.24262877658310011
0.25957974115796834,0.26861408894977706,0.22252768500932218,0.24927848488293244
0.28904342575982717,0.23992465411189276,0.2330899543775057,0.2379419657507744
0.2911840498098843,0.2441081863536442,0.22823566834778128,0.23647209548869005
0.27713531829178556,0.2542510647995303,0.22544606072946005,0.24316755617922406
0.2703602847997765,0.2580963164749509,0.22585619343014782,0.24568720529512475
0.276113755705821,0.2527037394430218,0.22814857310522968,0.2430339317459275
0.2730073101203135,0.2564617921275659,0.2263752480365261,0.24415564971559467
0.27686264127201304,0.2523620039726449,0.22796896099837666,0.24280639375696542
0.27245248430094526,0.2569617532640919,0.2261526958567862,0.24443306657817662
0.2717897287535659,0.2565263021502804,0.2268179713074965,0.24486599778865734
0.2690735142769164,0.2590243991264728,0.22611436285297745,0.24578772374363345
0.27713893598625455,0.25170814906513583,0.22858424022547746,0.2425686747231323
0.25830297141179304,0.26937409570517873,0.22234967914056444,0.24997325374246385
0.2842231548871405,0.24370962706526855,0.23218043449635134,0.23988678355123955
0.29383903497870545,0.24126629773481548,0.22955273828640999,0.23534192900006906
0.2788325596777158,0.25345964728683684,0.2253425630894467,0.24236522994600065
0.27355554440789565,0.2554816665986548,0.22645738599424964,0.24450540299919993
0.27926650910375495,0.25057104833759003,0.2283917279252421,0.24177071463341288
0.2690431958486763,0.26019620763704027,0.22493232985742384,0.24582826665685964
0.2800675382606724,0.24891675723338944,0.2294328258647193,0.24158287864121894
0.2727250077594974,0.257489578506669,0.22560456103605442,0.24418085269777934
0.2663666354219015,0.2609741913220073,0.22548462263874322,0.24717455061734805
0.2705615474969489,0.2568820454452144,0.22736404507582142,0.24519236198201524
0.2687267719532454,0.25933800271563623,0.22613848513679563,0.24579674019432265
0.25048146898600454,0.27474580271249543,0.2215666504878105,0.2532060778136895
0.2832994539190067,0.24354411174279617,0.23310679040541524,0.24004964393278194
0.29499578150556355,0.2404814194928072,0.2298256783988574,0.23469712060277187
0.27296515989515635,0.2585385443957669,0.22376087804664174,0.24473541766243498
0.2825811751125073,0.24695730067950997,0.22958857432205498,0.24087294988592772
0.2853564903795951,0.2473055311398367,0.22820774895733467,0.23913022952323354
0.26650740009678886,0.26281990224192436,0.2235278392242566,0.2471448584370301
0.2862482630832688,0.24326367064189483,0.23133588026036594,0.2391521860144704
0.26872192769780767,0.2620685649718276,0.22353892138724668,0.2456705859431181
0.2656469201653136,0.26055392996521626,0.22610217180850842,0.2476969780609617
0.26705956030259737,0.2600567461654316,0.22645551081995827,0.24642818271201283
0.2769364300599852,0.2517586397552798,0.22877971005292308,0.24252522013181188
0.2531034696961609,0.27400204818791074,0.22091096624829887,0.2519835158676296
0.2789143080895292,0.2471476384352095,0.23183083556161777,0.2421072179136436
0.2866718447980263,0.24651791357894395,0.22873252038966144,0.23807772123336834
0.27823574979609506,0.25302703342393756,0.22626415051632567,0.2424730662636418
0.28515039312618157,0.2460459777668632,0.22917544210567092,0.23962818700128433
0.2968936030617032,0.2380437601688105,0.2304327510406587,0.23462988572882768
0.2718062024163641,0.2600529249474746,0.22306663985823547,0.24507423277792575
0.27005110383876063,0.2570804399566722,0.22681211856170427,0.2460563376428629
0.2662184597215324,0.26143430792353584,0.22554907458042042,0.24679815777451142
0.26338941410488165,0.2629350294832386,0.22556622637151366,0.2481093300403661
0.27183132786989356,0.2554959712503873,0.2280998198574743,0.24457288102224478
0.2758964611445337,0.25358050266381016,0.22767823546442909,0.24284480072722708
0.25945763376004527,0.2679018006460352,0.22297021437796216,0.24967035121595726
0.28458988876885166,0.2437395218353514,0.23201090299262267,0.23965968640317423
0.2915772523707995,0.2430523713475977,0.22905363932279058,0.2363167369588123
0.28949456349872105,0.24435146458928017,0.22811737730861312,0.23803659460338564
0.2688295082082439,0.2613122123852822,0.22352576944288943,0.24633250996358447
0.2742632114945665,0.25340896761941006,0.22819257148414962,0.2441352494018738
0.27445862099297935,0.25516966884092723,0.22692902041441243,0.24344268975168107
0.2894843865974859,0.2422510783153044,0.23062246479767798,0.23764207028953177
