0.28701908438821117,0.23316664408710283,0.22850924143122106,0.25130503009346494
0.2843532471404681,0.23487013716690835,0.22919564025246938,0.25158097544015406
0.28581403216840834,0.23494394124489099,0.2286014002844399,0.2506406263022607
0.2858260386517328,0.23340417795968907,0.22960523128122726,0.25116455210735084
0.283846640306299,0.234012578046843,0.2286617559645609,0.2534790256822971
0.28314288690119516,0.23704740855201675,0.22743591313353625,0.2523737914132519
0.2859957421999235,0.23454856270898908,0.22967189541599198,0.24978379967509545
0.28795942664361346,0.23463895006072483,0.22771979495786426,0.24968182833779742
0.28670360761818,0.23433217275476723,0.22945666989421423,0.24950754973283865
0.2855939358988942,0.23146956469357954,0.23053489173858704,0.2524016076689394
0.28250617911764836,0.23744025878053632,0.22607758100938047,0.25397598109243474
0.28441203529360265,0.23615557391791825,0.22991888208661154,0.24951350870186753
0.29023793929376024,0.23409276766381265,0.22779269549368716,0.24787659754873986
0.28861932132655205,0.23384459732039084,0.22922244937235303,0.24831363198070414
0.2884621710529236,0.23424843737853393,0.22872395074087026,0.24856544082767218
0.2868937964710136,0.2318130532405552,0.23078409404348113,0.25050905624495007
0.2844457784185952,0.2356014778551227,0.22722326442552968,0.25272947930075235
0.2841107533590957,0.2354585238740474,0.22967345721145246,0.25075726555540445
0.28720443380553234,0.2337921846211114,0.22864797280609483,0.2503554087672614
0.2842982468637745,0.23290196843541042,0.22978073430595375,0.25301905039486133
0.2815979456496898,0.23549144290454094,0.2277409803414202,0.25516963110434904
0.27969436611572596,0.2334890730149257,0.23009278104831293,0.25672377982103545
0.2812337580124604,0.23913798583268298,0.22449081371602114,0.25513744243883535
0.28386723187950397,0.23593981271669928,0.23040157449155568,0.249791380912241
0.28987178297005073,0.234533015890548,0.2269570225130686,0.24863817862633267
0.28785857904361023,0.23454322622297086,0.2293060436069752,0.24829215112644376
0.2888245856157616,0.23341833981379045,0.22915139526610692,0.248605679304341
0.28603010649683075,0.23188875284751842,0.23039306877388468,0.2516880718817661
0.28369553108882495,0.23708786384417677,0.22661048471562278,0.25260612035137553
0.28556771134340786,0.23519151561732873,0.23018074827355567,0.24906002476570765
0.28907890064087133,0.23299397592515722,0.22852797668552688,0.24939914674844468
0.28562035929393387,0.23448640067645915,0.22883191089310118,0.25106132913650586
0.2873936629098021,0.23746543749692464,0.22712485568297644,0.2480160439102968
0.2902276448697583,0.23077556040744698,0.23200371429383831,0.24699308042895635
0.28903675190718064,0.2358545189651293,0.22567822554645772,0.24943050358123242
0.287546609225104,0.2348473213260298,0.23094370670793077,0.2466623627409355
0.29310225872098195,0.23350720804070374,0.22759496230077303,0.24579557093754137
0.2913541732529457,0.23372344151682634,0.22920910360403596,0.245713281626192
0.2919684603547312,0.23313411381765978,0.22903872334539566,0.24585870248221345
0.29050119915593686,0.23226478045237542,0.2298642163588762,0.24736980403281147
0.2885976458767107,0.23435010966283623,0.22845460657643113,0.24859763788402184
0.28821277361803604,0.233729193570448,0.22984822441933592,0.24820980839218018
0.2896796455162814,0.2348749670935774,0.22784596289228795,0.2475994244978533
0.28971697330213264,0.2331050321662944,0.23008760133100203,0.24709039320057086
0.28897647209540034,0.2325220192943155,0.22921313319778497,0.2492883754124991
0.2831687358821311,0.23102709318906336,0.23124089187775015,0.25456327905105525
0.2814334652231453,0.2399517339637438,0.22437300870293247,0.25424179211017844
0.2863510453904872,0.2367199342410349,0.23059973496019395,0.2463292854082839
0.2956657012068451,0.23354276675283625,0.22666077695598594,0.2441307550843328
0.2928602027457178,0.2326729824012621,0.22964219900666086,0.24482461584635926
0.2918759199135984,0.23274082976769878,0.22902448676328338,0.2463587635554195
0.28817380921090613,0.23090226744762832,0.23126367165995845,0.24966025168150713
0.2847282323256056,0.23560898338279576,0.22730363254265334,0.25235915174894535
0.2849403768464085,0.2357091633419409,0.22967028419881344,0.24968017561283723
0.28926737506589295,0.2339167009021602,0.22844967308590167,0.24836625094604517
0.2872234268568552,0.23260442698541425,0.22993528913180497,0.2502368570259257
0.28565072373995565,0.23608388480554876,0.2273710016867777,0.25089438976771794
0.28553028573715106,0.23282132430306773,0.2312047353765831,0.2504436545831981
0.28702370231941504,0.23661009357648471,0.22593945645524982,0.25042674764885037
0.28848727094429993,0.23631372519593952,0.2292936447762005,0.24590535908355998
0.29506313812725127,0.2333096446282152,0.227980101233954,0.2436471160105796
0.29378755352102814,0.23193413051838405,0.2294296490944391,0.24484866686614867
0.2903105808424112,0.23185980663433803,0.22993312010746145,0.24789649241578937
0.2854248073108073,0.23182356088898196,0.23055532149247382,0.25219631030773676
0.2834471333597394,0.23745176830630452,0.22662315047485934,0.25247794785909666
0.2865789797898049,0.23549811104988555,0.22993990158325625,0.24798300757705322
0.2915145214799494,0.23372188390283846,0.22783838082547064,0.24692521379174143
0.2887553761387988,0.23247624542273573,0.23019472157922025,0.24857365685924518
0.28781097247089094,0.23568356001865723,0.2274292720311788,0.24907619547927295
0.28660798183412506,0.23097583668867427,0.2323780337524003,0.2500381477248003
0.28677468566886744,0.23816419650731796,0.22452034366632867,0.25054077415748593
0.288588736638538,0.2356324035425675,0.2309645641446927,0.24481429567420174
0.2952884741722617,0.23082856909143812,0.2286041447888796,0.24527881194742074
0.2877904097690256,0.23194693059601149,0.23010159514002498,0.2501610644949379
0.28348874018222736,0.23437905435454423,0.22909431207537453,0.2530378933878539
0.2811088226788609,0.23218888622946393,0.23069674044846075,0.25600555064321434
0.2811758109753739,0.23971234566553132,0.2241715594205821,0.2549402839385127
0.28399333074152483,0.23530134666832034,0.23140384470994543,0.24930147788020945
0.2890718835898109,0.23267862565375885,0.22766300749596544,0.2505864832604648
0.28304695211379866,0.2348860769009033,0.22902234155351658,0.25304462943178146
0.28435773586173857,0.23644159664800213,0.2278699653022237,0.25133070218803544
0.28516425691639413,0.23176724774852417,0.23114675620834374,0.2519217391267378
0.2848216922010257,0.23855802607191107,0.22464061105243252,0.25197967067463073
0.2864770653338543,0.23497520158287144,0.23141665039608394,0.2471310826871903
0.29231646016570195,0.23313579579543262,0.22728690276480523,0.24726084127406026
0.28764350632538416,0.23322110361733164,0.23017144872489687,0.2489639413323874
0.28788912182502724,0.235280605404087,0.22783422271599377,0.24899605005489192
0.287041544558569,0.23166487517467757,0.2314989082077036,0.24979467205904973
0.2862983507699233,0.2363958857552159,0.22613042315052334,0.2511753403243375
0.28538546972846546,0.2338610997073008,0.2313733473287582,0.24938008323547556
0.28782978094828693,0.23356897412421268,0.22777889232412826,0.2508223526033722
0.2844895693898229,0.23530224897130358,0.22899662629016734,0.2512115553487062
0.2859216488590172,0.23411289642964808,0.22924014231728743,0.2507253123940472
0.2831062367611439,0.2306966986833035,0.23095393295446504,0.2552431316010876
0.2807047906385177,0.24093384653693606,0.2234345075216064,0.2549268553029398
0.2845072210574489,0.23525317596312825,0.23237028583331953,0.24786931714610327
0.29245415173245626,0.23386619820472465,0.22597967656454346,0.24769997349827558
0.28776344158473915,0.2342727898627664,0.2300716711433329,0.24789209740916146
0.2895038562568753,0.23345274212666875,0.22882357286270474,0.24821982875375115
0.2872480456876057,0.23280139176119935,0.2299357262386269,0.25001483631256816
0.28596427603994345,0.2354850587764516,0.22784625260501848,0.25070441257858644
0.28819499552475053,0.23660289427420889,0.22817510926246198,0.2470270009385786
0.2917882670705881,0.2313268429171893,0.2306282004923104,0.24625668951991223
0.2877479058442562,0.2320114578061692,0.22899878246692557,0.2512418538826491
0.28172949268247044,0.23480314793597998,0.22925468655404063,0.2542126728275088
0.28153331686504507,0.23421027372527792,0.22924738059471977,0.25500902881495724
0.2847485794125123,0.24011625576137346,0.22470828169774082,0.2504268831283734
0.29011133778858483,0.23398796483678827,0.23120664815437836,0.24469404922024857
0.29522382457248125,0.2338903099703795,0.22604760777742572,0.24483825767971346
0.2915727016711682,0.23259992243278824,0.23076464985547715,0.24506272604056636
0.2915273275490883,0.23193002905242205,0.22909362825262253,0.24744901514586717
0.28761833244989665,0.23424926976167662,0.2290800691074317,0.24905232868099514
0.2890797200634532,0.23564694598430924,0.22825464155054587,0.2470186924016916
0.2915219719721168,0.23238697077732398,0.23007907732064953,0.24601197992990964
0.2894280049748058,0.231899739033387,0.2293718909204388,0.24930036507136835
0.28537836281596235,0.2354546526198918,0.22837693935928308,0.25079004520486287
0.28699981025218324,0.23485552905617585,0.2293877065586876,0.24875695413295323
0.28808103983809213,0.23197025823012357,0.2299655222450504,0.24998317968673386
0.2867130150066086,0.23788332304689971,0.2259447225926103,0.24945893935388136
0.29036369783315874,0.2349935127170074,0.2302073030999811,0.2444354863498527
0.296333972884751,0.23309919151354377,0.227147676709676,0.2434191588920292
0.2932892349363839,0.23155172793716125,0.2303276747118138,0.244831362414641
0.2907048962675709,0.23248308493644573,0.22909104951709747,0.24772096927888587
0.28758556726806883,0.23382409046595265,0.22959564553491726,0.24899469673106128
0.2882695492805224,0.2346083029472774,0.22865970767051746,0.24846244010168275
0.2891334430052751,0.23388837778328433,0.22923927287281126,0.24773890633862924
0.28885702718244344,0.2329336097276387,0.22943032465686217,0.24877903843305574
0.28767370246243124,0.23534047630288962,0.22799007593140197,0.24899574530327714
0.2880943914471313,0.23313642285347605,0.2303976444883598,0.2483715412110328
0.285886564497065,0.230564379838402,0.23047951765383398,0.253069538010699
0.28387657597439836,0.24187542631360484,0.2235459010096341,0.2507020967023627
0.29174100904616124,0.23577979892442832,0.23125569982621264,0.2412234922031977
0.30035928829474556,0.22836655848948187,0.22832809303466567,0.24294606018110698
0.290129414466605,0.23469900041573918,0.22792172684988155,0.24724985826777432
0.2900276495455335,0.2338707141671805,0.23053574147174966,0.24556589481553623
0.2912397776259287,0.2295175370793382,0.2308405396519999,0.2484021456427332
0.2851180648173466,0.2364744566468219,0.22670205866263343,0.25170541987319806
0.2853520343080066,0.2345178761300532,0.2311426067858004,0.24898748277613977
0.2881861012411438,0.2318166138438724,0.2290430907189712,0.2509541941960127
0.27973630248013504,0.23118250909640267,0.23067603118363908,0.2584051572398233
0.27109712826402893,0.2331672925010199,0.22690657518928706,0.26882900404566407
0.2635373072225926,0.23518784825251363,0.22276654674845955,0.27850829777643415
0.26547287268274117,0.24396465064312092,0.2169327886269167,0.2736296880472212
0.2727346057652211,0.24211290833628665,0.22559013515268406,0.25956235074580813
0.28165179458523737,0.23349310285063543,0.22798645522048103,0.2568686473436462
0.27705489088229723,0.23659063322250987,0.2249931369702974,0.26136133892489544
0.27483642382638296,0.23797085305458304,0.22718859753806409,0.26000412558096986
0.27768084017891437,0.23424462494408516,0.22810027638588795,0.2599742584911126
0.2786954837349966,0.24056283272861514,0.22324816832132927,0.25749351521505903
0.2805175654058839,0.23458000408112104,0.23155606141091423,0.2533463691020808
0.2839672250546289,0.23476145865648854,0.22586022118933088,0.2554110950995517
0.2792567493380803,0.23654861580931025,0.22866089742314738,0.25553373742946217
0.2811556951841219,0.23368780423007626,0.2291072390484737,0.25604926153732815
0.27827033514545546,0.2348156925329726,0.227260310589456,0.25965366173211585
0.27856383127474177,0.24027638897602513,0.2251091591883202,0.2560506205609129
0.2841564632359446,0.2354088502968735,0.2301193240829875,0.2503153623841945
0.28856289815066055,0.23488914721355658,0.22666398390413223,0.24988397073165064
0.28694974125844247,0.23576417230698066,0.2288335141574084,0.24845257227716847
0.2888562497875612,0.2319335137187615,0.23036619669104103,0.24884403980263628
0.285613130554341,0.2338688008873853,0.22824091073794528,0.2522771578203285
0.2847990752897563,0.23781823027759086,0.2275157106087548,0.24986698382389808
0.2885666776744224,0.23164076007754056,0.2315768901697979,0.2482156720782392
0.28689577833794094,0.23397193770459346,0.22714082565927432,0.2519914582981912
0.28186151932328996,0.23432674085740401,0.23048300321401943,0.2533287366052866
0.28419502546182607,0.23604657702355253,0.22708146810298208,0.2526769294116392
0.2836148172165374,0.2336258942220529,0.23036035335816707,0.25239893520324264
0.28634914162133174,0.2385897629663831,0.22501179526082998,0.2500493001514553
0.2906334958427064,0.23615437345113066,0.22950474493015977,0.24370738577600323
0.2971199266274071,0.230994146878701,0.22860043237000802,0.24328549412388395
0.2910595688314337,0.23118830609066818,0.23001025865230132,0.24774186642559687
0.2852220135286731,0.23297325710688108,0.22993412001539837,0.25187060934904754
0.28286637710215723,0.23445699583657856,0.2290561007742537,0.25362052628701043
0.2834431473253531,0.23614284497270382,0.22792045371035974,0.2524935539915833
0.28584997588682765,0.23546528085728372,0.22864816791210577,0.2500365753437829
0.28824957149694747,0.234754773730428,0.22830611898770692,0.24868953578491768
0.28768935083957997,0.23281739453360284,0.22992614940851794,0.24956710521829925
0.2845605069908395,0.2327274836955584,0.22942371005893755,0.2532882992546645
0.279377433630365,0.23350614246020454,0.22927317111517853,0.25784325279425185
0.2813126185009346,0.24143988369021985,0.22401512263657655,0.2532323751722691
0.2899052773826712,0.23757437463363204,0.22932721846646897,0.24319312951722774
0.2980437180546083,0.22871037908201905,0.22968178824817986,0.24356411461519273
0.2881099668797864,0.23229965944706019,0.22887410095339403,0.2507162727197595
0.2818279973516437,0.23400369445642222,0.23047323725598995,0.2536950709359441
0.2824397545396934,0.2346635989131471,0.22833268922822458,0.2545639573189349
0.2837152660317358,0.23811735317145316,0.22668089186364893,0.2514864889331621
0.2867044894871025,0.2326566306574859,0.2311976072670001,0.24944127258841156
0.28618791780173886,0.23407550412816078,0.22720556480173043,0.2525310132683699
0.280669866874187,0.23344293805273442,0.23071111870123062,0.2551760763718479
0.2812908172220233,0.23682776922329526,0.22618359725072015,0.25569781630396127
0.28006828181999066,0.23374514366654844,0.23065480385758932,0.25553177065587146
0.28389719179209094,0.2398954390799571,0.22364541227005513,0.2525619568578968
0.28723368992374276,0.2356741692935846,0.23096712402355546,0.2461250167591171
0.29293427299199504,0.23104701313312698,0.22856491667041515,0.24745379720446278
0.28485069625492176,0.2330584311655716,0.22966185262250802,0.2524290199569986
0.2823106147347781,0.23554626127899983,0.22848704122434968,0.2536560827618723
0.28326500262346516,0.23463478285185033,0.22924111637444988,0.2528590981502347
0.2841424429842613,0.2353210963352883,0.2277949105944836,0.2527415500859668
0.2832953814499543,0.23427566742853947,0.22944400249031857,0.2529849486311876
0.2828811178667696,0.23470786110079558,0.2281227672392882,0.25428825379314657
0.2811363170982752,0.23497644692456648,0.22873026856671608,0.2551569674104423
0.2817097537057743,0.23615772370269192,0.22750116103959453,0.2546313615519392
0.28095316052246394,0.2331472542920792,0.23004520967119532,0.25585437551426155
0.2821563470368965,0.2398244472593984,0.22406622574088886,0.25395297996281635
0.28644497663281304,0.2368917857897788,0.2300803051672007,0.24658293241020737
0.2934474011199088,0.23120603827571226,0.22885912373561554,0.24648743686876334
0.28681806569203694,0.2330514868686571,0.22916159802391817,0.2509688494153878
0.2837227689561438,0.23511231652793088,0.22903444673846535,0.25213046777745995
0.2841059403623651,0.2333459265821086,0.22987531760662683,0.25267281544889947
0.2837137185767568,0.2362350433054508,0.22698152430951762,0.2530697138082747
0.28310550332406137,0.2337881188982865,0.23052117001034014,0.25258520776731197
0.2827679170654161,0.23372340135007866,0.22801235713035742,0.2554963244541478
0.2789323441334786,0.23600670063684143,0.22796578286571237,0.25709517236396773
0.2792185737095145,0.23491870624427694,0.22858381598829117,0.25727890405791737
0.27733778112462243,0.2336304612467988,0.22810596262847438,0.26092579500010443
0.2780308678327866,0.2421216631574838,0.22285829635150523,0.2569891726582244
0.28518808739945195,0.2378707007371458,0.22999364510474088,0.24694756675866136
0.2935219252034569,0.2307370782547711,0.22885346674103707,0.24688752980073492
0.28691297996670145,0.23541762543759898,0.22745634577939536,0.25021304881630435
0.28634591322975245,0.23450144127505188,0.2303949880376773,0.2487576574575185
0.2877442977667621,0.2314026819008053,0.22992343169030802,0.25092958864212456
0.28386930270981364,0.2369781079919172,0.22669116440916487,0.25246142488910434
0.2833348781894976,0.23218827615931484,0.23230282977468372,0.25217401587650395
0.28245551967384896,0.23404223040824634,0.22676924000855753,0.25673300990934717
0.27709107073085393,0.2362331984128511,0.22861396603055142,0.2580617648257436
0.2803039032654183,0.23670153418321777,0.22701126030323338,0.25598330224813065
0.2794243232460774,0.23245608602018872,0.2301285542449903,0.2579910364887435
0.27919238001669555,0.24044651686314358,0.22299807523276516,0.2573630278873958
0.28267298704763383,0.23768011498075084,0.23026021817871373,0.24938667979290155
0.2915240971298671,0.23319552173665092,0.2276168084189952,0.24766357271448677
0.28861719886076037,0.2354255261868039,0.2279476140082897,0.24800966094414598
0.29058071414891057,0.2349828358679462,0.22882189498284441,0.24561455500029877
0.2912987581321878,0.22948591982254,0.231543014403879,0.2476723076413933
0.28402251659943595,0.233265825483389,0.22822199674262275,0.2544896611745524
0.2781541866335327,0.23445366223443512,0.230000071228684,0.25739207990334817
0.2787089346729105,0.2352744601002055,0.22727221515847318,0.2587443900684109
0.27839466894682874,0.23754344649610984,0.22672887934158872,0.2573330052154727
0.28122542538774764,0.23622178867988866,0.22815303868495754,0.25439974724740616
0.2820071985014785,0.23347326425696896,0.2289144032468684,0.25560513399468415
0.2819966164824205,0.2397640611879617,0.22467793111674403,0.25356139121287374
0.287064702919223,0.2366681922116631,0.22981919010334514,0.24644791476576866
0.294253166363504,0.23265172552243427,0.22785613832946677,0.24523896978459486
0.2887742658876864,0.2304839056579536,0.23120413796053751,0.24953769049382252
0.28334939769640655,0.2350573894666381,0.22773033981399096,0.2538628730229644
0.28218544553948705,0.23551190827630403,0.2296631054571259,0.2526395407270831
0.28654034077564583,0.23613904543431616,0.22719076737465727,0.25012984641538083
0.2852199930985707,0.23044159992611482,0.23219973174253686,0.25213867523277755
