0.31087538603345044,0.20642374888554202,0.22566451146064856,0.2570363536203589
0.31414952933335116,0.2071444192247186,0.22067540296075264,0.2580306484811776
0.3097098598856773,0.21052854346681416,0.22213940322330933,0.2576221934241993
0.31181361153578685,0.20538028301343614,0.22196407304429178,0.26084203240648524
0.3074681188627187,0.2158904123450658,0.21721881885375433,0.25942264993846115
0.30761554583353246,0.21437562393854484,0.22335367182700028,0.2546551584009225
0.3183361830569135,0.19877385574138504,0.22656567640267478,0.25632428479902664
0.31763789352783683,0.21048521806293108,0.21586397631639595,0.25601291209283616
0.30505856877375137,0.20875085720966674,0.2280615903089978,0.2581289837075841
0.32419290736702316,0.2036003074069324,0.21451068089997485,0.25769610432606965
0.31298485197778025,0.2224900488770527,0.20939018442838805,0.255134914716779
0.3132124218853939,0.20957772029584965,0.2236009192082728,0.2536089386104836
0.31579842332638675,0.20402296135167391,0.22435610788833332,0.25582250743360613
0.3162835176072481,0.2085599171472709,0.21761080242594205,0.257545762819539
0.29733577995646326,0.21299087352789722,0.22864336642477062,0.2610299800908689
0.3073962902032598,0.20517191826332704,0.2254815484234038,0.2619502431100094
0.2961698389241829,0.2169670349673214,0.22571692527609438,0.2611462008324013
0.3048010672007449,0.20593830602312513,0.2313798414111065,0.2578807853650234
0.3053612136576113,0.20037374574651035,0.232460966180913,0.26180407441496545
0.3109257525736419,0.20801043933653393,0.22035623863357562,0.26070756945624846
0.3035292581856867,0.21216206688572137,0.22285291784946745,0.2614557570791245
0.32528957022825705,0.20766541668306907,0.20832945939406539,0.25871555369460847
0.306509488277526,0.22633165066678992,0.21170752853136035,0.2554513325243237
0.3153549059340336,0.204769564382173,0.22658849566857692,0.25328703401521657
0.32028100685986866,0.20449467896865955,0.21962495191033063,0.25559936226114127
0.3131875646103061,0.21086827656642476,0.21925884866202563,0.2566853101612435
0.2994166858490156,0.21109602880628658,0.23267890032130611,0.2568083850233917
0.32983833623350906,0.19841983861281773,0.21717693318623454,0.25456489196743864
0.31551243684204816,0.2188606136918535,0.21023431444983717,0.2553926350162611
0.31533608980500577,0.20900204155789032,0.22377886463109542,0.2518830040060085
0.3219557772314978,0.2004163169547997,0.22391056619341043,0.2537173396202921
0.3344990190459893,0.2108214471458563,0.2042128269271549,0.25046670688099953
0.3186518104324201,0.21052128727639252,0.22035767398156106,0.2504692283096263
0.3337157958001316,0.19709141114741652,0.21635062505353092,0.25284216799892084
0.3238417951686291,0.2187210795209743,0.20778336902122707,0.24965375628916953
0.326594632635587,0.20459620362562486,0.21916493455282227,0.24964422918596582
0.3240223759428385,0.20619912404025567,0.21903433000746322,0.2507441700094426
0.32664902307396854,0.20488732061964324,0.21811545363041313,0.25034820267597513
0.3211480546000975,0.20476998819022796,0.22031535776434416,0.2537665994453305
0.3219057047163847,0.20877931653611106,0.21314833514969422,0.25616664359781
0.29877086340507997,0.21860201769918244,0.2260590028663419,0.25656811602939567
0.3175096752074585,0.20308297435024011,0.2291436721924199,0.2502636782498815
0.32404305494522034,0.19831608855505636,0.2245757059654183,0.253065150534305
0.3234272973932644,0.20349112075128822,0.21833942341328638,0.2547421584421609
0.3093828073115242,0.2082785429940443,0.2251707048860318,0.2571679448083997
0.3371987118226985,0.20537135673579138,0.20318130308738228,0.2542486283541278
0.3204643979166837,0.22936245433023325,0.2004157533591167,0.2497573943939664
0.32096383556347413,0.20647919166135947,0.22360055420982522,0.24895641856534131
0.32154482346808194,0.201783039963505,0.2248278138187731,0.2518443227496399
0.3214151567935933,0.20395103033343678,0.21969265997600307,0.2549411528969669
0.30217762707291757,0.21086962230500755,0.22932557656766764,0.2576271740544072
0.31848231942874045,0.2023275159033691,0.2225031672695201,0.2566869973983703
0.31223039912445844,0.21539898835679472,0.21629469646275706,0.25607591605598967
0.31559239013035517,0.2084729508861791,0.22397761217026696,0.2519570468131987
0.3204515763156382,0.19861096808969786,0.22789198700066654,0.25304546859399735
0.3329887977438707,0.20328647099200942,0.20997361970369988,0.25375111156042
0.32054402280657496,0.21465285621765035,0.21147942499202343,0.25332369598375126
0.329294658421467,0.20725314302295514,0.20935498412618947,0.25409721442938843
0.31718359252036216,0.22191156653713126,0.21032179659545022,0.2505830443470563
0.3220379246929631,0.20517110325638777,0.22450521779446944,0.2482857542561796
0.322777981735095,0.19784703386370756,0.22675528818838409,0.2526196962128133
0.3195654388174396,0.20388891108480225,0.2211524385927396,0.25539321150501854
0.30461172845299145,0.2098099530359757,0.22802063952566307,0.2575576789853698
0.3285201364247864,0.20459252479273315,0.2121622865075121,0.2547250522749684
0.311087264523074,0.22066619015202854,0.21390677209215053,0.25433977323274687
0.3213107979398419,0.20476457187158065,0.22510563821800764,0.24881899197056975
0.3268414486017223,0.19601843204880662,0.22379420026408087,0.2533459190853902
0.32870878875213083,0.21013019623189255,0.205539069312135,0.2556219457038416
0.3014277192658998,0.2189336728506001,0.22269088507572501,0.2569477228077751
0.3256886270716743,0.20158058703156642,0.21584970774256435,0.2568810781541949
0.3038431096543782,0.22742201918292607,0.21499139000110687,0.2537434811615888
0.3093178688093874,0.1995195539158925,0.238495966731628,0.2526666105430922
0.3117433677713874,0.19418916115101162,0.23271043933285873,0.26135703174474223
0.30618084190486705,0.2121610446618571,0.21979216804177137,0.2618659453915044
0.2890048440734623,0.2152883192927749,0.23214818478546007,0.2635586518483028
0.3244581100061299,0.201627364903194,0.2144863787366244,0.25942814635405176
0.3005405346206099,0.22702922255705787,0.21502855067240492,0.25740169214992736
0.308922177042799,0.2021282079469762,0.23399557695632647,0.2549540380538984
0.31725380915804874,0.20020817250008158,0.2238835272895764,0.25865449105229316
0.32220343304637855,0.21469450991561037,0.20758958942182903,0.25551246761618196
0.30232733824884517,0.21414064691510684,0.22618130247211837,0.2573507123639296
0.33171873287710874,0.20076103521549518,0.2124733085717957,0.2550469233356003
0.3119699780902998,0.2240141515298911,0.21057517928128394,0.25344069109852513
0.3184593853830242,0.20334246689442403,0.22573832588383247,0.25245982183871923
0.3142586871654926,0.20482248566527333,0.22384351353711823,0.2570753136321159
0.3164320459065323,0.21038043289619845,0.2173528483732858,0.25583467282398353
0.30499631572525276,0.21058571493109332,0.22728808206294238,0.2571298872807116
0.3219829672793251,0.20108086637733624,0.2166868431509088,0.26024932319242977
0.2907299455912133,0.2256080672591338,0.22425747817012867,0.2594045089795242
0.3084120379371929,0.20109383811674225,0.23562188768933118,0.2548722362567337
0.31797975438444187,0.19991287748015088,0.22307890819713652,0.2590284599382707
0.3142944655845259,0.2146711794448347,0.21471919896819808,0.25631515600244137
0.2993733159435179,0.20787641295516238,0.2320389497843571,0.2607113213169626
0.33165415140665166,0.20368421977039308,0.20761878975691384,0.2570428390660415
0.3119195580841315,0.2288376669971724,0.20694014198339253,0.25230263293530364
0.31678609519597456,0.2013510530978967,0.2301306348409209,0.2517322168652078
0.3279761911569221,0.2035414223744592,0.2167931088469594,0.2516892776216594
0.32187295809515903,0.2079972087756048,0.21377148411705238,0.25635834901218385
0.30598693737262694,0.21544008935194287,0.22126209780611558,0.2573108754693145
0.31129555486007543,0.20769376174809237,0.2233187848228105,0.2576918985690217
0.3097974947373371,0.2146366311171577,0.2211363385466,0.25442953559890524
0.3166465191565765,0.2021455760924968,0.23027431015384622,0.2509335945970804
0.31758622866087044,0.19207820203479328,0.23227095883824894,0.2580646104660873
0.32139965397323206,0.21008213173990056,0.21318435655619794,0.25533385773066936
0.31817121343299926,0.20908693428516115,0.21613206800193083,0.25660978427990877
0.33611288931898775,0.21350691009348885,0.19950032351868108,0.25087987706884224
0.32096743763005753,0.21958736609158264,0.2121815812558757,0.24726361502248423
0.33529094600676995,0.1941415463242004,0.2215299207662334,0.24903758690279623
0.3253979496911168,0.21032858523024267,0.21224038208695767,0.25203308299168287
0.31291859700470387,0.20856737550282714,0.22463373171817805,0.253880295774291
0.31784501502511475,0.2058257688966888,0.22390815919952758,0.2524210568786689
0.3287023796837818,0.20683221127854395,0.21167358517907953,0.2527918238585946
0.3087702542422912,0.2148071996184126,0.22271691329310989,0.25370563284618625
0.315144834649011,0.20062821304498202,0.2331698750017687,0.2510570773042383
0.32985601284812516,0.1977163503249567,0.21943570067414409,0.252991936152774
0.33261922922438386,0.2124258394929686,0.20445650636914317,0.2504984249135044
0.3200301361923996,0.20823505607874326,0.2185334173244845,0.25320139040437273
0.33344342039040153,0.20718561612163872,0.20850777698664913,0.2508631865013106
0.3266116437786115,0.21748556240788683,0.20853142342147155,0.24737137039203005
0.3292783935082849,0.20152977949756187,0.22023638613498275,0.24895544085917043
0.32204204622550275,0.2051148426892985,0.221088360788814,0.2517547502963847
0.31617279570609724,0.20450948244863465,0.22533454058100302,0.253983181264265
0.32101831816129905,0.20627580007457275,0.2199248992910591,0.2527809824730691
0.3242055209017352,0.2075571255051076,0.21225530262900674,0.25598205096415055
0.2993097012094515,0.21982094949550401,0.2258717181062364,0.254997631188808
0.3189227430853378,0.19941934529155936,0.23473144955830025,0.24692646206480254
0.342626146257178,0.19008099792449726,0.21367372585229583,0.253619129966029
0.3189204076675784,0.22275675073917797,0.20498491090653922,0.2533379306867045
0.3069101354181304,0.20956468262283068,0.23132781051053933,0.2521973714484996
0.35160978785063335,0.19842996772013555,0.19902462753219266,0.2509356168970384
0.3217456058767651,0.2398215994389768,0.193109364110101,0.24532343057415712
0.3127508337277564,0.1987300514817432,0.24079684031030624,0.24772227448019418
0.32774639717864423,0.1931253709536064,0.22310715381801913,0.2560210780497302
0.31571281613016083,0.22219986586649976,0.2067540908613057,0.2553332271420337
0.2837253949097195,0.21117547407622184,0.2382146331103921,0.2668844979036667
0.28722730111773376,0.20446976837513725,0.23655666856364788,0.2717462619434811
0.26362511744395045,0.21741958431650996,0.24706493196566146,0.2718903662738782
0.2721360251150277,0.19476240845088144,0.261836052726646,0.27126551370744484
0.28443328091722025,0.18543479521359285,0.251602612615581,0.27852931125360597
0.26941203450237106,0.20060676323064625,0.24077035135718544,0.2892108509097972
0.24724871007103721,0.22014271104210895,0.23219988624122292,0.3004086926456309
0.2827440817063113,0.2094387710481449,0.22321893351716435,0.2845982137283795
0.2838100951287834,0.23077681986237503,0.21635094502380128,0.26906213998504025
0.2836950974662916,0.20734961890085674,0.2377628412035481,0.2711924424293035
0.2927949276772294,0.1977008697846801,0.23482829616711628,0.2746759063709743
0.29176395804516514,0.22192033755163557,0.21816332282080156,0.2681523815823978
0.2843975000178914,0.21119216798043935,0.2310432409280912,0.273367091073578
0.3056991518387169,0.20872311204140773,0.2179268735890811,0.26765086253079434
0.2784905579934703,0.22733099299116388,0.2283392316046894,0.26583921741067634
0.2981000169745536,0.19699236023887134,0.24116790993965617,0.26373971284691894
0.3068983327422753,0.20685470312801105,0.22210425362406136,0.26414271050565225
0.2984473908827297,0.21459766193760435,0.22457684372702363,0.26237810345264234
0.305472623065863,0.20458999691300603,0.225698414785232,0.26423896523589907
0.32074755176000275,0.215008829483773,0.20481428789060924,0.2594293308656151
0.30410035061392604,0.22542217026361336,0.21575944975590056,0.25471802936655996
0.32355692676999664,0.197526537279101,0.2247278925625702,0.2541886433883322
0.3194697767953932,0.21200269831776705,0.21125327012954917,0.25727425475729065
0.3046542540179248,0.21580345309524207,0.22287621971092697,0.2566660731759062
0.30240237953347676,0.20445816052889462,0.23305831182390582,0.26008114811372285
0.3209985064814186,0.2109038631060026,0.2122634786380992,0.25583415177447977
0.29644848133978186,0.21572644977302022,0.23016784732837062,0.25765722155882737
0.31337462293838203,0.1972972091850436,0.23510915081437617,0.25421901706219824
0.32502707158569966,0.20148825204531534,0.21842072868138473,0.2550639476876003
0.3293047980146026,0.21082528448771773,0.20395720451564914,0.25591271298203055
0.31172526355935676,0.21910745291726744,0.21288647452028833,0.25628080900308736
0.32592293324842136,0.2095470668456692,0.21098996101591058,0.2535400388899989
0.3191589085477355,0.221868133235002,0.20942163757212587,0.2495513206451367
0.31334475335541867,0.2021233673058148,0.23251850832256066,0.25201337101620586
0.3121285841678639,0.19811480190291042,0.2331357252621093,0.2566208886671165
0.3131922889299236,0.20421107325079643,0.2239312570586894,0.2586653807605906
0.31020892703290676,0.2104472305559467,0.2184561247611622,0.2608877176499843
0.30857575862682873,0.21564143334288166,0.2151508016102506,0.2606320064200391
0.29369956617020765,0.21886517514765322,0.22916787607607467,0.2582673826060645
0.3143398770502875,0.20152221130333242,0.23289735214670518,0.25124055949967494
0.33079544253394433,0.19169327477768883,0.22229639847557944,0.2552148842127874
0.31346247685689094,0.21149149146186602,0.21333043522964387,0.2617155964515992
0.29653688553855906,0.21917468376390617,0.2217557505613361,0.26253268013619874
0.32506653825043,0.2098933819295558,0.20941645086017838,0.25562362895983576
0.31700206533943165,0.22899940130686733,0.20513104221908282,0.24886749113461817
0.31187534946231926,0.1960194359268189,0.2398441431023237,0.25226107150853816
0.31011946962084874,0.19363153362291619,0.23283692454790897,0.2634120722083262
0.3033926021639455,0.21601061476944455,0.21903559230324593,0.26156119076336415
0.29426021336300723,0.21202781598236006,0.22966880083588972,0.26404316981874304
0.314299430415152,0.21111033540626817,0.21577190951998385,0.25881832465859594
0.28941233337135497,0.21648736566976032,0.23290816479990964,0.2611921361589751
0.30904221146526056,0.19791281804416422,0.23561310928051105,0.2574318612100642
0.31296807660536313,0.20215431160702502,0.22323530427434166,0.2616423075132701
0.3149127319110012,0.21344704792340963,0.20999880654018988,0.2616414136253992
0.29346805278945076,0.22184907482345625,0.22218655469700302,0.26249631769008996
0.3220446010775414,0.2052312640920316,0.2157609167326956,0.2569632180977314
0.3116351159449316,0.2235975275280241,0.2110592145033465,0.25370814202369774
0.3051562550845583,0.20176167249161797,0.23519927401177632,0.2578827984120475
0.30166135746552175,0.20412012347862113,0.2309527881804273,0.26326573087542976
0.3034469065316442,0.21115310426794576,0.22296170762170284,0.26243828157870724
0.2976647733554403,0.21319424225114836,0.22656963006406677,0.2625713543293446
0.305533993295474,0.20696891345006033,0.22453628747004256,0.26296080578442316
0.289294881411993,0.21475309486131516,0.23185961545782105,0.26409240826887076
0.30210328375194323,0.20614374270888391,0.232995340195617,0.2587576333435559
0.31736558312231167,0.19896638469363692,0.22319519620530076,0.2604728359787507
0.3149236775494705,0.21503093507194335,0.20929748875868753,0.26074789861989867
0.2951827820913725,0.21932577200626294,0.22348856682876786,0.26200287907359665
0.3231993673793922,0.20522333156997963,0.21407271368212957,0.2575045873684986
0.31343439897636777,0.22589074797628414,0.20747477325861272,0.2532000797887354
0.3075787012746867,0.20452935163702105,0.23212419400285542,0.2557677530854369
0.3052652577207379,0.20096770022665764,0.2306736491695475,0.26309339288305683
0.30067344944978996,0.21403124126463335,0.22300485554995197,0.2622904537356247
0.2933011130383815,0.21113560245952828,0.23099743859555752,0.2645658459065326
0.3018975064161177,0.2054415101269661,0.22622676386714413,0.26643421958977215
0.2778924053739893,0.2197719916868685,0.2359803977788089,0.26635520516033323
0.29269988481180526,0.20246757493908257,0.24293622710921012,0.26189631313990225
0.3165793530274423,0.19579512429736612,0.2240080235988917,0.2636174990762999
0.301331540670158,0.21939714196259302,0.21526327508235765,0.2640080422848913
0.2920859975180248,0.21595212692198654,0.22738056821540353,0.26458130734458507
0.3313629060482111,0.20531711258679788,0.20530665546567306,0.258013325899318
0.3143454240393382,0.23505065620967558,0.19933614499851726,0.25126777475246903
0.30935760603498236,0.2033283172205297,0.23261534205779202,0.254698734686696
0.3126274097733053,0.2002006746469075,0.22455752824828384,0.2626143873315034
0.30043877705219607,0.22220528065511536,0.2188437544534154,0.2585121878392731
0.28847754865392344,0.20612001932708118,0.2418660129965666,0.26353641902242886
0.31098445102329136,0.20071481625920456,0.22389628421127689,0.26440444850622713
0.2780923820941244,0.22076570528661024,0.2340133666682444,0.26712854595102103
0.2909145650950135,0.20292948341011116,0.24250356403739085,0.2636523874574846
0.3079513528264108,0.2022155185261332,0.22582537406405193,0.26400775458340414
0.309514037119728,0.21486942776368195,0.21453083363236314,0.26108570148422694
0.29672075335587583,0.2142300849914027,0.22803207047060586,0.26101709118211563
0.33558039003664086,0.19943735162149936,0.20736460978195884,0.257617648559901
0.3199459655447072,0.23305394510160585,0.1938592760856904,0.2531408132679966
0.30589195560012483,0.21571116355817752,0.22274075216487757,0.2556561286768201
0.30757951557555996,0.20690788577967104,0.22668640241179208,0.258826196232977
0.30457747614772174,0.21420240158176773,0.2237806300027933,0.25743949226771723
0.2916054734612758,0.20440638262241972,0.24276171338907682,0.2612264305272277
0.30060649419224245,0.19389715007391436,0.23761175166020704,0.26788460407363623
0.2848306161062628,0.21697042372749972,0.23045505065199834,0.26774390951423915
0.2959992513485534,0.20832876936450828,0.23316774284324335,0.26250423644369486
0.3187714366467646,0.2015480809179259,0.2193248675722648,0.26035561486304476
0.321021025104827,0.21691592735847867,0.20359811540454484,0.2584649321321495
0.29709827702758224,0.2186072008090276,0.22144709925277586,0.26284742291061447
0.3183867349562246,0.21079458679242707,0.21499177522150553,0.2558269030298427
0.31678395538648635,0.21874034453809268,0.21239521429584846,0.2520804857795725
0.32192008870387817,0.20230262659148648,0.22124497992115288,0.25453230478348243
0.29441355366239663,0.20870087495281506,0.2329564230153188,0.2639291483694694
