0.23854142137384543,0.2945861831724619,0.27535179432914536,0.19152060112454736
0.24568491173629803,0.28476918327565237,0.28024936544611423,0.1892965395419353
0.24357578109644634,0.28304730098396597,0.28101034279172915,0.19236657512785854
0.24306687702609606,0.28599808896637374,0.2795822117644236,0.19135282224310668
0.24371584291661513,0.28767951122758256,0.27866896144325987,0.18993568441254238
0.24426363866102282,0.2798451612244746,0.2827365075391008,0.19315469257540183
0.24241501914269417,0.2786363858180979,0.28349191380817124,0.1954566812310367
0.24183107756030092,0.2924477450181853,0.27635222610904675,0.18936895131246698
0.24525670496440985,0.2855603156967348,0.2797160577309568,0.18946692160789852
0.24365584039828164,0.28870695362953397,0.27803046286578187,0.18960674310640246
0.2443984278032211,0.2871823442445228,0.2788397716244312,0.18957945632782497
0.24420963231592305,0.2703818670603431,0.28773814081276083,0.1976703598109731
0.23992666162608114,0.29266401921936264,0.2763093032775535,0.19110001587700273
0.2451047690984777,0.29181563310793157,0.27650939575155575,0.1865702020420348
0.24511283808064713,0.2898693172659978,0.27729673697227,0.18772110768108505
0.24469985824122686,0.28833914385887427,0.2781314771775095,0.18882952072238934
0.24426919194573565,0.2905056229597296,0.2770470676757995,0.18817811741873533
0.24500259530137503,0.27566040013028187,0.2848692077174778,0.19446779685086527
0.24130830051567206,0.2880889876983495,0.2785581202170542,0.1920445915689243
0.24415174705614484,0.2881389541833069,0.2784701398322917,0.18923915892825657
0.2443373041597122,0.28330205337608494,0.280881194237271,0.19147944822693186
0.24327168625304055,0.27453284687103535,0.2855993542736701,0.19659611260225404
0.24108699275160844,0.2814454250180189,0.2821532880319038,0.1953142941984688
0.24270604276008337,0.2684622328598906,0.2890326494990569,0.1997990748809692
0.23934568700921088,0.295243792024399,0.27508780626797885,0.19032271469841122
0.2457919504030581,0.28803070187037466,0.2784780047395001,0.1876993429870671
0.2442252494185967,0.29002228922353035,0.27726585495067957,0.18848660640719345
0.24465664023433853,0.29050354931697236,0.2770346203604805,0.18780519008820862
0.24487171734430743,0.2865906864732948,0.2790635733493102,0.1894740228330877
0.2440854327622774,0.27400064591529166,0.28579365321099454,0.19612026811143649
0.24074174241641094,0.2941693861915238,0.27546098451206574,0.18962788687999962
0.24555162626464752,0.2894914000448121,0.27765685725221895,0.1873001164383215
0.2447177289675545,0.28262167501072655,0.28114164091508004,0.19151895510663877
0.24300988297458082,0.28561246809662005,0.2797347819362306,0.19164286699256847
0.2431034372788754,0.3042120322440435,0.27004446432074647,0.18264006615633468
0.24826532269667437,0.276410152836621,0.2842522914031232,0.19107223306358143
0.2413356134946676,0.2977491435642125,0.27334371799643625,0.18757152494468365
0.24630110863860002,0.29442010138397573,0.2749408386122527,0.1843379513651714
0.24564766899013657,0.2946231514258296,0.27467549398246605,0.18505368560156785
0.24567903423453585,0.29493001643586275,0.27453202387558706,0.18485892545401436
0.24580952861985386,0.2930559105999098,0.27550712661043525,0.18562743416980107
0.24554187417913453,0.28590223530326486,0.2793077194697311,0.18924817104786956
0.24367155674622523,0.29230575209582577,0.2761112743894418,0.18791141676850723
0.2452299774959688,0.2886208119232706,0.2780026043211652,0.18814660625959553
0.24420049514019815,0.2957311445450144,0.2742803691945157,0.18578799112027164
0.246081095216408,0.28802805247062335,0.27821182427408997,0.18767902803887865
0.2443954498551749,0.2826464580407275,0.28112192831534294,0.19183616378875457
0.24308916898376948,0.2653163662829409,0.2905132830198076,0.20108118171348197
0.23838168504000473,0.3028579035749165,0.27118090577063114,0.1875795056144475
0.24726221424764613,0.2984979783732127,0.27283597936247894,0.18140382801666224
0.24655323778135638,0.29735496743284956,0.2731027639418727,0.18298903084392132
0.2464412872166385,0.29247341515479813,0.27570690191708674,0.18537839571147666
0.24530248317804088,0.2912418443079748,0.2764746458572386,0.18698102665674576
0.24522378080940685,0.2752346653788964,0.2850224327751742,0.19451912103652255
0.2411792146386714,0.2899187219888055,0.27759516657177485,0.19130689680074822
0.2444988351003102,0.29166958555773154,0.27658118973870965,0.1872503896032485
0.2450987806813964,0.28830312803740427,0.278152078694486,0.1884460125867134
0.24447045051003052,0.2792879849819644,0.2829438817582983,0.1932976827497069
0.24202894984008172,0.29343921024656605,0.27571513478289866,0.18881670513045365
0.24561582095666717,0.2780170405396067,0.2836762301889412,0.19269090831478494
0.2416574375214195,0.29674755669395936,0.2739674568720198,0.1876275489126014
0.24580391229846454,0.30162999567281384,0.27118168900909145,0.18138440301963024
0.24725238648844117,0.2975987684706805,0.27296275891165445,0.18218608612922385
0.24657924134481418,0.2903418006309281,0.2767890779680472,0.1862898800562103
0.24495503957587728,0.2841060471702564,0.28026968254169965,0.19066923071216663
0.24349566886299417,0.27426846414038414,0.28568625374358164,0.19654961325303993
0.24072787301424856,0.2962113578813104,0.2744224521338389,0.18863831697060204
0.24594434651143388,0.2929207077261044,0.27580774412728737,0.1853272016351744
0.24537215208255508,0.29127121144655793,0.2764896663145183,0.1868669701563687
0.24515637460037917,0.2825825566740173,0.2811222059561071,0.19113886276949657
0.2427447631226222,0.2964752625319474,0.27402619413453877,0.18675378021089156
0.2464073285605881,0.27187829256225376,0.2868500451919644,0.19486433368519362
0.23996262825621006,0.3044192561572087,0.2700814015896496,0.1855367139969316
0.247656466657481,0.2995702288336484,0.2721452504967428,0.18062805401212767
0.24718431943438735,0.2843965464862161,0.27987466455073495,0.18854446952866166
0.24361518288315115,0.27899197044495583,0.28305841439050755,0.19433443228138544
0.24215729688689683,0.28275300757134997,0.2813602381920166,0.19372945734973665
0.24304026911452864,0.26607857466916657,0.2902280391203756,0.20065311709592928
0.23868220969835255,0.2990794543679166,0.27312580603377085,0.18911252989996008
0.2467345957589404,0.28600512582370413,0.27949510521189463,0.18776517320546068
0.24395891217021262,0.27882947489029686,0.28315991590477607,0.1940516970347144
0.24212856536987393,0.2826251121423494,0.2814150867780981,0.1938312357096786
0.24277773068286768,0.29210906932869146,0.2764623941529296,0.18865080583551125
0.2453409657346866,0.27042615228815403,0.287715634671495,0.19651724730566433
0.23970204232974102,0.3013640404491804,0.2717429555473785,0.18719096167370006
0.24720494561894757,0.290909835144216,0.2767919828369115,0.18509323639992498
0.2449841864969039,0.2891799095362818,0.27757082823196316,0.18826507573485105
0.24460824744344184,0.2848219951422507,0.2800001873722994,0.19056957004200803
0.243315342414038,0.29459935856442776,0.27498490496148537,0.18710039406004897
0.2459583884072056,0.27556697665700514,0.28488907169190325,0.19358556324388612
0.24114269250279355,0.29508075360234065,0.27486469232462,0.1889118615702459
0.2459098486465634,0.2837389753428896,0.2806491220047955,0.18970205400575166
0.24334391031516625,0.28312098861671675,0.28097344763007764,0.19256165343803933
0.24303990787327362,0.2879318217376874,0.2785756477325769,0.1904526226564621
0.24424958645526607,0.28377829446073577,0.28068633634116624,0.19128578274283198
0.24329836648573275,0.2614839850076364,0.2925656975240664,0.20265195098256447
0.23740750038600408,0.3050225827620888,0.2701317184337301,0.18743819841817694
0.24808288994329789,0.28764583767537905,0.27855175476183497,0.18571951761948807
0.244180711923797,0.2909989077699183,0.27664807723718116,0.18817230306910362
0.24489709613611405,0.29044988722239456,0.2770379240867457,0.1876150925547456
0.24482948125208948,0.2883452072564009,0.27812826472447116,0.18869704676703833
0.24445066324085893,0.28124202217677874,0.2819214568246045,0.1923858577577578
0.24254599225352802,0.29138710231241405,0.2767488446816884,0.1893180607523695
0.24454782937280228,0.3019021858007477,0.2711303513019271,0.18241963352452298
0.24769259318902145,0.2816526974891247,0.2814350123844975,0.18921969693735638
0.24297689625240454,0.2771893347149853,0.2840436293261313,0.19579013970647877
0.2417245443844611,0.28133574086374846,0.2821709391045296,0.19476877564726092
0.2427057925217154,0.2756955495311603,0.28515495049805045,0.1964437074490738
0.2405381806888003,0.3090384335861425,0.2678022888870472,0.18262109683801006
0.24904939018924868,0.29147250152221615,0.2762670162975541,0.18321109199098112
0.24487549043388768,0.29932897708198075,0.2721471888768421,0.1836483436072894
0.24690136826772613,0.29108741466049354,0.2764713039564572,0.18553991311532306
0.24510873579549447,0.2857026507495205,0.2794002849325009,0.18978832852248415
0.24365528904465114,0.2906783438954622,0.276987698581898,0.1886786684779887
0.24450210688005217,0.2997594712422645,0.27220596331034164,0.18353245856734174
0.24706743881827492,0.28743256176105153,0.2784213473116966,0.18707865210897698
0.24431522146600537,0.2805047433325446,0.2822134683905166,0.19296656681093335
0.24236909532331902,0.2915615887308189,0.2766739531818614,0.18939536276400068
0.24494512425388953,0.29101328061585163,0.2768306913732096,0.1872109037570492
0.24513035515519085,0.2771677263086171,0.2840284868095317,0.1936734317266603
0.24117541589032498,0.3043601380965017,0.27005529406246537,0.18440915195070792
0.2476986700574895,0.2990920696829284,0.27233857514731197,0.18087068511227014
0.2466601469333551,0.29897269866152215,0.27221160240161435,0.18215555200350841
0.2469383005626701,0.28861605008760893,0.27769244879369526,0.1867532005560257
0.24447966007579103,0.2878283308623223,0.2783276540965062,0.18936435496538043
0.24418596178076385,0.28884414051613444,0.2779371345359046,0.18903276316719725
0.2443188045319634,0.2924667213630019,0.2760351065217044,0.18717936758333031
0.24524820596124422,0.29016777453385223,0.2771552140109017,0.18742880549400173
0.24484984467771717,0.2845666007614062,0.28010731195589594,0.19047624260498056
0.24326493504579588,0.2945382797795684,0.27500972477955243,0.1871870603950832
0.2458284951683526,0.28483155081661937,0.2799754749111444,0.18936447910388352
0.24366675435547716,0.26638599543729247,0.2898375570045742,0.20010969320265615
0.237916526013635,0.3187515080881372,0.26298019125218813,0.18035177464603971
0.25072004923913555,0.30571753024724724,0.26863034596006924,0.17493207455354795
0.2488364008102474,0.28074476273286203,0.28151112529690675,0.1889077111599838
0.24236442493404653,0.2990040072936889,0.27255045558203816,0.18608111219022647
0.24659610531562084,0.29571919261551277,0.27417341192082917,0.18351129014803705
0.24634839044340484,0.27237036724181607,0.2864034875912548,0.1948777547235243
0.24040141020594263,0.2953417631064589,0.2747649630906408,0.18949186359695755
0.24587095293919806,0.2876872033589364,0.27859337122066374,0.1878484724812017
0.24436531228461142,0.2752997107627415,0.28504080715392993,0.19529416979871717
0.24120535666255125,0.258611193369603,0.29421048235225505,0.20597296761559064
0.23683269068216428,0.2501371709248233,0.2990902753302943,0.21393986306271803
0.23436284766109963,0.2431408010676034,0.30312955437086764,0.21936679690042937
0.23337167332575234,0.27858782987242997,0.2845466815325654,0.20349381526925225
0.24163496754901154,0.28650824253843443,0.27994166516883834,0.19191512474371575
0.2438474824648475,0.2619788871645437,0.29242279238750213,0.20175083798310667
0.2381293947559249,0.27124000639103807,0.2876990722175089,0.20293152663552802
0.24016544447822633,0.27813696890710277,0.2842129790878977,0.19748460752677305
0.2418126917617007,0.26345047509857,0.2918208815964631,0.2029159515432662
0.23815817298149303,0.2942687374079032,0.27573250614183425,0.19184058346876953
0.2457038462613315,0.2737421164737111,0.28614616774919494,0.19440786951576247
0.2409928793644961,0.27677624664803346,0.2845179355235851,0.1977129384638853
0.24154543247200158,0.2820916477879814,0.28188741295856934,0.19447550678144765
0.2428768697783914,0.2700526414565262,0.288156104658993,0.19891438410608944
0.24002040190387366,0.2689294208598003,0.288864208360715,0.20218596887561088
0.23934824690064269,0.29628295344685585,0.27466810027109306,0.1897006993814083
0.24611157902683267,0.2841749907458767,0.28049941601186523,0.18921401421542539
0.24334995879527438,0.2884904775143978,0.27813533473359714,0.19002422895673057
0.2441462917504888,0.2946786319502807,0.2749242437115007,0.18625083258772981
0.24597403765929393,0.2789301455960225,0.28305748701883765,0.19203832972584597
0.2422215984927493,0.28181387175785766,0.28174247082812337,0.19422205892126965
0.24229834378295664,0.3013575911672999,0.27164967481117763,0.1846943902385659
0.24753864005391107,0.2770078050949111,0.2840397925375993,0.19141376231357843
0.24178869223191535,0.28324922434754163,0.28094629606029164,0.19401578736025135
0.24315685411986712,0.27926714823166277,0.2832150631421609,0.1943609345063092
0.24209358648573376,0.2883579602764356,0.2784479194640432,0.19110053377378738
0.24440030710498886,0.27666544617391037,0.28449407733218096,0.19444016938891984
0.2410123167704825,0.3046509897673985,0.2699595471540242,0.1843771463080947
0.24753136572542978,0.30450137201437955,0.26951135083357786,0.17845591142661282
0.24825859592090807,0.2893719434214147,0.27712992717643153,0.1852395334812457
0.24481647567068252,0.28175262671308965,0.2814445470971665,0.19198635051906138
0.2428922817709871,0.28016914819086336,0.28260688917804594,0.19433168086010366
0.24242917421497143,0.2809993605875665,0.28230591806126226,0.1942655471361998
0.24248353989169374,0.28846366637563603,0.2783928703304076,0.1906599234022627
0.2442416565794289,0.2894454311556177,0.27772176952501687,0.18859114273993663
0.24450900908812076,0.29050552860952344,0.2770533527196085,0.18793210958274742
0.2449582129604457,0.28111237407302314,0.2819650892286714,0.1919643237378597
0.24276717008329227,0.2745420487319502,0.28559886393079537,0.1970919172539621
0.2411050600185348,0.26858025479967357,0.28898258840277796,0.20133209677901373
0.23884090075060016,0.30871694359738305,0.26819899269359015,0.18424316295842663
0.2482260165838897,0.30835343262131465,0.2675059807326657,0.1759145700621299
0.24942711306237655,0.27770635584220216,0.283201857879053,0.18966467321636835
0.24206990644534562,0.2807291502781247,0.2821460004808888,0.19505494279564087
0.24256751986467742,0.2794718874170895,0.283132664306504,0.19482792841172897
0.2422600357341793,0.27928816491459657,0.28324522884776454,0.1952065705034595
0.24181304309728752,0.29791525418055725,0.2735007908985971,0.1867709118235583
0.24668464183552244,0.2775644753340221,0.2838420456555057,0.1919088371749499
0.2419123814507022,0.2816495285478966,0.28182313390205477,0.19461495609934643
0.24280494535561786,0.2719245421068945,0.2871336188567678,0.1981368936807198
0.24038635513613596,0.28558111072636655,0.28005708572999133,0.19397544840750627
0.24368570860177705,0.27014362803493225,0.2881058431627269,0.19806482020056365
0.2394831183126811,0.3038255930031269,0.27056542097950587,0.18612586770468623
0.24767800712644228,0.29432765618605466,0.27494577490005745,0.1830485617874457
0.24599322662486797,0.27944892422004824,0.28261280410782297,0.1919450450472607
0.24239420589882213,0.2781027192736139,0.2836812284944613,0.19582184633310246
0.24186537806616934,0.28514748493619174,0.2801829770278979,0.192804159969741
0.24358182087754146,0.28080264036260744,0.28237605712825814,0.19323948163159307
0.24254741411075026,0.28432413746522395,0.2805152890000578,0.19261315942396806
0.2434307822147281,0.27879603142146514,0.28341540122551356,0.1943577851382932
0.24212911927742692,0.2790389877106244,0.28334381259482755,0.19548808041712099
0.24215814299908459,0.27765501061325615,0.2841358410778944,0.19605100530976485
0.2417649091633059,0.2833543204671402,0.2811562453756883,0.19372452499386578
0.2431816905692044,0.267993957669181,0.28921985188753224,0.1996044998740824
0.23908344224193204,0.3006382027527515,0.27227677031834885,0.18800158468696784
0.2467571330826565,0.29849285984022766,0.2728599199601793,0.1818900871169366
0.24694302732896953,0.28116156135482645,0.28166406220980045,0.1902313491064036
0.24280331112189663,0.28125872866596274,0.28193714625556104,0.19400081395657964
0.2426102400762355,0.28651722539947233,0.27937996544840416,0.19149256907588794
0.24397424041387406,0.2766696538165351,0.28449977290263095,0.19485633286695997
0.241504146387126,0.2883402520336121,0.2784642474401678,0.19169135413909422
0.2443776343381723,0.27690126201025844,0.28439767593895066,0.1943234277126186
0.2417275794183876,0.27327931316075776,0.28637660107554846,0.19861650634530617
0.24076491725483143,0.278431430870461,0.28384104030640467,0.19696261156830283
0.24197854461050067,0.27260291962388533,0.2868975096102189,0.19852102615539502
0.24051491751717255,0.2615156098034876,0.29282807142420675,0.20514140125513303
0.23741889743600017,0.302425016891788,0.27160951416055507,0.18854657151165674
0.24710424238518972,0.29887544740296024,0.27270418019345666,0.18131613001839353
0.2470873033467742,0.27728724164598617,0.28370169758672203,0.19192375742051757
0.24166572670265274,0.2926894597220234,0.27600955256718746,0.18963526100813635
0.24524178090556575,0.28936420321608414,0.2777019246632012,0.187692091215149
0.24475904332600357,0.27352213975807993,0.2859849932609769,0.19573382365493963
0.24065650093094323,0.29396576045927575,0.2755418398383139,0.18983589877146712
0.24572797435732896,0.2710485149725026,0.28745320763802307,0.19577030303214535
0.24036433000464077,0.27336273259989763,0.28635543441285854,0.19991750298260305
0.2407539733451126,0.2770937051958701,0.2846117121618616,0.19754060929715575
0.24159748808165152,0.2820587472452191,0.2819239128283483,0.19441985184478117
0.24277309825723745,0.2607112461124179,0.2931526275946634,0.2033630280356813
0.2374994584678624,0.29606663079016865,0.2747978073170993,0.19163610342486978
0.24576250506228878,0.29416232213135296,0.2753246269514425,0.18475054585491565
0.24578397939786598,0.2856509184332345,0.2794391959246749,0.1891259062442246
0.2435132839934638,0.2958883386431537,0.2742326506735207,0.18636572668986176
0.24575778161058343,0.299215748450764,0.2723688770909092,0.18265759284774327
0.2471704012982399,0.27231539568716234,0.2864051341332386,0.19410906888135918
0.2407262169414145,0.2765163525937152,0.2845820771692494,0.1981753532956208
0.24153617623178847,0.2729154050039386,0.2867499709891565,0.1987984477751163
0.24067729409251634,0.27287144453205714,0.28680354565418836,0.19964771572123807
0.24058526508505873,0.2825579897945252,0.2817363034992064,0.1951204416212097
0.2429047231775074,0.2815334901596835,0.28210950244255195,0.19345228422025726
0.24278309176652255,0.26959871124416857,0.2883376669219208,0.19928053006738822
0.2394520208485259,0.300637239587301,0.27226235550434646,0.18764838405982656
0.24677365897356485,0.29834476370996604,0.27291975739925384,0.18196181991721544
0.24672156871581938,0.2903243784743526,0.276821171918309,0.18613288089151905
0.24505876761763387,0.27296541343212216,0.2861730608289708,0.1958027581212731
0.240736586575158,0.28469834176176345,0.2803742865566788,0.19419078510639975
0.24338457527314816,0.2850381016643754,0.2802006448064985,0.19137667825597798
0.24335440943040976,0.2931334924186885,0.27581969393546607,0.18769240421543573
0.24557856420061255,0.2645637023229758,0.29080723140493225,0.1990505020714793
