0.33144733385534114,0.22351919689857339,0.2456566964495765,0.19937677279650898
0.33370595180154994,0.22458737397196615,0.23600177667217961,0.20570489755430427
0.33472506739027147,0.22344912945361944,0.2408033283303404,0.20102247482576865
0.33946379201768434,0.22037731583333142,0.24425563193554425,0.19590326021343996
0.3550557170226376,0.2109747626201504,0.21193047092191994,0.2220390494352921
0.339514768956549,0.21679327517219132,0.2385692974801336,0.20512265839112626
0.343606678694595,0.21636341656350086,0.227366477866132,0.21266342687577214
0.327161241232261,0.22300112138804537,0.24319916369225597,0.20663847368743765
0.3424755029926559,0.21941786473800592,0.23438740901581157,0.20371922325352662
0.3449972635535663,0.21478138333488064,0.23633023679155254,0.20389111632000056
0.35665173526654925,0.20847776985788033,0.21125105508138478,0.22361943979418564
0.3272807445423926,0.22295090986358088,0.24957130453813134,0.2001970410558952
0.33733376037838,0.2239792472800476,0.2378896005597794,0.2007973917817931
0.3290624231897016,0.22790416578719283,0.2507758565440241,0.1922575544790814
0.3470995229905665,0.22371431841890466,0.23732099411428645,0.19186516447624244
0.34540344279503826,0.21892502249305387,0.24527901725634432,0.1903925174555635
0.3675584596540184,0.20984858298486844,0.21004677667682217,0.21254618068429107
0.3365480099944024,0.22141768662851083,0.25134758814510705,0.19068671523197978
0.34386717831909597,0.22205906387466043,0.233154488805887,0.2009192690003566
0.32701992570787464,0.22525028616954776,0.24519475296034945,0.20253503516222807
0.34438380998323254,0.2193775701087865,0.23282116787705226,0.20341745203092867
0.33195608952512007,0.22054211720804348,0.23803993686504876,0.20946185640178755
0.3436463539182238,0.21301103685339892,0.21182755845795403,0.23151505077042314
0.3250678997700366,0.2215725422105823,0.24991079529486082,0.20344876272452028
0.34511044112945166,0.21822586465082752,0.2284511187172926,0.20821257550242814
0.32394119665638793,0.22608210651577446,0.2475584164966118,0.2024182803312258
0.33879549130431164,0.22509061931181965,0.23423701573507655,0.20187687364879217
0.33381775201200053,0.21998772158464922,0.24605254078591624,0.20014198561743393
0.35101504569560554,0.21186174937246272,0.20777138215943308,0.22935182277249866
0.31960654227660906,0.2215139602182502,0.2501726186060842,0.2087068788990565
0.34259361057302024,0.21682810281313844,0.22515545807792647,0.21542282853591485
0.32526971056199866,0.2195087943133771,0.2340549818157625,0.2211665133088617
0.32919351848506695,0.22101476073470008,0.23550495873259367,0.21428676204763933
0.33112716173112616,0.21677237267317098,0.23574398730800675,0.21635647828769614
0.3550739431060305,0.20747654962034978,0.2147190878627303,0.22273041941088928
0.3305908652271467,0.22001718504801265,0.2455417855124903,0.2038501642123503
0.32871422963973485,0.22619951888990675,0.23740844030903482,0.20767781116132358
0.31433824850475917,0.2333583480477467,0.25841418081575923,0.1938892226317348
0.34290582517913487,0.22307043708908414,0.23534702268261654,0.19867671504916437
0.3418311034657244,0.2177676347981369,0.24378451006049554,0.19661675167564324
0.3641882845435493,0.2087978925252062,0.20613671509555423,0.22087710783569028
0.3381629234947147,0.21643471951728094,0.2438870698975091,0.20151528709049515
0.34417285750605314,0.21809753480201685,0.2265819707163002,0.21114763697562972
0.31304204090094573,0.22878491358432212,0.25479686395376716,0.20337618156096493
0.3367054027449423,0.22347613322141802,0.23849566283255494,0.2013228012010847
0.33981300111744983,0.2164440753442736,0.23255167241973104,0.21119125111854553
0.3513397754545898,0.20772879286176046,0.20494166153017795,0.23598977015347183
0.32075274555099037,0.22064145035972677,0.2478211607865463,0.2107846433027365
0.33260432771650544,0.22686637600235282,0.243753127647978,0.1967761686331637
0.32345999981337303,0.23137610539813155,0.25474529121086487,0.19041860357763066
0.34458568899021313,0.2249520977092879,0.23509955703810098,0.19536265626239785
0.34822227084197793,0.21486864615248963,0.23918673076360852,0.1977223522419239
0.36551931852104846,0.20530807152839858,0.20506848268194014,0.2241041272686129
0.3286649929892965,0.219346778365138,0.2419285502192515,0.21005967842631387
0.32744069127122893,0.22484547553877415,0.24068620130164767,0.20702763188834927
0.31840724380431,0.22633839201726458,0.2441506976622617,0.2111036665161638
0.3370705844585821,0.21910603329374623,0.23124466827762286,0.21257871397004882
0.33504983143197054,0.21704757605766456,0.23644200421867517,0.2114605882916897
0.3536636601022389,0.20773700275950935,0.20644358303714205,0.2321557541011098
0.32495140097837133,0.22343097704116083,0.2532288228796254,0.19838879910084245
0.33458319251366264,0.22639726374166702,0.2384938212139832,0.20052572253068712
0.32204056162053046,0.2293689976931575,0.2552690711963604,0.1933213694899517
0.3567329556995193,0.21640881636601336,0.2246308793072674,0.20222734862720004
0.34960120396572014,0.21068116655950328,0.2368219755490518,0.20289565392572484
0.36219088004215777,0.20446425626927475,0.19782941676356847,0.23551544692499893
0.3144664206303251,0.22640599052247237,0.2620911653435857,0.19703642350361691
0.3359780888104536,0.2244558055226099,0.23535569664110947,0.20421040902582696
0.32461754653866304,0.22328330197047908,0.24253233380900763,0.20956681768185034
0.34907793577040497,0.218211556866996,0.2336851220031892,0.19902538535940986
0.34362207271469014,0.2161796526182501,0.23963240625158708,0.20056586841547272
0.36096053077387497,0.21039849515861025,0.2066098724557043,0.2220311016118104
0.32227411288141855,0.2303967927676916,0.2717324984154388,0.17559659593545096
0.34756334810293993,0.2256359311100019,0.23842117843174915,0.18837954235530907
0.3303191621976273,0.2300809713067064,0.2519504803459651,0.18764938614970111
0.35556071281322266,0.21873417685251728,0.22767711840045318,0.19802799193380702
0.342369635675221,0.21513094975191177,0.2380153795281647,0.20448403504470244
0.355979329671104,0.20924632998300247,0.20278915148430046,0.23198518886159294
0.31606315821408154,0.22564520693934326,0.2642952397622134,0.19399639508436167
0.34989192721453727,0.21763301643021696,0.22265992597614231,0.20981513037910346
0.3275720797008855,0.22011379618867635,0.24035847182327624,0.21195565228716207
0.34301955036955883,0.21873662270051691,0.22775836231702382,0.21048546461290052
0.3329618920076546,0.2166432379257029,0.23910757936578703,0.2112872907008555
0.3579542890289493,0.20751042219041985,0.2072615400244377,0.2272737487561931
0.3220179829882087,0.22589721092016932,0.2635092940163726,0.1885755120752494
0.34180479357440785,0.2236642640253055,0.23199428180267517,0.2025366605976115
0.323980287129488,0.22923104762480073,0.2501121985516632,0.19667646669404792
0.3489920644461383,0.2213559256798125,0.2357762848468975,0.1938757250271518
0.34232352331777693,0.21702792431772994,0.2428726977265402,0.19777585463795302
0.3605512192991024,0.21367994212612093,0.2089664312530132,0.2168024073217635
0.32831074085677464,0.2230405478084677,0.26126768342385487,0.18738102791090291
0.34741600300056186,0.22160059977355445,0.22552191573800334,0.20546148148788052
0.3213039146510648,0.22463042861502583,0.24435860951772104,0.20970704721618835
0.34492859159766404,0.21783363175333678,0.23608568126508617,0.20115209538391296
0.35366359943829445,0.2085321683774731,0.2184711051210302,0.2193331270632022
0.3487205502129003,0.20833811753293155,0.21392030245936589,0.22902102979480216
0.3146850300765941,0.2270994060447948,0.2520757776218978,0.20613978625671334
0.3227731289167068,0.22992558390190476,0.2498930872079885,0.1974081999733999
0.32776445811096594,0.22851260127973208,0.24430257133241493,0.19942036927688703
0.34236579904240017,0.22087851073442438,0.2353543969754123,0.20140129324776318
0.3510540333282145,0.21319908523810546,0.23338885049521452,0.20235803093846555
0.35966278433005666,0.20987141157497805,0.2059111297280312,0.224554674366934
0.31869624040488986,0.22680617789430232,0.2632192751698596,0.1912783065309482
0.3353670015409027,0.2243529665305077,0.231297127697668,0.2089829042309217
0.326610206548648,0.2226918889761998,0.246116495010431,0.2045814094647212
0.34690571137697607,0.21527081664905628,0.2242318808566264,0.21359159111734133
0.3336849373297879,0.21236600890444804,0.21883231357640595,0.23511674018935816
0.3335543407445617,0.21296365694776762,0.22135579392367577,0.23212620838399498
0.3202003111147434,0.22297351420622827,0.2509975350351206,0.20582863964390766
0.32774063537887577,0.22764339319058877,0.24403471968317939,0.2005812517473561
0.3226714361679853,0.23118998096566792,0.24971651693823116,0.19642206592811545
0.34733396008855544,0.2190440734320222,0.23210069460472402,0.20152127187469834
0.3510156113312829,0.21127686889937566,0.22851207202489887,0.20919544774444268
0.34649126806064706,0.21400205777180586,0.21812885674262944,0.22137781742491755
0.3203421371138291,0.22562384953190626,0.2574216696492751,0.19661234370498948
0.3396807071219438,0.2204670337575823,0.22692156456964432,0.2129306945508297
0.32628165247393703,0.2193499478359724,0.23668929866421884,0.21767910102587168
0.3302374195503077,0.22086726170884413,0.23699159794111363,0.21190372079973457
0.3348554923139653,0.2156308014971991,0.22616371271128957,0.2233499934775459
0.34866657976487614,0.2077943168183605,0.21668877921138838,0.22685032420537488
0.3238577357893038,0.2256407136730305,0.25281747979612595,0.19768407074153982
0.31775591501683004,0.23540756114426284,0.25607903598941073,0.19075748784949634
0.3291379683221811,0.22842718387657085,0.24088404354574114,0.2015508042555068
0.351215534857639,0.21797180292625803,0.23830531574737607,0.19250734646872683
0.3483004793333553,0.21405913334010385,0.23136792526005998,0.20627246206648087
0.34571312687768346,0.2117079335429632,0.20841085073862853,0.23416808884072485
0.32612765522253895,0.22315293738156586,0.25744367999902507,0.19327572739687016
0.34417480208800766,0.2161706695945755,0.22389651509968939,0.2157580132177275
0.32014015291396547,0.21992678640500285,0.23254325516714647,0.22738980551388527
0.3441452488347714,0.21322439924792363,0.23398987868189422,0.20864047323541068
0.3728579840959305,0.1977060794275142,0.21275174839572839,0.21668418808082685
0.3687572679908167,0.1987480804333595,0.1970446350512914,0.23545001652453235
0.32228659607966303,0.22496424679450533,0.26516083966863224,0.1875883174571995
0.33062865880938636,0.23228617182741304,0.24836131382824916,0.18872385553495152
0.33651445547644243,0.2272759509227409,0.2433005534909065,0.19290904010991022
0.36306584070601866,0.2164893124078289,0.24694808815003133,0.1734967587361211
0.3707177963723205,0.21007767423140053,0.24599759376366165,0.1732069356326173
0.38299860784574247,0.2139702424065248,0.22466570184607754,0.17836544790165523
0.357790138914405,0.23358272296383983,0.2575305310098368,0.15109660711191847
0.3584315324077877,0.22287433146771357,0.25519247133815653,0.16350166478634215
0.35158103744969643,0.22976657453145816,0.2500923560874633,0.16856003193138208
0.35387239479261573,0.21954999997277136,0.24368903067076864,0.18288857456384428
0.3600341200878355,0.20666174586211114,0.22171531216200974,0.21158882188804365
0.36245411720802173,0.2028540922481549,0.19620139529580063,0.2384903952480229
0.31854162861502233,0.22534693484602367,0.26596039530647253,0.1901510412324814
0.33888431689393755,0.22456868207154368,0.23230005472839446,0.2042469463061243
0.330279208299724,0.22830187529179968,0.24766685526260845,0.19375206114586793
0.3460863131466109,0.22104740143537183,0.2372774988536036,0.19558878656441364
0.34853803997688737,0.21167626901473782,0.2224081705657131,0.2173775204426618
0.3542960125994404,0.21396696121238634,0.21910751177996451,0.2126295144082087
0.33136557839168385,0.22344219011188077,0.25405261902939,0.1911396124670453
0.3456829263218993,0.21789983909293456,0.22369840459772486,0.21271882998744113
0.3318565078195155,0.2228019931785304,0.24077343551042707,0.20456806349152698
0.34721143535366294,0.21468203750694068,0.2321976125443192,0.20590891459507712
0.3410317572315886,0.21360962668708833,0.22258887791424262,0.22276973816708057
0.3403461336173591,0.21324728898445627,0.21591912366614627,0.23048745373203844
0.31655707911566344,0.226165398767142,0.26247121543097607,0.1948063066862187
0.33430374832966914,0.2267146906540435,0.22999010964462036,0.20899145137166703
0.3199939054504009,0.23018521974670608,0.25627699588521513,0.19354387891767796
0.36236929859222106,0.21320090928055266,0.22235399514969315,0.20207579697753322
0.3588533641850435,0.20649583545294461,0.22623140793300697,0.20841939242900479
0.3547023956833838,0.21139076852611688,0.2142778663039787,0.21962896948652078
0.3200768630028212,0.2251124557434663,0.25454982385622843,0.20026085739748406
0.3336552254513114,0.2251265483949935,0.23981931217102712,0.20139891398266804
0.3243769420951479,0.2234956062601167,0.2373093583904177,0.2148180932543176
0.3356827921280721,0.21824439764599562,0.2324666343841029,0.21360617584182928
0.351633741280766,0.2077418643377006,0.21817965279804458,0.22244474158348884
0.3597662428071867,0.2039622326295883,0.2125966867263465,0.2236748378368785
0.32516652015208325,0.22792645522673208,0.2576477057998804,0.18925931882130437
0.31658387631104423,0.2425472270035341,0.2663096110796002,0.17455928560582146
0.3346543730052122,0.23144916521761844,0.24693276414400198,0.1869636976331673
0.3652640017251208,0.21101678390121228,0.22733209581183256,0.19638711856183452
0.3645852097475393,0.20466421832813128,0.22094452125532973,0.20980605066899974
0.35459711284235834,0.20949475198492815,0.21073594697850903,0.22517218819420448
0.3240967475235171,0.22617310037101945,0.25165799574989856,0.1980721563555649
0.33311749792858897,0.22282602531499776,0.24020303451219835,0.20385344224421495
0.32973560438980276,0.22402440356893855,0.24126830391411583,0.20497168812714284
0.3481887932987768,0.21557844168804471,0.2342452313541078,0.20198753365907077
0.35642952982853177,0.20826382386317152,0.21674181312477592,0.21856483318352077
0.3524558331881886,0.20622515433838975,0.20488869298184983,0.23643031949157173
0.31084310696002926,0.23312695696904173,0.2788572248726899,0.17717271119823916
0.33621906643721694,0.2334835734308293,0.24454581635292277,0.18575154377903091
0.33667246695024766,0.2283253079068852,0.25495962536692024,0.18004259977594692
0.37477648528425417,0.20894457794799284,0.2127352770007094,0.20354365976704356
0.3514996928541684,0.20959425017259103,0.23544433861605626,0.2034617183571843
0.35489476898989913,0.21468181421080915,0.2142303517748741,0.21619306502441757
0.32167100830961737,0.2270433392119624,0.2612913491460693,0.189994303332351
0.3499908725221584,0.21935040585376572,0.23312028419624203,0.19753843742783375
0.3369687054967026,0.21845507696726144,0.2340640011990152,0.21051221633702072
0.3470165706265487,0.2156058740372787,0.22882272845272342,0.20855482688344917
0.3443265868647693,0.21295589722725417,0.226629423292924,0.21608809261505257
0.35099825984112537,0.21040163134978193,0.21899166459741323,0.2196084442116795
0.32456123001379816,0.22918556380062383,0.26218547645540785,0.18406772973017002
0.33350726580263107,0.2331044753565606,0.25226605083464104,0.1811222080061672
0.3412088731967367,0.2260149985538448,0.24179025474148574,0.19098587350793278
0.3633723071130063,0.21264174582115639,0.22291503597940168,0.20107091108643574
0.3509385792910769,0.21246545869492112,0.23881741838787532,0.19777854362612668
0.35538666389151075,0.21397578671567635,0.21614533631071464,0.21449221308209823
0.3300797074995047,0.22476766233621448,0.2521572179605003,0.19299541220378055
0.34813766598767465,0.2166368185626437,0.22854855360411738,0.20667696184556425
0.3361356055885285,0.2164974874209936,0.23140831163766354,0.2159585953528143
0.34348277868707044,0.21683022905725866,0.2323907921894566,0.20729620006621424
0.3477402541271884,0.21080849734815554,0.22494371101067012,0.21650753751398596
0.3555404612922225,0.2073421730650675,0.2124643932423884,0.22465297240032167
0.3227187172594688,0.2292169526714008,0.2658988268191698,0.18216550324996061
0.3300294410930737,0.23489007718516094,0.2527640640557223,0.182316417666043
0.34025286786826314,0.22854664529044552,0.24236403266223966,0.1888364541790516
0.35959322409668903,0.2180109940403889,0.23859195631833766,0.18380382554458422
0.3560914341513305,0.2134807380068168,0.23415858313011492,0.19626924471173768
0.35868845308402453,0.21587184472046364,0.21760768709582912,0.2078320150996827
0.3380794490665897,0.22452518092834453,0.2535477908480719,0.1838475791569937
0.3538426505559752,0.21331584658984165,0.2261731241159336,0.20666837873824973
0.33724633103265805,0.21758221756809717,0.22900385722965824,0.2161675941695867
0.3402534872180247,0.21771214464484281,0.23656771948588093,0.2054666486512515
0.3430809858760081,0.2124259289688048,0.2233903022642823,0.22110278289090488
0.3475899695795652,0.20735742204739732,0.2047416247117867,0.24031098366125087
0.31809194783814293,0.22653852370369093,0.2712245751534997,0.18414495330466638
0.3429112569889181,0.225648159442306,0.23378822375059183,0.19765235981818402
0.3324453370848834,0.2308432807566104,0.25182996989609974,0.18488141226240648
0.35488560422892157,0.2239694968991492,0.238830486183853,0.18231441268807624
0.34319731970160794,0.2220105774895002,0.2508964252825515,0.1838956775263404
0.3638889692399041,0.21601765119246383,0.21409936999547824,0.20599400957215389
0.34799128545143515,0.21570454580241238,0.24495326795954156,0.19135090078661093
0.3675564235641835,0.2061202876945923,0.2182716822011004,0.20805160654012375
0.3364602810735971,0.21462441575176303,0.2261085701281561,0.22280673304648368
0.3282497083512877,0.22376546263313757,0.24184313661425172,0.206141692401323
0.33075077388469215,0.21970286259791813,0.23534964702110894,0.2141967164962807
0.3440658887649144,0.211494282067879,0.2144550981935775,0.22998473097362904
0.3244550222388619,0.22458039634975482,0.25423334598006875,0.1967312354313144
0.33951760429804856,0.2251868690915153,0.23962984016733752,0.1956656864430987
0.34108392036114704,0.22728029808559017,0.23966829396552192,0.1919674875877409
0.36266173211996816,0.21685973734335973,0.23743032318711427,0.18304820734955793
0.36117975901561516,0.21444385954432607,0.24800392060117002,0.1763724608388887
0.3615963842048309,0.21672727362141622,0.22166045348347233,0.20001588869028053
0.32722475083059194,0.2273994399884357,0.2535600340840039,0.19181577509696848
0.351629501312772,0.21216557764283875,0.21444745364927909,0.22175746739511015
0.33477646133610295,0.21443008939106054,0.23746336778272195,0.2133300814901145
0.3451041798832644,0.21448624567724625,0.22177210097388927,0.2186374734656002
0.332454913515002,0.21648408482515952,0.2354019618534579,0.21565903980638051
