0.2943102984723563,0.24382922202046325,0.22352741712587615,0.23833306238130425
0.301564619427763,0.23762481945294223,0.2262914099667647,0.23451915115253016
0.29789264805401605,0.23590060195808155,0.22627209302495316,0.23993465696294927
0.28402323186194917,0.24167145305797427,0.2220430634622335,0.25226225161784305
0.28938302649560715,0.243317209059015,0.2230142055004682,0.24428555894490955
0.30829728816432383,0.23118337785320284,0.23010227327486,0.23041706070761345
0.30728270048072753,0.23497971884109384,0.2258505664666786,0.2318870142115
0.30252422426254666,0.23693512549170787,0.2265855624744485,0.23395508777129692
0.29024424390068376,0.23720188165033262,0.22463071801221485,0.24792315643676882
0.2794339527315442,0.24900024904962886,0.21853221867832984,0.25303357954049716
0.3066530909010774,0.23343207249423836,0.23062798374534127,0.229286852859343
0.3212390288187305,0.22782861192641637,0.22989416847201444,0.22103819078283865
0.30779969667651336,0.23538785332862427,0.22669133323486346,0.23012111675999902
0.3082375563407766,0.23768251843137622,0.2259371844447778,0.2281427407830693
0.29797159125144035,0.2367032122647542,0.22620903011799734,0.23911616636580812
0.2864555708473791,0.24622864678294887,0.2201843124568671,0.24713146991280494
0.2976731809360644,0.238159452477618,0.22733408943744374,0.23683327714887392
0.30627254902714857,0.23338687776935937,0.227227558725009,0.233113014478483
0.28488416142986545,0.2395453351084861,0.22321769946938222,0.2523528039922663
0.2747876310791186,0.24542843454900162,0.22002435697228218,0.25975957739959765
0.27008572747543774,0.2390153761051419,0.22314737739173005,0.26775151902769023
0.2801454974612436,0.24507201145969854,0.21921993979347026,0.2555625512855877
0.3079175735230325,0.22842118763162533,0.23281358934561586,0.23084764949972622
0.3177856514808735,0.22899933066837955,0.2281853367651653,0.22502968108558166
0.30695280092475546,0.23565936770891058,0.2270686687862915,0.23031916258004248
0.31007867936031003,0.2350156138813354,0.22710594555352293,0.22779976120483164
0.2907685777406272,0.2393475420490436,0.22399242741167572,0.2458914527986536
0.2863175046240711,0.24786059791319848,0.2200533119387692,0.24576858552396136
0.30933129097810225,0.23237783488151095,0.23087902092283463,0.22741185321755214
0.31134569505337917,0.23138239165320784,0.2275859353508404,0.22968597794257262
0.2922807626309548,0.24178744772766053,0.2230934079005508,0.2428383817408339
0.31216074992810994,0.2389157502266876,0.22619431472500967,0.2227291851201928
0.3217272414460383,0.22297663615676844,0.23451071249432515,0.22078540990286813
0.30405141031901967,0.24348343331643366,0.22019804352805536,0.23226711283649146
0.31367969595674133,0.23413904372205768,0.23075880857550995,0.22142245174569106
0.3296202404273472,0.22815395733661592,0.2300476798864985,0.2121781223495382
0.3189965078739318,0.2338397121857363,0.228160131091957,0.21900364884837484
0.3215926372851007,0.23344732430941534,0.22831499493323731,0.21664504347224683
0.31210652413501627,0.23627147746354613,0.22674674783475318,0.22487525056668445
0.30557414955143974,0.24179897825963098,0.22396920345367172,0.22865766873525753
0.30965670460657413,0.2364534206725262,0.22778065458331512,0.22610922013758455
0.31540051874001496,0.23614328327873818,0.22662413398393758,0.22183206399730931
0.3157025732951063,0.2323398177270367,0.22947957946633118,0.22247802951152573
0.3048349485978463,0.2377616322695455,0.22493218740168222,0.2324712317309261
0.2725164197547291,0.24315381849376108,0.22108603328070253,0.2632437284708074
0.278737531646267,0.2525720394777313,0.2172570786805111,0.25143335019549057
0.32612034497333175,0.2237548224662812,0.2369460783826953,0.21317875417769172
0.3412151138793761,0.21828696770856612,0.2344261251367635,0.2060717932752943
0.32154569089631474,0.23093817512556858,0.2288603574278353,0.21865577655028132
0.31672324457075285,0.23692196384316072,0.22609346033760278,0.2202613312484836
0.29783151073357816,0.23977096311909746,0.22494382800811963,0.23745369813920478
0.28647475625968155,0.24896196103390567,0.21953791676729845,0.24502536593911434
0.30316521746895564,0.2377019176251415,0.22823136133060234,0.23090150357530048
0.31695500494361195,0.2303929658462988,0.2292434086940695,0.2234086205160198
0.29872973604055997,0.23670943888756976,0.22548503531342518,0.239075789758445
0.2952699604036646,0.24426445171409858,0.22212308774860412,0.2383425001336327
0.3007046056722447,0.23374712077432053,0.22904271819905245,0.23650555535438228
0.3027014150802384,0.24130023757161326,0.2223199383701488,0.23367840897799963
0.3218726571646255,0.23065363497240896,0.23180393341575975,0.2156697744472058
0.3398761380882081,0.22079657985589005,0.23446423170512873,0.20486305035077312
0.3238570293053787,0.23040998659677325,0.22886800458992834,0.21686497950791986
0.3060044453736813,0.24035735697118032,0.22427385944651246,0.22936433820862592
0.2844050303855972,0.24497286801155682,0.2218616658951977,0.2487604357076482
0.28711954404267825,0.24892931080363684,0.22036249198211344,0.24358865317157144
0.3161894387955961,0.23010668952518631,0.23226976815480013,0.22143410352441745
0.3240489044201202,0.22768477334561418,0.2299335410055311,0.21833278122873442
0.3047899362294855,0.23591764456615044,0.22638663132183942,0.23290578788252472
0.304461406997073,0.24267764636487696,0.22317502784055654,0.22968591879749348
0.3008561302578018,0.23279856317355893,0.22933102540625402,0.23701428116238527
0.3001031884405612,0.2466054933407093,0.21927721328833075,0.23401410493039868
0.32763631673938776,0.22569933891138955,0.23572084983476962,0.21094349451445302
0.3335932057928704,0.22193427851010447,0.2324330545176292,0.2120394611793959
0.2901081007474006,0.24410744981693,0.22119290083655296,0.24459154859911633
0.28083043907524596,0.24811827445028148,0.22085825440376608,0.2501930320707064
0.272455622530199,0.24045558502374706,0.2228328362130861,0.26425595623296777
0.27875194697321515,0.24853459369453312,0.21802451759564456,0.2546889417366071
0.31098198735688193,0.22621995480889345,0.2347308153810867,0.22806724245313786
0.30830561858852745,0.23059603199938347,0.22607607547242717,0.235022273939662
0.27913378152829765,0.24466334854072952,0.22127492196855617,0.25492794796241663
0.2970325376282573,0.24053662516524285,0.22489363709813048,0.23753720010836948
0.2965150563753807,0.23162395276881512,0.22841687810660577,0.24344411274919836
0.2923955356379163,0.24634053363119504,0.21914647234867088,0.24211745838221774
0.3179016898135941,0.2269989425919325,0.2346258626864466,0.22047350490802667
0.32379130529901384,0.2281910402869904,0.22863537435339157,0.2193822800606043
0.29972005605771856,0.2391542937349575,0.2251736696140534,0.23595198059327052
0.30657419470027164,0.24078404555011926,0.22444831507811358,0.2281934446714955
0.30262653216282787,0.2335973776075739,0.2286551319829248,0.23512095824667342
0.2961525884352522,0.2449948206338302,0.22047939043543416,0.23837320049548327
0.3036577951363788,0.23378932802747904,0.2301617648640043,0.2323911119721379
0.3031480646213095,0.23669717993613507,0.2243040953189386,0.2358506601236168
0.291264710945752,0.24220860437958824,0.2239148216647586,0.24261186300990117
0.30139295657729254,0.2361464922434197,0.2268000088428929,0.23566054233639494
0.27525468404031483,0.23797154099717938,0.22233910140962726,0.2644346735528785
0.2746382190368439,0.2532061035990401,0.21585844711421626,0.2562972302498997
0.31925493687444745,0.22220510855956635,0.23803854293553436,0.22050141163045187
0.32456565006619703,0.22685664206691697,0.22808314202373917,0.22049456584314672
0.30426531220777353,0.23751495233033879,0.22661304014299757,0.23160669531889014
0.31281065809982256,0.23540477861747106,0.22693855885346112,0.22484600442924524
0.2991816501882276,0.23870144266823437,0.22521012604906815,0.2369067810944699
0.2968195251965094,0.24322573592715382,0.22291941455035905,0.23703532432597768
0.31797947077960764,0.23444045826823626,0.22912685079236578,0.21845322015979024
0.32558087070356356,0.22374581202673174,0.23337683808137247,0.2172964791883322
0.2912807720585465,0.24242608276215324,0.22080555208101674,0.24548759309828366
0.27287340448854236,0.2487025803982678,0.2203283785662365,0.2580956365469534
0.2797781495204027,0.2407215311318329,0.2235104873274497,0.25598983202031467
0.30262684841839427,0.24217521686872395,0.22305233698796123,0.2321455977249206
0.33551935588098897,0.216313029027125,0.23963904127595576,0.20852857381593043
0.3326675304327616,0.22642904847437811,0.22899574425493335,0.21190767683792697
0.3183227863845752,0.2327797529077777,0.22927095549581242,0.21962650521183474
0.31381220798739534,0.23711084830886528,0.22549380376726003,0.2235831399364794
0.3002206986821236,0.24386350626444847,0.22346488223510788,0.23245091281832003
0.31713103170532847,0.23676128593468934,0.22771344698760715,0.2183942353723749
0.3246133835246567,0.22731126993241665,0.23195183383630114,0.21612351270662541
0.30283780706337327,0.23853295297753796,0.22395618180144974,0.23467305815763903
0.2916197310394214,0.2466898260390852,0.22183632730277866,0.2398541156187148
0.3101107737409292,0.23540829454780932,0.22866110474239007,0.22581982696887126
0.305119255863993,0.2331550495381821,0.22735567915013213,0.2343700154476927
0.3018026094648945,0.24502463521714846,0.22155988997138357,0.23161286534657347
0.33228558302627664,0.2239809636882324,0.23572296621883254,0.20801048706665842
0.3399149962511857,0.22213458882700757,0.2327579533146626,0.2051924616071441
0.32084965185889014,0.23196621631575207,0.22863281064104413,0.2185513211843136
0.3084011808998178,0.24133650282676727,0.22366432764201302,0.2265979886314019
0.3014985974336816,0.2427704181132894,0.2245062673612089,0.23122471709182
0.3101930926757693,0.2380900240930498,0.226500453873372,0.22521642935780897
0.3141247888557456,0.2339736380646762,0.22839621107469027,0.22350536200488794
0.3078094898667783,0.23584848478141224,0.22652487128635335,0.22981715406545608
0.3047067034179857,0.241066980270834,0.22424828644193792,0.22997802986924246
0.3105423726214126,0.23334454364430893,0.22924003357809683,0.2268730501561817
0.2855860415344655,0.23894931632099425,0.22255473486064156,0.25290990728389884
0.2929108249647627,0.25362203732284716,0.21760691496708617,0.23586022274530408
0.3524226849924866,0.20952176773959913,0.2452524741748658,0.1928030730930485
0.3448355387216727,0.2133272219036304,0.2358016862580779,0.20603555311661892
0.29929634962100216,0.24966849457370752,0.21867327232045805,0.2323618834848323
0.3201964097047481,0.2357217790279407,0.22986582368617098,0.2142159875811403
0.31225436001279605,0.23205613980348053,0.22789590500044538,0.22779359518327802
0.2856090306878518,0.2517038561196403,0.21791671143579658,0.24477040175671133
0.30640487201856653,0.23484757385916902,0.23048847693003252,0.22825907719223185
0.3036039327201282,0.2336720680477035,0.22583319464099016,0.23689080459117826
0.25239767570709504,0.24424203020448965,0.21704342773125568,0.2863168663571597
0.2137282566135805,0.24275876144387623,0.20768078845023888,0.33583219349230437
0.18679623670170772,0.2318979820312112,0.19953710241530068,0.38176867885178045
0.2023410796761856,0.235675997036585,0.2035304090403699,0.3584525142468594
0.26699241150468955,0.22800165955423723,0.22669691946071605,0.27830900948035714
0.28920845765712444,0.2202365663600622,0.2281766699805409,0.2623783060022724
0.24722205779299028,0.24144371133327872,0.2134620568332707,0.29787217404046024
0.252717694530478,0.2418657542193894,0.2199091748713815,0.28550737637875123
0.2645964381422436,0.23305069341183168,0.22205563470723866,0.280297233738686
0.2682577726040869,0.244269952006626,0.2173315831217616,0.27014069226752546
0.2926470276047967,0.2268620167208975,0.2322521703818353,0.2482387852924705
0.28415118699119335,0.23707303854401743,0.22011908899682653,0.2586566854679627
0.2694641400175512,0.24327283245284886,0.22192981832622796,0.2653332092033719
0.27903643341008744,0.2357479734814257,0.2241130669533549,0.26110252615513196
0.2566104079545279,0.24190524336392863,0.21731876320502358,0.2841655854765199
0.272018950228222,0.24569362708133016,0.22012608735012576,0.262161335340322
0.3112120893198459,0.22450374121896483,0.23400172902633054,0.2302824404348588
0.3100418761877467,0.2315171763623772,0.22609508743342416,0.23234586001645194
0.30614638565861607,0.23676099646185678,0.22692818233474668,0.23016443554478058
0.3109922580971604,0.23086599252923976,0.2292412621511709,0.2289004872224289
0.2877796909817998,0.24375324475170554,0.2208197041449521,0.24764736012154256
0.2994004746259454,0.24376519457131265,0.2242771109213572,0.23255721988138478
0.3178795255657492,0.22458030727249884,0.23379645105618857,0.22374371610556337
0.29209700511569464,0.24228697365784568,0.220159278520897,0.24545674270556278
0.27833755071215005,0.2435662867388828,0.22359962654538898,0.2544965360035782
0.2935880786307296,0.24069082356647858,0.22329341311858628,0.24242768468420547
0.29164849262880865,0.23501957196640155,0.2271343793701227,0.24619755603466717
0.30480980602028973,0.24112742172743326,0.22272348775175385,0.23133928450052313
0.33607943948635366,0.22152421372309772,0.2368297760776474,0.20556657071290124
0.3413187263826046,0.21755754908610495,0.23524114272040672,0.2058825818108837
0.3033783162055499,0.24040571280136053,0.22293607447688135,0.23327989651620834
0.2835924320750094,0.24835507838772464,0.22077878080139193,0.24727370873587404
0.28218698206737575,0.24518316276747026,0.2222387546843089,0.25039110048084506
0.29166579531435755,0.24103666439420154,0.22420363699923423,0.24309390329220668
0.30601627459252245,0.23390684559866143,0.22821100650695375,0.23186587330186237
0.31219190004827757,0.23259464451065348,0.22807791156065357,0.22713554388041549
0.3039066214213911,0.2345758678152159,0.22702474245258447,0.2344927683108086
0.28299260263911286,0.24226631926796677,0.22159939104552262,0.25314168704739776
0.25975093895039336,0.24526082551741488,0.2187195438524711,0.2762686916797207
0.28629394011011544,0.24824317221107048,0.2199933332087749,0.24546955447003915
0.3445538875565791,0.21453194755778832,0.24131670069688435,0.19959746418874816
0.34226033293111624,0.21157208482638276,0.2377335573896408,0.20843402485286022
0.2847046735461391,0.24869415227389788,0.21725754693722218,0.2493436272427409
0.2733504014459636,0.24942586849710954,0.22138488443686635,0.2558388456200605
0.2832258135921476,0.24213814367563086,0.2226767319738353,0.2519593107583862
0.2962771671331233,0.24105115136195668,0.22424234313082045,0.23842933837409958
0.311203182442123,0.2260606041293122,0.23266826849428063,0.23006794493428406
0.29115658822378543,0.24054909924537393,0.2209019672792299,0.2473923452516107
0.27009584415081717,0.24264510928890126,0.22243670348390165,0.26482234307638
0.2773018167712088,0.24461836414037436,0.2197740701006167,0.2583057489878003
0.27697936538235446,0.23558642937020638,0.22593854511508873,0.2614956601323505
0.2944790179938849,0.2429974565871577,0.22040233502732587,0.2421211903916316
0.32555316972023596,0.2219186880236355,0.23705751732039929,0.21547062493572927
0.322780765673469,0.22501018519886865,0.22976970975861852,0.22243933936904392
0.2788852342443124,0.24633662318241226,0.21975728060332836,0.2550208619699469
0.28058965273861547,0.24662467452198028,0.22159090995712286,0.2511947627822814
0.2914166213691084,0.23766289133105487,0.2259425720160092,0.24497791528382745
0.2917567984115165,0.23869579508200603,0.22388285018674245,0.24566455631973497
0.2879919302378744,0.23769426944417174,0.2251023837809407,0.2492114165370131
0.2828122661312945,0.24044840670197204,0.2222823490283159,0.2544569781384175
0.27669217609691904,0.24094349799236592,0.22256213981218964,0.25980218609852523
0.2821955074606753,0.2405360280255577,0.22270205521274447,0.2545664093010224
0.27627760356337766,0.23594946605395556,0.22426984472651987,0.26350308565614705
0.28448559400500906,0.24585890772099353,0.21907326465489754,0.25058223361909987
0.32389418288650923,0.22428517868509087,0.23585487199604033,0.2159657664323596
0.3290565846449681,0.22084900529639928,0.23275960302507503,0.2173348070335575
0.2882082936443883,0.2440688750994734,0.22063738899713778,0.24708544225900056
0.2864385295712582,0.24575312959142556,0.2225989783928382,0.24520936244447783
0.2916045562471682,0.23754013916691732,0.22576788540155224,0.24508741918436236
0.28799901803608297,0.24272595302356548,0.22175431912625637,0.24752070981409513
0.2902784261979668,0.23561336482897913,0.22718237360212273,0.24692583537093127
0.2780986592656149,0.24038071232146174,0.2207320991626266,0.2607885292502969
0.2645665141478538,0.24468673291950507,0.21985279307130057,0.2708939598613405
0.27076317691819973,0.23861581078815758,0.2226158657416224,0.26800514655202035
0.253150566318035,0.23860219381826422,0.21792052573034965,0.29032671413335115
0.2676246438014467,0.2483467892128246,0.21703929153297877,0.2669892754527498
0.32701615990626376,0.21971897964677595,0.23843077043872063,0.21483409000823958
0.3291842927864468,0.2178127033991538,0.23362830704217113,0.2193746967722283
0.2917858814176955,0.2459937151691277,0.21969784017113303,0.24252256324204374
0.3055800361710676,0.23733746938437142,0.22834642186595427,0.22873607257860673
0.30137433985699413,0.23451055217390238,0.22611772313240855,0.23799738483669503
0.2850706375046095,0.24815850515931856,0.21958183722598812,0.24718902011008378
0.2924567546533986,0.23309922237596728,0.22941622527155864,0.24502779769907548
0.2723394879068044,0.24336865741530833,0.21756404264454327,0.26672781203334395
0.2574617635360143,0.24536330985872068,0.22001428133778056,0.27716064526748446
0.27988066564616515,0.23865310699267275,0.22313574396125269,0.2583304833999094
0.2677456700247653,0.2339394878583774,0.2231079086656473,0.27520693345121
0.2673884275449915,0.2479654088843608,0.21568859760868841,0.26895756596195936
0.30973544113070056,0.22780753146776025,0.23416281142295592,0.22829421597858326
0.326512672342163,0.2218778427773761,0.23197803995997238,0.21963144492048856
0.3070061029499287,0.2381276815238928,0.2247627020352552,0.23010351349092317
0.32390505019013316,0.2315629538778759,0.23022646092440568,0.21430553500758526
0.31451908281155133,0.228713871886305,0.22990513870860085,0.2268619065935429
0.2719607855757071,0.2500840767349193,0.2164649485740289,0.26149018911534483
0.259112635725308,0.24703687723288487,0.2204115128502745,0.2734389741915326
0.2649482225442017,0.24174585730844364,0.21967169663722597,0.2736342235101286
0.26858741988170787,0.24161834750495187,0.2210241590973317,0.2687700735160087
0.28713106973349023,0.2345543529069813,0.22612595273941488,0.2521886246201136
0.2798882224660985,0.23470031793612367,0.22366289192064123,0.2617485676771366
0.28416484967228595,0.24573613402467004,0.21975503982971897,0.250343976473325
0.3256578989679149,0.22375943692993303,0.23582740725107096,0.21475525685108113
0.334304280649753,0.22054665361482756,0.2332776030766833,0.21187146265873616
0.29594256233265587,0.23768478377732932,0.22418660568440846,0.24218604820560635
0.27626764272849974,0.2509908312864452,0.21793679737384963,0.25480472861120546
0.28760361209868074,0.24160014686298148,0.22558596735629724,0.2452102736820406
0.3083480122463989,0.23496686183263987,0.22681174322410425,0.22987338269685698
0.2920188100428065,0.23121153411431528,0.2279414881247311,0.24882816771814717
0.26330514219646756,0.24908888417887298,0.21477926565376454,0.27282670797089487
