0.27673432473429954,0.25880339156185284,0.229607999166203,0.23485428453764465
0.27668684637055124,0.25875038923628085,0.2295842445466859,0.234978519846482
0.27658953688766064,0.2586599807075007,0.2294802099267586,0.23527027247807994
0.2767266296411385,0.2588112222417947,0.2296234863108219,0.23483866180624502
0.2766287604926688,0.25868746401292625,0.2295153575126832,0.23516841798172178
0.2765037280326804,0.25860389073573187,0.2294288335812053,0.23546354765038235
0.27682355532316255,0.25893041216802565,0.22974710212105465,0.2344989303877571
0.2766163650174274,0.25863783045809174,0.22946496459051274,0.23528083993396814
0.2766636737344082,0.2587457378069498,0.22955103803121762,0.23503955042742442
0.27677683307875467,0.25883444487316454,0.22964946169922384,0.23473926034885695
0.2764343318713337,0.2584962898147056,0.2293277928188462,0.23574158549511431
0.2766346681626051,0.25876867057787606,0.22957344056819268,0.23502322069132617
0.27684327544304455,0.2588886775333216,0.2296979450895792,0.2345701019340546
0.27674462599899496,0.25876015250491347,0.22958137867095632,0.23491384282513528
0.2767021997871051,0.2587473161807311,0.22955794311522634,0.23499254091693747
0.27683689804898604,0.2588864600693595,0.22970061200361935,0.23457602987803514
0.2766465353676532,0.2586857297619032,0.22952198351218084,0.23514575135826274
0.2766448790454342,0.25874648457739097,0.22957944162236338,0.2350291947548115
0.27680764469988445,0.2588797554600164,0.22970604095704536,0.2346065588830538
0.2765985901760683,0.2586466686336834,0.22948424944696152,0.2352704917432868
0.2764692399337865,0.25859424312044144,0.22942809716660464,0.23550841977916753
0.2765595331038047,0.2587185143423198,0.22956368918475778,0.23515826336911777
0.27628117843555783,0.2584051031192242,0.22924064222013046,0.23607307622508744
0.27667655422648507,0.258845974925244,0.22965137224198878,0.23482609860628217
0.276812849275316,0.2588465859725628,0.22966335702187354,0.2346772077302476
0.27666626914661524,0.2586962822149702,0.2295155083840369,0.23512194025437763
0.2767393027490834,0.25879724393689424,0.2296010913609126,0.23486236195310972
0.2768207924757113,0.2588612380508822,0.22968015504065564,0.23463781443275095
0.27649031329365653,0.2585408301657465,0.22937380975596017,0.23559504678463672
0.27657155844557746,0.2586860865087553,0.22948515715153958,0.23525719789412777
0.27686476447983605,0.2589265471485996,0.22972924140184212,0.23447944696972228
0.2765967392951378,0.2586151679619906,0.22944222961947494,0.23534586312339664
0.2765211374431103,0.2586092827893409,0.229407765169652,0.23546181459789675
0.276922182688572,0.25899065010749445,0.22978203770994687,0.23430512949398674
0.27652922632921834,0.2585277527587559,0.2293529109306704,0.23559010998135552
0.2767636256175043,0.25885454283218173,0.22964246419141052,0.23473936735890338
0.27682541537145994,0.2588395422112816,0.2296499727752604,0.23468506964199817
0.2767778069049937,0.25879137448086575,0.22960110378652426,0.23482971482761628
0.2768172599625344,0.2588396683882814,0.22964503983345705,0.23469803181572726
0.2767786403129871,0.2587937816942614,0.22960436861871492,0.2348232093740366
0.27671343743673527,0.25874501134420924,0.22955442342334917,0.2349871277957062
0.276819424479283,0.25886272995580223,0.22967137484575528,0.2346464707191596
0.27686415776764534,0.2588814421741655,0.22970202199114326,0.23455237806704596
0.2766718062972388,0.258687866489904,0.2295065679661075,0.23513375924674973
0.2766780516147363,0.25873591817436536,0.22953602483692645,0.23505000537397183
0.27672181971809195,0.25878129335638717,0.2295951403460722,0.23490174657944862
0.27626622147621177,0.25834823337647095,0.2291748465861697,0.23621069856114765
0.2767285235333453,0.2588812358124135,0.22966234459178053,0.23472789606246058
0.2769318893361092,0.25893899908876655,0.22975022232696002,0.23437888924816425
0.2768467746940535,0.25883274263169664,0.2296504876448852,0.23466999502936473
0.2767711990318037,0.2587842674773246,0.2295936042688629,0.23485092922200876
0.2768552699072758,0.25888354260122753,0.2296935669876849,0.2345676205038117
0.2766289147587536,0.25865910642852036,0.22948810563866787,0.23522387317405807
0.27660105104928107,0.25869105988336394,0.2295057684199725,0.23520212064738266
0.27681499092814377,0.2588787710274358,0.22968415016618615,0.2346220878782344
0.276702344577094,0.2587251110069324,0.22954648092492252,0.23502606349105112
0.2764533164905298,0.25852114257978415,0.22933036903468995,0.23569517189499622
0.27674597027533687,0.2588512593686568,0.22964330861095741,0.234759461745049
0.27656374251593924,0.25860043484241324,0.2294169789172311,0.2354188437244165
0.2767732311160602,0.25885190706874933,0.22964726354982842,0.234727598265362
0.27696039562747504,0.258966991084796,0.22977670710392165,0.23429590618380727
0.2768054661229646,0.258786445530998,0.2296062152270849,0.23480187311895243
0.2767791331174802,0.2588029609581664,0.2296090982088069,0.23480880771554646
0.2767495945882012,0.2587846929171689,0.22960061075703755,0.23486510173759237
0.27651990014707,0.2585853113034721,0.2294111697497396,0.23548361879971827
0.2766557208646318,0.2587548215769736,0.22955567618751024,0.2350337813708844
0.27689671901571566,0.25893617583999484,0.2297418656387268,0.23442523950556263
0.27667672469112453,0.25868016836825986,0.22950231505335672,0.23514079188725878
0.27652365210812563,0.25859045372467576,0.22939065218084648,0.23549524198635197
0.27693167833718224,0.2590105023733652,0.22980764441324444,0.23425017487620814
0.2765276487294147,0.2585307094388713,0.22936419764500998,0.23557744418670407
0.2768244390415388,0.25892047247846506,0.22971545813132935,0.23453963034866673
0.27705013124814637,0.2590397970973101,0.2298567108166025,0.23405336083794104
0.27665575917058466,0.25863482872633914,0.22946858137622472,0.23524083072685142
0.2765996863269281,0.2586956317588896,0.2295128357116506,0.23519184620253164
0.27671949890333497,0.25883389301608406,0.2296793441449346,0.23476726393564648
0.27627444603076584,0.25837773337022796,0.22923187745750234,0.2361159431415039
0.27664536377233995,0.2588274788757185,0.22963590408864737,0.2348912532632941
0.27686631452732835,0.2589064987321848,0.22972456457416152,0.23450262216632534
0.2764760259276269,0.25851614644701776,0.22935249565398705,0.23565533197136831
0.2765247792039571,0.25865530060656183,0.22945995387613613,0.2353599663133449
0.27681005720986573,0.2588952655271951,0.22970542337479866,0.2345892538881405
0.27643611328317685,0.2584777422628297,0.2293068600552404,0.23577928439875315
0.27673595041451904,0.25885514654458447,0.22964803632859887,0.23476086671229757
0.2768750180696706,0.25889197534836367,0.22970441678390724,0.23452858979805866
0.2767136268823192,0.2587262877018727,0.22954710197229858,0.23501298344350935
0.2766771014991032,0.2587320066601835,0.22954064871883564,0.23505024312187775
0.2768756967591515,0.25892823232734263,0.22974141592985714,0.2344546549836487
0.27651707965440764,0.25854024240609796,0.2293689981913122,0.23557367974818214
0.2767782948383576,0.2588891400368303,0.22969598409508407,0.23463658102972812
0.2768744918342882,0.25890107609748153,0.22973164835973833,0.23449278370849205
0.2764366461245701,0.25847764101929427,0.2293123589199022,0.23577335393623333
0.2766716339032147,0.2587994985544548,0.22959699442565498,0.23493187311667554
0.27675925707162075,0.25881861165051295,0.22964584724865755,0.23477628402920872
0.2761650942588035,0.2582551773903613,0.22909468353521625,0.23648504481561897
0.2767644117638509,0.25895678852144355,0.22974582752257613,0.23453297219212937
0.2767839981964398,0.25878816339131544,0.22960832380168106,0.23481951461056375
0.2767265634209775,0.2587619535298719,0.22957423481441944,0.23493724823473117
0.276645762089728,0.2586891499368085,0.22949501591695645,0.23517007205650683
0.27683457773543135,0.2588912422992801,0.22969520669943147,0.23457897326585717
0.2767099113746022,0.2587351226253886,0.22956310766497334,0.23499185833503583
0.2766857040323715,0.25874494862066544,0.22955882031497657,0.23501052703198644
0.27697825170908974,0.259015036971016,0.22982213324776932,0.2341845780721248
0.2765426510407328,0.25853565207008256,0.22936580159785303,0.23555589529133145
0.2765544239563939,0.25867635919529447,0.22948475933182733,0.23528445751648433
0.2765551929673083,0.25865618971093285,0.22947590700137238,0.23531271032038653
0.2763704385354936,0.2584725318987596,0.2292813594236527,0.2358756701420941
0.2769270380200865,0.25903109191988777,0.2298128121521415,0.23422905790788426
0.27674480502653276,0.2587225228881423,0.2295474698183678,0.23498520226695713
0.2767972205915682,0.2588315654590677,0.2296294658156143,0.2347417481337498
0.2768449918451866,0.2588582696731772,0.22966693225696183,0.23462980622467441
0.27678037572263653,0.25879648969115454,0.22961394646806202,0.23480918811814686
0.2766526084980245,0.25868938341890857,0.22950117549377966,0.2351568325892872
0.2768461754083733,0.2588946726336959,0.2296925760343425,0.23456657592358823
0.2768856074371721,0.25888930744054345,0.22970810406144354,0.23451698106084087
0.2764591908555124,0.2584877033390077,0.22931174433448004,0.23574136147099983
0.2766293371633539,0.25874185046445997,0.22952876652022255,0.23510004585196362
0.2767635726119919,0.25881294061170607,0.22961717502282375,0.23480631175347827
0.27653093532191286,0.2585726764387366,0.2293858575240957,0.23551053071525488
0.27684847198541135,0.2589255739380783,0.22971450869519452,0.2345114453813158
0.2768432422428169,0.25883651679165137,0.22965114431760286,0.23466909664792884
0.2768812546968936,0.2588857007444216,0.22969277963443369,0.2345402649242511
0.2767803955903997,0.2587826990166463,0.22959693139805065,0.23483997399490344
0.27676784224775364,0.25880150358495596,0.22961283643110214,0.23481781773618823
0.2766550666598193,0.2586923526447558,0.22950476311339787,0.235147817582027
0.2767931140706904,0.25884833835242266,0.22965056924436442,0.23470797833252266
0.2769363123817193,0.2589553662860531,0.22977557154966183,0.23433274978256574
0.27633845871969454,0.25835455388955963,0.22918028609916624,0.23612670129157962
0.2766680254060845,0.25880182670893526,0.22957188294393918,0.23495826494104116
0.2769181510846071,0.2589523367864502,0.22976570434948285,0.2343638077794597
0.2761283379368237,0.2581639738286687,0.2289958686497792,0.2367118195847285
0.27686094304302133,0.25902741629438225,0.2297774516639339,0.23433418899866254
0.277158095624115,0.2591187516304111,0.22994100083509694,0.2337821519103769
0.2765996644185206,0.2585533759323754,0.22938780588462407,0.2354591537644799
0.2768106024574772,0.25888689453422176,0.2296751411621156,0.23462736184618552
0.27701647491128834,0.2590165087961345,0.2298333313013139,0.2341336849912632
0.2767181279719056,0.25871839094691856,0.2295653921407521,0.23499808894042384
0.276831408335182,0.25895850421169675,0.22983340587162907,0.2343766815814921
0.2769011229703268,0.2589600489991205,0.22983541737290564,0.23430341065764718
0.27637520168530194,0.2585498503980175,0.22950885062594556,0.23556609729073505
0.2753637636103386,0.2580418544172633,0.22926217868911905,0.23733220328327906
0.2714616011745936,0.256326805115791,0.22908482272800568,0.2431267709816098
0.2701545741670817,0.25590340714959703,0.2286533052408963,0.24528871344242498
0.2736706996120632,0.25796452809764964,0.22938514918146594,0.23897962310882132
0.2764198476232098,0.25903282499000185,0.2298719543534817,0.23467537303330666
0.27610322117944835,0.2582859083558749,0.2292136291085422,0.23639724135613457
0.2758307611018607,0.2583865726876675,0.22944652575787955,0.23633614045259232
0.27630521896029936,0.2586812217678929,0.22959755080756222,0.23541600846424554
0.2760494498138279,0.2582975897266408,0.22919800574812127,0.2364549547114101
0.2765411762456887,0.25887660951050123,0.22977507698777955,0.23480713725603047
0.2766122038100077,0.25870635769950834,0.2295574683765813,0.2351239701139026
0.2762616845247605,0.25843794502384143,0.22931955129534257,0.23598081915605543
0.2765368569152639,0.25875180553436394,0.2295935975207818,0.23511774002959035
0.27641286350348465,0.2585620032567589,0.2294291332369196,0.2355960000028369
0.27611349690199105,0.2583233514566473,0.22918147975956085,0.23638167188180062
0.2767296187478429,0.2589317080179665,0.22973577430732184,0.2346028989268687
0.2767095949629446,0.2587335503815205,0.22955909392934587,0.23499776072618908
0.27654556575174216,0.2586078212626368,0.22941822116677804,0.235428391818843
0.27691785556387527,0.25899239731117096,0.22979027813550787,0.23429946898944592
0.2766939485650932,0.2586971735827195,0.22953294239971173,0.23507593545247568
0.27655653422145515,0.2586451370809185,0.22946973087774244,0.2353285978198839
0.27686224604321563,0.2589386324671738,0.22974355536589944,0.23445556612371105
0.27671128514592647,0.25872537896732833,0.22955555366939606,0.23500778221734908
0.27648436398139725,0.2585721686241965,0.22940031725817162,0.23554315013623464
0.2764106556302368,0.25852833232219113,0.22932924851962463,0.23573176352794745
0.2767452662537356,0.25886267720850337,0.2296629997420941,0.2347290567956671
0.27654280283966526,0.25858494169580964,0.22940717098788627,0.23546508447663891
0.2768494288668732,0.2589278110090674,0.2297210211427009,0.23450173898135848
0.2769909921428717,0.2589768163723281,0.2297916426411143,0.23424054884368584
0.27682808421158556,0.2588061980437834,0.22962890374849285,0.2347368139961382
0.27667989739990134,0.258717660697704,0.22953735253103832,0.23506508937135623
0.27658373086894683,0.25866667251341957,0.22949083868678463,0.23525875793084886
0.27660341712827013,0.2587075204129876,0.22953205296908172,0.23515700948966062
0.27674044907615786,0.2588249905502383,0.2296481448941679,0.23478641547943585
0.2768129745847364,0.2588573427730265,0.22968416697554778,0.2346455156666893
0.2765701931217747,0.25860436705637246,0.2294249462178197,0.2354004936040332
0.2765254934836258,0.25861983596865673,0.22941957459881904,0.23543509594889836
0.2766957620386526,0.25881729037256684,0.22964711322639372,0.23483983436238673
0.27629113168712555,0.2583927185945894,0.2292412893112336,0.23607486040705142
0.276797739668091,0.2589378087451103,0.22972109743287608,0.23454335415392252
0.27709097496095036,0.25907488550818214,0.22989001612927334,0.2339441234015941
0.27661798537860194,0.25858633826205724,0.2294198409759861,0.23537583538335477
0.27668535398559724,0.258800980697117,0.22962580022754106,0.2348878650897448
0.2766064848351344,0.2586914699156575,0.22953489322947676,0.2351671520197313
0.2765379360678992,0.258657903956259,0.22949951591723153,0.23530464405861032
0.2767931015456117,0.2588876995153291,0.22970562758800586,0.2346135713510535
0.2767278855513915,0.2587661015388594,0.22960116167175054,0.23490485123799854
0.2764633906777387,0.2585615219685511,0.22940688630938552,0.23556820104432477
0.27635257736000685,0.258502945805563,0.22932497020035322,0.23581950663407694
0.276679619214055,0.25885950712619227,0.22969984617817413,0.23476102748157854
0.27639752195518025,0.2584742471677605,0.22931236149926112,0.2358158693777981
0.27677067684884,0.258901317534807,0.22970106124962608,0.2346269443667269
0.27690787108226916,0.25891384124015954,0.22973009647427386,0.23444819120329752
0.2767044832464271,0.2587220560503958,0.22955372942047408,0.23501973128270315
0.2765775051005021,0.2586776352694105,0.22951888507512502,0.23522597455496236
0.2766434312805408,0.2587620540214474,0.22960169750455464,0.23499281719345716
0.2766149132126617,0.2587078336135711,0.22954661861101472,0.2351306345627526
0.2766227069726156,0.2587316236332584,0.2295713671061456,0.23507430228798043
0.27665727227722675,0.2587747407979245,0.22962854157849852,0.23493944534635006
0.2763884460883921,0.2585006807772369,0.22934987854468575,0.23576099458968527
0.27638481068358056,0.25855005489134675,0.22936754296963685,0.23569759145543578
0.27670150692911294,0.2588541842096898,0.22968431048014232,0.23475999838105494
0.2763560170009573,0.25844014384277847,0.22928411684770603,0.23591972230855818
0.2766923064776427,0.2588380777017765,0.22963702638069253,0.23483258943988836
0.2769667727411357,0.25898553001413577,0.22979597517427372,0.23425172207045483
0.2766959563944704,0.25869107253609175,0.22952252982741972,0.23509044124201803
0.27665764670383525,0.25874698891789916,0.22957552941782688,0.23501983496043866
0.2767541817258928,0.2588439403202767,0.22968448730561952,0.23471739064821107
0.2765333151824837,0.25861032453755917,0.22945780407701752,0.23539855620293967
0.2766898752318327,0.2588417877846445,0.22969463283096647,0.23477370415255622
0.2766769338144778,0.2587865636705817,0.2296614548600533,0.23487504765488718
0.27618405856974737,0.25833992191040317,0.22922142257091804,0.2362545969489313
0.27632597387709984,0.25857911065980543,0.22941902064713554,0.23567589481595913
0.27652532334992486,0.25874000907428313,0.229615712185825,0.2351189553899672
0.27599014932141025,0.2581701221832766,0.22904194980796996,0.23679777868734322
0.27662630858777487,0.25885698103124516,0.22964002924396565,0.23487668113701446
0.2770218748516907,0.25904070828815917,0.22985193908424126,0.2340854777759089
0.27653976235792327,0.25852780148597654,0.22936229010794756,0.23557014604815268
0.2768247896677707,0.25893348079916634,0.22973978974207016,0.23450193979099282
0.2768874804333915,0.2589019682939078,0.22973549874506385,0.23447505252763678
0.27650576060587106,0.25855719883148276,0.2294049298071659,0.2355321107554803
0.27672486294702886,0.25887508454417346,0.22971512157842808,0.23468493093036963
0.2766657736588846,0.2587550354656078,0.22962202120161643,0.23495716967389127
0.276167787307247,0.2583724822499611,0.2292882640732227,0.2361714663695691
0.2762778431148863,0.25852944284725365,0.22936985221311218,0.23582286182474796
0.2766085288584732,0.2588043006580692,0.22965328031954552,0.2349338901639121
0.27609574844015117,0.25822034104515224,0.22906978965725075,0.23661412085744582
0.2765174221101395,0.258739755074152,0.2295310654753656,0.23521175734034294
0.2769340642190903,0.2589857020528839,0.22978856999210345,0.23429166373592236
0.27676500785429026,0.2587582533538431,0.2295883972752641,0.23488834151660262
0.27683593036598403,0.2588747514910667,0.2296866823653958,0.23460263577755353
0.2770173048000647,0.2590230456812817,0.22984386278950733,0.2341157867291462
0.27660363745645766,0.25860903315260303,0.2294568694512193,0.23533045993972002
0.27641539046180325,0.2586218775710334,0.22951605929777116,0.23544667266939223
0.27639849700549607,0.2586436923024244,0.2295547195752314,0.23540309111684812
0.27612958590806547,0.25834342857020265,0.22921880923314794,0.236308176288584
0.2763919381424089,0.2586186765545139,0.22943476650514033,0.23555461879793682
0.27664474149917684,0.25877123886815045,0.2295906639642824,0.23499335566839027
0.27645935364248453,0.2585598261537045,0.22940123337183277,0.2355795868319781
0.2767231893813452,0.2588376728277174,0.22964366127893837,0.23479547651199906
0.2768554007366004,0.2588751446214359,0.22968417745912353,0.23458527718284006
0.2768255805314544,0.2588341121782196,0.2296511622622514,0.23468914502807459
0.27672204944929124,0.2587713642061432,0.2296081190779157,0.23489846726664976
0.276588394732814,0.2586941321005038,0.229551634063818,0.23516583910286423
