0.2866596961188481,0.24395686265202823,0.2289029050125771,0.2404805362165466
0.28626646582051823,0.24395017722904555,0.2286353653059171,0.24114799164451914
0.2862245807325409,0.2440813765017989,0.22869080145644785,0.24100324130921233
0.2862229524338439,0.24245225333074424,0.22973702027100282,0.241587773964409
0.28608036403033055,0.24291162441228964,0.2295961199787959,0.24141189157858403
0.28552477320927333,0.24553463741124873,0.2283988686627555,0.24054172071672242
0.28552015965847005,0.24296350612992848,0.22984182821213928,0.24167450599946216
0.2870743472907057,0.24474049273800083,0.22798932972989,0.24019583024140356
0.286842918464806,0.24382804049339715,0.22825876444471188,0.24107027659708494
0.28642117118673444,0.24066505845507646,0.23081647024789778,0.2420973001102914
0.28642989545750575,0.24642116970169073,0.22759641194954378,0.23955252289125983
0.28496374257749707,0.2439727330187995,0.22930541228802137,0.241758112115682
0.2871038978535533,0.24461381154582468,0.2280804268181509,0.24020186378247108
0.28764802873657797,0.24430932900177513,0.22749386768486116,0.24054877457678575
0.28778944801827433,0.24481598532213553,0.22705994961498202,0.24033461704460804
0.28700361961502646,0.24147038563864837,0.22970715124259647,0.24181884350372876
0.2870898516345448,0.2452216983900699,0.22762496804028404,0.24006348193510132
0.2855563936610584,0.24373456803504132,0.22906265948210652,0.24164637882179366
0.2863900021221204,0.24324862098850183,0.22927681050094265,0.24108456638843515
0.28614464173434895,0.24178300009131706,0.230224505457384,0.24184785271694992
0.285374286175662,0.24382814021223814,0.22950955513726198,0.2412880184748378
0.2838404120282985,0.24054486777376805,0.23257560967270796,0.24303911052522553
0.28449813570449367,0.24711253205670897,0.22891359376969875,0.23947573846909864
0.2840817961247519,0.2429535459938235,0.23079118419234618,0.24217347368907838
0.2870813913823147,0.2450310159343995,0.22805800892834982,0.23982958375493602
0.28732070087184597,0.24452577718817878,0.22749235535488888,0.24066116658508635
0.2875447079298613,0.2438804166553082,0.22784290305168584,0.24073197236314464
0.28696053836178836,0.24153071956505504,0.22975561817409695,0.24175312389905956
0.28680602930092336,0.24639819641059235,0.2272004329963161,0.2395953412921682
0.2855715166476371,0.24345446229621925,0.22920926857348306,0.2417647524826607
0.2870706665639665,0.2433368177228889,0.22886587294986185,0.24072664276328268
0.2870595150416496,0.24412319433206797,0.22805418851165132,0.240763102114631
0.2872283165958477,0.24744103033076503,0.22605550692699553,0.2392751461463918
0.28689977361575736,0.24043707649492693,0.23066915210313366,0.24199399778618208
0.289612057778229,0.24785540268608058,0.22493095389024856,0.23760158564544187
0.28720226383329406,0.2442447568478604,0.2270893824039546,0.24146359691489086
0.28873151692708293,0.24594254993443815,0.22596855587154688,0.23935737726693196
0.2888977140809874,0.2456524643345067,0.22556120459364187,0.23988861699086397
0.2889728480703799,0.2453510248242937,0.22575507572423192,0.23992105138109443
0.2886261860736265,0.24392268777067697,0.22690395464502874,0.24054717151066793
0.28855148592948204,0.2455338291808248,0.2260858701186893,0.2398288147710039
0.2875576502307965,0.24393047087295244,0.22750806757483924,0.24100381132141185
0.28822873252493314,0.2460308053378046,0.22614901228579615,0.23959144985146624
0.28777309158051584,0.24372161082085428,0.22754802645212674,0.240957271146503
0.28805082924262054,0.2435645847962349,0.22777463781217838,0.24060994814896622
0.2864160597956834,0.2399417769318848,0.23108734700827332,0.2425548162641584
0.28613722420927246,0.24869092667617249,0.22697925581637246,0.23819259329818251
0.2848406442322801,0.24436601808931807,0.22901016168487764,0.24178317599352428
0.2885657745698913,0.24664506550995777,0.22597378526815484,0.2388153746519961
0.28921532707655506,0.24530962749480978,0.22557842209323217,0.23989662333540296
0.28938393813216795,0.24535630373232145,0.22551890616500406,0.23974085197050665
0.28803469332754783,0.24159864307996995,0.2287812350464313,0.24158542854605083
0.28771324305785,0.24563817165942267,0.22687696604524088,0.23977161923748647
0.28590971145856797,0.24428068211149045,0.22837912218733195,0.2414304842426097
0.2870194464766803,0.24413469697706813,0.2282539517976108,0.24059190474864073
0.2871381790791663,0.24252697300129888,0.22903111076704039,0.24130373715249454
0.28731022223819064,0.24592573725159378,0.22697666188109786,0.23978737862911767
0.2860350410790741,0.24130725960880567,0.23038087081281358,0.24227682849930665
0.2876905657423097,0.2469268102893824,0.2265655028917948,0.2388171210765132
0.28687860411677746,0.24591919261807596,0.22662024642994152,0.24058195683520517
0.28866263201076503,0.2461351948915781,0.2257422658876761,0.23945990720998078
0.2894205967266981,0.24517524043708244,0.22565006428072995,0.23975409855548946
0.2890739444050155,0.2439293676738246,0.22659818462112022,0.24039850330003976
0.287502242408226,0.24178881618343337,0.22899837801358194,0.24171056339475866
0.2867310261430793,0.24670574684384428,0.22700549618172172,0.23955773083135473
0.2857312410916828,0.24401130012315944,0.22874328379703526,0.24151417498812255
0.2878183489836782,0.24507935380324106,0.2272483955653534,0.23985390164772735
0.2878175121315977,0.24309283629412257,0.22807340072666463,0.24101625084761524
0.2882724233340571,0.2464880793746095,0.22593314940334566,0.2393063478879877
0.28664970858572336,0.23988395222435285,0.23097528392594516,0.24249105526397863
0.2888390947025182,0.24896509441601666,0.2251187081229695,0.23707710275849578
0.28666039019027423,0.24466052733214996,0.22717393771164435,0.24150514476593155
0.2885872647305559,0.24404664671004683,0.22745516747603733,0.23991092108335985
0.2886112418550353,0.24321854709731092,0.22748904667777664,0.24068116436987708
0.28686509186430675,0.24366090516604683,0.22822867107549064,0.2412453318941559
0.28491746696028214,0.23993015089124023,0.2321605440066578,0.24299183814181985
0.2851899072614174,0.24800332142157816,0.22803856543542683,0.2387682058815778
0.2842096337918504,0.2421031711889716,0.23116333685706886,0.2425238581621092
0.2869096262513532,0.2430832708111873,0.2294465353141808,0.24056056762327868
0.28627545997319814,0.24366473082284587,0.2288065914409831,0.241253217762973
0.2857254148483964,0.24511627535333083,0.2284153935167221,0.2407429162815507
0.28554377605176284,0.239992675419311,0.23196652987292066,0.2424970186560055
0.28742113661422203,0.24825860733313782,0.22640869416209197,0.23791156189054813
0.2857208091686101,0.2429922533383132,0.22919469692741573,0.24209224056566103
0.28828478629997617,0.24517595797058675,0.22705097838131436,0.2394882773481227
0.2878255895352095,0.24355700464058458,0.2276331727772936,0.24098423304691224
0.28792905899701476,0.24586508999694437,0.22642725824335047,0.2397785927626903
0.2867761596653682,0.24093897985249227,0.2301661252509591,0.24211873523118047
0.2879975897616596,0.24679761976427625,0.2263823271029718,0.2388224633710923
0.2860586819205836,0.2421881345476667,0.22954711616326434,0.2422060673684852
0.28726903816113764,0.24390588008469372,0.22840106973655935,0.24042401201760932
0.28646551544490095,0.24432023619411886,0.2282033656737085,0.2410108826872716
0.2861826295273173,0.24313429356286467,0.2292635841425939,0.24141949276722424
0.28559216266114534,0.23909997262151417,0.2325520044541066,0.2427558602632339
0.2859470115121115,0.2494457965594487,0.2270738580226196,0.23753333390582004
0.2843286703593057,0.2417752257960893,0.2311653024025291,0.24273080144207587
0.28828030623556034,0.2459482736593975,0.22692498904285113,0.23884643106219106
0.2877264962445871,0.2443942170515486,0.2270495521785253,0.24082973452533907
0.2879128212070795,0.24434891720281682,0.2272946690441958,0.24044359254590786
0.2874222083192595,0.2429012820581064,0.22846117170958313,0.24121533791305097
0.287309964204345,0.24537775402479695,0.2271951126765435,0.2401171690943146
0.28707267353849475,0.246516622133037,0.22642418364758884,0.23998652068087933
0.2874728548822996,0.24215443542382,0.2291075889593569,0.24126512073452347
0.2882613067137941,0.24320710003702153,0.2280406252459874,0.24049096800319705
0.286147917976269,0.24343962700214408,0.2288123771943138,0.24160007782727314
0.2846657628229975,0.2419871130986669,0.23100976763700415,0.2423373564413315
0.2859183038042614,0.2490924592028418,0.2268843667019971,0.23810487029089966
0.2860836328662817,0.24275158222122062,0.2293944361313977,0.24177034878110007
0.2898821575934227,0.24798068874192403,0.2244287262556858,0.2377084274089675
0.28894943672568146,0.24438437691417333,0.225993753275357,0.24067243308478808
0.2891267919047455,0.2444131977301817,0.22643676970407559,0.24002324066099717
0.2883959007732399,0.2450754035331606,0.22630646569968765,0.2402222299939119
0.28796730513609387,0.24636602356759046,0.22584792231677944,0.2398187489795362
0.28789550771666733,0.2435096722816027,0.22770132046299307,0.2408934995387369
0.2884008886727737,0.24341397977240567,0.22768992889518608,0.2404952026596346
0.2876157809781578,0.24540381707903805,0.22678155289481552,0.24019884904798863
0.28665423304156534,0.24423204130400644,0.2280090594359818,0.24110466621844645
0.286943032643965,0.241923924052861,0.2296754354489026,0.24145760785427145
0.2881859788120046,0.24834595192131662,0.22537971394902995,0.23808835531764888
0.2871086244107016,0.24486944758270854,0.22694515449934444,0.2410767735072454
0.2895698873149162,0.24724749368659166,0.22463178189914745,0.23855083709934466
0.2894326221201011,0.2445246932668735,0.2258359747785684,0.24020670983445702
0.2894330234975374,0.24495165597824844,0.22579903682471208,0.23981628369950206
0.2881700951214638,0.24444024675990517,0.22673170416906246,0.24065795394956857
0.28772921321017975,0.2450812052951618,0.22685781061462584,0.24033177088003269
0.28762706069125343,0.24439937838771414,0.22734341762390828,0.2406301432971241
0.28773970389252806,0.24359646053450895,0.22788399707196472,0.24077983850099832
0.287938662718181,0.2458842756036964,0.22640298786634783,0.23977407381177476
0.28709768906186267,0.24289815826535405,0.2285503807345505,0.24145377193823284
0.2868221775665793,0.2403110991158721,0.23087693076030813,0.2419897925572405
0.2879548495953604,0.25161945513540984,0.22479560034866242,0.23563009492056738
0.28637460763892253,0.24479990404555138,0.22720368496738322,0.24162180334814284
0.2891929638425587,0.24453617452011678,0.22717326287965378,0.2390975987576708
0.2910855633810964,0.2480699343911363,0.22310813627410306,0.2377363659536642
0.28850058211858404,0.24479884582822986,0.22575072341565047,0.2409498486375356
0.2881191390593836,0.24119589697277496,0.22941666451617637,0.24126829945166517
0.28866586367657865,0.24705387120547265,0.22563802196342125,0.23864224315452734
0.28607486092256085,0.24289847238695728,0.22892561541016243,0.24210105128031956
0.28696802893578244,0.24203111334401642,0.22978628352973895,0.2412145741904622
0.28531069417322813,0.239304457960311,0.2323263707018115,0.24305847716464943
0.28133280358755164,0.24024510280551922,0.23420999230037176,0.2442121013065574
0.2754491831196045,0.2427909718042847,0.23670611458427618,0.24505373049183468
0.27107829441087616,0.2512590780378272,0.23601346749681235,0.24164916005448436
0.2741368199587086,0.24665878558477103,0.23710153186462057,0.24210286259189984
0.2813009666430674,0.2391508888641735,0.2367948672344334,0.24275327725832574
0.28271706705216343,0.2434893269129687,0.2320838716806177,0.24170973435425022
0.28047515974744747,0.2440356490250149,0.2328289358900406,0.24266025533749697
0.2814631874235119,0.24032495096754333,0.23495255303705975,0.2432593085718849
0.2825474414829351,0.2475978140018753,0.23026623942409336,0.23958850509109628
0.28266859372156683,0.24016779728219279,0.23399081168911612,0.24317279730712418
0.28533829539270117,0.24340911534890547,0.23045814080777272,0.2407944484506206
0.28373728257688463,0.24365596418650112,0.23057898721357212,0.24202776602304213
0.28374139833005224,0.24086834859183157,0.23270121870427607,0.24268903437384004
0.28336566402794533,0.24205371424748742,0.23217028783903532,0.24241033388553182
0.282394745500941,0.24734004630539372,0.2300079366749327,0.24025727151873263
0.28354340439545145,0.2421404971311202,0.2320383355586891,0.2422777629147391
0.2868251851810677,0.24499333164161224,0.22836734639287845,0.23981413678444155
0.286917828605285,0.2453020868971101,0.2272940380616001,0.24048604643600494
0.2870066013489163,0.2418880429748392,0.2295688176764106,0.241536537999834
0.2874010404022407,0.24391042411047673,0.22814151841398475,0.24054701707329781
0.286473395758183,0.24697632592091007,0.22674657491653938,0.23980370340436757
0.2862693409358013,0.24057282110796402,0.23099976425935848,0.24215807369687603
0.28795592231302386,0.24469055791456454,0.22761100838777823,0.2397425113846334
0.2855729603523288,0.24236461272059864,0.22978823466130796,0.24227419226576455
0.28571247514180287,0.24481344118602585,0.22884733107184785,0.24062675260032343
0.28512009039214214,0.24149995944389113,0.23106755306633864,0.2423123970976281
0.28709161571329633,0.24835927713401437,0.2264067421748135,0.2381423649778758
0.28683104810192933,0.24596226541892086,0.22654829076471195,0.24065839571443792
0.2888949065330898,0.2449564677857692,0.2265317741096766,0.23961685157146442
0.2894686213075604,0.24397590469135247,0.2264816697611328,0.2400738042399543
0.28786533793821567,0.24312397546812667,0.2278006144564115,0.2412100721372462
0.286035371728969,0.24317885164949415,0.2291621418779105,0.2416236347436264
0.28539462400933485,0.24457605099156846,0.2290111509243105,0.24101817407478618
0.285689216801233,0.24416196108189148,0.22905016193742017,0.24109866017945536
0.2868461630219453,0.24463219858492832,0.2280479270389851,0.2404737113541412
0.28701318428426237,0.24264848891819074,0.22902239215691084,0.241315934640636
0.2866408414021927,0.242085616451057,0.2296775678059502,0.24159597434080005
0.28470313316941276,0.2413020855726134,0.23135087827610054,0.24264390298187338
0.28443985373097264,0.24955046620512367,0.22779967467914547,0.2382100053847584
0.28520960392326256,0.24614892838107313,0.22778147815636235,0.2408599895393019
0.28802154582185935,0.24245831040832053,0.22931856682619225,0.24020157694362787
0.2896427708736113,0.24463040349061999,0.2262581327834513,0.2394686928523174
0.28639221836314116,0.24263432962025452,0.2288474655564655,0.2421259864601389
0.2852086929956961,0.242954113869073,0.23009284493209956,0.24174434820313126
0.2852772617002388,0.24657556318234858,0.22816422807765996,0.23998294703975262
0.2855215916138843,0.24082303905753472,0.23138528987061843,0.24227007945796256
0.28720353367040874,0.24415101020217053,0.22844300053439567,0.2402024555930251
0.28504260590254354,0.2411004455628843,0.23110860008513423,0.24274834844943788
0.2847610427319037,0.24492190310367476,0.2295487332542016,0.24076832091021996
0.2835815493293991,0.2404186360958318,0.2329076661709611,0.24309214840380794
0.2857700409811543,0.24863668597290114,0.22756905754517354,0.23802421550077096
0.28528650481702206,0.2435133717878672,0.22933700489823194,0.2418631184968787
0.28788406614564566,0.2430995370865829,0.2287292002378238,0.24028719652994765
0.28761224021580833,0.24303879138648005,0.228283149022048,0.24106581937566368
0.28582541575562703,0.2441083500694334,0.22875855386487146,0.24130768031006808
0.28500704596169574,0.24264955842116395,0.23039512275781607,0.24194827285932427
0.2855322995157432,0.2439151238719553,0.2295036222526722,0.24104895435962936
0.2851693435197164,0.24234502945258854,0.23052020702074172,0.24196542000695345
0.28524869229009253,0.24302639719882088,0.23019449879991538,0.2415304117111712
0.2844571305755327,0.24262330447780567,0.2308510595905761,0.24206850535608562
0.28434988053954624,0.2439130586987646,0.23030731548738137,0.2414297452743078
0.28398858798253585,0.2402888101910772,0.23284078306513759,0.24288181876124929
0.28522334548017897,0.24815529234100148,0.228034076563552,0.23858728561526757
0.2848087387985082,0.2446163697467363,0.22902950544009307,0.24154538601466233
0.2875396748675747,0.24294849598034624,0.22903424195759228,0.24047758719448684
0.2881785824037823,0.24380681874455598,0.22757006750532618,0.2404445313463356
0.2865139935286052,0.24412438820758747,0.22817303911351652,0.2411885791502908
0.28560047697618296,0.24175783741203288,0.2305334992480186,0.24210818636376555
0.28594589541083487,0.2450807391313886,0.22857577349641878,0.2403975919613578
0.2849604266930529,0.2414722188424073,0.23112711532791458,0.24244023913662516
0.28533235295881,0.24218998027738303,0.23076158279231052,0.24171608397149644
0.28383223719298495,0.2433652782895292,0.23078751335597236,0.2420149711615134
0.28303299555665196,0.24178113717402194,0.2324910482487106,0.24269481902061546
0.2825935784353955,0.2404248142723309,0.23379062671840992,0.24319098057386362
0.28231937873800456,0.24927011313237585,0.22962225498158703,0.23878825314803256
0.2831746632315072,0.24447290498258603,0.23059479749241554,0.24175763429349129
0.2870211661056083,0.2421587707259397,0.23018540991353928,0.24063465325491276
0.28870189801678675,0.24637809514341796,0.2259279890935192,0.2389920177462761
0.2867693202025995,0.24365167400463042,0.2280297650468149,0.24154924074595527
0.2869266535620696,0.24138896175141253,0.23009915520753962,0.2415852294789783
0.2871129647163539,0.24645979182702052,0.22698778496570876,0.23943945849091683
0.2852319032594132,0.23961552198086405,0.23213688903652774,0.24301568572319499
0.28583430631671825,0.24291078743114625,0.23009406858314893,0.24116083766898655
0.28304513060550845,0.24312871826495935,0.23127943235261864,0.2425467187769136
0.2829829179276319,0.2437829807721738,0.23144833750050428,0.24178576379968997
0.28316864912449513,0.23906992613631434,0.2344473649619857,0.24331405977720477
0.2839441969371706,0.24803389787766103,0.22913091918630163,0.23889098599886677
0.283049724088265,0.24407401826295488,0.2307617960836769,0.24211446156510327
0.2867442397698231,0.24378789042931387,0.22914096902275555,0.24032690077810742
0.2881611229584087,0.2462560414859859,0.22614017254804358,0.23944266300756173
0.2880476374549954,0.24595294548601018,0.2259153080182114,0.24008410904078295
0.28781093226151805,0.2406705263078495,0.22999406702581154,0.24152447440482083
0.2878796189606664,0.24353559671293815,0.22805216698357547,0.24053261734281992
0.2842713129768801,0.2418285204722803,0.2309927393846407,0.24290742716619898
0.2831608792688337,0.24248254837605726,0.23197171593904217,0.2423848564160669
0.2824324560889222,0.24437721365930265,0.23143326611211537,0.2417570641396597
0.28303741983565683,0.24308584875803055,0.23183877356404206,0.2420379578422706
0.28408459094967203,0.24091896316713202,0.23256910936332276,0.24242733651987322
0.28503259673496756,0.24797592477229122,0.22809954468153765,0.23889193381120358
0.28500000508901047,0.24464458126719665,0.22893808247222427,0.24141733117156852
0.2880484941804615,0.24494647747563797,0.22729652507248513,0.23970850327141532
0.288058088786681,0.24147661064683648,0.22910967126079976,0.2413556293056828
0.287390920963591,0.24473914061196728,0.2275381008427738,0.24033183758166785
0.28502835451799874,0.24338708666761044,0.2295986361016409,0.24198592271274993
0.2860774750849477,0.2453472057581847,0.22831038219730473,0.2402649369595629
0.2857854049008355,0.2387015265184509,0.23279360928040635,0.24271945930030722
