0.3162739930277599,0.21454268174319072,0.23240306944711922,0.2367802557819301
0.3154492018469498,0.21465049572319106,0.23272736456992824,0.2371729378599309
0.31413190736004665,0.2143307409576014,0.2322981846759302,0.23923916700642178
0.31690380427374626,0.21459966644668774,0.23222153953601107,0.23627498974355504
0.3147544288005146,0.21464550178394112,0.2327733758964922,0.23782669351905217
0.3160957748723614,0.21452893084858154,0.23244006620462299,0.2369352280744341
0.3169404608337475,0.2148390487150053,0.2329475462262091,0.23527294422503794
0.3149296124885423,0.21461831517167423,0.23302751001923075,0.23742456232055278
0.31605150677542077,0.2145188122466416,0.23254929969289231,0.23688038128504535
0.3162718048572202,0.2147274293161346,0.232836385670267,0.23616438015637836
0.3152103014292083,0.21458315389024096,0.2328127527877638,0.2373937918927869
0.31522543599675634,0.21445156742905486,0.23243404785179536,0.23788894872239352
0.31569894585792285,0.21455192234322965,0.23241683516794084,0.23733229663090666
0.31378250302977234,0.21433387214294172,0.23222751062297495,0.23965611420431088
0.3137334528751135,0.21409883331023177,0.23149932120422276,0.2406683926104318
0.31565692196545053,0.21443503118158236,0.23163418521686743,0.23827386163609968
0.3148810358518307,0.21455928753417022,0.23221261020292847,0.23834706641107065
0.31552827875630796,0.2145106839126272,0.23222974366796295,0.2377312936631019
0.31677819579501265,0.2147660208550696,0.23267382616993149,0.23578195717998626
0.31407160735925843,0.21449470572870302,0.23273606841264474,0.2386976184993938
0.31650618986844015,0.214501615796361,0.23225724345349227,0.23673495088170657
0.3157442041164696,0.21473338141668566,0.23281867905892395,0.2367037354079208
0.31456333388373653,0.2144258735082145,0.2325114459177114,0.23849934669033768
0.3164021932897882,0.2145644870507175,0.23233928266753504,0.23669403699195934
0.31662523838784085,0.21484242285302516,0.23297319920665507,0.23555913955247898
0.31538413824422135,0.21464383573448897,0.233012363735787,0.23695966228550275
0.3160620001584494,0.2145782210375375,0.23270350722128283,0.23665627158273023
0.3171731658247453,0.21484536162326204,0.23304923846395154,0.23493223408804118
0.316201937322666,0.21482125408565858,0.23336585478752345,0.23561095380415184
0.3160646217124965,0.21465280292332364,0.23308857994150722,0.2361939954226727
0.31784247628454065,0.2149069260597172,0.23327455107440642,0.23397604658133567
0.31586754559405444,0.21483604784886137,0.2335931778432833,0.2357032287138008
0.31686449834887837,0.21470581662482047,0.23317965023457082,0.23525003479173032
0.31680775150878626,0.21485162104927852,0.2333859611620429,0.2349546662798923
0.3164858081646324,0.21478606238096137,0.2333780886130035,0.23535004084140265
0.31692789472309385,0.21480770583423797,0.23333962840421452,0.23492477103845374
0.3162648336857924,0.21477146786344434,0.23336107242889897,0.23560262602186438
0.31565671163374676,0.21459984525201498,0.2330270849374515,0.23671635817678682
0.31590943474142574,0.21458600789246246,0.23276488718176147,0.23673967018435035
0.3162459832097371,0.21468921659879256,0.232845510914739,0.23621928927673128
0.31604019678635786,0.21469760983207892,0.23295418089364528,0.23630801248791802
0.3169320237630334,0.2147902801450473,0.23307529119062384,0.23520240490129546
0.3173128490129499,0.2149448018635121,0.23348545372183888,0.23425689540169914
0.3154207531754833,0.2146892399558571,0.23338945844502398,0.23650054842363555
0.31682177918660137,0.21465815507760636,0.23295270381002084,0.2355673619257714
0.31639422699205727,0.21480680825120044,0.2332345666001403,0.23556439815660207
0.31561984198290904,0.21462372584388006,0.23303747244190903,0.23671895973130191
0.31610349960780904,0.21460960850129607,0.23279378944047283,0.23649310245042215
0.3166604498899053,0.21477045097790384,0.2329964435372236,0.23557265559496735
0.31538127944099453,0.21464227758815638,0.23301991164866628,0.23695653132218297
0.3155826422492349,0.21450772666519713,0.2326159885992952,0.2372936424862728
0.3168326850616498,0.21474394030236119,0.23279601920319026,0.23562735543279892
0.3167659507184559,0.21487970441075074,0.2332787228720117,0.23507562199878165
0.3162465368663228,0.21475817969216884,0.23329781493670013,0.23569746850480827
0.3173505204369935,0.21484479852304675,0.2333122891176251,0.2344923919223346
0.3158283207267597,0.21476438523067493,0.23342151281621923,0.2359857812263462
0.3160359766321399,0.21459549758138946,0.2329639038766459,0.23640462190982484
0.31667273780008426,0.2147473685394423,0.23301578115260524,0.23556411250786827
0.31575071488891665,0.21469438328193016,0.2330938223580178,0.23646107947113532
0.3167750414635405,0.2147195638427562,0.23298334852122052,0.23552204617248285
0.31653239916132486,0.21482073398936602,0.2332595967209024,0.23538727012840674
0.31562651550339094,0.2146397713022373,0.23309312859437425,0.23664058459999754
0.316266083414544,0.21462929547988735,0.23284152118374354,0.23626309992182518
0.3169582469588611,0.21482892116937377,0.23311935563961855,0.23509347623214655
0.316405573751283,0.2148169533127567,0.23334576397643106,0.23543170895952917
0.3158400450380284,0.2146469126502384,0.23311035912031755,0.23640268319141558
0.3173174232930944,0.21480362734044006,0.23310935084220855,0.23476959852425688
0.3139630666754709,0.21450546472253548,0.23300888087182506,0.23852258773016854
0.3152818400894555,0.2142855879429357,0.23206336556161575,0.23836920640599313
0.3165062780973908,0.21470262918025657,0.23247146365435192,0.23631962906800066
0.3139900962285176,0.21446541979139375,0.2325713749608512,0.2389731090192374
0.3155761983391946,0.21437102198069513,0.2320149014984732,0.23803787818163716
0.3166833988670207,0.21477220744208966,0.2326018391101698,0.23594255458071983
0.3127588697922768,0.21429381446855966,0.2324388631199014,0.240508452619262
0.3160082613600232,0.21428811956463303,0.23162699364179964,0.2380766254335442
0.31658680435069547,0.2148436450640151,0.23262352735007108,0.2359460232352184
0.3147366869453762,0.2145775522935382,0.23279391157010684,0.2378918491909787
0.3162025416812761,0.21453718539284147,0.23244979744478952,0.2368104754810929
0.3172096139885638,0.214889608791659,0.2330355303262887,0.23486524689348853
0.3146496620237045,0.21460420435522434,0.23309424275165036,0.23765189086942082
0.316480896217344,0.21453966978878378,0.23254841021916184,0.23643102377471045
0.3162127938097801,0.2147721622721932,0.23297235093921836,0.2360426929788083
0.315646184648864,0.21462852858744044,0.23291257436444818,0.2368127123992472
0.31574713933071713,0.21457329892612895,0.23270725510373877,0.23697230663941515
0.31648221559795203,0.21470821795527914,0.23281838366905358,0.23599118277771536
0.3135295953591179,0.2143617357630457,0.23256209159348853,0.23954657728434783
0.3156347179886357,0.21431945131769325,0.23185538454712226,0.23819044614654875
0.31634067760577583,0.21474284275642017,0.23251323403796267,0.2364032455998412
0.31401792368584985,0.21444719540192073,0.2325363925075935,0.23899848840463594
0.31681269523238537,0.21455565762731568,0.2322401653114677,0.23639148182883116
0.3171025011907593,0.21496895343254926,0.23317211969394358,0.23475642568274785
0.3131518332411689,0.2143600172718939,0.2328204162732544,0.23966773321368282
0.31798284486284395,0.21458613095053355,0.23221946937730972,0.2352115548093128
0.3159268931445602,0.21494658155628307,0.23335043557990512,0.2357760897192516
0.31619880837457903,0.21464576052745735,0.23303338741570165,0.23612204368226195
0.31602417291847007,0.21466995465642613,0.23297567054243548,0.2363302018826684
0.31612181180799404,0.21466928929981283,0.23292392828714995,0.23628497060504314
0.31525599647264424,0.2145606911603694,0.23278456806336867,0.23739874430361768
0.31411984520929787,0.21429585843179536,0.23223313626105901,0.2393511600978477
0.31772168497762765,0.21471902952472943,0.23234496619153477,0.23521431930610817
0.31560211805506594,0.21486225890050165,0.23325121942836435,0.23628440361606812
0.3169197710087171,0.21471486821067332,0.23302026675648566,0.23534509402412407
0.3170781231614275,0.21491203056370722,0.23341561257984259,0.2345942336950227
0.3155339197750761,0.214682171753408,0.23330988911646477,0.23647401935505113
0.3176459272320067,0.21479564787025662,0.23311920518564516,0.23443921971209147
0.3159169831191818,0.21482893755775512,0.2334833673207049,0.2357707120023582
0.3165217698882401,0.21467300666787753,0.23310612302290531,0.23569910042097703
0.31692654830311023,0.2148324292995179,0.23327001351552576,0.2349710088818461
0.3161920597470645,0.21476855718906024,0.2333335178787794,0.23570586518509584
0.31554611182742337,0.2145774386446819,0.23297510030859328,0.23690134921930134
0.3165531264793581,0.21466895690987284,0.2328298739289848,0.23594804268178432
0.3171241121373718,0.21489005905617195,0.2332481067942887,0.23473772201216747
0.3161237100988205,0.21478738491798738,0.23338967121810497,0.23569923376508722
0.3171600367859183,0.2147957032383495,0.23326299162568387,0.23478126835004812
0.3172331378573169,0.21494365666681864,0.23359441263750783,0.23422879283835663
0.3159355185802678,0.21474342677212857,0.23348383428499284,0.23583722036261084
0.317114866187265,0.21475569107553757,0.2332089055191515,0.23492053721804596
0.3162116486168677,0.214796506645192,0.23337536658916122,0.2356164781487792
0.31676814324850283,0.21475254891948847,0.23321924380626394,0.2352600640257448
0.31668858267437655,0.21482139138312772,0.23334778921134688,0.2351422367311488
0.31602050294112444,0.21470726274615956,0.23323971031442675,0.23603252399828922
0.31570305062625087,0.2145853276025685,0.23291532270428478,0.23679629906689575
0.3164001774486722,0.2146720922692037,0.23284108571682435,0.23608664456529962
0.31722013604823457,0.2148841997402807,0.2332172415518124,0.23467842265967223
0.315643919019005,0.21473271217215814,0.23332564815690499,0.2362977206519318
0.31746414637546727,0.2147841490130234,0.23313390560827021,0.23461779900323915
0.31758799857011005,0.21504186135319006,0.23372724510590648,0.23364289497079346
0.31481843744736154,0.21461687300503837,0.2334426818498235,0.2371220076977766
0.31721694187220734,0.2146330125776183,0.23282568486679164,0.2353243606833827
0.31742503495143176,0.21501153612733828,0.23351955034643188,0.23404387857479805
0.314852422554492,0.21462014270851298,0.23333917682683247,0.23718825791016257
0.31590508265087164,0.21445910592901057,0.23257290729400562,0.23706290412611217
0.3149217713339174,0.21450880253017737,0.23253620387964094,0.2380332222562642
0.30276216250034554,0.21244386414513805,0.22976630145162416,0.2550276719028923
0.30676072531844684,0.21173440769654084,0.22558383301387733,0.25592103397113497
0.3070157838392047,0.21263148218737246,0.225872995594914,0.25447973837850885
0.30359643451213636,0.21208931525858674,0.22542717317690822,0.2588870770523687
0.3071869190412467,0.21228628082324685,0.22486325317763659,0.2556635469578699
0.3130061037249766,0.2137526943952797,0.2271058658180399,0.2461353360617038
0.3026860547986035,0.21264165047507894,0.2276847195719918,0.2569875751543258
0.3059616261608116,0.21178343147890358,0.2249185179743148,0.25733642438597015
0.3169223045679534,0.2141677226654699,0.22738350838898613,0.2415264643775905
0.30587826197725243,0.21368267890947035,0.22979814686608402,0.25064091224719326
0.31381167028709644,0.21332615593907447,0.22819557507110175,0.24466659870272728
0.31482591543567073,0.21459510760035092,0.23060061639357854,0.2399783605703999
0.3051971194796574,0.2130291940613455,0.2297893500057102,0.25198433645328694
0.3167915944964685,0.21366135923619303,0.22844045267700916,0.24110659359032935
0.312631817520127,0.21462502635244915,0.2312883569735307,0.24145479915389312
0.31268088086096346,0.21389774505100004,0.23072179675722654,0.24269957733080993
0.31706229896530136,0.21457365702244074,0.23132370395686416,0.23704034005539376
0.3153368555709148,0.21483298412966464,0.23271151213595467,0.23711864816346587
0.3136401678959277,0.21425346681479843,0.23218781573603878,0.23991854955323508
0.31737849076884034,0.21461445115278904,0.23210580658734253,0.23590125149102809
0.31545320541943145,0.21481675654715113,0.23303605363469956,0.2366939843987179
0.313852247568004,0.21426835892726925,0.23234422043710654,0.2395351730676201
0.3174721183083349,0.21463951891009123,0.23223386989396702,0.23565449288760695
0.3144445882100199,0.21467003100285834,0.23291508561788132,0.23797029516924034
0.3133165210786887,0.21406890018781932,0.23185470457946725,0.24075987415402472
0.3174098403495776,0.2146024781231417,0.23189772684728302,0.2360899546799977
0.31590361739974104,0.2149046575477178,0.23307686160522226,0.23611486344731897
0.31665455418236277,0.214731985417033,0.23303624084510285,0.23557721955550126
0.31629149091872605,0.2147672832385395,0.23318977383246178,0.23575145201027276
0.3171575059990782,0.21483359133646815,0.23326730000380813,0.2347416026606455
0.31474155788122243,0.21458702460191015,0.23314323120678385,0.2375281863100836
0.3156400040057222,0.21442402262050464,0.23243458215412832,0.23750139121964478
0.316283137693042,0.2146855285578401,0.23265979050038832,0.23637154324872972
0.3158475563136479,0.21469164773477764,0.23288538083836163,0.23657541511321287
0.31627890047219875,0.21467985584747662,0.23287409169011247,0.2361671519902122
0.31510624326637043,0.2145631581944557,0.23279883220020026,0.23753176633897355
0.3143857835923511,0.21431573468772888,0.232236520193661,0.23906196152625908
0.3155109477687121,0.21443439048185833,0.232034229970981,0.23802043177844873
0.3161455712581533,0.21468807303284204,0.23249478292852577,0.23667157278047896
0.3159816940080784,0.21470988009626082,0.23282373931258038,0.23648468658308033
0.3160990378213785,0.21467692517548578,0.23287354740769722,0.23635048959543867
0.3169643459856883,0.21480866516166106,0.2330784566776258,0.23514853217502477
0.31390047230875473,0.21445616394324485,0.23287128237713475,0.23877208137086575
0.3153376470296869,0.2142967354995077,0.23201264655510234,0.2383529709157031
0.31700260000846814,0.21478564343299264,0.23256950692049255,0.23564224963804667
0.31324322225347634,0.21440946477029724,0.23263237316082183,0.23971493981540468
0.3165561196985331,0.21441373618558882,0.231952178636969,0.2370779654789092
0.31440823266997464,0.21456890210797705,0.23250152348922545,0.23852134173282283
0.31250202493159385,0.21397481036835253,0.23157262975067203,0.24195053494938154
0.31597533120131716,0.21431830395568965,0.2312820965498083,0.238424268293185
0.31525420444531,0.21468060174311962,0.23228745908280077,0.23777773472876965
0.3155751120965897,0.21456152654504654,0.23239787731418735,0.23746548404417636
0.3148141850640265,0.2144737154612526,0.2323759298180021,0.238336169656719
0.3171500407984447,0.21471686193959288,0.2325326452686843,0.2356004519932781
0.3128914724153756,0.21437504461485538,0.232597124810964,0.24013635815880502
0.3155803553399255,0.21423077986061148,0.23164163266195015,0.2385472321375129
0.3154877203810762,0.21462878419484283,0.23227441578389943,0.23760907964018155
0.3141363946481399,0.2143774572481036,0.23219840362675104,0.23928774447700552
0.3148030579629108,0.21430627528529209,0.23181778665464683,0.23907288009715041
0.31415317108262364,0.21432394073799524,0.23181762328723265,0.23970526489214844
0.3129888106471057,0.21406974334923382,0.23138101170147496,0.24156043430218543
0.3143763458396736,0.2141641561931492,0.2311133017057934,0.24034619626138387
0.315993469203772,0.21460176159280508,0.23182609085842512,0.23757867834499777
0.3149844319792416,0.214605199503917,0.2324136722743645,0.23799669624247696
0.31522612120708116,0.2144624411219261,0.2322636640553649,0.23804777361562784
0.31706441793906687,0.21476475102063858,0.23262636594992211,0.23554446509037255
0.31363823568215066,0.21446976752430946,0.23273908201097057,0.23915291478256928
0.31529682822153593,0.2142716504525302,0.23188658072645718,0.23854494059947653
0.3160688564371274,0.21465741863289742,0.23235144845206712,0.23692227647790806
0.31380544424661255,0.21439355002447189,0.23235413926235304,0.2394468664665625
0.3144964713006273,0.2142065013023761,0.23168946084984043,0.23960756654715618
0.3141490960629632,0.21429311211550503,0.23166949583803662,0.23988829598349512
0.3093345887361341,0.21351223154160562,0.2306264122481155,0.2465267674741448
0.31466125655803834,0.21380049510027313,0.2296877557851886,0.2418504925565
0.3149084909403319,0.2145943918607857,0.23132563278217733,0.23917148441670508
0.31307929976383225,0.2142346856972781,0.23156751634612843,0.24111849819276113
0.3162388445778568,0.21443955968636638,0.23155662281533365,0.2377649729204432
0.31695612061853684,0.21493779464761711,0.23277059984371934,0.23533548489012665
0.31333015080048754,0.21440489450007094,0.23270245670692105,0.23956249799252044
0.3159926600277172,0.21433604991330357,0.23189444327600436,0.23777684678297492
0.31670595345520697,0.21483579290543386,0.23271163720010302,0.23574661643925615
0.31156857658110043,0.21410799735504274,0.2322529094411332,0.24207051662272364
0.31612458416095573,0.21416835341605894,0.23118017925981457,0.2385268831631707
0.31461514024229253,0.21460775220842887,0.23217420065815073,0.23860290689112804
0.30887480908874015,0.21346484229012355,0.2308560041633057,0.24680434445783067
0.31580248355154034,0.21389058400388808,0.2297969679506969,0.24050996449387474
0.3142449070542177,0.21463004469266814,0.23162266823608577,0.23950238001702842
0.3132816810228574,0.21415751216735526,0.2314602467981992,0.241100560011588
0.3159504573685481,0.21442890062390496,0.23153513077863458,0.23808551122891242
0.3176043795546607,0.21499614777848422,0.23278419251109006,0.2346152801557649
0.3143611541201803,0.21463840782770885,0.2331257720577805,0.23787466599433044
0.31600210544106677,0.21443412425627809,0.23237603471020993,0.23718773559244516
0.315995286254702,0.21469408798039108,0.23271566224657117,0.23659496351833578
0.3128255518861658,0.2142051535380795,0.23223741092669836,0.2407318836490564
0.3131867699775936,0.21389157925833863,0.23105968679699498,0.2418619639670728
0.31542578529737303,0.21436579805644676,0.23127396659875468,0.23893445004742553
0.3111336404140193,0.21399450441089865,0.2313239431464576,0.24354791202862436
0.31481456074226677,0.21400298744643811,0.23055040281953923,0.2406320489917558
0.3167836120750574,0.21481479374770004,0.23195898904756462,0.23644260512967785
0.31421382378843604,0.21458555366398605,0.23259601494836857,0.23860460759920932
0.3158036701781583,0.2144346050077146,0.232153731554846,0.2376079932592811
0.3163736074740537,0.21474529387715274,0.23266398032089436,0.23621711832789927
0.31464412052607194,0.21452969180361428,0.2327019210545452,0.23812426661576863
