0.2471708290365044,0.14128131561260684,0.3335160629115837,0.2780317924393051
0.3705944220254648,0.2305000510039171,0.23731658077146753,0.1615889461991505
0.32416487350268014,0.28552760049480413,0.22683115482793073,0.16347637117458497
0.303185805991124,0.23207257153111532,0.22540156589883198,0.23934005657892868
0.2720662164048078,0.17052328602114739,0.22566168813684384,0.3317488094372009
0.35433259952462337,0.24573975770488554,0.2508324913348115,0.14909515143567956
0.38142275351877536,0.2688622279978897,0.20673345429887272,0.14298156418446228
0.35104722601637406,0.2828317521203437,0.21686076836485474,0.14926025349842734
0.3148287519931166,0.29665861606119925,0.22245256303558314,0.16606006891010086
0.17692414463851394,0.1335110270069582,0.21303759468665007,0.4765272336678779
0.3839543493533549,0.19182488974254275,0.2734460587272955,0.15077470217680677
0.3431857754782334,0.30880004389962684,0.2151942913792347,0.13281988924290508
0.4100775391079962,0.2749964155980568,0.19021246988532678,0.12471357540862023
0.3500217528982019,0.2815265327081326,0.21091267273970657,0.15753904165395904
0.3300502598951623,0.2929383729975826,0.2142392389375776,0.16277212816967757
0.21568668788375134,0.16284173622889703,0.19545283926241802,0.42601873662493367
0.34269868804377807,0.18559622170955803,0.26165004402665,0.210055046220014
0.3173485762233631,0.277938492963561,0.23301435732098855,0.1716985734920872
0.3399554849635921,0.25818050361751826,0.21807377785407234,0.1837902335648174
0.18897540338852123,0.17260578334131738,0.2377863003479846,0.4006325129221768
0.27334583524869804,0.1905505825676961,0.2884199386919594,0.24768364349164645
0.13447685384700075,0.10674035111897152,0.21453403900275708,0.5442487560312707
0.34919864570217113,0.19624930407645608,0.2975344410771578,0.1570176091442151
0.3441680643252265,0.29526572339585827,0.21488744760547038,0.14567876467344487
0.43248672028495294,0.26222672494594695,0.18960014767971836,0.11568640708938159
0.3260552910683287,0.3093053840021431,0.21575540880354985,0.1488839161259783
0.32852159861836816,0.2792733419238344,0.2134708171497123,0.1787342423080851
0.27704366813935005,0.17433141498854152,0.23613705489072853,0.31248786198137984
0.40097520642478207,0.23921992295575545,0.23698892925253426,0.1228159413669283
0.3047582053554533,0.32427399157698444,0.22157126076525074,0.14939654230231153
0.4201084403289107,0.2326457077964192,0.198702981197156,0.14854287067751412
0.39312236240705073,0.24014167283725965,0.2213266207471814,0.1454093440085082
0.336659575850355,0.3498615595357012,0.20977022668878495,0.10370863792515879
0.28398470488675126,0.22655804899050955,0.21926533766422504,0.27019190845851415
0.46403254618345946,0.23190276310571037,0.20576153382017337,0.09830315689065669
0.3541808789889813,0.32773583958517344,0.20500212506598064,0.11308115635986461
0.4312719964404292,0.2855752568215886,0.179799006686908,0.10335374005107412
0.3762960697485407,0.3135607979547915,0.1982004615423366,0.11194267075433122
0.3783797542651894,0.3059871148116551,0.19577924004453467,0.11985389087862082
0.35591902155339167,0.2596191231649433,0.20801096240313516,0.17645089287852997
0.38788608345011444,0.2625999067996684,0.20521804861765774,0.1442959611325595
0.3893708878631475,0.2660603651544433,0.20256788680309726,0.14200086017931188
0.4216645919429138,0.29046160781563973,0.19189604606837143,0.09597775417307498
0.2930794771810687,0.325418302975775,0.22367560835190625,0.15782661149125005
0.3072378581823797,0.2597782257591282,0.23055523203800543,0.20242868402048664
0.10195735925430864,0.08442914032593925,0.20602644115506558,0.6075870592646865
0.39771853191211287,0.1827620830447099,0.29551026429598476,0.12400912074719259
0.3375336371766669,0.3478356360393833,0.20604725659612647,0.10858347018782326
0.42528400387625354,0.30219441014418275,0.1746009739563983,0.09792061202316539
0.3491355336695812,0.3153066850610354,0.20290738878524947,0.13265039248413418
0.3374918996152703,0.3019394328759439,0.2073769736710586,0.15319169383772716
0.2432708171016203,0.17477638061457457,0.21643538924959715,0.365517413034208
0.41110975613387946,0.20055062509637073,0.2426784863746566,0.1456611323950932
0.3354597332058892,0.3108526706951501,0.22076642675129,0.1329211693476709
0.38696628517828413,0.28765545602367976,0.20013491711835807,0.12524334167967813
0.3130755420554368,0.23477841957440312,0.24009377655559563,0.21205226181456432
0.37042796758655905,0.2815453191441307,0.22436628729003855,0.12366042597927168
0.3041526740602064,0.22003555137345257,0.22147016545628537,0.2543416091100556
0.47337237967762663,0.22736018232596913,0.19815855881769634,0.10110887917870803
0.3577698678308571,0.34341502286509373,0.1996259001651092,0.09918920913894008
0.3849290443647768,0.32767957548735843,0.18284036632607809,0.10455101382178675
0.32777972746188766,0.31319675827914384,0.20847329869239367,0.15055021556657489
0.3191888195230883,0.253945583596091,0.2200729983097492,0.20679259857107146
0.2502198160697838,0.15645119342104236,0.2376980236701004,0.35563096683907347
0.4181452109199317,0.226468046803085,0.23724387411553474,0.11814286816144856
0.3332420259051155,0.3297731710621739,0.21194691245955377,0.1250378905731568
0.424598883394362,0.28526021783624,0.18523988985268186,0.10490100891671604
0.3047593926590829,0.25465175236706344,0.22985077204691715,0.2107380829269364
0.3516132303781154,0.2978366998375898,0.22024724674457094,0.13030282303972385
0.19291887924521015,0.13550571325554353,0.17663305749531696,0.4949423500039293
0.4066085447614993,0.20604854245867926,0.26645042845080535,0.12089248432901606
0.29427844129184655,0.37379703964610816,0.21298146651763467,0.11894305254441073
0.3676578982496939,0.2657341075238712,0.19259252031104288,0.17401547391539213
0.21594781694744067,0.18803317692662752,0.22972659271580403,0.36629241341012775
0.2644701724805777,0.19773823143743668,0.26889762368630565,0.26889397239568
0.09026826550151426,0.07028214179853955,0.1650236122358491,0.674425980464097
0.30209457801591016,0.18429086837500674,0.34393319762798763,0.16968135598109543
0.29275540247414555,0.30987318538846825,0.22759509436830547,0.16977631776908073
0.3766687229713224,0.20943145258577506,0.2131941941810696,0.20070563026183288
0.30221839491690966,0.22940653582635973,0.25208621102285184,0.21628885823387872
0.34278648497665776,0.29235908951001033,0.22712731486116677,0.13772711065216514
0.193639350829854,0.14613016867614997,0.20914101589785405,0.45108946459614196
0.3998278063773054,0.22036375427333463,0.2608681458486604,0.11894029350069966
0.31256773625797313,0.33349312212165355,0.21469775728241985,0.1392413843379535
0.4262181903490944,0.2608465290207629,0.1864535009194802,0.1264817797106625
0.3232084778422371,0.2548366299949853,0.21994082054508093,0.20201407161769677
0.3652459328568482,0.29132349590693024,0.2160466073009373,0.12738396393528412
0.250363249506801,0.1898527968647338,0.20908341226131583,0.3507005413671495
0.35416182584946093,0.23628514801356942,0.24932980803876867,0.1602232180982009
0.30660439146065177,0.2714321067573532,0.2221041493271994,0.19985935245479558
0.4268314124328474,0.21561693130416734,0.20608560300877002,0.1514660532542151
0.2910926987826021,0.29434712967206556,0.24108166223878497,0.1734785093065475
0.308877663908979,0.2757704392559367,0.22662599490093419,0.18872590193415015
0.044456790954248794,0.04511250892399978,0.12642427435120165,0.7840064257705498
0.2951398271260494,0.16869361569803848,0.37534049971965106,0.16082605745626102
0.32834844504230715,0.3103528025275021,0.2158004110773607,0.14549834135283013
0.45528408381178465,0.2558370630126322,0.18436103043867572,0.10451782273690739
0.3439294402447115,0.3087289238509468,0.2132595553121856,0.1340820805921559
0.32926112799263524,0.2819296727293915,0.21058362927588622,0.1782255700020872
0.352389780456567,0.20563717705162513,0.2071359474118285,0.23483709507997932
0.4285058238693803,0.22783949444822058,0.2095564300616748,0.13409825162072442
0.3227725735537889,0.3560119164696708,0.2127852723145673,0.10843023766197311
0.31475424958432174,0.2836077897722605,0.21162017014248224,0.19001779050093545
0.2329290026855148,0.19209407988972946,0.2639254590995257,0.31105145832523
0.3303292160389424,0.20403826383160387,0.2664390763565825,0.19919344377287124
0.2959295294781403,0.17040366097947737,0.2398910666330012,0.29377574290938113
0.3846799610912994,0.2862801050063489,0.2297338997746318,0.09930603412771977
0.35680816230931217,0.32820671172332694,0.19691167871410376,0.11807344725325715
0.414875196040719,0.3040398715628109,0.1829044871387163,0.0981804452577537
0.32184908322333633,0.31950806904723467,0.20814324577847967,0.1504996019509493
0.407917554143112,0.23453089716414716,0.19767798145380586,0.15987356723893503
0.4433511878677268,0.24742083601943596,0.19822995066099494,0.11099802545184212
0.33960995012064316,0.3422197928344489,0.20559085653218734,0.11257940051272063
0.335586549093625,0.3041585252158658,0.2043995062515079,0.15585541943900127
0.40394987613166344,0.21490006130772812,0.21492608470097027,0.16622397785963824
0.36915304057507886,0.2817904264903933,0.22695583035557604,0.12210070257895181
0.3464826240432757,0.3163567481982522,0.20944616957008488,0.12771445818838723
0.32562651795078595,0.19420968994844504,0.2165538216586244,0.2636099704421446
0.4504502382910886,0.2547795753157354,0.20695587169109575,0.08781431470208016
0.3461690361333697,0.35197177293686993,0.19759179387405157,0.10426739705570885
0.38207583232615944,0.3271474676949117,0.18414733232582275,0.10662936765310604
0.3480363625224761,0.2910116890029606,0.20375610642215078,0.15719584205241247
0.3979470125271307,0.2503418076281201,0.20648962243319316,0.14522155741155596
0.40028745374256913,0.2621626955225998,0.2061782713674447,0.13137157936738647
0.3539986348064962,0.29222912435776066,0.2064779822816145,0.14729425855412873
0.38277188139010954,0.28790058994837425,0.20359097523978661,0.12573655342172954
0.4500513236389774,0.24385301963351896,0.1961900122294445,0.10990564449805924
0.3074686931092995,0.3341211963758233,0.2248075166141504,0.13360259390072662
0.3093491824490834,0.29237603869063494,0.21892187615443884,0.17935290270584273
0.21871918443915542,0.11167455264766893,0.2260430346944548,0.4435632282187208
0.3608029862096136,0.25698103643615355,0.2715714561660018,0.11064452118823118
0.2606685323561663,0.4136658786783981,0.20759003058982786,0.11807555837560774
0.4217418206816418,0.20597130640945452,0.17732298236921593,0.1949638905396879
0.3877505041300945,0.2766885333989127,0.21837065734861005,0.11719030512238289
0.29270727364967636,0.34568534699940967,0.208455081905844,0.1531522974450701
0.037532454056839214,0.03140062016989003,0.047480508895851946,0.8835864168774188
0.1884363280908589,0.10864150367984504,0.35623081335997586,0.34669135486932023
0.23829307299235364,0.23210421374115484,0.24079044481397974,0.2888122684525118
0.16466814243509334,0.1483859569886389,0.20221960678918294,0.4847262937870848
0.001922488534285638,0.003161150690790584,0.02010373361157051,0.9748126271633533
7.564672220975576E-07,5.508536083931592E-06,0.0002435142963746332,0.9997502207003194
2.3762749167772895E-12,2.035147613576765E-10,2.670177390295464E-08,0.9999999730923351
0.07957922795529433,0.05001840132091229,0.2878177085793914,0.582584662144402
0.19378829620751858,0.21800720953948666,0.3342185821438923,0.2539859121091024
0.037278921834515345,0.039933750520735396,0.09248546270010984,0.8303018649446394
0.03479410540958194,0.029866654916180933,0.19146336961385058,0.7438758700603866
0.13823458214684828,0.10821266267104421,0.33135849389008126,0.4221942612920262
0.018250102267809057,0.018177562087126873,0.06294003975309055,0.9006322958919735
0.1811526764135353,0.13465543760053228,0.41638984196617346,0.267802044019759
0.20061330749008205,0.1766834225735354,0.2192630233553478,0.4034402465810347
0.2543681537990595,0.14506840057721196,0.2679022640406938,0.33266118158303465
0.23109304308716855,0.2229050231345122,0.282795720529022,0.2632062132492973
0.1579074005762179,0.13722288014485623,0.23856038173625999,0.46630933754266596
0.10955336059003724,0.07221156905403789,0.23300961774551154,0.5852254526104133
0.3004778084985499,0.20674723682301174,0.32327788410982,0.16949707056861837
0.3632188637484775,0.2732064434148029,0.21388156450742582,0.1496931283292938
0.41857931845773483,0.25155395920224477,0.19858270899349031,0.13128401334653006
0.3058200172990032,0.33439023185847355,0.2189533911422057,0.14083635970031763
0.30483055226473654,0.216418049174498,0.20096761160662496,0.27778378695414047
0.35291206572952566,0.17733460676249377,0.23303769351281112,0.2367156339951695
0.32502004268817786,0.3179098503571749,0.23587817724581167,0.1211919297088356
0.24905129856747868,0.23967325511552326,0.2198000099389353,0.2914754363780627
0.39428334706417734,0.20512600111925383,0.24444314076359072,0.1561475110529781
0.2710614970487289,0.23810073841148013,0.2625217195184213,0.2283160450213696
0.3559654571041338,0.2569929620783415,0.23050411663816767,0.1565374641793569
0.3130691344340887,0.18181641028798354,0.20661817096248009,0.2984962843154478
0.4465997543555983,0.24593294698286358,0.2143099443252199,0.09315735433631812
0.3004345532443156,0.3864673779639059,0.2044413862890733,0.10865668250270524
0.346504599349159,0.3061429769262307,0.1921608129601075,0.1551916107645028
0.3053714332219994,0.23053709206282594,0.2258468968964806,0.2382445778186941
0.2837488054936462,0.19760485176255585,0.24469094949004205,0.2739553932537559
0.2886011739696773,0.18746427114392553,0.23878093968815386,0.2851536151982434
0.3548371348806038,0.2269440599758413,0.2312088232106133,0.18700998193294163
0.38249814994658443,0.2716074728971703,0.21294895124425933,0.1329454259119861
0.3798869174934137,0.3026332361397679,0.20525759996676507,0.1122222464000534
0.24110309395414387,0.26862344750886996,0.24007822035268295,0.25019523818430317
0.16520383843457548,0.14104084491962454,0.22665502553205322,0.4671002911137467
0.11739094516324515,0.058997847010978974,0.18184625584667827,0.6417649519790976
0.35106555856499005,0.19533625909543464,0.32121324660482176,0.13238493573475366
0.26987484064339357,0.40554491165992823,0.21327840813449042,0.11130183956218787
0.2554698945306222,0.21893125875802394,0.195554356389291,0.33004449032206273
0.23200830388376556,0.15684987504623468,0.25314498346221986,0.35799683760777995
0.2502478922536274,0.16429580674462343,0.24908716645534593,0.3363691345464032
0.2745292980273399,0.15723498014540654,0.239069404046206,0.3291663177810476
0.32964246323201496,0.2779317444988616,0.2534466566713665,0.13897913559775674
0.23984392037171212,0.23756011438619215,0.22052593927675773,0.30207002596533805
0.3470003504261558,0.20568632722396563,0.2518459525427077,0.19546736980717075
0.13796952643001656,0.13912463125329566,0.23145160108465515,0.4914542412320325
0.28006077846944,0.18299480929460138,0.29713658600088955,0.2398078262350691
0.16252874543208592,0.10837526631856716,0.1824200933064101,0.5466758949429368
0.359003645049334,0.2130275875199072,0.2960397861010334,0.13192898132972541
0.28935219013520036,0.361121219818753,0.21498722538481174,0.13453936466123487
0.28453648579977026,0.21342444562783963,0.19945432286236536,0.30258474571002475
0.22521112184163616,0.1508893629946326,0.23526025216365895,0.3886392630000722
0.2974718449987925,0.19868965922293533,0.26707391002801323,0.23676458575025885
0.2862743613883907,0.21325143332776156,0.23257050695559323,0.2679036983282545
0.29841099708221486,0.22131598218997128,0.23621285550279325,0.24406016522502072
0.2499890962925004,0.20535598162448662,0.24198989289202202,0.302665029190991
0.32595285063461216,0.19986399551234216,0.2595444348871916,0.21463871896585407
0.23097713531651543,0.20307654844961068,0.26031467072448583,0.30563164550938815
0.2798282646382473,0.22431397241288412,0.2593357899074145,0.2365219730414541
0.13208109181033487,0.09206624887671418,0.17626806117945018,0.5995845981335008
0.3679258259978115,0.1886816711699803,0.3046269410075769,0.13876556182463112
0.29678520589203666,0.3673530699064525,0.2154683607342077,0.12039336346730319
0.3160281916417041,0.23852494413438205,0.19595296789986627,0.24949389632404767
0.25831169847917496,0.17796321192213152,0.22692685807001156,0.3367982315286819
0.3027744732101897,0.2206693114004738,0.2546470069077668,0.2219092084815696
0.21662899218259446,0.1579759159571699,0.20014261946989617,0.4252524723903394
0.2619586887681455,0.2004513322156459,0.2719837050933206,0.265606273922888
0.21550683907902088,0.18903506607416323,0.23221512537524214,0.3632429694715738
0.2381766678908098,0.14737028944324548,0.2745664066894706,0.3398866359764742
0.19354964876441208,0.1824395415592064,0.28652042401876454,0.3374903856576171
0.1445445523090733,0.13763830014274409,0.25272044196728505,0.46509670558089766
0.046793077244258754,0.03613677301074526,0.15711169512883627,0.7599584546161597
0.29958862792711916,0.16964856304198023,0.3662775530761619,0.16448525595473873
0.29888464338054366,0.3670014609232882,0.2164235575169372,0.11769033817923089
0.3064588394257455,0.19350824164811578,0.18637031407211696,0.31366260485402175
0.3359265788725535,0.2330199414164183,0.2484677905186963,0.18258568919233195
0.32156963144440415,0.2909476790322377,0.21825636315464092,0.16922632636871726
0.17761520959628468,0.12732543472657468,0.17227268554380445,0.5227866701333362
0.2618716583201159,0.21223006630538477,0.3102852036677697,0.21561307170672966
0.10978170868107694,0.11845243167054002,0.1711345136166152,0.6006313460317677
0.18751392303489042,0.0975626493633972,0.3051959192481918,0.4097275083535207
0.19243823440168248,0.16007484509026734,0.2974978698735098,0.34998905063454033
0.2649834064130891,0.22556434262238365,0.28204123457130736,0.2274110163932198
0.06392462586897125,0.0644879177265357,0.18398222268362718,0.6876052337208658
0.3436654834946613,0.16248699427127386,0.33502109412073716,0.1588264281133277
0.31348753402546486,0.33489314200664894,0.21768138335296494,0.1339379406149213
0.42242094131526275,0.23040699015996077,0.17747757286077814,0.16969449566399836
0.38849693477071595,0.2756803174475,0.20630257489098505,0.12952017289079887
0.3000697055368475,0.3599170542922616,0.20989125974661355,0.13012198042427744
0.1444275789563824,0.13553686213584515,0.16415187178799942,0.5558836871197731
0.11846779691900682,0.08273009324622001,0.23914637605099906,0.5596557337837741
0.11391161655895103,0.09347094327164157,0.26738850064474423,0.5252289395246632
0.20984690274614348,0.12027682630708643,0.31628351361043633,0.3535927573363338
0.2805180849869899,0.21601606177526872,0.290640332568601,0.21282552066914037
0.2778218955820584,0.24520447506696597,0.2402632544411934,0.2367103749097823
0.13195169450905755,0.09203700993619213,0.1708969973359473,0.605114298218803
0.3893098370535236,0.18358472754578634,0.29851040305060816,0.12859503235008202
0.3160352495142131,0.3594861183186243,0.2118769749597434,0.11260165720741924
0.32082685919430104,0.3128759046886819,0.19760345952842212,0.1686937765885949
0.11337022721170374,0.09930746984738716,0.14934166705865132,0.6379806358822578
