0.2971960275572273,0.21857344351441502,0.2405375796191661,0.24369294930919144
0.29453118397605554,0.21901698287127322,0.2450770317789485,0.24137480137372272
0.29421947532865916,0.21968309206367193,0.24468355141437656,0.24141388119329235
0.2947782509851728,0.2202047724783612,0.24360673096652824,0.24141024556993781
0.2938662037739964,0.21790600633561827,0.24361252462021443,0.2446152652701711
0.2928100375619837,0.21814139715432046,0.2468872418735301,0.2421613234101658
0.2942770562572208,0.22212005353976663,0.2462012219309275,0.23740166827208511
0.29465574520353477,0.2190720952414216,0.24145119905936843,0.24482096049567528
0.29568165951838177,0.2209906470853167,0.243305459511769,0.24002223388453253
0.2952477913128566,0.2197253856306874,0.24215884145911123,0.2428679815973448
0.29260484131563,0.21533602051254835,0.24459904791437878,0.24746009025744298
0.2940479402292573,0.2231163043870952,0.24905494229173417,0.23378081309191331
0.29494103765474877,0.22046162501289904,0.24099361063641223,0.24360372669594002
0.29667186787610483,0.2210068930247545,0.24074428705259107,0.24157695204654955
0.2961937011491726,0.22013312893981424,0.2411915707606064,0.24248159915040665
0.29633495443475916,0.2208641993366426,0.24176641904092863,0.24103442718766957
0.2939505503794029,0.21641901020994095,0.24251658775621732,0.24711385165443886
0.2942828783356961,0.2213104274349759,0.2473548388683413,0.23705185536098666
0.294336870058346,0.2197961475203249,0.24294359490527656,0.2429233875160525
0.29469901449442965,0.2191190993898193,0.24312256345722671,0.24305932265852434
0.29258560318389354,0.21667234947609884,0.24579431886629216,0.24494772847371535
0.29220192269829953,0.21920930206339956,0.24893201763765527,0.23965675760064564
0.2898977507918867,0.21479982840606687,0.24812566026501093,0.2471767605370355
0.2935502232919186,0.22436297957179652,0.2500212737763654,0.2320655233599196
0.294259379240951,0.21929888626774352,0.24049584168480323,0.24594589280650234
0.2964159325720251,0.221557691878213,0.24219975888340942,0.2398266166663524
0.2961755084661703,0.22059967078033169,0.24103169876089306,0.24219312199260504
0.29595980377192893,0.2196489878492939,0.24132594077909247,0.24306526759968478
0.29332888828310155,0.2162893607994539,0.2442810618486032,0.24610068906884128
0.294764571239025,0.22318545219476782,0.24745486664866004,0.23459510991754717
0.29513298578552855,0.2197496915747732,0.24040635021391582,0.24471097242578252
0.29536454861160694,0.2190404086778538,0.24231271582904995,0.24328232688148932
0.29458342785745345,0.21982481998681302,0.24465454823279267,0.24093720392294082
0.2975323809392799,0.2251712041982222,0.24190460608342354,0.23539180877907426
0.29556322604383345,0.2157970301552574,0.23660027164526848,0.25203947215564076
0.29743781952740816,0.22481503895422472,0.24525918438090472,0.23248795713746234
0.29679123611852654,0.22047261374658084,0.23773799639846652,0.2449981537364262
0.29857663966430226,0.22213932890139843,0.23873403888419736,0.24054999255010207
0.2982778574983817,0.22151247728849763,0.2382505319078335,0.24195913330528712
0.2982055197528006,0.2210579445046523,0.238367860587226,0.2423686751553211
0.2967840755688279,0.219129050160365,0.23989370884017847,0.2441931654306286
0.2967136300671601,0.22155483074989749,0.24240818104937914,0.23932335813356326
0.2961352533452624,0.21976030534240557,0.24048763678277466,0.24361680452955742
0.297442420247473,0.22257181789029754,0.24115723186766683,0.23882852999456258
0.29669458840023466,0.21942191811132922,0.23889657926771465,0.24498691422072139
0.2955751072713377,0.21882253608982186,0.24249816565959836,0.24310419097924216
0.291108703376517,0.21392484193214895,0.2469293732297285,0.24803708146160544
0.2949169564993528,0.2268299594757647,0.24994322937820096,0.22830985464668166
0.2966778024621567,0.22151150622824137,0.23638622310868487,0.24542446820091712
0.2997614129038728,0.22304596867329285,0.23666614196670047,0.2405264764561339
0.2986547213832241,0.22060393801653405,0.23686583423806004,0.2438755063621817
0.2979818593522811,0.22074175391728434,0.23935184665894405,0.2419245400714906
0.2945803597009028,0.21614019355750064,0.24183972845752977,0.2474397182840667
0.2947332726049065,0.22178642278462046,0.24721683510931014,0.23626346950116292
0.295156874724347,0.22061960209458428,0.2418306811339638,0.242392842047105
0.2961959354132753,0.22032982948436897,0.24101381947355416,0.2424604156288015
0.29447388816158954,0.2177104317915871,0.24289329890652023,0.244922381140303
0.2954899135388117,0.22251399044210673,0.24529490219807618,0.2367011938210055
0.29374474469994855,0.21666443853288958,0.24152414715112125,0.24806666961604065
0.2963005564467803,0.22414873958755585,0.24544175002596338,0.23410895393970033
0.2978455433076916,0.2230254889775658,0.2376851559042166,0.2414438118105261
0.29978379819347706,0.22228473872049256,0.2353000536683938,0.24263140941763647
0.2987332547254882,0.22018192747856905,0.2369833625657292,0.24410145523021354
0.29653200288061937,0.21877122537823268,0.24091585916525246,0.24378091257589543
0.2932150966307982,0.21630055383468244,0.2451887669173836,0.24529558261713577
0.2949605058102143,0.22368691714167696,0.24727576175009777,0.23407681529801094
0.2959528347868587,0.220620587256393,0.23925455329560694,0.24417202466114132
0.29745605325217733,0.22131422578623716,0.23983101834961704,0.24139870261196855
0.2956277180992218,0.21830592640604335,0.24101721718866995,0.24504913830606484
0.29680598734353997,0.22319180137570938,0.2434439857794731,0.23655822550127753
0.2935699133243709,0.2148019638182393,0.2405107345004714,0.2511173883569183
0.2972968604943099,0.227274397626505,0.24669922112226397,0.22872952075692107
0.2978358805039945,0.2214554613522691,0.2348026388704564,0.24590601927327999
0.29822053691483813,0.21910377419329083,0.23717025109593032,0.2455054377959407
0.2948784677436696,0.21777650549377253,0.24384693831105375,0.24349808845150409
0.29338811958247524,0.2189500908538876,0.24666583413822185,0.24099595542541533
0.29023931837731565,0.21409726719143116,0.24760819695842645,0.24805521747282677
0.294152288340904,0.2257426601095563,0.2503001029641211,0.22980494858541853
0.29421879600277867,0.2183250639590482,0.2391305820820016,0.24832555795617145
0.29465108331084267,0.21861401840775502,0.24410280859494088,0.24263208968646147
0.2931857950098716,0.2190468429748257,0.24661241557589436,0.24115494643940819
0.29470223473412416,0.22169675757218127,0.2447099435534029,0.23889106414029151
0.29250218686593343,0.2149990662492845,0.2429531640317658,0.2495455828530163
0.29602136418200636,0.22630130063448986,0.24781418254673737,0.2298631526367663
0.29588669645753285,0.21937964010222208,0.2371330952186883,0.2476005682215567
0.2974325913657971,0.22115815561861987,0.2407043767554008,0.24070487626018214
0.2955153063762865,0.21890755196721814,0.24168740712672826,0.24388973452976703
0.29656935330376827,0.22239834402397654,0.24288440851344242,0.23814789415881288
0.29410198829495376,0.2160148393290196,0.2409319152317638,0.2489512571442629
0.29589383962820137,0.22373295670284818,0.24643539475756807,0.23393780891138244
0.2945184308825736,0.21788736095090352,0.2402558237655123,0.24733838440101066
0.2948684305977235,0.2196350098136293,0.24462275014703655,0.24087380944161066
0.2944537202392869,0.22026053307680682,0.24449151145734868,0.24079423522655746
0.2943604875420989,0.21894114883150717,0.24322088091831903,0.24347748270807487
0.2904121919975965,0.21312166140713953,0.24716717723251272,0.24929896936275142
0.29489375320838923,0.22805524145542364,0.2509657349350512,0.226085270401136
0.29482692525155524,0.21819666405556576,0.23658458147329345,0.2503918292195854
0.2975151357893829,0.22235234672728352,0.24189638564394342,0.23823613183939
0.2963004020732804,0.22023149889207166,0.24038157434608892,0.2430865246885589
0.2964341976320317,0.22019872449485384,0.241133141561657,0.2422339363114574
0.29477842126719395,0.2181511427857292,0.24275431679024997,0.24431611915682688
0.29538139290260373,0.2217071992256852,0.244773969171875,0.2381374386998361
0.2976338263941125,0.22382785956765586,0.2399005310327756,0.23863778300545596
0.2966879779783342,0.21754280546702362,0.2368767271624654,0.24889248939217676
0.2943814313316136,0.21788507553806066,0.2454050992199324,0.24232839391039324
0.2925244988445573,0.21853512131264263,0.2476518245126186,0.24128855533018148
0.29150243685187366,0.21694164080159062,0.24729717960354475,0.24425874274299095
0.29687486766849847,0.22808853674768725,0.24557287527074473,0.22946372031306972
0.2973350647996539,0.21930526076072257,0.2336364074619836,0.24972326697764002
0.3000076820979707,0.22427102452044073,0.2388461360971578,0.2368751572844308
0.2980686926340035,0.2196604645509213,0.23635426755912098,0.24591657525595426
0.29707794161068135,0.21948547329815069,0.24059793072764515,0.24283865436352298
0.29620649488582745,0.2208810465201268,0.2426833679865021,0.24022909060754363
0.2977767924380455,0.22325659449423824,0.24012323820135276,0.23884337486636367
0.2973190409404105,0.21912963708225824,0.23724512836425585,0.2463061936130753
0.2955441588631476,0.21832323456023942,0.24270569717997467,0.2434269093966385
0.29531028533892434,0.22154321921576078,0.24489749733378174,0.23824899811153316
0.295832830995687,0.22053215254430444,0.24100959170021036,0.242625424759798
0.2944703736250646,0.21711555219756887,0.24220898675476038,0.24620508742260622
0.29734310062786645,0.22627357993591146,0.2447573753698938,0.23162594406632828
0.2983431667255711,0.22159628645456436,0.23472863284294243,0.2453319139769221
0.3004972046897337,0.22315761818830124,0.23588023098249825,0.24046494613946676
0.2984433548570408,0.21930087230284395,0.23646425701102744,0.24579151582908773
0.29710560180458867,0.22008257207173923,0.24128947341746906,0.24152235270620315
0.295973502339733,0.22008789590212713,0.24212003472565433,0.2418185670324856
0.29652381602094424,0.22134237034704535,0.24159838170350173,0.24053543192850857
0.29661549915623014,0.220417722759931,0.24023026278714296,0.24273651529669588
0.2957902483222212,0.21909700579890035,0.24154560827331556,0.2435671376055628
0.29653537819886316,0.22236619783831219,0.24291630283401544,0.23818212112880924
0.2956081682060187,0.21856501225184738,0.2400212996794169,0.24580551986271695
0.29219204007194577,0.21455330824832886,0.24578298839772902,0.24747166328199632
0.29814447610437317,0.23215328282450493,0.24726135535758803,0.22244088571353385
0.2998464738122059,0.22205885263701333,0.22850328874098338,0.2495913848097973
0.29995948579343806,0.21820667579264696,0.23397144613104648,0.24786239228286855
0.2985642268415682,0.22389291838170633,0.24259710209913699,0.23494575267758855
0.29793007076046785,0.22075676169078728,0.23682541941325233,0.24448774813549257
0.29533430321523946,0.2156301135482271,0.2402166954773653,0.24881888775916813
0.2957244976687337,0.22372327281512921,0.24734865315542579,0.2332035763607114
0.29499226932961947,0.21885119000753264,0.23992288428302522,0.24623365637982256
0.2940767414157306,0.21714201434375757,0.24386400277607206,0.2449172414644398
0.2886894613390182,0.21250833215003984,0.25087819467685746,0.24792401183408455
0.2834777563995117,0.2107423437291378,0.2597283618732657,0.24605153799808477
0.27903128715692616,0.20879043556692922,0.2651587121865199,0.24701956508962475
0.28419214609010207,0.22058317942586708,0.2632271123411737,0.2319975621428572
0.288982950745885,0.22040466442874979,0.24969244829991932,0.24091993652544585
0.2890951597344285,0.21387018850729536,0.24739214585322222,0.24964250590505405
0.2885540051401937,0.217554892108028,0.2551056518475452,0.23878545090423314
0.2889309337449761,0.21800906664000008,0.2517005700105114,0.2413594296045125
0.2879469236189611,0.2140311727641408,0.25079019592219737,0.24723170769470063
0.29224724164736593,0.22455890744316337,0.2521987768670438,0.23099507404242706
0.29120411356643,0.21540852382290004,0.2426863072168187,0.25070105539385135
0.29203801595692086,0.21889024817587113,0.24973647008489513,0.23933526578231293
0.2914858317164037,0.21885072559034505,0.24824394215294238,0.2414195005403088
0.29044059133516437,0.2155491838323146,0.2477664013544579,0.24624382347806303
0.2889848674616483,0.21605166104984627,0.2525583298043882,0.24240514168411717
0.2926842855461697,0.22415093249080778,0.2501053998583062,0.23305938210471638
0.29373465234469187,0.21842980672390494,0.2407269206026857,0.24710862032871742
0.29567054678621996,0.22145921419279194,0.243894624488141,0.2389756145328472
0.2962882748882952,0.2218656504746602,0.24142006463373417,0.2404260100033104
0.2950554359710409,0.21722547826345182,0.24045182689981487,0.24726725886569242
0.29400405064916774,0.21927636126878663,0.2465042191584462,0.24021536892359946
0.29620698545101,0.2243794201977291,0.2438265258017357,0.23558706854952524
0.2948480371564918,0.2161427938158611,0.23819412557943445,0.25081504344821265
0.2945935957973188,0.22026341025416352,0.24691943044803955,0.23822356350047819
0.29240999799115097,0.21739011412349163,0.24556375097417918,0.24463613691117825
0.29400969119187187,0.2211777717624876,0.2464946088797439,0.23831792816589661
0.292644776395581,0.21677053250146422,0.2440100287430856,0.24657466235986913
0.29696688345115113,0.22672627286323388,0.24528484045174553,0.23102200323386946
0.2990412692213078,0.22323729880329096,0.234202617139436,0.24351881483596524
0.2996823484068697,0.21996533231292228,0.23431526928333,0.24603704999687803
0.2966270777640341,0.21833223147029882,0.2411072341059171,0.24393345665974986
0.2938959397667799,0.21798402411398798,0.24542535733648235,0.24269467878274975
0.29284106482499384,0.21846267700001412,0.24679407633022665,0.24190218184476547
0.2938782416490707,0.22080220984807936,0.24585165891279795,0.23946788959005189
0.29500335614468376,0.22057685972716826,0.24260727199064483,0.2418125121375032
0.2960928067234995,0.22101626489712728,0.24163499514870673,0.24125593323066635
0.2948689757313405,0.21805374567745112,0.24189665301851315,0.2451806255726952
0.2926605569896327,0.2168670356874079,0.24657934181610625,0.24389306550685314
0.2897294083850304,0.21527095737781504,0.2505132889859787,0.24448634525117585
0.29545263380945047,0.22844793241290304,0.24850974965573125,0.2275896841219152
0.2991212543786421,0.22417721882029107,0.23297604210504216,0.2437254846960246
0.2986273340040229,0.21688252159816923,0.2335231070222401,0.2509670373755678
0.29523204326607616,0.219039852518599,0.24592759179634463,0.2398005124189801
0.29246268947842735,0.21743970611574975,0.24644390030608293,0.24365370409973994
0.2922463987877656,0.21828009578425805,0.24761092787324004,0.24186257755473614
0.2951357433069603,0.22390803565949272,0.24551583640933175,0.23544038462421513
0.29409076499373726,0.21649185168584095,0.23978811601639702,0.24962926730402463
0.2940002333486017,0.2197254387647325,0.24708822521349685,0.239186102673169
0.29093535939315585,0.21552521285683282,0.24709485916411109,0.24644456858590022
0.2923971463150067,0.22089784236894305,0.2498153899539966,0.2368896213620536
0.2903806181058945,0.21498546219775305,0.24634326353115585,0.2482906561651965
0.29569333289062355,0.22727120521068617,0.24813289884079662,0.22890256305789358
0.29653955049925845,0.22032666287150968,0.23591718918403512,0.24721659744519667
0.2965062652421652,0.21821722880885663,0.24003547097619554,0.24524103497278268
0.2934516932235618,0.21778644075071354,0.24633033289363776,0.24243153313208682
0.29310707609605924,0.21974468051546564,0.2471306637015912,0.2400175796868839
0.2928883675524824,0.21821062663183724,0.24513997188802727,0.24376103392765314
0.2935350511539302,0.21985944993952192,0.24617914415323644,0.24042635475331145
0.2926670153681651,0.21769965662213175,0.2453516606225855,0.24428166738711765
0.29234405468591373,0.21838808704511178,0.24756912041263707,0.2416987378563375
0.29156030099721086,0.21770649629403616,0.24783647446744791,0.24289672824130495
0.2923722998939976,0.21965418358500738,0.24787144885678916,0.24010206766420586
0.29028733426987197,0.2147671241130784,0.2472752258399594,0.24767031577709023
0.29466870258148686,0.22619223868868957,0.2493384434422236,0.22980061528760012
0.29661832165780966,0.22181412841809303,0.23712887655313264,0.24443867337096464
0.2969478462613238,0.21831810669622434,0.23825952660303779,0.24647452043941412
0.29462611540763456,0.2187930068491389,0.2451034119369276,0.2414774658062989
0.29394879293206366,0.2198431519073147,0.2454825972561724,0.24072545790444924
0.29275892507330603,0.21697267615256297,0.24478700769456074,0.24548139107957023
0.29389331956954834,0.22136857720149333,0.24727178325174948,0.237466319977209
0.29249337505014833,0.2167191540190024,0.24403003764127085,0.24675743328957836
0.291463588967929,0.2170567000464316,0.2489053927935218,0.24257431819211758
0.29074832066828665,0.21820715058063234,0.2501123405591614,0.2409321881919197
0.2900099869695916,0.21631441310827612,0.24913743706309643,0.24453816285903573
0.2876241739361064,0.2137204630830933,0.2526749158359291,0.2459804471448711
0.2931633166871593,0.2271196445151846,0.2519708848895491,0.22774615390810699
0.29610411350731314,0.2219333613798064,0.23700199142797648,0.24496053368490414
0.29638185222607305,0.21746279676965824,0.23851488303482316,0.24764046796944555
0.29609137594608737,0.22256843857500114,0.24535600531417934,0.2359841801647322
0.2955080685503968,0.21963558741797268,0.24052579047714825,0.2443305535544823
0.293809487079953,0.2163226778361789,0.243348510856863,0.24651932422700498
0.29486981680834856,0.223186592765053,0.24747778542612484,0.23446580500047368
0.29209141000385247,0.21458763002990278,0.24226530644372155,0.2510556535225232
0.29124187727790724,0.21773036695374545,0.2510989092599681,0.2399288465083794
0.2899591544177697,0.2174917114261867,0.2504062417485342,0.2421428924075095
0.2914882871253981,0.21934609103071662,0.2487340033472303,0.2404316184966549
0.2886532536255601,0.2129392848374804,0.2488196753774763,0.2495877861594832
0.2927975123419442,0.22539371357989296,0.2526674093603274,0.2291413647178355
0.294589317647245,0.2208397762998004,0.2399479942831893,0.2446229117697654
0.29647521856622266,0.21998332770800047,0.24018582247005235,0.24335563125572457
0.2971221731273087,0.2227758818468591,0.24195824561832935,0.2381436994075029
0.2983248939100166,0.22259379851817934,0.2378307455691107,0.24125056200269332
0.2954418835625671,0.21524860476992083,0.23860886344826687,0.2507006482192451
0.2927563186634989,0.21816643502680705,0.2494667887787505,0.23961045753094354
0.2899998403888525,0.2159104648723187,0.24944683984011423,0.24464285489871465
0.28967512613668506,0.21691014786508722,0.2513592905192707,0.24205543547895692
0.2908743705971396,0.2196513229216545,0.25026408967862357,0.23921021680258217
0.2919334572196206,0.21873851075180922,0.24651107708445072,0.24281695494411956
0.29069994077817224,0.2156456707503935,0.2477425339636577,0.2459118545077765
0.29466875487674554,0.2258589317763811,0.24871654156252704,0.23075577178434636
0.2967835591150886,0.22186172362095055,0.23710289446007415,0.24425182280388658
0.29840171632374674,0.22085230705187237,0.23740867610230365,0.24333730052207717
0.29452559857749294,0.21578391438874903,0.2419772694545086,0.2477132175792495
0.2935084672192216,0.2202594589170267,0.24862481468995828,0.23760725917379338
0.2931646048482277,0.21905593996804426,0.24488215444920539,0.24289730073452273
0.2955754370270204,0.22225406708882914,0.24363546136842404,0.2385350345157264
0.2919252020619837,0.2133380179670618,0.24275411938746017,0.2519826605834944
