0.28707231485601276,0.23955795347207812,0.23516699069064156,0.2382027409812677
0.2945811407013017,0.2339619440174902,0.2322592967813346,0.23919761849987348
0.29188739568723615,0.23551337311394838,0.2330904222092505,0.23950880898956506
0.2922000039453683,0.23558129075904144,0.23313566014933787,0.23908304514625234
0.29163334962123466,0.23624882274061615,0.23324918749708856,0.23886864014106068
0.29400625824090226,0.23365284682285395,0.23237800913115356,0.23996288580509012
0.2935115658018797,0.23355683109400918,0.23263529170882105,0.2402963113952901
0.2898681090388566,0.2377762031201101,0.23400819243422039,0.23834749540681294
0.2930977985608148,0.23513408850326706,0.23269869889067646,0.23906941404524154
0.29081145145975784,0.23702473301442203,0.2334898148956272,0.2386740006301928
0.29219668172582947,0.23593270950731277,0.23302894532845286,0.23884166343840482
0.29643348774932715,0.23058613256426017,0.23135696072963102,0.2416234189567816
0.2886453209108528,0.2384127534208608,0.23455311309427274,0.2383888125740137
0.29186895707971533,0.23670948745636078,0.23316156461338658,0.23825999085053728
0.29084729819975025,0.23733825090117083,0.23336905236833286,0.23844539853074603
0.29170540492979746,0.23652301457987251,0.23314903501607517,0.23862254547425482
0.2908329478539374,0.23731519160177367,0.23344195780829927,0.23840990273598972
0.29543151981196486,0.23220274766967822,0.23178343689921574,0.24058229561914118
0.2902642280302463,0.23695921303153522,0.23386488258429738,0.23891167635392102
0.29231062527588414,0.23585000183433844,0.23305567290138726,0.23878369998839014
0.29273284516152875,0.23503070342051224,0.23280654038311357,0.23942991103484537
0.29509717276674463,0.23200424453571114,0.23198050382050067,0.2409180788770434
0.29242186933565106,0.2344497306106179,0.2331619306366192,0.23996646941711175
0.2971238973753093,0.2294032552231897,0.23121499143150268,0.24225785596999835
0.28773274969335205,0.23919091194470307,0.23494151203233388,0.23813482632961092
0.29330136662636364,0.2353140665508018,0.23267217737098544,0.23871238945184906
0.29027384014422025,0.2376545003746027,0.2335954259438816,0.2384762335372954
0.29134684247719855,0.23700959099971441,0.23328885590217383,0.23835471062091323
0.2920863249999284,0.23602559679926108,0.23299138590591617,0.2388966922948943
0.295430957781307,0.23184370165186452,0.23179316361819266,0.24093217694863586
0.28857290383068773,0.23877983251685236,0.23447774225624385,0.2381695213962161
0.29249113712098657,0.23607480962191207,0.23291866662780622,0.2385153866292952
0.2927365473464787,0.235047552621851,0.23274974251425706,0.23946615751741326
0.2919298249564796,0.2357484046723862,0.23319005331024198,0.23913171706089215
0.28679676267540916,0.24148280716406328,0.2346911813088233,0.23702924885170434
0.29657207961346976,0.23193173840754105,0.23131175873401685,0.2401844232449723
0.28672291599347505,0.2407369674660702,0.2348581273472093,0.2376819891932455
0.2916075727230662,0.23743194618211227,0.23315021039180095,0.2378102707030205
0.28940426532691776,0.23902899366809746,0.23372977444550402,0.23783696655948078
0.29015192490021535,0.23855852671729375,0.2335514961431051,0.2377380522393858
0.290462697419523,0.23812829363056853,0.233428796018643,0.2379802129312654
0.2924780706330234,0.23581054471598498,0.2328175410953409,0.23889384355565071
0.2899823206102846,0.23807672262792856,0.23373779905740832,0.2382031577043784
0.2920384241088539,0.23634085999753543,0.23302412399924552,0.23859659189436516
0.2890938362151658,0.23915727423938934,0.23396048361446395,0.23778840593098088
0.2924317427066932,0.2361306789807509,0.23284496864248275,0.23859260967007326
0.29274991363868147,0.2350299854633008,0.23275839074090163,0.23946171015711612
0.2976591040418693,0.22875897282994115,0.2308659193109696,0.24271600381722
0.2852941196848174,0.24165333533931369,0.23571970649486762,0.23733283848100137
0.2910206856997876,0.23832574279159902,0.23329354458992205,0.2373600269186913
0.2885990304034186,0.2400437533592486,0.2338774379376368,0.237479778299696
0.2910572071820702,0.23777591069803902,0.23322873825642274,0.2379381438634681
0.2906649427678598,0.23773142365753916,0.23338289993401512,0.2382207336405859
0.29554006475597927,0.23214823304457236,0.23171559310529738,0.24059610909415102
0.2896913894275287,0.23758457738398836,0.23405480832017966,0.23866922486830328
0.2914743361035636,0.23692428919095979,0.2333062427848463,0.23829513192063026
0.2915114730425848,0.2366593982264822,0.23317106074497504,0.23865806798595804
0.2941039504451115,0.2336063148190694,0.23230845001620326,0.23998128471961577
0.2892074876972247,0.23846763925486472,0.23413992623628024,0.23818494681163027
0.29548693368384116,0.23250500467205915,0.23181190054108328,0.24019616110301645
0.28761512748726836,0.23994149260093606,0.2346278397633253,0.23781554014847026
0.2890670423931472,0.23995218715618183,0.2338806219302444,0.23710014852042663
0.2893129311853738,0.23961936516485682,0.23365416434520586,0.23741353930456338
0.2913760358656681,0.2373305964678261,0.23310332748347629,0.23819004018302942
0.29266543202712114,0.23539787212701654,0.23275688016336193,0.23917981568250038
0.29518012152046724,0.2319715370854441,0.23190837645040882,0.2409399649436799
0.2881082620710278,0.2393239354113479,0.23462737458621746,0.23794042793140688
0.2916105972638404,0.23716231105850033,0.23317241393011773,0.2380546777475415
0.2904418936544493,0.2378638797083325,0.23346393036939975,0.23823029626781847
0.2935000321264848,0.2345994228834266,0.23250444602393147,0.23939609896615707
0.2884417970175991,0.23949485703133763,0.23427331448077768,0.2377900314702856
0.297409560543554,0.2304140374517176,0.23100651352477156,0.24116988847995685
0.2845889349460574,0.2426839628684153,0.23560559241677922,0.23712150976874813
0.2907841965478906,0.23871340598420263,0.23331701455990955,0.2371853829079972
0.2925376775388725,0.23583832500423424,0.2326457826747243,0.23897821478216902
0.2937098876815545,0.23381431776865413,0.23246021314911058,0.24001558140068077
0.2925477592730739,0.2347464795155497,0.23302424385016385,0.23968151736121254
0.29766053106365703,0.22874758583161517,0.2309161089816785,0.24267577412304933
0.2863920448089716,0.24049156186750384,0.23540649882339684,0.23770989450012786
0.294378130933448,0.23441174234229967,0.23227288699282495,0.23893723973142733
0.29307459228643995,0.23421292820044823,0.23261424909199802,0.24009823042111386
0.2927497716804414,0.23461444242290955,0.2329897967657859,0.23964598913086305
0.29024899377455715,0.23759784965292444,0.233791611889177,0.23836154468334142
0.2971818821514408,0.23017744838644075,0.2310842717152931,0.24155639774682544
0.28568775173486394,0.24150592938447998,0.2353970277587665,0.23740929112188955
0.293084056793017,0.2360383969097547,0.23267099925165904,0.23820654704556934
0.2904602335646575,0.23757841437263014,0.23344782994881563,0.23851352211389681
0.2929011935761594,0.23522870115096894,0.23276561295481102,0.23910449231806064
0.28924296260163074,0.23877501364951492,0.23399558708887236,0.23798643665998193
0.2960554806879159,0.23185968618561054,0.23154941794383024,0.24053541518264335
0.28790780931084436,0.23947961240068372,0.23459199825435054,0.2380205800341213
0.29436854976754157,0.23409615015400345,0.23226384861015206,0.23927145146830286
0.2919500630022151,0.23546676017148857,0.23308756345440274,0.2394956133718936
0.29164408588041013,0.23620421668472266,0.23332360115925693,0.2388280962756102
0.29294284827130035,0.23490026005795944,0.232766432474782,0.23939045919595828
0.2986119484340328,0.2274708528202602,0.23039174687234143,0.2435254518733657
0.28427566712032626,0.24245015005313048,0.23613230029103877,0.2371418825355045
0.29467190865576565,0.23455837695994627,0.2321472275929091,0.23862248679137898
0.289299174016161,0.23852358867297738,0.23384896606594577,0.23832827124491576
0.29171236957997604,0.2367943596957753,0.23316939149131263,0.2383238792329359
0.2914315108446914,0.23670429019014366,0.23319381817015403,0.23867038079501088
0.2935996493362981,0.2342120830430269,0.23250346315393414,0.23968480446674098
0.28997733844290907,0.2377554868820168,0.2338568440835375,0.23841033059153657
0.28815188868693,0.2404729443938169,0.2342164234880752,0.23715874343117788
0.2944985313368088,0.2340764375319523,0.23205159538440956,0.2393734357468292
0.29348679921251497,0.23361379329407286,0.23251875635918617,0.24038065113422605
0.29307580763703184,0.2340941584696306,0.23289769843698926,0.23993233545634818
0.29485434387326154,0.23211811523989268,0.2321461584779493,0.24088138240889648
0.28435398713381527,0.24329886743916812,0.23562004574730583,0.23672709967971076
0.2931547863513271,0.23630332568915655,0.23255287427577453,0.2379890136837419
0.28720558597379825,0.2410898119066404,0.23434750512930652,0.2373570969902548
0.29209640652758667,0.2368914240195489,0.23291946621415888,0.23809270323870554
0.29190205352521376,0.2361559518306266,0.23297934975445686,0.2389626448897027
0.2907064260802038,0.23736184483976236,0.23353590065633556,0.2383958284236983
0.2884732226738513,0.2400409649713347,0.2341182190651978,0.23736759328961626
0.29273401347909933,0.2359777942433647,0.2326873645782912,0.23860082769924473
0.2931835327799981,0.23446912119683874,0.2325874184127663,0.23975992761039688
0.29010647665444667,0.2376677684831362,0.23383891348811828,0.23838684137429889
0.2914023961345414,0.23698901582917511,0.23326466952827501,0.23834391850800854
0.294727698149942,0.23294802182778276,0.23202191942147937,0.24030236060079588
0.2856467070182935,0.24209702051647491,0.23518751801615997,0.23706875444907155
0.290447408363502,0.2389240332432013,0.2333843617201555,0.2372441966731412
0.2882712238102164,0.24048459961740723,0.2339447667657197,0.23729940980665662
0.2922994706922947,0.23650901614330594,0.23281597719065616,0.23837553597374322
0.29124001687467405,0.23681255875427418,0.23324417085563587,0.2387032535154159
0.29151882299686543,0.23661689068751518,0.23324508060219756,0.23861920571342185
0.2903499102214909,0.2378758210373921,0.23359945453642578,0.23817481420469108
0.29138160211223907,0.2370137980702124,0.23322185520004798,0.23838274461750047
0.2926105948487377,0.23541988836054828,0.2328125954014407,0.23915692138927336
0.2893342581508666,0.23871246583545025,0.23398245174175555,0.23797082427192748
0.29337780614977205,0.23498650971825003,0.2325493684117303,0.23908631572024766
0.2970170431799847,0.22952666610929365,0.23105706682558258,0.2423992238851391
0.2805526711636292,0.2465488298202497,0.23672501996971795,0.23617347904640307
0.2901223313398366,0.2400775237497176,0.23331442261109056,0.2364857222993552
0.2934672222679448,0.23503818306132165,0.23221957606431762,0.23927501860641595
0.2874094415522761,0.24061715863800354,0.23453091927250555,0.2374424805372149
0.29088909947102876,0.2381397489815865,0.23330245207365505,0.23766869947372962
0.29610360832475585,0.2315317014313708,0.23138459896726296,0.24098009127661038
0.2878141790564668,0.23949597312314608,0.23469744025155312,0.23799240756883405
0.29332640022251544,0.2353029996271703,0.23263008307803112,0.23874051707228308
0.29451890388274743,0.2327302249362684,0.2320705508717029,0.24068032030928124
0.29882263144586907,0.22648535447821316,0.23034016664858378,0.24435184742733396
0.29955494066711397,0.22333183724073163,0.2300292654388835,0.2470839566532708
0.30111398957735763,0.22000092242976735,0.22936735109948705,0.24951773689338802
0.2912573360800439,0.23284215715299764,0.23470500082595241,0.24119550594100606
0.29297637516498365,0.2344372682084703,0.2332067755232367,0.2393795811033094
0.2985562728813365,0.22752008262177195,0.23041996484432148,0.2435036796525701
0.2938702935351115,0.2314063387545169,0.23278426638655264,0.24193910132381896
0.2941479841796679,0.23239082219493093,0.23271974578383298,0.24074144784156817
0.29788136742574295,0.2278134013981133,0.23084951069065054,0.2434557204854933
0.28778211605295,0.2387954102275181,0.23512336152219976,0.23829911219733219
0.2974598991705316,0.23036469826914288,0.23111747968277777,0.24105792287754774
0.29265465857233286,0.23367331618490525,0.23297481781560664,0.24069720742715528
0.2932705298880622,0.2339559517075531,0.23291985940334958,0.2398536590010352
0.2963452199846805,0.23022789371230812,0.23148792468443455,0.24193896161857675
0.2954203758277941,0.2302591999546892,0.2320061594413792,0.24231426477613743
0.28826591303658844,0.23886303980041562,0.23483387283338591,0.23803717432961002
0.29420697397022383,0.2342054198935464,0.23231932001732267,0.2392682861189072
0.2903992366097264,0.23726210692154068,0.23362756367422327,0.23871109279450972
0.2901594632588755,0.23824116326308556,0.23370000823422538,0.2378993652438136
0.2947114980457779,0.23330034312319295,0.23201463535273845,0.23997352347829068
0.29223176154949176,0.23493929240399294,0.2330879549179237,0.2397409911285915
0.28767697821709765,0.24042714741055562,0.23457695700329434,0.23731891736905247
0.29619458868212156,0.2321430544625741,0.23146695025895275,0.2401954065963515
0.29116309491937664,0.23586790874240904,0.2334529640269062,0.23951603231130822
0.29454992277261843,0.23296574853736396,0.23230035792684256,0.24018397076317505
0.29061991153788136,0.2367803110629211,0.23370870653320142,0.2388910708659961
0.2953815968004186,0.23220118581455912,0.23189761623128935,0.240519601153733
0.2853747678625693,0.24225249690070036,0.23529839244870754,0.23707434278802264
0.2888630498469051,0.2405803884654737,0.23379668949054752,0.23675987219707378
0.2916651181283028,0.23720565032143556,0.23290446787426927,0.23822476367599235
0.29310530692228104,0.23483585791645867,0.23259290025461554,0.23946593490664475
0.2934021159290846,0.23396716588763608,0.23263596697445107,0.2399947512088282
0.293176323306888,0.23406697668134985,0.2328003095224116,0.2399563904893506
0.29112354151150605,0.2364905485957738,0.23354432952481327,0.23884158036790692
0.29150188030131485,0.23662482630339388,0.23328608767868214,0.23858720571660916
0.29090144025163456,0.23727820465838628,0.23342108709100703,0.23839926799897218
0.2938299911633182,0.23409519519834032,0.2323961425377892,0.23967867110055216
0.2946794652751966,0.2322358621919229,0.2321293197724106,0.24095535276046984
0.2961810249700007,0.22988218541762992,0.23162972083296265,0.24230706877940678
0.284183095189096,0.24307030837800653,0.2359421485237835,0.23680444790911392
0.2881674081251894,0.24146408227075628,0.23391386745334358,0.23645464215071063
0.295205230366731,0.23340023084979888,0.23166494066530668,0.23972959811816344
0.29213635650285963,0.23501114351889807,0.23305582468548913,0.23979667529275317
0.29417034925285196,0.23317136899686802,0.2324450541180952,0.24021322763218475
0.29339111614954144,0.233614122254044,0.2327183963458878,0.24027636525052679
0.28827584317730576,0.2395311317176538,0.23449444754382381,0.23769857756121665
0.2958998081325109,0.232295177138617,0.23161752901097046,0.24018748571790163
0.29178814578627854,0.235193363005421,0.2332371128779083,0.23978137833039218
0.2963655279359061,0.23055516804441756,0.23156125792084165,0.24151804609883468
0.2908127842461126,0.23598040150839966,0.2338051944007495,0.23940161984473826
0.29726484901235156,0.2297129971473752,0.23117694668427913,0.24184520715599406
0.2850368990611124,0.24212486347412493,0.23562872738286839,0.23720951008189436
0.292251782817095,0.23708088897905397,0.2329100866820989,0.23775724152175212
0.2935169492458373,0.23433571798556338,0.23234254497589152,0.2398047877927077
0.29372997057031164,0.2334299561576033,0.23254393621026387,0.24029613706182118
0.2919421377829682,0.23539077262913105,0.23329500308750556,0.23937208650039526
0.29378084543175303,0.23375459688536254,0.23253743222895534,0.23992712545392905
0.2920015337054032,0.23538468548625444,0.23320795371370656,0.2394058270946358
0.29428708798535397,0.23313538590350738,0.23234349553052666,0.2402340305806119
0.293353937930746,0.23363297467185312,0.23272920255697355,0.24028388484042737
0.29417316812940103,0.23282023247191933,0.23246313771016203,0.24054346168851756
0.29226496146497116,0.23488192426406768,0.23320273464312177,0.23965037962783942
0.29724499542635974,0.22935506950570494,0.23112277529977723,0.2422771597681581
0.28605950768015503,0.24097803583901292,0.23543424132789978,0.23752821515293235
0.2907260972978696,0.23849078709969543,0.2334014213330782,0.23738169426935676
0.2935797820745814,0.23462026894529253,0.23231869359095533,0.23948125538917073
0.2927229164216306,0.234676419639947,0.23286946597331085,0.23973119796511155
0.2918668220448547,0.23576937605983075,0.2332619306555966,0.23910187123971796
0.2949196886267008,0.2324631676223969,0.23205010070169194,0.2405670430492103
0.2904288505094257,0.2368623342743524,0.23382592376448263,0.23888289145173927
0.2954422742731678,0.23216689660261777,0.23188324134876542,0.24050758777544906
0.29447747572737587,0.23196622523811747,0.23225319076916043,0.2413031082653463
0.2935908030383033,0.23308881272130494,0.2328020598501355,0.24051832439025622
0.29558412899664105,0.230973356030517,0.23190298738019247,0.24153952759264954
0.2977625397082499,0.22743677342346108,0.2309019113976643,0.24389877547062477
0.28555490494493574,0.2411562462905225,0.23587619602085025,0.2374126527436915
0.29089129472926245,0.23840735574062918,0.23334905222225882,0.23735229730784946
0.2945911944442494,0.23341371748080056,0.2319318486232763,0.24006323945167374
0.28904958589407226,0.23855141711194985,0.2341860655944376,0.2382129313995402
0.2923355201985052,0.23616229675396205,0.23295978027026792,0.23854240277726477
0.2954163275330707,0.23188247655420105,0.23172874176777886,0.24097245414494933
0.2885764884578181,0.2387719524408274,0.23448238157448226,0.2381691775268722
0.2977750572629382,0.22984062659338747,0.23090663504008238,0.24147768110359202
0.29350880709747273,0.23246915356225287,0.2326726555026561,0.24134938383761834
0.29441795855709463,0.23226657205917378,0.23252906413227267,0.240786405251459
0.29264446256912047,0.2343353287394633,0.23309393658793634,0.23992627210347975
0.2990776373227855,0.22678610271474373,0.23026974155105606,0.24386651841141466
0.28677683515805064,0.23964156035756207,0.23547938291375478,0.23810222157063252
0.2919814933629946,0.23693455058207438,0.23313050496764015,0.23795345108729093
0.2919520712897653,0.23614238449451821,0.2329460726372739,0.2389594715784426
0.28905774809026513,0.2391461243478552,0.23403732517073894,0.23775880239114064
0.28916231025921996,0.2396637086415015,0.23382632522231073,0.2373476558769678
0.2967605895901233,0.23115879547441967,0.23115985927307434,0.2409207556623826
0.29293800853969704,0.23350537899840176,0.23287215912242742,0.24068445333947375
0.29578456865191327,0.23083433459140462,0.2318815115403118,0.24149958521637044
0.29465716606177084,0.23144877367031547,0.23231529597227327,0.24157876429564035
0.29241130732914744,0.2344091137724939,0.23330230752299536,0.23987727137536335
0.29349963625692804,0.23389071152899676,0.2327112798317136,0.23989837238236156
0.29627203854161177,0.2302639510356554,0.23150970725180953,0.24195430317092326
0.28644375892592056,0.2407671791872083,0.23528102361412045,0.23750803827275083
0.2906041113497206,0.2385670498861658,0.23342558051649825,0.23740325824761535
0.2909243117447886,0.23761671889623673,0.23321656095692941,0.23824240840204527
0.2959781841674289,0.23155943271941365,0.23152535012724665,0.2409370329859109
0.2910814101345284,0.23585726933449255,0.23361925234674008,0.23944206818423905
0.2929916456083422,0.23482441775637597,0.23288012662521282,0.23930381001006903
0.28970052215172537,0.23822512451786482,0.2338949842666327,0.238179369063777
0.29895143485545544,0.2280906068361657,0.23030208637177413,0.24265587193660465
