0.29298272665569414,0.2360772839732841,0.23158913599865558,0.23935085337236614
0.29179799297158393,0.23640604806438748,0.23235958092247666,0.23943637804155185
0.291988450926868,0.23684518459518533,0.23261684062036234,0.2385495238575844
0.2920495260699443,0.2356035979505855,0.23355167195208817,0.23879520402738205
0.29238316841980505,0.23389999922019108,0.23243253758285662,0.24128429477714713
0.29208654480262375,0.23648720504873003,0.23092114088921759,0.24050510925942864
0.29146122998947993,0.2374222964703302,0.23381329676275672,0.23730317677743304
0.29236759389354644,0.23723167331208705,0.23233560160133793,0.2380651311930285
0.2918758182663247,0.23759917014923684,0.23315634233407054,0.23736866925036798
0.2923883682450357,0.23342105316331035,0.2342951982443297,0.23989538034732413
0.29274227127459135,0.23507142271936746,0.22958016999898476,0.24260613600705658
0.2908749789298657,0.23876370352777804,0.23334922572564012,0.23701209181671623
0.29232986131003624,0.23837328272470573,0.2331063539195259,0.23619050204573216
0.2920828975358257,0.2383458223123032,0.23316265146505732,0.2364086286868136
0.292118522291216,0.23836886561922851,0.2327650087052651,0.23674760338429038
0.29214778730122976,0.2353923972147567,0.2344362701295636,0.23802354535445
0.2925648970272017,0.23532280099208552,0.2309295069225096,0.24118279505820328
0.2913903922563942,0.23736334702113596,0.2330020138713453,0.23824424685112455
0.2921980954550084,0.23627543039264046,0.23324136331864248,0.23828511083370854
0.29229356267682965,0.2337493705772513,0.2333563757511826,0.2406006909947365
0.29242856072630513,0.2333520103900731,0.2313183934830973,0.24290103540052452
0.29177161299437443,0.23162621441244138,0.2336146403606029,0.24298753223258138
0.29289594972647226,0.23456163113990788,0.2288048901392337,0.2437375289943861
0.29047137487822683,0.23841411313877886,0.23411379027419799,0.23700072170879624
0.2925331598934958,0.23771932295260256,0.23253998652393884,0.2372075306299627
0.29190456400169884,0.23872801314751352,0.23303142605262936,0.23633599679815837
0.292129800519795,0.23783092457985924,0.2334149420123484,0.2366243328879974
0.29234402608903265,0.23436457671974045,0.23393132745428308,0.23936006973694401
0.29254666530999307,0.23617460594550352,0.23007153818417084,0.24120719056033255
0.2910839833352004,0.23858197506309833,0.2338191725124431,0.2365148690892581
0.29244025114864547,0.23656584499453864,0.2334464651493448,0.23754743870747114
0.29219389203339635,0.23632898120465354,0.23232830885335043,0.23914881790859974
0.2921078524383318,0.2402341993421329,0.23086483579433612,0.23679311242519918
0.2918290702603446,0.2376286312386924,0.23638097248343176,0.2341613260175313
0.29267501859648837,0.23833720797623018,0.23019767926711418,0.23879009416016725
0.2911513424648964,0.24043016673523107,0.23421254068648878,0.23420595011338377
0.29244068680963553,0.24037669364876008,0.23301161768814313,0.23417100185346124
0.29204915838294454,0.2408090490406827,0.2333245948744105,0.23381719770196227
0.2921592296703478,0.24039210325663873,0.23351638389714074,0.23393228317587267
0.29220205026289653,0.23857598848636732,0.2339118150139525,0.2353101462367837
0.2922291487373549,0.23856641060411288,0.23226741848930987,0.23693702216922236
0.29186217207708676,0.23852698735321948,0.23362309247214078,0.2359877480975529
0.292246857777791,0.23951135987874692,0.23219857849890085,0.2360432038445613
0.29190002972258805,0.23909934563926147,0.2341450264280718,0.23485559821007876
0.2923849716387931,0.23682761216432766,0.2333470241054223,0.23744039209145687
0.2925233011962712,0.23152710823213565,0.23410479497144984,0.24184479560014344
0.293136628739604,0.23582836338938068,0.22761980918827796,0.2434151986827373
0.29017792401505565,0.24152576837865342,0.2342374272137707,0.2340588803925203
0.29264679210501165,0.24149872941152875,0.23320266749174548,0.23265181099171414
0.29211492109224335,0.24113194646418143,0.2339474651515274,0.23280566729204777
0.2922188189841901,0.23987755403920868,0.23338467419704353,0.23451895277955753
0.29230330977932695,0.23574666894054985,0.23465576293667587,0.23729425834344733
0.29255783210279634,0.23578281020245792,0.23076195569374863,0.24089740200099702
0.29133815209908553,0.23839107869343984,0.23296301823221208,0.23730775097526244
0.2921783538482033,0.2380660803674912,0.2332837141681883,0.23647185161611717
0.292221091406334,0.23597751479935444,0.23372518935086337,0.23807620444344813
0.2923489100594778,0.23719445789440702,0.23104398473813129,0.23941264730798387
0.29150972130736896,0.23616773228710092,0.23480734192107272,0.2375152044844574
0.2926754762033015,0.23751885885898788,0.23040839546827857,0.23939726946943213
0.29137187243247165,0.2415887998184783,0.23296146737530926,0.23407786037374081
0.2923349050713008,0.24211430773658837,0.23371968397671503,0.2318311032153957
0.29225864386872535,0.24082165433421696,0.23406263537252447,0.23285706642453316
0.29226812428309135,0.23800156100837122,0.23377118359090215,0.23595913111763533
0.29238829465682004,0.23407197794402457,0.23365314416598335,0.23988658323317216
0.2925073189238258,0.23655447491609713,0.22989285130877737,0.24104535485129966
0.291070675531572,0.23955667187394702,0.23374245360096477,0.23563019899351625
0.292391618621654,0.23918552377781394,0.23312671567003654,0.23529614193049556
0.2921301774300394,0.2374651892814434,0.23395792267633936,0.2364467106121779
0.2923266748633262,0.2386506317142406,0.23130802729348426,0.2377146661289489
0.29176961842834015,0.23543403036101418,0.23582933198671877,0.23696701922392685
0.2929986662282658,0.23810757064717827,0.22874886959609805,0.2401448935284578
0.29072398707826225,0.24220929408701133,0.234559385172837,0.23250733366188933
0.2927314435212791,0.23932265964041763,0.23452249039888948,0.23342340643941376
0.2923712249615098,0.23593477105494112,0.23328147795569762,0.2384125260278514
0.29223148103577923,0.23479961940587982,0.23215765058903984,0.2408112489693011
0.2921233779461241,0.23131713954944558,0.23400953578449518,0.24254994671993532
0.2930939327460858,0.23500311670659718,0.22804065306102334,0.24386229748629365
0.2901122795848688,0.2386378504167375,0.23503293254170485,0.23621693745668887
0.2928383379989101,0.23491765550210908,0.23321684981940133,0.23902715667957952
0.29216498840879795,0.23494845804826284,0.23202692909764353,0.24085962444529577
0.2919145055371037,0.23707664721537988,0.2316295070966577,0.2393793401508589
0.2918864389421167,0.23409594430511335,0.23509672049458502,0.23892089625818497
0.2930001499931809,0.23689758112228515,0.22873301184376393,0.24136925704076986
0.2905378429950087,0.2400730512036214,0.23497299450136513,0.2344161113000048
0.29264024643145914,0.23855284845239924,0.2329880722256057,0.23581883289053585
0.29201229007077795,0.23761297713836338,0.23354599568730935,0.23682873710354937
0.29223360684654176,0.2385155699250298,0.23182128270185917,0.23742954052656937
0.2918703619070916,0.23598113879357827,0.23513438417290586,0.2370141151264243
0.2926961044033734,0.23691099720782427,0.23024799436027793,0.24014490402852454
0.2911072975680127,0.23773590251478047,0.2346862784755864,0.23647052144162037
0.29260950096933785,0.23565625399324008,0.23254672981579746,0.23918751522162449
0.2919368085132525,0.2367437642916213,0.23222054362758418,0.239098883567542
0.2919119599856086,0.2363946481808399,0.23328286159716227,0.2384105302363893
0.29266659335648565,0.23051924448165836,0.23442236831408322,0.24239179384777268
0.2934488823180886,0.23543178385120336,0.22672164321662455,0.2443976906140837
0.28952490335722403,0.23984960258230445,0.23594132354091885,0.23468417051955262
0.29287263046211387,0.23816610909992078,0.23235656344541755,0.23660469699254794
0.29178343561722864,0.23908488309159454,0.2333579060951708,0.23577377519600592
0.2921991664829663,0.23823097835370016,0.233236183308436,0.2363336718548975
0.2921684057313485,0.23639197109239296,0.23360229666594537,0.23783732651031317
0.292278048493155,0.23712396650546208,0.2315471680901296,0.23905081691125346
0.29178793396398445,0.24075004149599696,0.23200793491599614,0.2354540896240225
0.2921313586899427,0.23859820257231337,0.2354206373793321,0.23384980135841182
0.2926552443899221,0.2347476450458033,0.23279498642880225,0.23980212413547233
0.29214211936137746,0.2341312916403229,0.23199468456584885,0.24173190443245074
0.2919409101959095,0.23317761648585622,0.2329257113475871,0.24195576197064725
0.2927320806329239,0.23887065692445092,0.22850746026636876,0.23988980217625647
0.2908212837158102,0.24120099308199686,0.23582215690279915,0.23215556629939388
0.29259142317439485,0.24162377578574806,0.23211440350571586,0.23367039753414126
0.29187521507663255,0.2407572859741435,0.23466749239983842,0.23270000654938555
0.292402275068022,0.23840869481021087,0.23353710114701026,0.23565192897475692
0.2921259034844823,0.23817325952273755,0.2324838799913288,0.23721695700145123
0.29199263489003224,0.24045286276199787,0.23219786241455284,0.2353566399334171
0.2920227284911987,0.23958518791848898,0.23465452318216085,0.23373756040815133
0.29247993547642265,0.23652409322088447,0.23341759678974405,0.2375783745129487
0.29219324007681335,0.23718968526435596,0.23156013802330797,0.23905693663552277
0.2916590410191902,0.23857924597848412,0.2332093994871042,0.23655231351522163
0.29230799556175247,0.23572586263524603,0.23422489726224735,0.2377412445407542
0.29260576678433364,0.23914202886348226,0.22957765119416845,0.23867455315801564
0.29118956225727627,0.24214471314525704,0.23440873998517595,0.23225698461229072
0.29251001665256543,0.24256872468145788,0.23316287814839637,0.2317583805175803
0.29216344533820227,0.24061857892060007,0.23461636067465083,0.23260161506654692
0.29229691808766506,0.23858196435803858,0.23313708116232326,0.23598403639197307
0.29204190694045407,0.23801704768400803,0.23301039293290407,0.23693065244263387
0.2920722012733489,0.23871455568548883,0.23262143643843108,0.2365918066027312
0.2919934445920988,0.23890994997498013,0.2333744891355139,0.23572211629740702
0.29220566558029715,0.23748705310717436,0.23353368653110537,0.23677359478142324
0.292210917415319,0.2385674970432013,0.23178761034023063,0.23743397520124895
0.2917661688858646,0.23799959836910872,0.234293972816017,0.23594025992900963
0.2927979038137821,0.23216715095560994,0.2341314469803513,0.24090349825025667
0.29352478600474796,0.2392970813714196,0.2261128853564442,0.24106524726738812
0.2902210565403683,0.24484649756362356,0.2358352166250625,0.2290972292709457
0.293164386712559,0.2405458568641125,0.23524644759282834,0.2310433088305002
0.2920544138304936,0.24052782610798917,0.2312756227615005,0.23614213730001687
0.29160847447034255,0.24093392214374507,0.23431579334727135,0.2331418100386411
0.29273649766134585,0.23587390785875262,0.2351246043763532,0.2362649901035484
0.29260345687046924,0.2367927458696747,0.22988990411395044,0.24071389314590566
0.2909701402901903,0.23847553045575487,0.2344044325014146,0.23614989675264025
0.29267702823016006,0.23455682486507964,0.23376431151104632,0.2390018353937141
0.29293892947533007,0.22832421251611745,0.2333347378788084,0.2454021201297442
0.29401224321614267,0.22173357315717884,0.2308188698448327,0.25343531378184586
0.2943467049648013,0.2180696506991198,0.22917300387888212,0.2584106404571968
0.29392817569423435,0.225021076110958,0.2245141122873986,0.25653663590740905
0.2889287370879842,0.23516784237243912,0.23081666001441678,0.2450867605251598
0.2919423474036144,0.229863334710642,0.23508600825387632,0.24310830963186736
0.2934932514857867,0.22798412446546296,0.22990415584814966,0.24861846820060066
0.2913926859870134,0.23196894583733751,0.23081641930053867,0.24582194887511033
0.29190131104990935,0.2291872362781773,0.23336218764969444,0.24554926502221877
0.2931222124200771,0.23312846433021414,0.22790754044471848,0.2458417828049903
0.2899581940596411,0.23532546859764927,0.2354469337404614,0.2392694036022483
0.29317995071740593,0.23149930265523136,0.23155008333303642,0.2437706632943264
0.29168558740415695,0.23414424741211295,0.2316110718466346,0.24255909333709547
0.2919515149763121,0.23181249725362732,0.23352620898268037,0.24270977878738006
0.292848485370615,0.2291694170563302,0.23149831958792955,0.24648377798512527
0.2923008380375318,0.23500423862865638,0.22859534433909018,0.24409957899472148
0.2905039544333165,0.23751329870856022,0.23458617733691214,0.23739656952121102
0.29264621267474394,0.2367115213451554,0.23210173927849045,0.23854052670161022
0.2917929270606826,0.2391787519727665,0.23239701484006348,0.23663130612648745
0.2920960058680325,0.23672074772247445,0.23471099618011937,0.23647225022937376
0.29256369827130124,0.2347990786744533,0.2320058810991006,0.24063134195514482
0.2919903280129735,0.23898774636328904,0.23061048588172398,0.23841143974201354
0.2915973946099599,0.23711371637885215,0.23595314963861075,0.23533573937257712
0.2927924427956726,0.2348577116831847,0.23151638470723607,0.24083346081390652
0.2916142010530532,0.23481578306846565,0.2332177562825416,0.24035225959593956
0.2923344451182806,0.23551019974303344,0.23136398564563587,0.2407913694930501
0.2916026391121964,0.2349223767196853,0.23402713105719708,0.23944785311092118
0.2927565943531113,0.23854895688609162,0.2293212848214439,0.2393731639393531
0.2911853802058642,0.24316052870839178,0.23374612747228005,0.23190796361346414
0.2926354842516091,0.24137437331969885,0.23473917516369133,0.23125096726500063
0.29233398932192517,0.23787702789133663,0.23374598053154924,0.2360430022551888
0.29228395639274557,0.23504899820435102,0.2329304201440944,0.23973662525880896
0.2921517312124838,0.2343928885523282,0.23233455358811195,0.24112082664707618
0.29200235681217596,0.23599529622448592,0.23165673971296497,0.2403456072503732
0.291726552774249,0.23758821272710326,0.23276982550953193,0.23791540898911578
0.29208400819581437,0.2382369312113018,0.23279127929046042,0.23688778130242336
0.2920927619374657,0.23664628901936713,0.23391486349765156,0.23734608554551564
0.29249929871008823,0.2333745055428722,0.23300880308129113,0.24111739266574847
0.29249697449964385,0.23038011174665343,0.2324434557759671,0.24467945797773558
0.29293379764762056,0.2372334180601851,0.22725057757658626,0.24258220671560807
0.2905527980298797,0.2439664768168302,0.2337561180107594,0.23172460714253082
0.2931487356947606,0.23932398440994562,0.2360579203937274,0.23146935950156639
0.2923923509400397,0.23575832644694455,0.23208271828259094,0.2397666043304248
0.2918864854188254,0.23431802971920618,0.23297004613968772,0.2408254387222807
0.2922508524681192,0.23356331718509596,0.23221778628317805,0.24196804406360672
0.2921160047003167,0.2375670896179467,0.23035297049835785,0.23996393518337872
0.29136064510235116,0.23666436325941947,0.23545464763315707,0.23652034400507224
0.2928065106166929,0.23429937267982343,0.2317340437059222,0.2411600729975616
0.2918004259927317,0.23282187992113723,0.2335223569208441,0.24185533716528704
0.2926321099641182,0.2333414875307765,0.23039256158369162,0.2436338409214137
0.2912606845252493,0.23288379885117944,0.23419100078670985,0.24166451583686135
0.2931177466424084,0.23662970963758512,0.22827094006275547,0.24198160365725108
0.2904086049544954,0.24105002077128854,0.2348536751123674,0.2336876991618487
0.29281593869931477,0.23709136687685994,0.23427585572018197,0.23581683870364337
0.2924138226476494,0.23444529958977606,0.23258564830018583,0.24055522946238878
0.29209549576016547,0.23490949277189266,0.23168059046944012,0.24131442099850164
0.2917423818510782,0.23505767992129914,0.23306899319720883,0.24013094503041377
0.29224577356549225,0.23508603191016583,0.2320030961148273,0.2406650984095147
0.2918505535741958,0.2346674037830002,0.23317576965548756,0.24030627298731658
0.2923380931286228,0.23353108663649483,0.23218678579362056,0.24194403444126178
0.2920025578273254,0.23331487329484518,0.23237477649002364,0.2423077923878057
0.292119189263114,0.23411648816106673,0.23156590400117513,0.24219841857464422
0.29186906057104456,0.23183290883074706,0.2339324023376528,0.24236562826055555
0.29303827994033527,0.2356902176895462,0.22821713260196047,0.243054369768158
0.29042734239994056,0.24126241012257715,0.23384687579475083,0.23446337168273135
0.29268793571176516,0.2379483848467188,0.23473479271992365,0.23462888672159252
0.2924289976194185,0.23568098517727265,0.23250677458599456,0.2393832426173143
0.2919871103174036,0.23596385935652933,0.2321601386346893,0.2398888916913779
0.29193500951057477,0.23447718839515685,0.2336781402197559,0.2399096618745126
0.29245772282742477,0.23525054033318316,0.23096716072428494,0.2413245761151071
0.29144376434100466,0.23497758409502298,0.23407580458828803,0.23950284697568425
0.29272359817224225,0.23174265416931608,0.23233743507390112,0.24319631258454052
0.2921754652210226,0.23239679786905745,0.2313128069329845,0.24411492997693543
0.2918217466646173,0.2317950133881836,0.2326745660165339,0.24370867393066523
0.2927056811854539,0.22780145100682622,0.23253847161778424,0.24695439618993575
0.2931981889389843,0.23443732711045748,0.22660285907584848,0.2457616248747097
0.28973308672577985,0.24139850224880374,0.23401159583451117,0.2348568151909051
0.2928874718024367,0.23694013110495304,0.23509471983911925,0.23507767725349107
0.29243119491308334,0.23756084497179702,0.23088755454943785,0.23912040556568187
0.29140283543141365,0.23851374063869726,0.23380362550603503,0.23627979842385416
0.29253596742070026,0.2345175499499971,0.2342196321715842,0.23872685045771858
0.2925688657308912,0.2362421909582826,0.2300342439851942,0.24115469932563208
0.2911472386391262,0.23465520234623574,0.2356471381676681,0.23855042084696984
0.293209962394922,0.230506489410979,0.23134258814141617,0.24494096005268273
0.2917986459979497,0.2322653995249024,0.23147356703706015,0.24446238744008764
0.29192256866508676,0.23341533038251042,0.231523292348162,0.24313880860424086
0.29203926771879746,0.22972153237943485,0.2342750029739366,0.24396419692783108
0.29343752782065985,0.23304646684948344,0.2274000325852257,0.24611597274463093
0.28982474007929476,0.2397637798684909,0.23361460857065883,0.2367968714815556
0.2925525059201508,0.23764205657862322,0.2338137481447911,0.23599168935643486
0.29221759749626786,0.23940284213321847,0.23177894192783113,0.2366006184426826
0.2918416202694977,0.2412656683224895,0.23308796076049168,0.2338047506475211
0.2925535237544493,0.23637910788246483,0.23577119004438793,0.23529617831869795
0.29282820312464775,0.2325535821800114,0.2314603152009269,0.24315789949441394
0.291830218994968,0.2318955354343071,0.23258224357886584,0.2436920019918589
0.2924563126295302,0.23050958259218016,0.23162372417284102,0.24541038060544854
0.29201790346577394,0.23293409131350254,0.23070591735191565,0.2443420878688078
0.2914530573391955,0.2345386130221964,0.23253793800785919,0.24147039163074893
0.29226563627979746,0.23168201346368159,0.2334282560122524,0.24262409424426853
0.2928140255244855,0.23617360270558507,0.22846693538478957,0.24254543638513998
0.2906007444937148,0.24118554652164922,0.23382839804886132,0.23438531093577453
0.29255155722585363,0.24000310436118372,0.2338940597506988,0.2335512786622638
0.29246929263462623,0.23546808740993294,0.2345822021666286,0.23748041778881218
0.2926061505327897,0.2342092249523136,0.23094861243076198,0.2422360120841347
0.2914123877446787,0.23602707944698445,0.2327451922025341,0.23981534060580287
0.29216277244081623,0.2375939032114691,0.2317783938056412,0.23846493054207354
0.29208092854295453,0.23312006155005538,0.2357647495391183,0.23903426036787165
