0.28943976303723673,0.2375677824268613,0.24004991453774654,0.2329425399981555
0.2940797622685054,0.23300087293750965,0.23544471994520047,0.23747464484878464
0.2947651650104992,0.23362780635151953,0.23576017613843123,0.23584685249955006
0.29565396590395165,0.2324286748519923,0.23908383748437415,0.23283352175968186
0.29355520331359575,0.23453218789668828,0.2314207480258724,0.2404918607638436
0.29128877476264875,0.2375073073501661,0.22595933265277796,0.2452445852344072
0.29492527604097435,0.23359088552813448,0.24023371542794772,0.23125012300294345
0.2956596312762229,0.23158219123568866,0.2401844590314693,0.23257371845661914
0.29719124398561847,0.23092338479818297,0.2406150631036404,0.23127030811255828
0.29683186373387205,0.2311400623557471,0.24033313647327417,0.23169493743710684
0.2901181859393848,0.23786193554756851,0.22077467416580246,0.2512452043472443
0.29421180254284385,0.23541562971262245,0.23616580341015417,0.23420676433437948
0.29676879735520184,0.23001184067880118,0.24706362210468846,0.22615573986130855
0.29903532410833344,0.2281854333836006,0.24550170711813324,0.2272775353899328
0.29858532447620845,0.22935049626056422,0.2426674671813995,0.22939671208182777
0.2987285995200856,0.2292788170799526,0.24405739261285236,0.22793519078710942
0.29343910790449346,0.23466157517347871,0.22830969396640366,0.2435896229556242
0.2944899446018809,0.23489430452852883,0.2341704997075895,0.23644525116200082
0.2953184342332815,0.23242185638640683,0.24049410544467545,0.2317656039356363
0.2951488869155293,0.2327834842676001,0.23564347187157642,0.23642415694529428
0.2906490352942284,0.237775015239001,0.22334411915145896,0.24823183031531168
0.29035934991276413,0.23883970926058054,0.22598011870642906,0.24482082212022627
0.28505567691800476,0.24255483829269345,0.21529089809574362,0.25709858669355823
0.29320960402764373,0.23597734092264785,0.23769710785698517,0.2331159471927232
0.29552641884615305,0.23100437991942468,0.2441095092848419,0.22935969194958036
0.29838428039730897,0.22921936651427652,0.24368375111304558,0.22871260197536883
0.29878160984300783,0.2289122517548621,0.24508970899926447,0.22721642940286546
0.29785772487874856,0.23008147873148105,0.24079692428531518,0.23126387210445512
0.29197332582628993,0.23641737500246457,0.22448853009751185,0.24712076907373362
0.2956293989295043,0.23359123511046614,0.23983969118698598,0.23093967477304353
0.2970041007259056,0.22988018551936895,0.24544857157723612,0.22766714217748946
0.296237653576746,0.23171238037868358,0.2359305204242596,0.23611944562031073
0.29532127318984314,0.23345785034607258,0.23531274573392247,0.23590813073016187
0.30086205018543477,0.22573049548428134,0.2579166879315256,0.21549076639875825
0.2969395056934326,0.22974058118411755,0.2366701409703585,0.23664977215209132
0.3002023393995688,0.22886416914717905,0.24614190474821684,0.2247915867050352
0.3006157927414579,0.22581548297349954,0.25347315559975553,0.22009556868528696
0.30253103126931596,0.22434486895334946,0.2526242721162168,0.22049982766111778
0.30271279683333535,0.22436355772771593,0.2531003860004578,0.21982325943849093
0.30229731058259085,0.2249743636000764,0.2510102056361036,0.2217181201812291
0.2994730054848167,0.22860353408387432,0.24164995081483967,0.23027350961646936
0.2994093257043818,0.2289735704878034,0.24481631281230817,0.2268007909955066
0.2985646173208088,0.22910718041179284,0.24395285112818552,0.2283753511392129
0.3007077336422832,0.22677723155562973,0.2503398962420341,0.22217513856005297
0.29965854034923767,0.2276743745693695,0.24543837607496233,0.2272287090064304
0.29675724647342705,0.23177643224510416,0.23514619071177797,0.23632013056969087
0.2867708666857096,0.24125044905244022,0.2130771608823618,0.25890152337948824
0.2957379895611929,0.23369925323419177,0.24431480242103085,0.22624795478358442
0.30041847950118983,0.22412290229119963,0.26052626287106834,0.2149323553365422
0.3045614569154698,0.22116518467872956,0.2585722592649071,0.21570109914089344
0.30346159636838527,0.22366641134941936,0.2521345896935272,0.22073740258866822
0.30174837034550356,0.22619232246634388,0.24755827063046013,0.22450103655769246
0.294587720647683,0.2338418885070412,0.2283407849404094,0.24322960590486636
0.2954046071440534,0.23415778708619664,0.23593631281795896,0.23450129295179092
0.2970187186529283,0.23034049770329243,0.24555224119427643,0.22708854244950297
0.29822860853247246,0.22918756070914753,0.24344544600862053,0.22913838474975948
0.2947109779793345,0.2336140392561232,0.2314338177511335,0.24024116501340892
0.2970416790799546,0.2317041366743404,0.24213809779465223,0.2291160864510527
0.29357416948192716,0.2339887363221126,0.232153906917104,0.24028318727885617
0.2982227257041745,0.2302833543141939,0.24544381091495218,0.22605010906667933
0.3021803871022384,0.2231503524677991,0.26136859601718826,0.21330066441277443
0.30499137041595925,0.22047194742673448,0.2603339140696147,0.21420276808769165
0.3032836016887675,0.2240881124326999,0.24982724538276388,0.2228010404957688
0.29882721499268217,0.2298516471435228,0.2381523137918199,0.23316882407197517
0.29176567542500653,0.2370916164326836,0.22336773786777914,0.24777497027453071
0.2960400235128214,0.2330115392289875,0.2421066961713564,0.2288417410868347
0.29862270678922137,0.22768677390783768,0.2506282399497889,0.22306227935315207
0.3005426360077362,0.22661606059126801,0.24794274993674145,0.22489855346425444
0.29727528606325265,0.2309232436327387,0.23688448557518996,0.23491698472881858
0.29949119884260056,0.22878737832346005,0.24760845700518527,0.22411296582875415
0.2926688224975725,0.2347358304878586,0.22703343971973083,0.24556190729483812
0.29974651055921836,0.2289335936029937,0.2507021627781018,0.22061773305968604
0.30270354486840895,0.22183792022117407,0.2631802329163821,0.21227830199403488
0.3014776126115354,0.22572170963952476,0.2440680400682945,0.22873263768064533
0.2954310148016184,0.2338438181183707,0.22926543039297886,0.24145973668703216
0.29281513937643344,0.23646506834456657,0.2297131010899867,0.24100669118901316
0.28524981804612726,0.24232318686330676,0.21356407354614926,0.2588629215444168
0.29433916819395,0.2350458545140389,0.24063517072032461,0.22997980657168637
0.2955618701068084,0.23069901732917886,0.24381681802172392,0.2299222945422889
0.294302429636772,0.2339086725483694,0.23001179357203067,0.24177710424282797
0.29265666493963005,0.23643915690155237,0.2297705432751417,0.24113363488367595
0.2956864328874006,0.2324093869752216,0.24202532830135548,0.22987885183602233
0.2901966615276801,0.2370939247432328,0.2231348870890418,0.2495745266400452
0.29763752327549886,0.23133277169397337,0.24626061585727405,0.22476908917325367
0.2989533478724564,0.22695118521079408,0.25118794264307404,0.2229075242736755
0.30013995223126155,0.22752726257088832,0.2445388814317168,0.22779390376613326
0.2973415171948776,0.2310423680075629,0.23817513519445455,0.233440979603105
0.2990744332635967,0.2290258656955436,0.24664122399232022,0.22525847704853952
0.2939427421925155,0.2337124008506791,0.23027685566821157,0.2420680012885938
0.2974874937269987,0.23161399810275637,0.24216734267711984,0.2287311654931251
0.2957774109303282,0.23153338624714676,0.23947029677284,0.23321890604968495
0.29514084420462183,0.2334444672524705,0.23329888670140228,0.23811580184150552
0.29536588677417114,0.23315565887195752,0.23791525545777575,0.23356319889609553
0.29474959580550164,0.23324237516148597,0.23580699475901715,0.23620103427399505
0.2847725205250184,0.24238852177213524,0.20973986206148681,0.2630990956413596
0.2956481531392649,0.2340082571595775,0.24461105111949932,0.22573253858165832
0.2970964107731265,0.22837979125197563,0.2488688422704205,0.22565495570447744
0.300087697612404,0.22766372215769193,0.24501036692003472,0.22723821330986932
0.29929638524119423,0.22848242858334794,0.2456108409788742,0.22661034519658377
0.29869994887164686,0.2292243363194535,0.242771056466526,0.22930465834237376
0.29543792307647376,0.23296983779267444,0.23350474900327434,0.2380874901275776
0.29683415022176446,0.23183016137347942,0.24091520331815264,0.2304204850866034
0.30135970934134604,0.22471280461072538,0.2586031086382095,0.21532437740971905
0.2991850379232729,0.22768834298701307,0.24171423290498947,0.2314123861847247
0.2939181504052583,0.23533684530603854,0.22587734853267083,0.24486765575603228
0.29127467034142446,0.23803533298191973,0.2271133926742446,0.24357660400241113
0.288675786677113,0.2395822119490971,0.22296238257022427,0.24877961880356575
0.29909383673671036,0.22782740064424634,0.2575482845464378,0.21553047807260536
0.3015923822982994,0.2231426237801117,0.2566712632077752,0.2185937307138137
0.30483897363240825,0.22197945019586723,0.2569852838932001,0.2161962922785243
0.302698144288081,0.22435880525707086,0.25130590950006554,0.22163714095478257
0.29963022383659443,0.22878993919122093,0.24040867929305249,0.23117115767913216
0.29862237221169724,0.22995292009272184,0.24273552815810495,0.22868917953747608
0.3015404061790583,0.2251766924714077,0.25586362662397977,0.2174192747255542
0.3007010524995881,0.22616757821397715,0.24714279827483057,0.2259885710116042
0.2965128162734599,0.23225469076952243,0.23259007639598892,0.23864241656102878
0.29689382517663654,0.23203847640738348,0.24062336941617565,0.23044432899980427
0.2980413933472258,0.22926740835569379,0.24599386145445049,0.22669733684262985
0.2943631640688322,0.23357996091040115,0.23045540426208797,0.24160147075867863
0.3002659047564849,0.22767834564279849,0.25355411316530496,0.21850163643541154
0.30328351305901113,0.22136817961101427,0.26280949811649695,0.21253880921347773
0.3059809967410825,0.21983386741710156,0.2607439026771469,0.21344123316466895
0.30295617201674097,0.2245133071066792,0.24853359451369988,0.22399692636288
0.29990012931309534,0.2288157490714181,0.2414425183304246,0.22984160328506192
0.298183483927736,0.23023464377575206,0.24170519349864125,0.22987667879787055
0.29912102566926735,0.22863087233618193,0.24645026623412233,0.22579783576042844
0.2993795998470249,0.22808249014617227,0.24601082279487402,0.22652708721192874
0.2974564641123796,0.23068948932008546,0.23842440973730225,0.23342963683023263
0.29912354516480194,0.22902389064309686,0.24652421407564643,0.22532835011645483
0.29747136285875125,0.23004349690179876,0.24082503816311998,0.23166010207633
0.28864404160422463,0.23934164585613749,0.21553439990876028,0.2564799126308776
0.30064979854670887,0.22652780768306632,0.26314006660836203,0.2096823271618628
0.3063519713400348,0.21463437101898727,0.2782005894727107,0.2008130681682672
0.3039843998811279,0.22302963513584778,0.244026396729803,0.22895956825322133
0.3030159154416423,0.22610809691817293,0.250189697411364,0.22068629022882072
0.3024017906652233,0.22405604684492977,0.2557563766305422,0.2177857858593049
0.29529175646724243,0.2325952170724807,0.2277726898459859,0.2443403366142911
0.297428890605528,0.2323752128331801,0.24065490173415308,0.22954099482713874
0.29685785056932434,0.23023763811287465,0.24394107994113476,0.22896343137666625
0.29307540284904876,0.2350686330041741,0.22670182903907332,0.24515413510770379
0.28128902879986384,0.24600814772948823,0.2031076925021574,0.2695951309684904
0.27091692551289337,0.25466201982008624,0.1892121988441163,0.2852088558229041
0.26355167075615255,0.25979341581685156,0.18149917145817307,0.29515574196882277
0.2777388039621866,0.2517176979501192,0.20669069814110447,0.26385279994658967
0.28612932781640094,0.24141412095750892,0.23032222067368735,0.24213433055240274
0.28237749985742794,0.24347531889992852,0.21137421329808342,0.2627729679445601
0.2826652538205483,0.2461811830105168,0.20995939346100836,0.2611941697079264
0.2846269965728548,0.24388104526775325,0.2197161656590407,0.2517757925003513
0.2805709358312462,0.24607079485777603,0.20854694246853164,0.2648113268424461
0.29096761248050246,0.23848930014307826,0.23375449409414134,0.23678859328227786
0.2887862529040694,0.23785245730324153,0.2269752302671516,0.2463860595255375
0.28911624898061394,0.23968854723303226,0.2212488794818137,0.24994632430454006
0.28963924804408075,0.2390875985645075,0.22750335186449924,0.24376980152691252
0.2859997652251445,0.24157111077784868,0.21737946300008673,0.2550496609969201
0.283137226173258,0.24511983940469448,0.21087239777316757,0.26087053664888005
0.2921017581628153,0.2367930982299132,0.23844575764229672,0.2326593859649748
0.2941269916363449,0.23232790242529852,0.24016909195876968,0.23337601397958688
0.2969250545713192,0.23115667432300768,0.23986651835643277,0.2320517527492403
0.2991022499519492,0.22830493368183974,0.2488417980803385,0.22375101828587257
0.2957626482940046,0.23186920650470688,0.23430684759780496,0.2380612976034836
0.29365513799508536,0.2356037232627924,0.22921546634765486,0.24152567239446732
0.298683714521043,0.2288165987893401,0.25219121227502017,0.22030847441459678
0.2955562216537114,0.23119766989452908,0.23552032781729534,0.23772578063446412
0.2945776746395738,0.2348824104577746,0.23010351351454192,0.24043640138810984
0.29121040757363426,0.23735873082377382,0.22793495583994286,0.24349590576264904
0.2939485043455245,0.234633201331201,0.23609815704170592,0.23532013728156861
0.2912601020666104,0.2364955593394095,0.2279368036132432,0.24430753498073693
0.2993385387954922,0.2282671485331552,0.2534932319591106,0.21890108071224193
0.30439834425162915,0.21913839588006,0.26927134182649504,0.20719191804181578
0.30457588430773774,0.22170010766623413,0.2528076999961664,0.2209163080298617
0.2988372314743297,0.23018028421454997,0.23531538418290301,0.23566710012821726
0.2936253526013054,0.23571194857034344,0.22854516787311888,0.24211753095523242
0.2916367819470879,0.2372413931114328,0.22829008358418068,0.24283174135729874
0.2940137141237994,0.23437641034597953,0.23706807534962804,0.23454180018059306
0.29632627230313274,0.2311602927285869,0.2425297777851922,0.22998365718308816
0.2982423813252901,0.22926708255368597,0.24471446754007417,0.22777606858094984
0.29563282799243146,0.23239864861684612,0.23459346911416806,0.2373750542765543
0.29060673102014456,0.2381516107990036,0.2222439042807464,0.2489977539001056
0.2845903675471347,0.24378763053661848,0.21238135544330922,0.25924064647293765
0.29662917712724407,0.2313285983387443,0.2524213492706435,0.21962087526336824
0.3043644007643247,0.21739682054037696,0.2755522086988588,0.20268656999643966
0.3018750700679223,0.2246315371767931,0.24170044173245145,0.23179295102283326
0.2959224735825351,0.23427060027193417,0.2279413468664392,0.24186557927909147
0.2911812531826866,0.2379347349631342,0.22668483479470147,0.24419917705947766
0.2901842967879212,0.23842345631403591,0.2260096291179138,0.24538261778012918
0.2965318642287693,0.23131430055013605,0.24683336732480912,0.22532046789628546
0.2942267202560913,0.23266398347098216,0.23419067841618074,0.23891861785674579
0.2933838283274886,0.23581371698731693,0.2285273987224644,0.2422750559627301
0.28761831125012244,0.24064950082766223,0.21918559998128892,0.25254658794092655
0.2907559795751158,0.23847283128711227,0.228962287100132,0.24180890203763994
0.2863912351217554,0.24097338828483825,0.21900811600039674,0.2536272605930095
0.2968863216145966,0.23144255453117554,0.24855581684484962,0.22311530700937818
0.30025601425050524,0.22474414256260314,0.25665084137107114,0.21834900181582054
0.29791575738210085,0.22983550535082478,0.23544329832710267,0.2368054389399718
0.29268424627863704,0.23672616221147225,0.2254401062503967,0.24514948525949418
0.29244491804397915,0.23660370730620708,0.23165848479975776,0.2392928898500559
0.29182561991807576,0.23622621666872573,0.23064653761842716,0.24130162579477143
0.2930360457282479,0.23545440038273704,0.23265651219661643,0.23885304169239865
0.2913216054781708,0.23685274051334831,0.2282279849519,0.24359766905658084
0.2904042828999976,0.2382489688395779,0.22569940126422613,0.24564734699619845
0.2890608206120213,0.23941729611182647,0.22407121230718707,0.24745067096896506
0.29085264729449795,0.23775250081474694,0.22954155390212097,0.24185329798863403
0.28567210278574084,0.24173746385037062,0.21592982915392017,0.25666060420996833
0.29524909792233306,0.23370932552701057,0.24357218483273732,0.22746939171791916
0.3002196488874495,0.22459189848881206,0.2594460581225951,0.21574239450114324
0.29905352813846947,0.22809238883242447,0.23964526688469162,0.2332088161444145
0.2950280418152068,0.2343458394671713,0.23003982252587685,0.24058629619174504
0.29422189136632876,0.23465020317545388,0.23502409039484667,0.2361038150633707
0.29118530665323755,0.23685001689095905,0.2269395812688561,0.24502509518694734
0.2938252143720306,0.2351058028253023,0.23489411542205024,0.23617486738061683
0.29104932997124944,0.23670818037154903,0.22805567203375124,0.24418681762345035
0.28802252782434956,0.2405277837621646,0.21875759545029702,0.25269209296318884
0.2876597374206701,0.24126442505472603,0.22185516917310344,0.24922066835150045
0.2856232632436056,0.2423047032449263,0.2181017068528712,0.253970326658597
0.2796837036082083,0.24731190574840733,0.20462955350578232,0.2683748371376019
0.29281897905814774,0.23648889279812718,0.24113282393369936,0.2295593042100258
0.29931581375472804,0.22492595914329863,0.26040735349570016,0.21535087360627314
0.2976253657369596,0.22940647444748952,0.23555837025133206,0.23740978956421885
0.2982400858797351,0.23116671988493914,0.2407821058217545,0.2298110884135712
0.2976828234087811,0.22977852927244166,0.2445982469699568,0.22794040034882032
0.29256376495322034,0.23544751508024153,0.22547248464483985,0.24651623532169822
0.2958880880641856,0.23347025316041642,0.23953136547265602,0.231110293302742
0.2898794455328253,0.23730367946677924,0.22435265161638826,0.24846422338400723
0.28738615684439234,0.24168801182736124,0.21620534285342471,0.25472048847482165
0.28635078733254477,0.24243450236271646,0.2201883308587746,0.2510263794459642
0.28906715442947056,0.2392913893353163,0.22746702396733395,0.24417443226787927
0.2815883313640122,0.24486683708013193,0.20788120118469286,0.2656636303711631
0.2918608394690791,0.23809150603088036,0.23434901488336576,0.23569863961667484
0.2965319972077615,0.22926636374158954,0.25116520390711466,0.22303643514353416
0.2983508273791981,0.22871605869022016,0.24218348084997637,0.23074963308060525
0.30038545913132086,0.22749207090351584,0.24909288759530646,0.2230295823698569
0.30275309347004764,0.2233313056561713,0.2583499007432832,0.21556570013049792
0.2958091771033126,0.23171004132916537,0.22958912090268002,0.24289166066484194
0.29077417521562154,0.2391738433473861,0.22016600153499166,0.24988597990200057
0.28593304934718117,0.2426774563077285,0.21734085143899107,0.2540486429060992
0.28477383812583495,0.2435776473767715,0.21582198071582717,0.2558265337815663
0.28818713816220975,0.24052614966768737,0.2258435294954558,0.24544318267464704
0.2901292641958012,0.23771476248349774,0.22986684475787908,0.24228912856282195
0.28642615695587753,0.24119636466231859,0.21700868592129677,0.25536879246050703
0.29542798618924726,0.23334568391877047,0.24443730330922858,0.22678902658275357
0.30040110619777083,0.22444089611004192,0.25934113606521625,0.2158168616269711
0.30220933832431285,0.2243791753195099,0.25021443886066785,0.2231970474955094
0.29426198531483455,0.2342171259591093,0.22574723999282542,0.2457736487332308
0.2929083464701572,0.2370309282492395,0.22887028319806488,0.24119044208253845
0.29290099413893356,0.23528215396017346,0.2348425746304679,0.23697427727042497
0.29710838465087347,0.2305006763269992,0.2449271984843745,0.22746374053775273
0.2884366069631494,0.2384860766321502,0.2174480168756898,0.25562929952901065
