0.2968572923629135,0.23189317303964224,0.2282167040358778,0.24303283056156635
0.2925535982836757,0.22656144701692152,0.22992111748397648,0.25096383721542626
0.2840174379325515,0.22074321239586045,0.22432841232853445,0.27091093734305366
0.3051428865147334,0.23514486233137152,0.22007344803242465,0.23963880312147043
0.2976560851677639,0.232292884782005,0.2363071496535859,0.2337438803966452
0.3182924145193127,0.234207600778338,0.22070054984811005,0.2267994348542393
0.3201867155342572,0.23521507908044959,0.22417510418834677,0.22042310119694639
0.27331903996948503,0.21643591103453597,0.2401067622827089,0.27013828671327006
0.30576266247892464,0.23509774675640735,0.21127243033947987,0.24786716042518817
0.30350719414489863,0.23879344023625204,0.23537754684417556,0.2223218187746737
0.31608868109172816,0.23619256315224188,0.22959905758588223,0.2181196981701476
0.3374827238823857,0.2373390566967872,0.21531689588195724,0.2098613235388699
0.32242633131571496,0.23952077967765195,0.2314844944612392,0.20656839454539377
0.2892101777949188,0.22951641067933617,0.23884589577594667,0.24242751574979843
0.30045032368238456,0.23524655623213275,0.22148668395055301,0.24281643613492976
0.29863397540720843,0.23726219997493986,0.23204372437425105,0.23206010024360083
0.2937646735926007,0.23008919477558912,0.2350632603243486,0.24108287130746148
0.2841354209487496,0.21781689874726584,0.2218306360195391,0.27621704428444555
0.2774798255851457,0.21924343262820278,0.2220243923243946,0.281252349462257
0.24290320198023685,0.19978266951141826,0.22438245850288124,0.3329316700054637
0.2941459378780603,0.2253409039882818,0.20913028661864344,0.2713828715150144
0.30410132066459306,0.2302803834614556,0.22917416590458825,0.23644412996936312
0.3222391733127384,0.23091258499405953,0.2239471329726179,0.22290110872058416
0.34444886381047224,0.2375661990082909,0.21259612704551667,0.20538881013572016
0.31362170972709913,0.23571363859274122,0.23833651933903907,0.21232813234112058
0.2859576859491894,0.22565957108830442,0.23248126914802392,0.2559014738144821
0.3091538665738013,0.23940488291088258,0.2184124151756474,0.2330288353396688
0.30216099880840225,0.2395475257630072,0.23725838902566754,0.2210330864029231
0.3020311011079739,0.23010374252292218,0.23248783747126536,0.23537731889783853
0.31788088205743487,0.23317566506354562,0.21580875144967043,0.23313470142934908
0.3369864977716958,0.24716406861661613,0.22159140302563482,0.1942580305860532
0.2983761179952803,0.23130572819058248,0.24861883768891221,0.22169931612522506
0.34580564222925153,0.24422080171474658,0.2063329298386761,0.20364062621732568
0.3335156330228465,0.2454450499474553,0.2301724332961686,0.19086688373352964
0.32367763898951074,0.24499201479566363,0.23630765275265264,0.19502269346217282
0.3547315767015543,0.2476861978424815,0.21214299085661315,0.1854392345993509
0.33232471835751864,0.24472375450384093,0.23500285743785526,0.18794866970078514
0.31881516402204646,0.24442473000291182,0.23262306966532248,0.20413703630971916
0.32151064841965815,0.2465469907668129,0.22743664888903023,0.20450571192449862
0.31020164391619587,0.24422364510747865,0.23589084446163597,0.20968386651468948
0.3264237785732015,0.24699734295179626,0.22522720197296686,0.2013516765020353
0.32250789155216325,0.24205244854829427,0.23107439009945355,0.20436526980008893
0.3068397797466662,0.23582924190997473,0.23414014209796916,0.22319083624538993
0.25877422127958777,0.21076406562993122,0.23028064706667875,0.30018106602380223
0.30850645453688036,0.24223426808544854,0.21208203184012342,0.23717724553754768
0.3164012135870818,0.24564006384800013,0.23564192674415843,0.20231679582075965
0.34866567079810884,0.24073885656440783,0.22027674381972934,0.19031872881775405
0.37475606912782605,0.2411734209057342,0.20699775843708096,0.17707275152935878
0.333360184530732,0.2433297404431982,0.23700039359266212,0.1863096814334076
0.29222117551504495,0.23671990828067843,0.24168237478280147,0.22937654142147512
0.29928504800407474,0.2419588434139328,0.2258247031070502,0.23293140547494232
0.3020484915413238,0.243852169096191,0.23375649977777527,0.22034283958471004
0.3067254819855514,0.23752131263023651,0.23441135807792016,0.22134184730629203
0.3072165719511582,0.22926354147629774,0.22400417433685255,0.23951571223569132
0.3185381346838872,0.23954079637406855,0.2219335049670347,0.2199875639750096
0.2861619196304637,0.23002387728976584,0.2422563232688155,0.24155787981095486
0.32247406374911297,0.24175490700048938,0.21623436560252418,0.21953666364787353
0.34797958056769485,0.246826742840391,0.21834949321578978,0.18684418337612432
0.34525330713691466,0.24357546095934937,0.22949313008376498,0.18167810181997104
0.3571141366491758,0.24367668760197433,0.2163449125082488,0.18286426324060107
0.32004109559298105,0.24064010888504483,0.23709576480870453,0.20222303071326947
0.277948110944123,0.23200079389298572,0.24027390979542587,0.2497771853674653
0.3019841947999535,0.24548886295190792,0.2226609896359626,0.22986595261217604
0.30657197991408397,0.243555036146125,0.23628750356681005,0.21358548037298095
0.32673936733483966,0.23906440868832687,0.225655752352681,0.20854047162415248
0.32601014876242296,0.23444066791236226,0.222827473205474,0.21672171011974073
0.32867996610764166,0.24468111872418646,0.2246327210897206,0.20200619407845136
0.28082699127405447,0.22780836073817473,0.24727183472899036,0.24409281325878038
0.33613889974358097,0.2481607856446252,0.2081876944069256,0.20751262020486813
0.34020828229718075,0.24758461962621708,0.22792168107504868,0.1842854170015535
0.3186913953700573,0.23468839070796407,0.24235380038744322,0.20426641353453542
0.3247415888729499,0.23459348809837366,0.21403815422346995,0.2266267688052065
0.28430335895542536,0.23362110282759932,0.24029550263881744,0.2417800355781579
0.24143702702326295,0.20887858258829006,0.23440428177567446,0.31528010861277256
0.3012045682868136,0.23361928479835012,0.20772294713145,0.2574531997833862
0.2969768703565959,0.2315493148061677,0.23738316182475996,0.23409065301247647
0.29610913968024644,0.218656432758529,0.22960635574538124,0.2556280718158434
0.3117774927205968,0.22527215515778287,0.20798032909315478,0.2549700230284656
0.3002965186665914,0.23556960539318447,0.2349223186442608,0.22921155729596338
0.27081558817495516,0.21667916250415822,0.23757843903867223,0.2749268102822144
0.33419865443389013,0.23968405875213847,0.20320775464917287,0.22290953216479847
0.319273208717445,0.23941993973107517,0.23623939574541233,0.20506745580606742
0.3220338932403367,0.23620916475259887,0.23063749068253037,0.21111945132453414
0.33299228071357234,0.2374531688193189,0.21595327081155752,0.21360127965555112
0.3184280111311683,0.24327375319764968,0.23357077021625644,0.20472746545492568
0.2880675421855295,0.23169019378196185,0.24109554971223562,0.2391467143202729
0.3189151816827919,0.24149760103797502,0.21685568900265098,0.22273152827658207
0.3013669751282507,0.23627789709248534,0.23674345582703402,0.22561167195223003
0.2945977611061031,0.2298976334292872,0.23374121896908515,0.24176338649552456
0.31524477395235423,0.23628912020302936,0.21614141639610407,0.2323246894485123
0.2919934935584675,0.23094507313047344,0.2402165775093847,0.2368448558016744
0.2466398353979838,0.19687370212790387,0.22472288703880156,0.33176357543531065
0.3218713268283317,0.2370359395831695,0.19958224124677612,0.24151049234172278
0.29735193099629836,0.2357736532189263,0.24723832897544218,0.2196360868093331
0.32714958588852155,0.23384660897067697,0.2215605304312545,0.21744327470954677
0.3553572632159281,0.23886013232029016,0.20773401506937503,0.1980485893944068
0.311294542581524,0.2378954644489708,0.2446041794416737,0.20620581352783143
0.30360813851991686,0.23719492361729005,0.2285646630840096,0.23063227477878348
0.31069936912163926,0.24034665140615766,0.2263698158527839,0.2225841636194192
0.33419097711215523,0.24925454259389132,0.22235714067913387,0.19419733961481958
0.3110543800427148,0.23473754704962027,0.24262860827503194,0.21157946463263305
0.3049233599373048,0.22782298481994873,0.22214536080449374,0.24510829443825283
0.28429530140375203,0.22892192841185852,0.22728262349790188,0.2595001466864876
0.2560469091737128,0.2188088961406692,0.23804935036968902,0.287094844315929
0.3359870579505943,0.2465492574959495,0.2044117654783316,0.21305191907512466
0.3287727906332742,0.23801788684965566,0.23642592444185415,0.19678339807521597
0.3670525636617152,0.24219961995238837,0.2091411921733706,0.18160662421252577
0.3608036854448061,0.24259635623234876,0.2186726260985267,0.17792733222431853
0.3123962209143034,0.24138941588558274,0.2451840649282032,0.20103029827191068
0.32115977859104594,0.2489075098679802,0.22283458037009646,0.2070981311708775
0.32472590399501133,0.25034138797958627,0.231274744316348,0.19365796370905428
0.3179441126437937,0.24318662710529268,0.2360803540398394,0.20278890621107432
0.31080349347072256,0.23436978862750493,0.22905935365775784,0.22576736424401458
0.3166203489578815,0.24303981680957656,0.22302712668341074,0.2173127075491312
0.3033544736561336,0.24353947651316424,0.2394747076183017,0.21363134221240043
0.29064502042382573,0.22870885834931967,0.23628846200413697,0.24435765922271765
0.34997957607629643,0.24709952625810788,0.20415768396030015,0.19876321370529548
0.33683935452602104,0.2462544147881127,0.2341416039813784,0.18276462670448784
0.3553705092947931,0.2462050933284341,0.2197818325283771,0.1786425648483959
0.35587040106109097,0.24316088119051874,0.2194083984792684,0.18156031926912197
0.3201249390353522,0.24424041466531723,0.23800055828137617,0.19763408801795435
0.3100345952254874,0.24838988203677492,0.23245718615645236,0.20911833658128542
0.3092149040242579,0.24680895497118455,0.23472739481648885,0.20924874618806877
0.31760971477220895,0.24398572838766663,0.22936759109608218,0.20903696574404212
0.3112868069641762,0.23724169722180993,0.23197531416159203,0.21949618165242177
0.3276451605369941,0.24474849620330483,0.22113892474413063,0.20646741851557043
0.305662618548317,0.23862237228956354,0.23952980636155108,0.2161852028005685
0.2656445438426917,0.21225992766875515,0.23516312683567786,0.28693240165287537
0.36410993030335814,0.25196438580871905,0.19179220200472574,0.192133481883197
0.34075932996055147,0.24776226585486508,0.23995236451447338,0.17152603967011013
0.33720135583860417,0.23103599454277723,0.2341681387937615,0.1975945108248571
0.3929118472762577,0.24607721885687753,0.19023042200943216,0.17078051185743265
0.3169781890405084,0.24972184708093442,0.25424096937950064,0.17905899449905638
0.28222538261858343,0.23477486748788462,0.24956853350952315,0.23343121638400893
0.32900041365285576,0.24576327964601574,0.20728563914055348,0.21795066756057502
0.29554693950138794,0.24130338050941633,0.2473647396926388,0.21578494029655682
0.27927822385686146,0.22427841697138756,0.23922744619562974,0.2572159129761212
0.22686365550434007,0.1789307026346524,0.19967019647067405,0.39453544539033353
0.12902935846982275,0.10457644366423753,0.13586997098185993,0.6305242268840798
0.03932228937253251,0.028902916731728817,0.04349917937645346,0.8882756145192853
0.09266335615896135,0.06649929623295957,0.08721516428728864,0.7536221833207905
0.21635578718953716,0.1545692532418057,0.17573789949707533,0.45333706007158175
0.22178728126113953,0.14566362915948447,0.1913405651165289,0.4412085244628473
0.22442175422873917,0.1456379125586502,0.15380911044291837,0.47613122276969216
0.2357055271884673,0.17706779298325034,0.19397273074685,0.39325394908143235
0.21003526051089944,0.16247588884760955,0.20251514837901802,0.424973702262473
0.28988687126717905,0.20446059939352065,0.1877652751045492,0.31788725423475106
0.2677678236803393,0.202949672950989,0.23016354353518886,0.2991189598334828
0.27160323935359654,0.1983426339211977,0.21211987822532705,0.3179342484998787
0.28819809616920306,0.21141795368149865,0.20354850405705177,0.29683544609224655
0.24730556011419788,0.19709327585836098,0.23280190095860365,0.3227992630688376
0.229716007492786,0.17777214032162533,0.19323281202249976,0.3992790401630888
0.29116650123352056,0.21827934647769318,0.20447388420429793,0.2860802680844883
0.2889788343174702,0.22262249337234818,0.23707512890455276,0.25132354340562896
0.32488192675926847,0.22711139733155428,0.2132829958114738,0.2347236800977035
0.34943170128336987,0.23758799657982976,0.211563503193512,0.2014167989432884
0.29900898884132676,0.22863243344348494,0.24706296888376053,0.2252956088314278
0.3013601007475217,0.23078733999942885,0.21961798551526238,0.248234573737787
0.3280268798486918,0.24600833416692353,0.21925192488352804,0.20671286110085674
0.2876014831536541,0.22942566961575803,0.2521882304212429,0.23078461680934492
0.3082891631039138,0.2290862687969134,0.21444822803865363,0.24817634006051933
0.28676726213188153,0.22514751919313886,0.22742530300935615,0.26065991566562335
0.28525930525435905,0.23191382194179336,0.23338802921978197,0.2494388435840657
0.28073123836642094,0.2211286844686162,0.22691237226930558,0.2712277048956573
0.3383917815322556,0.24205271154909264,0.20900552661158178,0.21054998030707006
0.35884768173279885,0.24603701709595033,0.2186570979454407,0.17645820322581018
0.34467373533265333,0.23740525160347492,0.23258412919373345,0.18533688387013825
0.34164540164875606,0.23850236679366554,0.21765132487239,0.20220090668518853
0.29042528655790883,0.23622507611759114,0.2419645969523454,0.2313850403721545
0.2708472718845592,0.23437164828885734,0.2370267905606671,0.25775428926591637
0.2878998797304013,0.2348888157492376,0.2271879130822161,0.25002339143814506
0.3056060317304499,0.23490654507257389,0.22700149546908857,0.2324859277278876
0.32277838426359223,0.23617348559112566,0.22331219901041216,0.21773593113487003
0.3095017185564175,0.23012389215687748,0.23007376047058387,0.2303006288161211
0.28042835872668986,0.21969188076365698,0.22953988066782982,0.27033987984182334
0.24228416113507645,0.19976639440791188,0.21785184933992652,0.34009759511708515
0.3160128215619173,0.24155756779945775,0.20853075113689298,0.23389885950173203
0.3473019169635183,0.24666296613799626,0.22337630900899427,0.18265880788949104
0.333227557874611,0.22491216821149143,0.23737324304226612,0.20448703087163142
0.343511484071069,0.23231286582541996,0.20491575194407885,0.2192598981594322
0.2771329909383309,0.23253533076007804,0.2458912220840866,0.2444404562175044
0.25910920732741455,0.22784921149243584,0.23867039040713578,0.2743711907730139
0.3138554791088885,0.2403677486842019,0.2130019670775399,0.23277480512936977
0.29044259862561483,0.2234860556802273,0.2421406988546361,0.24393064683952173
0.30155298143324377,0.22281379603964552,0.21656808766504768,0.259065134862063
0.2673305803892705,0.21040877944764438,0.22253947797985626,0.29972116218322875
0.27111454546811287,0.2204806818709699,0.2246316390943628,0.28377313356655437
0.2514755804784219,0.20280696779559418,0.22213087875010762,0.3235865729758763
0.32316172121581466,0.23443141359509614,0.20587569408411988,0.23653117110496932
0.33418200676915977,0.2386703558470169,0.2263763131558549,0.20077132422796856
0.31432637948805303,0.22438845565073298,0.2372354915907576,0.22404967327045652
0.31329848335259,0.22686467842502572,0.21095449895549512,0.24888233926688919
0.2819116678837954,0.23151086054225922,0.23801722417904528,0.24856024739490004
0.27387431354159586,0.22817347115182884,0.23422208605690414,0.2637301292496712
0.290649557426403,0.22515689261208968,0.22174472046879176,0.2624488294927156
0.28439990992875125,0.21915748475727564,0.2251326755875759,0.27130992972639717
0.2770821970233912,0.2158730728457634,0.22365134460473765,0.2833933855261077
0.2703488386421416,0.21257679319380912,0.2197932813729153,0.2972810867911339
0.277653117360843,0.21758980463035546,0.2213946313048355,0.28336244670396604
0.24912305009767766,0.1961853114500983,0.22107049573672607,0.33362114271549803
0.31678504461876955,0.23068680430797467,0.20316097834585195,0.2493671727274039
0.3319365434537769,0.24027521222840087,0.22669543060568048,0.20109281371214172
0.3178453918136163,0.22664889721175574,0.23727329495480132,0.2182324160198266
0.3289632152102918,0.23062838812612838,0.2094167052764821,0.2309916913870978
0.29526226845378545,0.23545636920246724,0.2375036670854394,0.23177769525830785
0.27000257850603204,0.22629231977895561,0.2396322760715883,0.26407282564342405
0.2973437027773663,0.230547238178539,0.21716172505806192,0.2549473339860327
0.2787108437105028,0.21980377450104127,0.23244918524143152,0.2690361965470243
0.26165662932584227,0.20567472507252763,0.22212596942859322,0.3105426761730368
0.26351121984671544,0.20656752111800467,0.20884864800197556,0.3210726110333044
0.24317658481062604,0.19670820872009076,0.22176868320515952,0.33834652326412373
0.20401440405047894,0.15912225987397183,0.1889865094642227,0.44787682661132655
0.29980167555023,0.21664759403686798,0.19293239968643228,0.2906183307264698
0.3212354852096152,0.23576517478413475,0.23035807205907505,0.21264126794717483
0.3163149976643179,0.21842245956504305,0.23334663518853,0.231915907582109
0.3635514810155601,0.2364894169779233,0.1954855746542595,0.20447352735225707
0.30965561028715727,0.23969592459186315,0.2459816845783377,0.20466678054264187
0.27773306986606355,0.22587928456980405,0.2424344203844048,0.2539532251797276
0.3210415976538226,0.2392586419550965,0.20805019302824865,0.23164956736283224
0.2665736797617305,0.21874623012455022,0.24877548469452324,0.2659046054191961
0.25579750235953547,0.20378830265052608,0.2161797912212103,0.32423440376872814
0.2543938755841396,0.20199170604051767,0.205358088203776,0.33825633017156675
0.2584036061632722,0.20957405793700243,0.22662390160411855,0.3053984342956067
0.2228347159767472,0.17250204928269974,0.2037639882473122,0.4008992464932409
0.29413633236335507,0.21239654000826763,0.19441237189715987,0.29905475573121754
0.3111463542398163,0.23263877016720122,0.22792258209158645,0.2282922935013961
0.3154883181085202,0.22588593407184795,0.23214604778522047,0.22647970003441134
0.3685217606829379,0.23972021966343562,0.19818711331272168,0.19357090634090493
0.3437651591520131,0.2437647375164203,0.2318049357425292,0.18066516758903747
0.2968388907871014,0.22986617114203378,0.24703858087824687,0.22625635719261789
0.2862402069781138,0.22377026262537564,0.21787705810208535,0.2721124722944252
0.24728021237527958,0.21223614328782583,0.22793821707797352,0.31254542725892115
0.23231393051990187,0.19822093826656548,0.22150776653973972,0.34795736467379285
0.26050786411457116,0.20439528103497961,0.2050728349491018,0.33002401990134744
0.2724604412035519,0.20918759938042422,0.22125720472439306,0.29709475469163094
0.2557698178691635,0.19237141178050476,0.21486443818125864,0.33699433216907304
0.3263669811841801,0.22995475806058133,0.19958530315536244,0.2440929575998761
0.33037969016385643,0.2395938017075478,0.23037950564863277,0.19964700247996306
0.33950334823025496,0.23567720688623425,0.2259380776339698,0.19888136724954092
0.31744616958430755,0.22522218915077355,0.22315830154162236,0.23417333972329646
0.2926345381317104,0.23256705245525258,0.22912268638901104,0.2456757230240261
0.27967950909164335,0.23614350209811918,0.23617391647811142,0.24800307233212612
0.30319951700093684,0.23848922209596166,0.22812191579567898,0.23018934510742262
0.26846772083520287,0.2068850719818647,0.23225191319703917,0.2923952939858932
0.27011348947966646,0.2079207380553043,0.2076255712990126,0.31434020116601663
