0.3222337188653681,0.27093804587373066,0.20028091732985662,0.2065473179310446
0.31543278915542733,0.2710030665533452,0.20379559971610928,0.20976854457511818
0.3167331741836156,0.27089096091868786,0.2047837655645166,0.20759209933317987
0.3241393740417838,0.27142283687104846,0.20265501413024245,0.2017827749569253
0.3185290172789479,0.2710647833081374,0.20043519447468086,0.20997100493823379
0.3084536382058198,0.2683433208139175,0.20700824656057112,0.21619479441969167
0.31836117524083013,0.2708784993870193,0.20481613753261504,0.20594418783953555
0.3173632805476736,0.2714119496428161,0.20202184913030713,0.20920292067920307
0.3227087482756339,0.2710264568308791,0.20560670670913866,0.2006580881843483
0.3287478285719574,0.2724782697983709,0.1974926926115697,0.20128120901810184
0.3061730457740337,0.267198140567701,0.20501346875608584,0.22161534490217952
0.31183023637270374,0.26978793311354304,0.2085305738801962,0.20985125663355692
0.32253076185818097,0.2699513007799426,0.20237528682771774,0.20514265053415862
0.32114826467066393,0.27189530461794076,0.20174343331419595,0.20521299739719934
0.3225791487053713,0.27063562485094006,0.20425437253308365,0.2025308539106049
0.3284637577704862,0.27260221209031144,0.1993204511588658,0.19961357898033646
0.31359442615519956,0.2695267324221295,0.20265441500556486,0.21422442641710612
0.3134138210186266,0.27116127184410044,0.2065283606649934,0.20889654647227957
0.32242044318840973,0.2716452043377395,0.2031162691291167,0.2028180833447341
0.32173638579085334,0.27401284866965836,0.19978380961810605,0.2044669559213824
0.3162161908126659,0.270098958340828,0.20476757571552426,0.20891727513098188
0.31734988821338345,0.27217259941356836,0.2007065100759338,0.2097710022971145
0.29952328097996433,0.2660036738897645,0.20739249574475946,0.2270805493855118
0.3133025920117496,0.2707894227410585,0.20816606215945807,0.2077419230877339
0.3201445635397806,0.269818986538046,0.2016504678561064,0.20838598206606693
0.31880642025606465,0.27172431883223624,0.2037606604950293,0.20570860041666983
0.3264402826371265,0.2708992191800645,0.2034007531412874,0.19925974504152155
0.3274048144012212,0.27234014846541044,0.19785840611591418,0.20239663101745411
0.30731288787928385,0.26799999710268,0.20535603806016345,0.21933107695787266
0.316542561653203,0.2708804371909898,0.207579381356456,0.20499761979935108
0.3281982182937546,0.2698954817034346,0.2005847240265917,0.20132157597621902
0.31512074052933786,0.27089398290664396,0.20073001578537278,0.21325526077864543
0.31098762946468383,0.2672925980678036,0.21025359338880745,0.21146617907870505
0.33393639119598334,0.27264319779588386,0.1988186428487958,0.19460176815933697
0.31602842114039786,0.26734596714395475,0.2016983574066318,0.2149272543090156
0.318578378263004,0.2698099684118643,0.20707400374163115,0.2045376495835005
0.32525272587742715,0.2692271475854387,0.2009462545964216,0.20457387194071258
0.32384963090200886,0.2706625785038173,0.20240250158017142,0.20308528901400233
0.3275538881832588,0.27050194196872124,0.2020616801449075,0.19988248970311254
0.32873344224989426,0.27160254734742956,0.1994401760001373,0.20022383440253883
0.32161653898954506,0.26927942832731155,0.20280217546401244,0.20630185721913097
0.3214479866078765,0.2704509316956108,0.20271684596086761,0.2053842357356451
0.31841012896206905,0.26964332194232205,0.20385886017364158,0.20808768892196727
0.323543441431839,0.2733548668859901,0.20256687414218727,0.20053481753998362
0.33154587467006447,0.2709076145649097,0.2020982417220471,0.19544826904297857
0.3289230021908461,0.2722565606276101,0.19559369714242292,0.203226740039121
0.2947238358821618,0.26304430245135624,0.20894281312058693,0.233289048545895
0.3105845413625813,0.2693259063827617,0.21075246051584393,0.209337091738813
0.32675536732118843,0.26954101539189645,0.2007674204717759,0.2029361968151391
0.3276956673555337,0.2729005543372719,0.20018504987351662,0.19921872843367783
0.32992592323265174,0.27138532141489075,0.20164341406404165,0.19704534128841592
0.33265327448956894,0.27284243986764745,0.19746678314579433,0.19703750249698926
0.31363387328948694,0.26879746118712083,0.20266178545898297,0.21490688006440925
0.31257885099883864,0.2702094392355021,0.2071917880605034,0.21001992170515577
0.3240489201386923,0.2703068823587275,0.20362710512415935,0.20201709237842094
0.32435727250321766,0.2728405290851163,0.1989915285093418,0.20381066990232424
0.31545671056171737,0.2684940911210063,0.2057986589772198,0.2102505393400565
0.32511382732146543,0.2708340199561751,0.20190387578114893,0.20214827694121063
0.3104026272336243,0.26603142394863005,0.20398459139049227,0.2195813574272534
0.3123225287507804,0.2683288730525258,0.20867215716422274,0.21067644103247093
0.3266457000058559,0.2705952918567325,0.20205609864977087,0.2007029094876407
0.3311025883955204,0.27344354811862387,0.19915939832792615,0.1962944651579296
0.3331424820647575,0.27185682345263673,0.20007880791564117,0.1949218865669646
0.32736167376309905,0.27199119607593614,0.19748593907403084,0.20316119108693406
0.30576935614828515,0.26665875570216746,0.20649348770815915,0.2210784004413882
0.3143259823316261,0.27026560822085544,0.20750355217317065,0.20790485727434774
0.3262062960463376,0.26982220641956317,0.20241975125820125,0.20155174627589792
0.324541845700237,0.27344359601027013,0.19880180967978384,0.2032127486097091
0.31961262753054603,0.268328537062192,0.20629662848763955,0.20576220691962238
0.3310503072349351,0.27194424690232993,0.19816039624470694,0.19884504961802796
0.30287911340438245,0.2651304408684001,0.2055958492092705,0.22639459651794702
0.31631185512154514,0.2710867005887941,0.210338102582207,0.2022633417074538
0.3363361033355146,0.27279759606528436,0.1973949986713135,0.19347130192788747
0.32700681871568,0.27529087663482105,0.1971427767342266,0.20055952791527243
0.32137692097610615,0.27052603592533675,0.20469005307150975,0.20340699002704732
0.32149814547268685,0.2728385291711321,0.19823179852667838,0.20743152682950253
0.29648772734469814,0.26585325163487733,0.20800744616938627,0.2296515748510383
0.31630260210872524,0.2724909521999344,0.2091372310193714,0.20206921467196895
0.32798101621023884,0.27115825392890536,0.19843912096272526,0.20242160889813052
0.3138554188921899,0.27210280559781835,0.2017811011300598,0.21226067437993187
0.3144276382538096,0.26881551399100456,0.20849185810496665,0.20826498965021914
0.326382882182008,0.2724617450853347,0.19839932293602314,0.20275604979663409
0.30312070502192345,0.26557367289375144,0.2066175052251961,0.224688116859129
0.3176032022987678,0.27144465340310764,0.2080841325746406,0.20286801172348398
0.3281764681216973,0.26998098082866023,0.19994084244194307,0.20190170860769932
0.3223439881449344,0.27263304699572116,0.20048546163330364,0.2045375032260407
0.31924444450455763,0.26906991156597115,0.20566625874923905,0.2060193851802323
0.3276271294123376,0.27306635609666946,0.19933645052165652,0.19997006396933634
0.3123476957560612,0.2685001431723846,0.20401558362513153,0.2151365774464227
0.32148757045008514,0.2719053427359616,0.2056697992831902,0.20093728753076318
0.3223100496439221,0.2709516365996532,0.19974871595543794,0.20698959780098666
0.31300743327826125,0.2721765171852685,0.20419451597268784,0.21062153356378227
0.32450853791850964,0.27052821406370564,0.20651122422859303,0.19845202378919155
0.3277179511620133,0.27367117194777624,0.19423943174627237,0.2043714451439382
0.29265286062118506,0.26348416353397097,0.20976150323181972,0.23410147261302428
0.31644436098578277,0.27201479674412393,0.20926583082790826,0.20227501144218502
0.3240601390813404,0.2696507146864768,0.1992339394774637,0.2070552067547192
0.3206345423941721,0.27158370424969874,0.20383350972559883,0.20394824363053032
0.3253395820543696,0.2705758825048357,0.20246979572154733,0.20161473971924734
0.3271746593941136,0.2704275633303966,0.20044058988676822,0.20195718738872157
0.31201068142550764,0.26890684679636534,0.20290046371770212,0.2161820080604248
0.31174639829811296,0.26916823685238617,0.20906111953938894,0.21002424531011185
0.33294449904378187,0.2733981521539376,0.200950612453447,0.1927067363488335
0.3279948267030279,0.2738261901795772,0.19654024585540172,0.20163873726199316
0.3195019071928353,0.26970361646760616,0.20460906898115008,0.20618540735840843
0.31404901619597536,0.2698512766427895,0.20078824259322647,0.2153114645680086
0.2968660073283651,0.26351735360657713,0.21154686440860368,0.22806977465645406
0.3226382865041256,0.2713598056981219,0.20557115335645804,0.2004307544412945
0.3252107268128958,0.26965583905693163,0.19977556945647423,0.20535786467369815
0.3298958021792739,0.27199450613737064,0.20241445742533257,0.19569523425802288
0.33218127859981145,0.2704993868097412,0.19810689548779337,0.19921243910265382
0.31882121494789717,0.2698341771348773,0.20182149591811732,0.2095231119991083
0.31479545941216447,0.2691617123454426,0.2065915938493446,0.2094512343930483
0.3303867703828108,0.2716671656067592,0.20247585067201,0.19547021333842007
0.3301517746693913,0.2717997010156374,0.19716150938365598,0.20088701493131533
0.3132862350959396,0.27008447118481904,0.20375534663502065,0.2128739470842206
0.3209597373540927,0.269507847508789,0.20708853587665665,0.2024438792604616
0.32830016789870925,0.2706228073639617,0.19763048498576108,0.20344653975156807
0.30581397079693073,0.2648686295636056,0.2072119622657938,0.22210543737366994
0.3178747009343874,0.26965994635017104,0.2072640183948985,0.205201334320543
0.32890937921464575,0.2701944198927498,0.20059509183640511,0.20030110905619933
0.3339349543016822,0.27253707714990877,0.19910988286930276,0.19441808567910634
0.32912179032333394,0.27105625017433865,0.1989663616740215,0.20085559782830598
0.32156700447073727,0.27031967610302937,0.202366755034737,0.20574656439149633
0.3183798527326307,0.2698486303886708,0.20386739932685927,0.2079041175518393
0.3238222202804467,0.2701881663051872,0.203773076466968,0.20221653694739822
0.3245999926228956,0.2714069522452333,0.19996534807894062,0.20402770705293058
0.3145257113633821,0.27095323544865496,0.20410377835337112,0.2104172748345919
0.3304851154977365,0.2703235745264456,0.20592862378952453,0.1932626861862933
0.33146734411758794,0.270655426546628,0.19272822960631344,0.20514899972947057
0.28390776421335456,0.2600794601747063,0.2129178991872355,0.24309487642470362
0.32061236693234724,0.2714368080001822,0.21330443910106048,0.19464638596640993
0.34803663963681825,0.2725963654198067,0.1891918339423629,0.19017516100101226
0.318464642806252,0.27181803701422663,0.20007171396648285,0.20964560621303854
0.3252474722830916,0.2708457362986232,0.20754415522184466,0.19636263619644062
0.33737526795877826,0.27360208839267514,0.19380547824044744,0.19521716540809908
0.31035778736552455,0.2693923558115758,0.20331711482818293,0.21693274199471668
0.31662637688138145,0.2732338966582609,0.20732140711773422,0.20281831934262343
0.3265349902325076,0.2753946928140498,0.20001149131092322,0.19805882564251942
0.3229610942201276,0.27757808351124535,0.19859954918150938,0.20086127308711751
0.31455643599266975,0.2738780952197988,0.19978078549039438,0.21178468329713704
0.29993050537168997,0.2746728189912796,0.19574548620873958,0.2296511894282908
0.27129646097828125,0.26897599314273907,0.20201872000202745,0.25770882587695226
0.2894853312710515,0.27427274794359513,0.21171803546154913,0.2245238853238043
0.31980793883057207,0.27588150007414486,0.20030556915902067,0.20400499193626231
0.3067715667238591,0.2732374739522015,0.19917191288165847,0.22081904644228095
0.3043640710852142,0.27109585633540995,0.20852701636912405,0.2160130562102519
0.31154280896047426,0.2739126295402738,0.1993562888263543,0.2151882726728976
0.29519719835771385,0.2674015389167136,0.20815223499886754,0.22924902772670508
0.3169102920147819,0.2741180481111437,0.20677232714700802,0.20219933272706642
0.31558314020447537,0.2722156488994694,0.19883663852696487,0.2133645723690903
0.3090885836183181,0.2720364322814375,0.20659792600054022,0.2122770580997042
0.32105490478138726,0.27197454886073547,0.20346900100000131,0.20350154535787596
0.3118937764595026,0.2714420121120788,0.19904068654362256,0.21762352488479594
0.29452006808383746,0.26633169633929926,0.21013968970798869,0.2290085458688746
0.31580280928600235,0.27131160842353347,0.20702570334235706,0.205859878948107
0.3169127768761951,0.27030823036538637,0.20076600758585422,0.2120129851725642
0.31600722730279024,0.2704597535754559,0.20692763312055157,0.2066053860012024
0.3315584594617235,0.2713937209918606,0.20092550837389891,0.19612231117251688
0.31780107120861845,0.2715233405273399,0.19837846038641557,0.21229712787762597
0.307015958417038,0.2680856982111901,0.2101454136317519,0.21475292974002003
0.3290834054372559,0.27380103758497876,0.20163758849488497,0.19547796848288038
0.32311882284738314,0.27074580886725863,0.19945665537731655,0.20667871290804163
0.31579698534166234,0.272251631262425,0.20335089458490802,0.2086004888110047
0.3153267440439991,0.26826579941729584,0.20595816770977274,0.2104492888289323
0.3207695091347852,0.2698557124157174,0.20148424985903493,0.20789052859046253
0.3002785553214639,0.26430712795710837,0.20753251385265367,0.22788180286877407
0.3147956306339405,0.26990332346500984,0.2099939619080533,0.2053070839929964
0.33650365381512637,0.2730140335851823,0.19801398362137385,0.19246832897831742
0.33383415907989133,0.27409007403408214,0.1966592962333915,0.19541647065263493
0.32450585090713285,0.2719599051794063,0.2006043102538742,0.20292993365958653
0.3167900690134425,0.2703948734209607,0.20268545219315873,0.21012960537243822
0.31122210479656565,0.26881352076441933,0.20555158674105573,0.21441278769795935
0.3139917536055952,0.27016594399824223,0.20520587310893043,0.2106364292872321
0.31849901675809794,0.2712325866409219,0.20418879565705886,0.2060796009439212
0.3247695021524501,0.2736988060410696,0.2017502508788153,0.1997814409276651
0.3288489518395122,0.2707991389363368,0.20144802610703014,0.19890388311712084
0.3185654577313238,0.2693420003093874,0.19864339267464137,0.2134491492846475
0.2839639995554037,0.26171356646222965,0.21152713591492317,0.24279529806744352
0.3114356274930413,0.27051272468519044,0.2141851756977016,0.20386647212406664
0.3441945761665934,0.27489512803958077,0.19395153648614807,0.18695875930767772
0.32926995805170217,0.27419568730119703,0.1956852167715996,0.20084913787550118
0.32001697521282274,0.27101741833406023,0.20395319866940223,0.20501240778371488
0.312621250598644,0.27081575601208235,0.2013138359278236,0.21524915746145007
0.30531685663575314,0.2681510363409623,0.2093138140358597,0.21721829298742487
0.3242918478502912,0.27405765008019983,0.20285972803074437,0.19879077403876463
0.32263296851083795,0.27113941331301605,0.20064223719809943,0.20558538097804663
0.3175264541070248,0.2739043860778308,0.2013054852072231,0.20726367460792125
0.31190873618620113,0.26830211646654556,0.20616119760718687,0.21362794974006652
0.3168242722917474,0.27144706176597316,0.2014167823666788,0.2103118835756006
0.295326312101831,0.26468420257452296,0.208374173568207,0.2316153117554389
0.31668721783012294,0.2721635520158052,0.21012278142962162,0.20102644872445022
0.3349801457533994,0.27278444646673955,0.19697715341189656,0.19525825436796457
0.3235890580168753,0.27301793305647193,0.1988952629060529,0.20449774602059995
0.3132189626806164,0.2701924625752337,0.20485938419746677,0.21172919054668307
0.3157635619000207,0.27155233498148745,0.20390224513258856,0.20878185798590335
0.3150777972585738,0.2708510023503379,0.20394219660635182,0.2101290037847366
0.31802787442296326,0.27229197178148096,0.20340637467644218,0.20627377911911365
0.31708189056351416,0.27125912330525837,0.2027554974253914,0.20890348870583605
0.31270600015424355,0.27250923347759975,0.2027572775381956,0.21202748882996114
0.31446714363612616,0.2696677388966665,0.20668247518508007,0.2091826422821272
0.3203418583424289,0.2713526391967296,0.1997484705205038,0.20855703194033773
0.2944335857286673,0.2647529918921816,0.20781662426198605,0.23299679811716512
0.3117310720802543,0.2707879705359387,0.21158345658153263,0.20589750080227448
0.3345852510033334,0.272620926033806,0.19796718121641052,0.19482664174644995
0.3240857042862479,0.27316537698115684,0.19834356024659952,0.20440535848599567
0.31666748223502905,0.27041282834471747,0.20529515648651525,0.20762453293373828
0.3197324870062546,0.27252684654671,0.20134074039621502,0.2063999260508204
0.31143065201372117,0.27031260054079886,0.20466534062094113,0.2135914068245388
0.3201126912956809,0.2729591420324198,0.2046100157027835,0.20231815096911587
0.3187209513059795,0.272892585887016,0.19970797191199735,0.20867849089500723
0.3090082516752557,0.2725198304047122,0.20409788836060477,0.21437402955942722
0.31730047983275733,0.27132187801911495,0.20601496991016785,0.2053626722379599
0.3160896975165826,0.27123810909717894,0.19774492063538987,0.21492727275084858
0.28327427025805046,0.26324147929207425,0.21018065869264602,0.24330359175722943
0.30976067504584714,0.27107383907504595,0.2136609500769728,0.20550453580213418
0.33555927110206274,0.2727372193937224,0.195302368492578,0.1964011410116368
0.31540821655633944,0.27106309449408283,0.20147766676084708,0.21205102218873065
0.32120685043279135,0.2708985626898087,0.20737923048889229,0.20051535638850757
0.3267055497589224,0.27426865943632944,0.1963533639634511,0.202672426841297
0.3102150101584528,0.2697382952639213,0.2059713191914317,0.2140753753861942
0.3247722412361961,0.2743183610777229,0.20368388476353677,0.19722551292254423
0.31916868678058335,0.271687044568488,0.1987030212849915,0.21044124736593708
0.3057901621729453,0.2725974011663817,0.20418469210014722,0.21742774456052574
0.3115926362031583,0.2701811052209412,0.2080000620036988,0.21022619657220176
0.3215331323033581,0.272956712558697,0.19837428158874015,0.20713587354920465
0.29264197815546605,0.26480192314394685,0.20702555147684001,0.23553054722374714
0.30799772301680595,0.27019046135749997,0.21200404112130233,0.20980777450439184
0.3267458011628437,0.26979760559124666,0.19959021584765352,0.20386637739825617
0.3139227351660081,0.27034250517974334,0.20280068520824893,0.2129340744459996
0.32012977546756316,0.27090789188022874,0.20756204132068742,0.20140029133152068
0.33704675872783135,0.27549617466825954,0.19684245524749752,0.1906146113564115
0.32260387121388234,0.2735753892851841,0.19790485031372543,0.20591588918720805
0.3149939055746536,0.2724132847378514,0.2041527316649316,0.20844007802256317
0.3110925098452268,0.2712864071731732,0.2020837869364225,0.21553729604517757
0.30300791838689034,0.27062210879426285,0.20561557712502454,0.2207543956938222
0.3138223021503889,0.27059863155091995,0.20762412621781215,0.20795494008087897
0.3200180431555292,0.27095768548298915,0.19903874729027934,0.20998552407120233
0.2957904652874689,0.2645562725075242,0.2085290355712836,0.23112422663372334
0.31032056466474967,0.2706378210823857,0.20992580769300628,0.2091158065598584
0.3309464373607034,0.271745831535839,0.201497463096041,0.19581026800741655
0.33468537834435946,0.2742970154545571,0.1960868465333129,0.19493075966777043
0.31679466585956995,0.26961943377670666,0.20180732794869152,0.2117785724150317
0.30922992333997135,0.27154132143969933,0.20496945424475974,0.2142593009755696
0.3151072193737827,0.270045275792991,0.20776762441831287,0.20707988041491343
