0.30661009661947364,0.23262132750627923,0.22389627658605027,0.23687229928819684
0.30323930092976015,0.2320556557568153,0.22186990981760543,0.24283513349581903
0.3018388189647371,0.2300639821777404,0.22339233074869952,0.24470486810882291
0.3031739727669096,0.2360360683409194,0.21955221876352196,0.24123774012864907
0.3067107725585839,0.23315107206120123,0.22127058160278756,0.23886757377742726
0.3024731627137212,0.23405648327445733,0.2214309422146056,0.2420394117972159
0.3052605342189085,0.23453707980078786,0.2214777010960364,0.2387246848842673
0.30508381998572015,0.2293371478511061,0.2240426130899845,0.24153641907318923
0.30068463618561486,0.23755746840725017,0.2183744947706889,0.24338340063644598
0.3092166288494505,0.2371337078231111,0.21850607872689654,0.2351435846005418
0.3053841708021697,0.23583607912197457,0.22013910494240108,0.23864064513345462
0.30417865601195726,0.23512367318074792,0.22128062009216606,0.23941705071512875
0.3083000446342062,0.23956525802906872,0.21891534491495246,0.2332193524217726
0.30759259881272544,0.2346401533304234,0.2204437673669109,0.2373234804899402
0.30375116793995827,0.23832494003003196,0.21801616924261127,0.23990772278739844
0.3079021617000272,0.23748958191851857,0.21797335490201225,0.23663490147944208
0.3055075185001541,0.23393445564327695,0.2206100384586387,0.23994798739793033
0.3011738277926615,0.22853815440126038,0.22378095463569384,0.24650706317038434
0.3013044612685844,0.2306224341624076,0.222827357237286,0.24524574733172202
0.30108480225316103,0.224442329666756,0.22490174608039512,0.24957112199968778
0.2971434334538566,0.2319543470467331,0.22122478055936712,0.24967743894004318
0.3046944673422125,0.22881604881056095,0.22398308630017916,0.24250639754704753
0.3011815473157714,0.23141705283676103,0.22398978312467832,0.24341161672278916
0.3033024838080324,0.23396225758650416,0.22261044787936604,0.24012481072609743
0.3081542216870313,0.2369009456851002,0.22091279024173768,0.2340320423861307
0.3050647676667601,0.23288813304845382,0.22154304335798042,0.24050405592680552
0.30407887189182525,0.2404868733207098,0.21684389354735256,0.23859036124011235
0.30994156314695315,0.23814979337801012,0.21759613309579615,0.23431251037924064
0.3047740377348161,0.23376386669809607,0.22108133081014972,0.24038076475693818
0.3026121750992564,0.23409113506948065,0.2213080700750109,0.24198861975625208
0.3089798956333955,0.2453607244564898,0.21473408733968183,0.23092529257043284
0.31120151861412515,0.23419720830529642,0.22064837578564242,0.233952897294936
0.30229122930149344,0.2424646726223949,0.21685671663006756,0.2383873814460441
0.31304583043830536,0.24401758063656276,0.21467596633146935,0.22826062259366248
0.3113804838289419,0.24523214944121136,0.2147726843058473,0.22861468242399954
0.3095953711033894,0.245052106150541,0.21434206768749803,0.23101045505857148
0.31338528707935587,0.24652337984388842,0.21415809197549865,0.22593324110125704
0.31142976285659674,0.24426245060558194,0.21459406041014703,0.22971372612767418
0.3103996663783799,0.24651696856733454,0.21311320497665479,0.22997016007763071
0.3119868209982314,0.24402840775974785,0.21405709735837336,0.2299276738836475
0.3097389870042271,0.24554394804849045,0.21360712113061664,0.2311099438166658
0.3108532892163161,0.2412288882501433,0.21632513286333163,0.231592689670209
0.30813241223130866,0.2387065320829573,0.21842185036842363,0.23473920531731046
0.30496472865996876,0.23024126703664596,0.22224315756268953,0.24255084674069585
0.30302072886209275,0.24435291899016381,0.21370283401005283,0.23892351813769075
0.31336496397017444,0.24110605863877047,0.21528396727364693,0.2302450101174081
0.3067833362280805,0.23971067191471723,0.21868797783040572,0.2348180140267964
0.3073267136678356,0.23955630631521582,0.2195122956251812,0.2336046843917673
0.3125279595846712,0.24578422486879464,0.21568069355257893,0.22600712199395523
0.311029899298189,0.24041961139360854,0.21670977772081293,0.23184071158738942
0.30714554442885966,0.24437456819738726,0.21377059307149598,0.2347092943022571
0.3108448883108116,0.24273599317459013,0.21402313975766726,0.23239597875693102
0.3080737683219171,0.23823279022627666,0.21786247607690565,0.23583096537490061
0.30406318343055905,0.232667157478985,0.2217366642777613,0.24153299481269466
0.30539566335639,0.23969191321733097,0.21815342293038226,0.2367590004958968
0.3085657027097262,0.23391368806925122,0.22039041584490487,0.2371301933761178
0.3031867684299737,0.24031092735216264,0.21719790415009158,0.23930440006777198
0.3107419517663542,0.24340618308357603,0.21524193831631547,0.23060992683375436
0.3119464432319336,0.2438129446886707,0.2162714524905034,0.22796915958889238
0.3094390175552023,0.24261663618370827,0.216994022539584,0.23095032372150548
0.31159755545994877,0.2433377868393817,0.21644294498182487,0.22862171271884466
0.30964982931737184,0.23955378442147787,0.21684803761791863,0.2339483486432318
0.3070662399602186,0.2461630287754106,0.21204222125606376,0.234728510008307
0.3118248638980192,0.2412907447097739,0.21499900206978764,0.23188538932241914
0.30663907538310536,0.23831524027543263,0.2185701424160526,0.2364755419254094
0.3057803565549544,0.234783087496274,0.22133867211022185,0.2380978838385497
0.30803502254701476,0.2441260691792823,0.2157799316434931,0.2320589766302099
0.3102086461636703,0.2340785274683938,0.22015027700356088,0.23556254936437496
0.30333895040794834,0.24627157304518463,0.21349973748805395,0.236889739058813
0.3147546950555658,0.2448882708233796,0.21349297399350792,0.22686406012754667
0.31014054604675456,0.23886500018982604,0.21922229667822368,0.2317721570851957
0.3040489639428773,0.23627578902231952,0.22022259729215823,0.23945264974264494
0.3091472909430262,0.2400966975651357,0.21741474728138785,0.23334126421045032
0.3056038312771754,0.23052825212131367,0.2203861446797023,0.24348177192180862
0.2993179846404302,0.23794319027482932,0.2168193228761397,0.2459195022086007
0.3080289403631155,0.23066651024667165,0.22210739749379432,0.2391971518964185
0.2998727987338841,0.22817404924353837,0.22488588230674905,0.2470672697158284
0.29882630366465823,0.22928850413855859,0.22456452247569603,0.24732066972108718
0.3065460329774524,0.2367507363027685,0.22018180379933236,0.2365214269204467
0.30425599147812366,0.22799704526658854,0.22350326946034044,0.24424369379494743
0.29929645853033326,0.23847975185390516,0.21870715586191053,0.24351663375385094
0.31091189104152034,0.23625884375446557,0.21966372056057598,0.23316554464343817
0.3053663929252662,0.23711967649389196,0.2203462944945181,0.23716763608632385
0.30494083979169323,0.2358895827296765,0.22058925430832904,0.23858032317030112
0.30953078607135104,0.24364661326059384,0.21609363463491477,0.23072896603314033
0.3091550466263153,0.23547072417900536,0.21921510426635318,0.2361591249283261
0.30390045634546814,0.24151782338031091,0.21636983230659962,0.2382118879676214
0.3096756033886792,0.23633945604789638,0.21876582602534672,0.23521911453807767
0.3046930561597405,0.23512333482898792,0.22031551247790537,0.23986809653336622
0.30368834968859143,0.23589864430583327,0.21947784894534964,0.24093515706022572
0.30746181239062675,0.23467559405957542,0.22076342878184127,0.2370991647679564
0.30108279293794815,0.22465312386955058,0.2250295848126018,0.24923449837989942
0.29867554694267456,0.23989082264129788,0.2171120340948664,0.2443215963211612
0.31189980967337305,0.2334776954908477,0.22047022553632906,0.23415226929945018
0.30098819328731286,0.23477712098699027,0.22142580912431273,0.24280887660138414
0.3042958860708266,0.23529627462419114,0.2216123278316768,0.23879551147330555
0.31029329883480694,0.2399667780137451,0.21910552351563664,0.23063439963581128
0.30665843582264685,0.2377568098993968,0.21832886995194514,0.23725588432601116
0.30696572012258666,0.24100888923506233,0.21669439090216094,0.23533099974019014
0.3105836232439049,0.24621140828092775,0.2130603335593967,0.2301446349157705
0.3110469454621343,0.2366917969178221,0.2195140041720077,0.23274725344803585
0.3030887376159324,0.23421002541518604,0.22144865627834262,0.24125258069053887
0.305710498628041,0.23650541252471713,0.2190767817874014,0.2387073070598405
0.305796954140289,0.2324004177194108,0.22012196219926605,0.24168066594103407
0.3023997164720912,0.2428196991030696,0.21467903130564034,0.24010155311919898
0.3120059714055542,0.2348724068656567,0.2206613099516754,0.2324603117771138
0.3042026867270574,0.24098692077172898,0.21916673984501103,0.2356436526562028
0.3109015651145005,0.2420140239610242,0.21751904813128195,0.22956536279319334
0.3123255729649986,0.24447433086463466,0.215989553312577,0.22721054285778977
0.30978159995718874,0.24700384458728897,0.2122960228576861,0.23091853259783626
0.3134681849775734,0.25021579664074906,0.21040076158545667,0.22591525679622093
0.31262618285300514,0.24264257906676692,0.21505578895987817,0.22967544912034973
0.30707508586299753,0.23794112078151264,0.2188606039777858,0.236123189377704
0.3077755976961802,0.24334623719086232,0.21508629972278695,0.23379186539017058
0.3116334927293103,0.24300249934364823,0.21468388300456306,0.2306801249224784
0.30677919186750846,0.23434713838663268,0.21995490538356155,0.2389187643622972
0.30440389067494067,0.24482998226862368,0.21467167475029128,0.23609445230614431
0.3151919449366152,0.24503228489960446,0.21412661170110758,0.2256491584626728
0.3104704090997646,0.24604553129506,0.21483347297968114,0.2286505866254943
0.31122083171167125,0.2432808745664307,0.2163700512753299,0.22912824244656813
0.31246916225581084,0.24686312260875742,0.214126922979069,0.22654079215636266
0.3120405588298625,0.24785085406927398,0.21152346474020664,0.22858512236065703
0.311985658675044,0.24670149198742367,0.21220721153702818,0.22910563780050408
0.3103321973187597,0.2428056966337415,0.2147591120586937,0.23210299398880505
0.308505978121443,0.2387792743880838,0.21800754996516078,0.23470719752531255
0.30773461404414215,0.2433109634325134,0.21535387474283038,0.2336005477805141
0.3108107996280059,0.2392522891082121,0.21749351492433772,0.2324433963394443
0.3046435438969707,0.23008464940087595,0.22261572168582214,0.24265608501633126
0.3038931046084861,0.25273074729313155,0.2093194966003831,0.23405665149799923
0.3214109623788243,0.24814705869720116,0.2111720874255402,0.21926989149843434
0.30839152111590334,0.23773851514987415,0.2205392212437951,0.23333074249042732
0.3057363202301605,0.2478018375093384,0.21443663192904663,0.2320252103314545
0.31969791257154484,0.2548562620424562,0.20806757479955554,0.21737825058644344
0.3127167909962749,0.24106039664613213,0.2156069408389827,0.23061587151861032
0.30483704369242104,0.2461983765441659,0.21262155873338595,0.23634302103002708
0.3141866324582429,0.24232484731266635,0.214638294728202,0.2288502255008887
0.3058783950349535,0.23405850827820615,0.2197537489824648,0.24030934770437556
0.2979972297168593,0.22278777041462097,0.22564430929787047,0.2535706905706491
0.2944566038677212,0.21475055394252282,0.2279236033025585,0.2628692388871975
0.2844629079304828,0.20366263947609375,0.2274915520247798,0.2843829005686438
0.2791134870514425,0.20369459848115307,0.2291551680375352,0.2880367464298693
0.2855724695930174,0.20461808317463465,0.23520724481540983,0.274602202416938
0.28262106424134753,0.20250904511297377,0.23705438685379313,0.2778155037918857
0.27772065846118626,0.20596517988201096,0.23810038867546296,0.27821377298133987
0.2915795233839424,0.2132772134061872,0.2353287997140455,0.25981446349582493
0.2919680122366017,0.21239807063032481,0.2317203619348378,0.26391355519823584
0.28746500147042175,0.22111148298601266,0.22810608925175682,0.26331742629180876
0.29900795409551884,0.2162788657998261,0.23246940041579503,0.25224377968885997
0.2913690280531833,0.2203184846124961,0.22927514818504155,0.259037339149279
0.2949571110359196,0.22264848694892952,0.22855889730240334,0.2538355047127475
0.3000185249209718,0.22088535563270195,0.22895309560814212,0.2501430238381842
0.29149499003630563,0.21909264622260516,0.22748184941096894,0.26193051433012027
0.2964748428372669,0.22768364833225177,0.22481647061415375,0.2510250382163277
0.3034980484629455,0.22528451891162504,0.22629024777303167,0.24492718485239773
0.29666492258965843,0.22806748242605288,0.2258451446828139,0.24942245030147486
0.30325806384620324,0.23377287231161503,0.2233298357081775,0.2396392281340041
0.30799147666985005,0.2327200803086094,0.22336773730266105,0.2359207057188796
0.3018659390575418,0.23458133749470367,0.2208527958900577,0.24269992755769682
0.30772932515008955,0.24415541908408186,0.21482609408426878,0.23328916168155986
0.3110222889208357,0.23372516267875745,0.22060973261912953,0.2346428157812773
0.29980721372809793,0.23393502736459135,0.22104095986857653,0.2452167990387343
0.3049943802452205,0.232132062742299,0.22190171205636597,0.24097184495611457
0.304723981744443,0.23608089297560972,0.2191989062671111,0.23999621901283616
0.3027024261007362,0.22877291674525316,0.222784652876637,0.2457400042773736
0.30212514118654993,0.23957075666313504,0.21839726040314703,0.23990684174716803
0.3122487951957942,0.24274297523526234,0.21613894994919208,0.22886927961975145
0.3103935032918601,0.2393679303710179,0.2198934619619215,0.23034510437520045
0.30646987503364104,0.2388492131093609,0.2197905278023756,0.2348903840546226
0.3105024294485332,0.24192075848773897,0.21659451519609305,0.2309822968676349
0.30836720537121065,0.2405004727354161,0.21510194786571943,0.23603037402765376
0.3056190163565279,0.23794612258057654,0.2165956003012306,0.23983926076166495
0.3055567749651329,0.23490183954327298,0.21961299175110338,0.23992839374049083
0.30470298243822036,0.2349163051059142,0.22091706780407577,0.2394636446517898
0.30508064836396753,0.23237103090906938,0.22279294793506016,0.2397553727919029
0.30313132041226154,0.23072177452791254,0.2232537753325041,0.2428931297273219
0.3008161779018205,0.22700696298847636,0.22371114438030087,0.24846571472940226
0.30199066874716385,0.24203243703957747,0.21522081148951755,0.24075608272374105
0.31373320197777915,0.241679492718071,0.2160231538717576,0.22856415143239223
0.306746211800469,0.23130536590098133,0.22471088464298594,0.2372375376555637
0.30062002587986136,0.23452348216191832,0.22340248575053556,0.24145400620768478
0.31044572306719037,0.24018800988611527,0.21745484203758533,0.23191142500910894
0.3066792015790542,0.237249083756558,0.21662513805369638,0.23944657661069144
0.3030986425321272,0.23872705886849266,0.21642978036380509,0.24174451823557497
0.3069689150369957,0.2286119040060605,0.22393973225066818,0.2404794487062756
0.29839648351590675,0.2300743762012978,0.22376100123064918,0.24776813905214634
0.30164888334798196,0.22637776084577246,0.2254041647714835,0.2465691910347621
0.300820768297546,0.23171777921011957,0.22165211358312423,0.24580933890921017
0.30001306412950135,0.22327686381397274,0.22533021684036808,0.2513798552161578
0.29769122969144945,0.2346550436768058,0.22089230467229734,0.24676142195944742
0.3082726782610474,0.2329279776007583,0.22222210610273266,0.23657723803546166
0.30364248857485365,0.23051655587582903,0.22526172113868068,0.24057923441063656
0.30035012236554565,0.23141274551403934,0.22374243360860196,0.24449469851181316
0.30719041173692163,0.23747453298928717,0.21919955171791294,0.23613550355587823
0.3053297514832596,0.2340157090340626,0.21917399378676303,0.24148054569591482
0.3012953401455352,0.23120386170537763,0.22168728472335592,0.24581351342573116
0.301618340979655,0.22771116276781098,0.22443759865896876,0.24623289759356531
0.300083586397149,0.22768543298139687,0.2245623656845486,0.24766861493690567
0.2994947952156996,0.22643196001302587,0.22481343857182595,0.24925980619944865
0.2996522685733861,0.2278339483580448,0.22419467854987044,0.2483191045186986
0.29850563399731345,0.22116251742908344,0.22738670471196548,0.2529451438616377
0.29642476800247486,0.2328421052993975,0.22192701572125817,0.2488061109768695
0.30858180321629625,0.23464869116665574,0.22124919046829503,0.235520315148753
0.3046035258596598,0.2308743934663409,0.22468704970937003,0.23983503096462935
0.3003063409337564,0.23220866607862567,0.22379524838236964,0.24368974460524825
0.30813651771841183,0.23883765409817798,0.21880597424448583,0.23421985393892433
0.3066107362262104,0.23404348283905044,0.21950719117232792,0.23983858976241126
0.3012696538270861,0.23450291102886095,0.21961059635475053,0.2446168387893024
0.3041402733344342,0.22828843732763174,0.2237555046618889,0.24381578467604512
0.2988492797357182,0.22583580196450098,0.2249943279741838,0.25032059032559706
0.2972863895759477,0.2256561742290157,0.2248527077665113,0.2522047284285253
0.2991824864342721,0.22227297644156624,0.22663426786549526,0.2519102692586665
0.2923452977882389,0.21578889069458274,0.22845529566005734,0.26341051585712094
0.292956736294113,0.2281609847122235,0.22409437009270822,0.25478790890095526
0.30730287215825924,0.22995656192416292,0.2243041375851875,0.2384364283323904
0.30022584521538825,0.22578375627757952,0.22774815917194352,0.24624223933508876
0.298214755420936,0.23383215467956525,0.22402213009202424,0.24393095980747442
0.31173137807350804,0.24033257522665033,0.21842691536194378,0.22950913133789785
0.3067360746248765,0.23409753372188544,0.22037512913549562,0.2387912625177424
0.3018765792599211,0.23938301904468506,0.2172673870202257,0.24147301467516805
0.3087379339879165,0.2294837248010097,0.22288740256378198,0.23889093864729188
0.2975050432450858,0.22772651847663228,0.22290541024502908,0.2518630280332529
0.2977367768754864,0.22524379233813457,0.22456724991578064,0.25245218087059834
0.30020663585944657,0.2258937710831291,0.22468478298804662,0.2492148100693777
0.2941459637521948,0.2162033031392072,0.22865536679512527,0.26099536631347275
0.291740313745125,0.22618190818121325,0.2255966734508428,0.256481104622819
0.3049539705494442,0.22878698272445583,0.2247773755203955,0.24148167120570443
0.3014153720651498,0.22881907840857327,0.22569954841770867,0.2440660011085683
0.30044350207060966,0.23493493594373147,0.22275679664729153,0.24186476533836737
0.3119543038687952,0.24388876122687117,0.21694570153350434,0.22721123337082927
0.3100056709632277,0.235176024098812,0.22081504004836805,0.23400326488959228
0.3021830738249347,0.2351257173016892,0.22024717696774426,0.24244403190563188
0.30531990254880653,0.23222025200169144,0.2202364918059756,0.24222335364352646
0.30062032871568933,0.22721953787904406,0.22164349626548455,0.2505166371397821
0.2954344399250319,0.2246594166233034,0.22377247498239453,0.2561336684692701
0.29833802189640596,0.2222355932897242,0.2274264741765535,0.25199991063731647
0.2946936076408558,0.21848643962568778,0.22945083392567503,0.2573691188077815
0.29570800618840626,0.2308079302706231,0.22407726002923795,0.24940680351173258
0.30876428508040804,0.23459252123722413,0.22181986848487145,0.23482332519749646
0.30495970532278305,0.23479736283197894,0.22256321936234538,0.23767971248289263
0.3031749436269027,0.22990247846448694,0.22537132350315667,0.2415512544054537
0.30525464753638276,0.23855513347699234,0.2191868683932231,0.2370033505934017
0.30814730453171396,0.2387811485896069,0.21643794313448259,0.2366336037441967
0.3056714082637955,0.23814822588403664,0.2174705672795038,0.238709798572664
0.3028248134579248,0.2243624076782642,0.22576246114080964,0.24705031772300148
0.2963323224813136,0.22822106136606443,0.22416564835427905,0.251280967798343
