0.273406368947168,0.1976209425241097,0.22577373456455935,0.30319895396416296
0.3370498699054503,0.26623560923542644,0.2476406908595973,0.14907382999952587
0.1790935341857076,0.23320792606458274,0.292843782878927,0.2948547568707827
0.1421779808499347,0.17564819770196244,0.2578875117588918,0.4242863096892111
0.430778012719868,0.25557994650171795,0.2051422272184526,0.10849981355996147
0.3082192651237953,0.29047283917145933,0.2659399813542674,0.1353679143504779
0.3880687530702564,0.28543004112300113,0.22819332902034217,0.09830787678640027
0.31730865232294425,0.2900726206709592,0.266419387790956,0.1261993392151405
0.0638825335006443,0.13379127528696277,0.23028253938842155,0.5720436518239713
0.4653978928643543,0.2348421715401247,0.1904747732264423,0.10928516236907856
0.4012274354403035,0.29990180053087717,0.226548814993543,0.07232194903527626
0.4047709918021057,0.2921271561975906,0.22558565060653427,0.0775162013937695
0.3577728738758535,0.28841690105812723,0.24728642242330917,0.10652380264271011
0.3923822469219963,0.2793498215945896,0.23750068848173475,0.09076724300167954
0.07659360438738162,0.14068873439072158,0.2528661298358398,0.529851531386057
0.3366451325406684,0.21487261326782225,0.2352027735322421,0.21327948065926733
0.33209538800943966,0.27420746676337626,0.2510577925270959,0.14263935270008826
0.2619534819558217,0.2592480368334728,0.2786105937220625,0.200187887488643
0.08981539657698459,0.15052552809267017,0.2390281076280543,0.5206309677022909
0.18907434994212693,0.19457638071565594,0.25287982574802853,0.3634694435941885
0.060443714214459376,0.1157043253016158,0.19595634569911038,0.6278956147848144
0.5185181381909162,0.22849022463650961,0.16859326396810828,0.08439837320446583
0.3229946816945938,0.30786567278849514,0.2625330484005139,0.10660659711639735
0.42800513765280424,0.28592437358106354,0.2116389685140666,0.07443152025206573
0.4031255322585697,0.2929859135908612,0.227066339267668,0.07682221488290114
0.29422756873025174,0.28167384127460143,0.2792040718994296,0.14489451809571716
0.08990744571313687,0.1641275986742283,0.24894980313448103,0.4970151524781537
0.5094008117075636,0.23897464068897353,0.17396535057768556,0.07765919702577731
0.33411240105812484,0.3101296877276945,0.2582751587222934,0.0974827524918874
0.2462875085629762,0.27420108224688516,0.28454351738113826,0.19496789180900023
0.3027788258356118,0.2769197969162834,0.2523017841912739,0.1679995930568309
0.5938069177772661,0.2497486581017566,0.13241843186899738,0.02402599225197986
0.13266223433426497,0.24169190523271683,0.3180933163973451,0.30755254403567306
0.552469136579362,0.2462489120678577,0.15519977494706477,0.046082176405715436
0.42088004333636114,0.3067974723065743,0.21827187577914686,0.054050608577917734
0.4779562602018515,0.28733790036690865,0.18938361918261723,0.045322220248622556
0.45554976359395555,0.29479319391727093,0.2009426616122525,0.04871438087652112
0.4301003027770295,0.2951016748333358,0.2157999129114463,0.05899810947818857
0.27556594719213856,0.2809514920368191,0.2843481365298668,0.15913442424117552
0.4332165608487682,0.2682635870482954,0.21785335848655749,0.0806664936163789
0.3169626365663638,0.29187150462888956,0.2624486581411425,0.1287172006636042
0.5186587299017855,0.27088897265843387,0.16902012324159865,0.04143217419818188
0.327611134814416,0.30534600697572833,0.26341535249275116,0.10362750571710462
0.2171559504948761,0.2627822617548532,0.30048804518784356,0.2195737425624271
0.04506847265162592,0.10345907552446221,0.1897801422439023,0.6616923095800097
0.608225224359344,0.21043898036965927,0.13214720895982537,0.049188586311171456
0.4844982318419512,0.2961139583999669,0.18615666141829618,0.033231148339785785
0.5274123525266557,0.2770766990028192,0.16566489756861502,0.02984605090190989
0.4133283438705392,0.29668675718829657,0.22646843469537864,0.06351646424578566
0.3833508586407016,0.2855093841616938,0.24484667580865632,0.08629308138894816
0.0797350659869553,0.15325525662645298,0.25974113794322595,0.5072685394433658
0.39987714275323155,0.2359593680238085,0.2164248477237101,0.1477386414992498
0.39836619289563335,0.2943423994533038,0.22581954760151135,0.08147186004955163
0.3549172867800848,0.2997732856272973,0.2467471505789295,0.09856227701368858
0.1815174299067344,0.2506050241324967,0.28856497682384097,0.27931256913692787
0.4520671943824774,0.272370074267898,0.19795175629657558,0.07761097505304904
0.16168271842813572,0.2518995909252014,0.30406696610081896,0.2823507245458438
0.5444962259151981,0.24994844954216425,0.15839102818916126,0.04716429635347654
0.5453754677822552,0.27510114158239873,0.15558675728387783,0.023936633351468187
0.5185453928556448,0.28111737077920956,0.1708762738662856,0.02946096249885998
0.3612915183826294,0.29837140940543816,0.2532907374286975,0.08704633478323477
0.2169356324188769,0.2493598997631743,0.3061217250565415,0.2275827427614074
0.08076018589983744,0.14336763321853524,0.2331808738306205,0.5426913070510069
0.5348610948759631,0.23089535434258754,0.16412445653688876,0.07011909424456059
0.39429457772902576,0.30911933717780393,0.22989243545798818,0.0666936496351821
0.42480255243457626,0.2962738350522634,0.21453534664412147,0.06438826586903883
0.23154120680502976,0.2728264060387015,0.28969649757311805,0.20593588958315068
0.5001855821403309,0.26533753738822785,0.1811395608680625,0.05333731960337885
0.06620156694476789,0.145976740646362,0.25327267723296154,0.5345490151759085
0.644103377017914,0.20411791265143414,0.11845004046066843,0.03332866986998358
0.5026976520403859,0.28808931903371715,0.1800042747128591,0.029208754213037882
0.2490326477068281,0.26639204069049577,0.30308318237519805,0.18149212922747812
0.10619925774748817,0.1532188563031498,0.25626026537216295,0.4843216205771989
0.16597442434063178,0.17382924007744993,0.2607017531374351,0.3994945824444831
0.026784850701487863,0.059863051928949695,0.12776195281580663,0.7855901445537558
0.5837391547574947,0.20444414361417904,0.14285476405696745,0.06896193757135874
0.2686924820182726,0.30551394562826667,0.2895504455482899,0.1362431268051709
0.18046630297805805,0.22620671815135346,0.28448523524457014,0.30884174362601835
0.23282131872266446,0.23742841299417042,0.25943539992452264,0.27031486835864244
0.42544609291237845,0.27455286016392444,0.2125715574939137,0.08742948942978339
0.07777144781847417,0.16459670207425295,0.25289208245369377,0.504739767653579
0.6129646678049306,0.21715399699989385,0.1302445503775364,0.03963678481763909
0.354056351974328,0.3147425698107995,0.2533027458437484,0.07789833237112419
0.39144347884717723,0.28596954993460133,0.23428592715949437,0.088301044058727
0.2593909969307638,0.2690179960022527,0.28054967856119695,0.19104132850578665
0.47638272201044357,0.27037836300775925,0.1921811209940767,0.061057793987720495
0.10040406720039889,0.18055463275783842,0.27815631105625443,0.44088498898550815
0.5165194663335796,0.23251690872707723,0.17730446273408107,0.07365916220526224
0.21159422726776123,0.2721386007634411,0.3013242036433424,0.21494296832545534
0.2712806571146452,0.24748631580165098,0.2634805075733268,0.2177525195103769
0.3490540466720285,0.2774944658049964,0.24069590798001592,0.1327555795429591
0.2469175174341,0.27223245441196947,0.29102370320265897,0.18982632495127152
0.023498480075401378,0.06286075756006859,0.1340358972875592,0.7796048650769708
0.6267012514794154,0.19814824471062836,0.12500377920534514,0.050146724604611094
0.29909668534278244,0.3165454895100162,0.2788444231143768,0.10551340203282449
0.4325319260085498,0.2877434452080992,0.2082548535770472,0.07146977520630396
0.39946681202422923,0.29611862328021576,0.22886208718951143,0.0755524775060437
0.334213699693244,0.28744632842409334,0.26226798198649226,0.11607198989617047
0.17403613281631802,0.222953095638315,0.2942704841516269,0.30874028739374
0.44278105796613354,0.25587298613541276,0.20421472234622762,0.0971312335522261
0.5623634690650228,0.2647613179775282,0.14792289385351579,0.02495231910393317
0.2112052237063176,0.2723038753277645,0.31457934045282343,0.2019115605130944
0.12236840493181966,0.18574405449110873,0.2664374538380137,0.42545008673905793
0.19096526763867927,0.215675059939018,0.26508826794688783,0.328271404475415
0.1347041273444437,0.19555465151015983,0.2510321171187493,0.4187091040266471
0.6489059364512868,0.2142196650316337,0.11187961330019475,0.024994785216884835
0.3655403543290751,0.31936436441096905,0.2476700315391158,0.06742524972084006
0.5642945375815848,0.26258852024353874,0.14679528183393506,0.026321660340941404
0.36072841860106075,0.301581542002087,0.2564978176918102,0.0811922217050421
0.2558585051237838,0.2690025056568907,0.2878682879745923,0.1872707012447332
0.4038803126010518,0.2782668336490231,0.22113182806216175,0.09672102568776335
0.5621437875731914,0.2617784851062052,0.14931831950810895,0.026759407812494425
0.2826657061660758,0.30176308321017237,0.2882069318552282,0.1273642787685236
0.18896374361855037,0.23917412366317978,0.2863476308039764,0.28551450191429356
0.4114511211435427,0.27638415451875714,0.2130325793974559,0.09913214494024428
0.38095399353595427,0.304218962877475,0.23481131712627099,0.08001572646029968
0.1468752018604563,0.23208335134124447,0.29157757755208696,0.32946386924621235
0.6190815854910389,0.2285493280734475,0.12400254833952071,0.028366538095992936
0.5037683552783133,0.290455347052989,0.1770041547833108,0.028772142885386924
0.5339867789277116,0.2757920412281795,0.1628951754500059,0.027326004394102862
0.3105229319786783,0.292881818449468,0.28050859123007976,0.1160866583417739
0.3060012182392043,0.27722956458322073,0.26705349745663454,0.1497157197209405
0.36032343682846696,0.28203416084935157,0.2431657504728451,0.11447665184933638
0.44838987156070403,0.2783975117327491,0.20823290864340752,0.06497970806313941
0.334113453994395,0.3042777019191295,0.2563181410572365,0.10529070302923903
0.2926815523451502,0.2883021575659225,0.26527967064762575,0.1537366194413015
0.4907546725340854,0.2776844663302713,0.18097826742413617,0.050582593711507105
0.22943946582218128,0.29595970957908263,0.3065597892784996,0.16804103532023662
0.05127355148740592,0.11493682759048177,0.19735580656803062,0.6364338143540818
0.698497819769308,0.18361117592575665,0.09450402193800186,0.023386982366933498
0.5440962460357139,0.27924116231061785,0.1577697219744864,0.018892869679181728
0.1461943625181307,0.21973182072087558,0.3207591663066485,0.31331465045434514
0.5580993151639966,0.2388033085382515,0.15655707580058445,0.04654030049716743
0.4475511481693021,0.27977719418895963,0.2217893959663321,0.05088226167540614
0.004433054042181078,0.014391939526727751,0.08036731714030154,0.9008076892907896
0.34652549650871367,0.16043861923278907,0.22009467619451942,0.2729412080639778
0.22809581722528893,0.20108637413909727,0.2681204038392783,0.30269740479633545
0.019374221549070744,0.037231887294724306,0.11232164146964684,0.8310722496865581
8.899165663160174E-05,0.0004063197069300203,0.005478363610587635,0.9940263250258508
9.354528911556962E-05,0.0004299138384609672,0.0062243091243163766,0.9932522317481071
0.0005031422571498005,0.0017664162326179779,0.010258370305596776,0.9874720712046355
0.1558785652021336,0.1305930806104874,0.18543186334342904,0.5280964908439499
0.33688946846198975,0.30638700973953226,0.00012973237332593397,0.3565937894251521
0.015003128957560887,0.03923831173642562,0.10012249920689392,0.8456360600991195
0.023782356369011447,0.03738271680759291,0.09609733481527953,0.842737592008116
0.10474414952785431,0.11683800235611007,0.19367221061644482,0.5847456374995909
0.01208623147573653,0.02754443079604399,0.07415840841302923,0.8862109293151903
0.49185528262561556,0.20234671919726804,0.1742203154934821,0.13157768268363443
0.09730323169314274,0.18128165285367184,0.2713386182205094,0.45007649723267595
0.11918853169403584,0.13997968339414568,0.21996787684813915,0.5208639080636793
0.20767302465722695,0.20386813654613672,0.24642064693798887,0.34203819185864753
0.07312206502810506,0.13421679475351456,0.2255759316834271,0.5670852085349533
0.04748982474121007,0.08128722721920154,0.15636668770181508,0.7148562603377733
0.5018122693991419,0.22739943372602797,0.1718479814913127,0.09894031538351726
0.2614149032459176,0.3006122469906941,0.2846437533185832,0.153329096444805
0.42131277436309855,0.2779324944654499,0.2136696166946385,0.08708511447681298
0.4657408572066104,0.2867813908683182,0.19675470205599274,0.050723049869078524
0.136537473888508,0.2085578335723145,0.31084618354263743,0.34405850899653995
0.1866464852206731,0.19532583014929153,0.24897684927083846,0.369050835359197
0.596725903825527,0.23100877031553924,0.13734557595995686,0.03491974989897694
0.12180707372490186,0.22197661258272144,0.3075549677080027,0.34866134598437404
0.2538478979355258,0.2371723217888788,0.2600334955047684,0.24894628477082692
0.18542351748728234,0.23896564930970543,0.2747409392746347,0.30086989392837743
0.3505584540105876,0.2725551017627979,0.2393032606696043,0.13758318355701019
0.1432308193227033,0.22121916544079126,0.28343571599932543,0.3521142992371799
0.6366688811860692,0.22027249879035574,0.11708602232659288,0.025972597696982163
0.5811842177900467,0.2628606877372085,0.13975657405550462,0.0161985204172402
0.3401176594976343,0.29514907929545053,0.26908902484747843,0.09564423635943674
0.15921839891598644,0.2118417412626921,0.29807124689087705,0.33086861293044445
0.13981325234882938,0.1731612392180189,0.26287862971636267,0.4241468787167891
0.16798963249708151,0.183375116564502,0.25503883265659866,0.3935964182818178
0.36153324486283034,0.2445464262651778,0.23544945670509043,0.1584708721669015
0.36361758284633644,0.2887521664309807,0.23813824896713048,0.10949200175555238
0.4200067305646447,0.2934700938353733,0.21431527948261533,0.07220789611736668
0.21975493955406372,0.2663996146730751,0.2987108553577429,0.21513459041511843
0.0842728745544561,0.14835254578681434,0.2641756736991812,0.5031989059595484
0.0359110834420572,0.06885251177299294,0.14602005373462848,0.7492163510503214
0.6592956069916764,0.19131493125864688,0.11151984433979126,0.037869617409885384
0.6031258019643058,0.254336534602228,0.12946954913466124,0.01306811429880501
0.09917929699279536,0.17680289298660784,0.31254086767954914,0.41147694234104765
0.09421269480550633,0.12004504566326094,0.23177668564950762,0.5539655738817251
0.0930652042752354,0.11581986735543245,0.22050864766596764,0.5706062807033645
0.12245508414498135,0.1397869590279115,0.2095692016877706,0.5281887551393365
0.5678679659795118,0.2245855232064921,0.152173887807886,0.055372623006110025
0.12541056325782907,0.21616517291127302,0.29746199175541027,0.36096227207548764
0.2193551993789856,0.2143867151849179,0.2639086189281186,0.30234946650797795
0.07353905504099353,0.13013999209551366,0.21757806643450697,0.5787428864289857
0.267889678089372,0.21445532120359265,0.24774251571568387,0.26991248499135145
0.06687467298329418,0.12868804115547208,0.2106506893770719,0.5937865964841618
0.6376749337897991,0.20565372751340535,0.11980633524333612,0.036865003453459395
0.44708900829716874,0.2999566720784347,0.20962580247477053,0.043328517149626135
0.1325346973019075,0.1941751817409953,0.30566296201796517,0.367627158939132
0.07961026021774513,0.11202613413070815,0.2148665817457689,0.5934970239057779
0.24009294940475306,0.19296366756465294,0.24246706958545616,0.32447631344513783
0.18079129974731828,0.2032780537454488,0.26331514988453064,0.35261549662270236
0.26666660437642437,0.221293038256204,0.2619701679156664,0.25007018945170517
0.13823297293145587,0.19071031359545504,0.26041867212853603,0.41063804134455306
0.17214168003626243,0.19540201262741666,0.25173528934836076,0.3807210179879601
0.15673711170730878,0.1932069913089601,0.2517524550110223,0.39830344197270895
0.23750162405210773,0.2322552715987119,0.2653176494317,0.2649254549174805
0.054691047988599736,0.11248868745079164,0.19658315225243833,0.6362371123081703
0.6053370788880816,0.2115571998155846,0.13344806797427594,0.049657653322057814
0.5082084310120346,0.28640945763696835,0.17617386206570915,0.02920824928528785
0.17902385793611297,0.23262517834204133,0.3162106781910388,0.27214028553080694
0.13278261164140315,0.15787355516053445,0.2580420156035114,0.451301817594551
0.265363083413727,0.21332889847266928,0.2564717625788618,0.264836255534742
0.08312294768492307,0.12460284824745549,0.22517944838755327,0.5670947556800682
0.33116140249788256,0.20527208371734815,0.2367659176272483,0.226800596157521
0.09474068290780953,0.15353225913122692,0.24461898928270961,0.507108068678254
0.0663480950789223,0.09942123583775916,0.17931926000617926,0.6549114090771392
0.14238809568084634,0.15295699570789223,0.22102282634535297,0.4836320822659085
0.08636539235391595,0.14067835182876956,0.22757971939913604,0.5453765364181784
0.028032240286345825,0.06020053102513311,0.1243007460035469,0.7874664826849742
0.6101212127944396,0.20274042077104223,0.13057283760763344,0.05656552882688458
0.4895916217159404,0.29474550341934885,0.18389999133741616,0.03176288352729451
0.12059534139983798,0.18885373478116227,0.2989282921799149,0.3916226316390849
0.4408499015562417,0.24103025072741635,0.2075712008718219,0.1105486468445201
0.34071158691152637,0.27628134443684466,0.2665113357307057,0.11649573292092329
0.04081612615671028,0.08314973540915134,0.1754711897846467,0.7005629486494916
0.46719294342151046,0.20825135631263117,0.19392833203793186,0.13062736822792642
0.042250541686502795,0.09920726119070462,0.2018916467700793,0.6566505503527132
0.04835292703458061,0.07073299627005464,0.1513530789263069,0.7295609977690578
0.11192575426194094,0.13064001629975946,0.19549034421183542,0.5619438852264641
0.20973043150738502,0.21323508854897377,0.2509117894727164,0.3261226904709248
0.044740381117039964,0.10198992634845315,0.17716200609273122,0.6761076864417758
0.5410452716410072,0.22337806653645018,0.1582286599539061,0.07734800186863636
0.4276159819542528,0.30478119191475883,0.2145289241219928,0.05307390200899559
0.3057045934451799,0.2768702128895351,0.2737486033914883,0.1436765902737966
0.5231623831333363,0.2598426003171442,0.17128057775962321,0.045714438789896436
0.5381746223536333,0.2686491619008525,0.1650685646665468,0.028107651078967247
0.026263235633829807,0.0678826751089569,0.18021121647273156,0.7256428727844817
0.02404356280221481,0.0358540278560054,0.11630524533480066,0.8237971640069791
0.03683249129815291,0.0587302226060525,0.12467161389495932,0.7797656722008353
0.0701635241090341,0.096434280764898,0.16563952568480214,0.6677626694412658
0.23698782128546075,0.20977828760674808,0.23242033284678787,0.32081355826100316
0.2264569320189249,0.2445187444688151,0.27585339973283307,0.25317092377942707
0.06239135671361757,0.12192970467524972,0.2070028819592284,0.6086760566519044
0.595983752241901,0.2165349122502564,0.1368405584203688,0.05064077708747366
0.5125890846938059,0.2858014617420609,0.17287810132177642,0.02873135224235695
0.39943980201611345,0.28519562874874455,0.24290797442019488,0.07245659481494714
0.028520626370792505,0.06930952461668032,0.17979708117834864,0.7223727678341786
