0.2991510868110721,0.23586731817277073,0.23368499807555967,0.2312965969405975
0.30352107003213646,0.23158985038604962,0.22989485399469195,0.23499422558712207
0.2915289045415406,0.24401719852057002,0.2305567484960317,0.2338971484418576
0.29338944444378284,0.2358975423093584,0.23664757584052604,0.2340654374063327
0.29645292351547947,0.23816276713752033,0.22973099705219308,0.23565331229480715
0.2893067043718321,0.25576599031799263,0.2292872407283701,0.22564006458180522
0.30485059295961237,0.22765771157414771,0.2367247897916115,0.2307669056746284
0.29970880770025604,0.23487788921848576,0.2302622110497456,0.2351510920315126
0.29014152250817293,0.23881648015256157,0.23647930393395003,0.23456269340531546
0.29360261889338796,0.23630945503237205,0.23633965043700625,0.23374827563723363
0.29772585948109564,0.24040509185767273,0.23045458995536242,0.23141445870586924
0.2883889551859829,0.2536419672357005,0.23234690393830643,0.2256221736400101
0.30595477670231697,0.22416973571269874,0.2400149698457966,0.2298605177391878
0.3035437725823534,0.23090818427929058,0.23044874215231465,0.23509930098604134
0.29599055188631684,0.23586625714097745,0.23241588603552407,0.23572730493718172
0.295912672843844,0.238552651633238,0.23156654374099028,0.23396813178192788
0.3056745458986627,0.23334537931252067,0.22599739314837533,0.23498268164044123
0.2931667702690632,0.25336977093006774,0.22385874471161726,0.22960471408925195
0.3050442427698476,0.2229642062347705,0.23491924946780635,0.23707230152757555
0.29243338271666547,0.24153974179023102,0.22638213900948598,0.23964473648361745
0.2867014267758828,0.24516102776791346,0.23323851174160673,0.23489903371459717
0.28748868104207287,0.24747203628263473,0.23189210547162445,0.23314717720366795
0.2907788353531502,0.25011212658803866,0.23079568749876742,0.22831335056004382
0.2884316244773364,0.2541194802722417,0.23386850273847246,0.2235803925119495
0.3094926201619183,0.22034098225779128,0.23937211569799852,0.23079428188229195
0.2987923434573681,0.23598730446328472,0.229709179824564,0.2355111722547832
0.29214222422475106,0.2374179277200768,0.2367820720521179,0.23365777600305415
0.29946526256881567,0.23333681460756442,0.2357415759712762,0.23145634685234365
0.3043170021989181,0.2296011409678484,0.23026590916900372,0.2358159476642297
0.2785846344862692,0.2605187299510162,0.23433878057882387,0.22655785498389056
0.3046037191189232,0.2186760675732895,0.24687801952390506,0.22984219378388218
0.299311085966902,0.23780301122347364,0.23104424446105834,0.23184165834856607
0.29214087944155137,0.23920663316846447,0.24078512411725292,0.22786736327273124
0.29685416761537353,0.22845744152679914,0.2435214503358213,0.23116694052200604
0.30340559606388146,0.2289947737946999,0.2377607611525637,0.22983886898885494
0.2951939157525096,0.23989852602570483,0.2376576261785139,0.22724993204327162
0.3076926062852173,0.22024608600665743,0.2422937250724148,0.2297675826357105
0.3035758629162651,0.22871565109440492,0.2368298743759581,0.23087861161337195
0.30465690933698936,0.22209607455248556,0.23949724491024635,0.23374977120027868
0.2991901506639533,0.23093234077394462,0.23568611407744028,0.23419139448466184
0.30062349808850614,0.23221684366401885,0.23385555700369856,0.23330410124377643
0.29804175796877214,0.24492207971490937,0.23173954256159354,0.22529661975472492
0.3176037000778802,0.2117436279780561,0.23763149003867862,0.23302118190538523
0.2962177150947245,0.2344288699057958,0.23094105529701484,0.23841235970246485
0.28879233792748804,0.2333825216928672,0.24170645393360263,0.23611868644604211
0.28950610950157646,0.24075445276510282,0.23706190825399495,0.23267752947932582
0.2947570029958972,0.24585593807693262,0.23384654438515512,0.225540514542015
0.2906575481866638,0.25207764728630055,0.23655769584821243,0.2207071086788232
0.31363082077805676,0.2132589463532477,0.24489049560425608,0.22821973726443953
0.30913890197492605,0.22196387593158115,0.23297174231940207,0.23592547977409048
0.29937981927558394,0.22826173550776227,0.2349513688256838,0.23740707639097006
0.29588775308985305,0.23569343915304553,0.2348134132436172,0.23360539451348414
0.30635871508444384,0.22823207091599898,0.23119510792757816,0.23421410607197898
0.28930008678829466,0.25286510114744837,0.22972321883166227,0.22811159323259464
0.3024326280013894,0.22362875577774524,0.24285949894953213,0.2310791172713333
0.2991334364834388,0.2303179019574591,0.23460420983958757,0.23594445171951464
0.28874691348115383,0.24178147846505874,0.23778242012738549,0.2316891879264019
0.28872567942254806,0.2410893421706237,0.240876042800314,0.2293089356065143
0.30076423178168565,0.2357794756408094,0.23713432290263042,0.2263219696748746
0.3003201075473728,0.24192208792747197,0.23501401085583962,0.22274379366931552
0.3151312534229801,0.21171061257712015,0.24142821614478052,0.23172991785511923
0.30446858262284443,0.2241633974153717,0.23360037639671874,0.23776764356506522
0.29662225544368503,0.22855285367900222,0.2368572404325565,0.2379676504447564
0.29386751467998345,0.2400334340792482,0.23418124511776736,0.231917806123001
0.3034476485532237,0.23225870226894724,0.23222342352356706,0.23207022565426216
0.28600345039833036,0.2575096678156654,0.23313843829659714,0.22334844348940708
0.3116845492902081,0.2107622499607826,0.24669577425979022,0.23085742648921917
0.29921267792678946,0.23177376078313305,0.23087826312561374,0.23813529816446383
0.28687587157201366,0.24371388189083817,0.23839515574937162,0.23101509078777657
0.29742993880735163,0.23565039485712175,0.23767334401851536,0.22924632231701125
0.31113499248737697,0.2309656415591262,0.22820003442730674,0.22969933152619
0.29400034667676694,0.25124943511743825,0.22912913069294708,0.22562108751284765
0.31537569753007966,0.20544374894098819,0.2416889759035593,0.23749157762537282
0.29918121612005366,0.23448439774167676,0.22354184634771979,0.24279253979054982
0.2866015373997166,0.24623202360338872,0.23150000138340293,0.23566643761349182
0.2954771966766061,0.24217153100300112,0.2298614204658526,0.2324898518545402
0.3000217732514594,0.2420283174583869,0.2250296675974259,0.23292024169272785
0.28062917982671953,0.2618856936529101,0.2315339071916425,0.22595121932872783
0.3084934295687294,0.21456403881472602,0.24270471588902418,0.23423781572752056
0.29224986500262506,0.24636788745358462,0.2257377520512777,0.23564449549251254
0.2861122871097756,0.2449373455045048,0.23825083039544867,0.23069953699027104
0.29345053197742615,0.24001056920934982,0.23713543308953688,0.22940346572368728
0.3041104413821187,0.23279508035088609,0.23266724401850253,0.2304272342484927
0.2872761775805572,0.25302018558005224,0.23348593369196924,0.22621770314742132
0.3097490954791546,0.21490510790058753,0.24290995722932618,0.23243583939093176
0.2990358258205245,0.23756277169443576,0.22842906747749944,0.23497233500754017
0.29665369997068103,0.23594123005849915,0.23584643457099716,0.23155863539982274
0.3008920374458627,0.23048775290006437,0.23367238591012984,0.23494782374394305
0.30106985596175323,0.23651598899640178,0.2267421186250868,0.23567203641675813
0.2875896597375832,0.2569682992734397,0.22954608923428949,0.22589595175468744
0.31625371318445833,0.21014912721576265,0.23773541014133998,0.23586174945843913
0.2896470286196129,0.2501320749789308,0.22381391612479842,0.23640698027665802
0.2857072169073209,0.23900704793748376,0.24161971686040765,0.23366601829478764
0.2937043330011649,0.23794888975809506,0.2340624077652932,0.23428436947544684
0.29324672939226004,0.24997326103203477,0.2301003330333112,0.22667967654239402
0.2884988222523859,0.2500445271161846,0.23627302278831797,0.2251836278431115
0.30769901506577096,0.22078614129637453,0.2426749644443281,0.22883987919352644
0.3040609402130729,0.225864046317802,0.23324343719709834,0.23683157627202692
0.2883679546675062,0.24316661054457536,0.23504137487870852,0.23342405990920986
0.2984509334497156,0.23413018358852883,0.23748513755049633,0.2299337454112591
0.30868580624644176,0.23268407073906738,0.22773323000984816,0.2308968930046426
0.29782870644711756,0.24452822178654487,0.23094606133427206,0.22669701043206555
0.308704835769008,0.2107556972377729,0.24122998897204884,0.23930947802117014
0.28958779599901757,0.2417955764815731,0.23067105502564458,0.2379455724937647
0.28738708419604025,0.23989552193229888,0.23967238987613998,0.2330450039955208
0.28747695234708814,0.2495694489382075,0.2347195285762152,0.2282340701384891
0.29306846297734124,0.24633999186115013,0.24010547537677843,0.22048606978473012
0.30210268391296524,0.2299471001008412,0.24268129985707457,0.22526891612911895
0.31202322678634975,0.21498785426383915,0.24022492119260952,0.2327639977572016
0.29605871533004996,0.23311141371068106,0.2362835355612099,0.23454633539805894
0.3011014386260573,0.22816476213418554,0.2401367461489769,0.2305970530907802
0.3097037681838508,0.224728931442663,0.23405730959045618,0.23150999078303
0.3007504045978239,0.2337292495855629,0.2319366016042861,0.23358374421232717
0.2925223210077373,0.2383554576511171,0.23975546022292435,0.22936676111822132
0.3122864372853794,0.2123198902873625,0.24057624867380603,0.2348174237534521
0.2930818148742978,0.24245018956992484,0.23101007648016345,0.23345791907561395
0.28749071444155716,0.23815038937103358,0.24386067320093552,0.23049822298647374
0.2938010125536336,0.2361091155454283,0.2415959492531371,0.22849392264780102
0.3026946842953818,0.23410071609472358,0.23877188328321694,0.22443271632667783
0.3029303837260689,0.23156111586689068,0.23886923949736846,0.22663926090967199
0.3090828777277071,0.21748032921057064,0.24181536187414493,0.23162143118757741
0.3043548402763986,0.22281571468903938,0.23715540183570588,0.235674043198856
0.3013187146126966,0.2294139774031114,0.23654824836131536,0.23271905962287662
0.3046877621010829,0.22634982591791603,0.23513705614438532,0.23382535583661582
0.29716939401094267,0.2375415946074761,0.231075443739155,0.23421356764242623
0.2927196691361738,0.24605139427017794,0.23773890376714032,0.22349003282650792
0.3206614283756912,0.2026036960974343,0.24197980983243655,0.23475506569443802
0.2909839605092909,0.24255322446322888,0.227373317008222,0.23908949801925822
0.27303236890313143,0.2523107530384931,0.24775951516128278,0.22689736289709275
0.3082781316212084,0.21861294514067717,0.2452435063765353,0.22786541686157918
0.3010665623026128,0.2443846034141632,0.22863500625608765,0.22591382802713636
0.28398559023353603,0.2506759688795977,0.2438562940022314,0.22148214688463483
0.32231085634858625,0.19608022276690235,0.24991635579772795,0.2316925650867834
0.31092280695138136,0.22762523657341588,0.22414171369315822,0.23731024278204443
0.29168375791845735,0.23962921300601425,0.2326111847485679,0.23607584432696044
0.3041598994592855,0.23132296452325746,0.22841480756766994,0.23610232844978718
0.316623300172138,0.2398291393991355,0.20917699458393613,0.23437056584479013
0.30669966695626116,0.25514182488186626,0.20544739834710143,0.2327111098147712
0.31391016029631574,0.2192727972242783,0.22018385646177024,0.24663318601763573
0.30154653802468256,0.22413189999919345,0.21256046905012885,0.2617610929259951
0.2730249545006592,0.26477780867185935,0.20924891496848086,0.2529483218590006
0.27902301915313515,0.2703885782894559,0.20842321460490112,0.2421651879525079
0.28588486647044575,0.2777626476402591,0.20174397345205647,0.2346085124372387
0.2736015466137789,0.2872677232906688,0.21606738914543558,0.22306334095011668
0.2940756759240749,0.2306860403180112,0.2350718971002254,0.24016638665768847
0.2869663944840847,0.25872094771085613,0.2151471966385028,0.23916546116655651
0.2814478897485198,0.26104351068571346,0.224488560497073,0.23302003906869373
0.2919034201780725,0.24819784732213152,0.22309301426305808,0.23680571823673782
0.289876951850423,0.26091249967263297,0.21845340610971975,0.23075714236722425
0.28866435659456596,0.2557921313603975,0.22618148756397086,0.22936202448106566
0.30688297990710706,0.22554657174356188,0.22824885716049934,0.23932159118883184
0.28347323395971996,0.25678429391459845,0.22227549660411894,0.2374669755215626
0.2826745467052103,0.24648411111548263,0.23639263036864117,0.23444871181066593
0.2908393227155861,0.24456977034576063,0.2290491492234629,0.2355417577151902
0.2812934845192845,0.2658838351035563,0.22818033026394804,0.22464235011321118
0.2920465685950858,0.24542359618441875,0.23895515724141292,0.22357467797908254
0.30938480461486756,0.22088068998342586,0.2351648464528886,0.2345696589488179
0.28647120969231965,0.2520123227192014,0.23054370724471482,0.2309727603437642
0.29849801615387195,0.22816274906774456,0.24058575732733645,0.23275347745104713
0.30447676579182437,0.23634028010525202,0.2270300490597434,0.2321529050431803
0.300254879002847,0.23767944260423843,0.2287736752829503,0.23329200310996429
0.29039093865929666,0.24353939838330457,0.2344706608070849,0.231599002150314
0.30789025753145116,0.21835978589492025,0.2382806745000513,0.23546928207357729
0.28813792905591395,0.24399333156702302,0.22972140040215744,0.2381473389749056
0.2787870476983294,0.2521612555412011,0.24004236446855012,0.2290093322919194
0.2921342854810067,0.24304611141027946,0.23922656204029105,0.22559304106842284
0.30573737005285445,0.23760708655825985,0.23321022004226163,0.2234453233466239
0.3032099778464276,0.2349313002549132,0.234720367981213,0.22713835391744605
0.30927960170773855,0.2154857154764562,0.23963222913041296,0.23560245368539218
0.3048510182765681,0.22340497651738803,0.23220069775390523,0.2395433074521387
0.2958590810435082,0.23498757487382155,0.23032949072846584,0.23882385335420445
0.2903423214094859,0.24665992205014586,0.22937839514369338,0.23361936139667497
0.2954740873012979,0.2457788188338562,0.22897740766166771,0.22976968620317817
0.2993144457121769,0.24694596313512057,0.22929889745615545,0.22444069369654715
0.31255900023729893,0.2152700935963678,0.23680774666914922,0.23536315949718403
0.2933718435959322,0.23178185409981725,0.22982520408834617,0.24502109821590443
0.27202332266069984,0.2574772545593069,0.23717277357520997,0.23332664920478324
0.2958334592008639,0.24202215034307925,0.23519745925533042,0.22694693120072623
0.3028277630672763,0.2516430511346238,0.22374062726722396,0.22178855853087587
0.2952501550533006,0.24366053138017263,0.2366106195240629,0.22447869404246387
0.31104801469491733,0.20647183812702494,0.2426694903249655,0.23981065685309222
0.29767822650929876,0.237443040212197,0.225370338705249,0.2395083945732554
0.29362821343688356,0.24074904598106067,0.22925646363478205,0.23636627694727372
0.2959754566819783,0.24984254756304541,0.22413610622570712,0.2300458895292693
0.30221033607762404,0.23726106007007525,0.2274334016998099,0.23309520215249077
0.29002564916581164,0.24982886307308672,0.22884622009475317,0.2312992676663485
0.30776657906047533,0.21783284865830138,0.2359683379467184,0.23843223433450483
0.28568555833704123,0.24815368660593162,0.2245921400681255,0.24156861498890153
0.2788370684650868,0.25648784555227705,0.23443869344263724,0.23023639253999875
0.2933062781089712,0.24826159145365265,0.23159952881637552,0.22683260162100077
0.3039434374450493,0.24095269053520266,0.2281898675168219,0.22691400450292615
0.29274548035000963,0.2442440268711214,0.23246994319593273,0.23054054958293632
0.3031625079607407,0.22232707814012792,0.2375206824619668,0.2369897314371646
0.2998714960386059,0.23681197281565836,0.22548949493602824,0.23782703620970755
0.29565343148154904,0.2442094890143848,0.225346834297035,0.2347902452070312
0.2949378222879087,0.244867866183273,0.2269025619657538,0.2332917495630646
0.2991238698394778,0.23692944939224234,0.22682423189702108,0.23712244887125886
0.28921194907947656,0.25425721885867814,0.22571166480448432,0.23081916725736104
0.3037663159639793,0.22612103954705265,0.23382187673845387,0.23629076775051408
0.2886708664969197,0.2452909039600592,0.22562834570296536,0.24040988384005577
0.27590450792026994,0.2579725939741706,0.2351576782966521,0.23096521980890744
0.29206443010351246,0.2448308210422721,0.23514772596000208,0.22795702289421346
0.3023595196729806,0.24308000609739588,0.2272580830729191,0.22730239115670464
0.2903185637805996,0.2506835829826423,0.23234835400205844,0.22664949923469976
0.3058990693489617,0.21812203158241542,0.24012075893291926,0.23585814013570372
0.301241850610775,0.23602065801836966,0.2245816275867765,0.23815586378407874
0.2952170229083683,0.24441034937663342,0.22634247379899833,0.23403015391600004
0.3009412039453985,0.2369973820046526,0.2256413835656424,0.23642003048430651
0.29919038730856834,0.24354079235466877,0.21989862979167688,0.2373701905450861
0.2908439752499608,0.25465873755096186,0.22344199029078698,0.23105529690829024
0.3085528364109819,0.22092702982851184,0.23036391425652164,0.24015621950398464
0.2868547315055706,0.2477860232249974,0.22058454870498564,0.24477469656444645
0.2673718050357975,0.2665491240772665,0.23472256060319066,0.23135651028374532
0.29215272339737636,0.24226208283066716,0.2356907957088323,0.2298943980631242
0.2912029653660583,0.25873661206789106,0.22425048985039772,0.22580993271565278
0.2817316527312763,0.2592572626127901,0.23788229604614833,0.22112878860978533
0.3110506870811274,0.21134482303098379,0.24328076268298734,0.23432372720490152
0.2998517695138026,0.24399031844406469,0.2221778679599314,0.23398004408220113
0.2965452828217113,0.23931545552007658,0.23125987749205337,0.2328793841661587
0.3066291005331013,0.22984703254864772,0.22693459063981425,0.2365892762784367
0.30356372640223894,0.2363369692965893,0.21975232946765189,0.2403469748335198
0.2840455414124259,0.25837204064815034,0.22379190143708108,0.23379051650234273
0.3075571488487205,0.2229381003447522,0.23122718896331365,0.2382775618432137
0.28781561090315455,0.25217650531905045,0.21917016517260432,0.24083771860519068
0.27440035954275266,0.2591882130975245,0.23525004462282675,0.2311613827368961
0.28801895660653765,0.24281700234824877,0.23800664311329714,0.23115739793191642
0.2914276753837643,0.24920119769243881,0.22934887022307937,0.23002225670071755
0.2770950227286972,0.2655088073587539,0.23521977101935912,0.22217639889318974
0.3066834066433354,0.2243940909048944,0.24203255788890315,0.226889944562867
0.3124402185780389,0.23229410394536443,0.22367907239955975,0.23158660507703702
0.3023808481519677,0.23546638473495363,0.22796601017842488,0.23418675693465363
0.30497764264849897,0.22132953901883012,0.2316726692504816,0.2420201490821893
0.30182765978470494,0.23344531034742752,0.22012958849125833,0.24459744137660933
0.2835737189451294,0.2609961331393256,0.22160907163518603,0.23382107628035906
0.29794200495157414,0.23506055761929068,0.2310631995285806,0.23593423790055473
0.28341642776366227,0.25491017410222633,0.22631183210127717,0.23536156603283417
0.27647615852994134,0.2533722985855913,0.2378357718394368,0.23231577104503048
0.28613013177781754,0.2532663450745103,0.23461156920690796,0.22599195394076402
0.30541308671690104,0.2394269480844093,0.23095037421795817,0.2242095909807315
0.2978202031236663,0.2430732237433486,0.23129578010609864,0.22781079302688628
0.3036607198241938,0.21971316409522074,0.23816893193776906,0.2384571841428163
0.2919347710220266,0.24349085130100315,0.22873313040741347,0.23584124726955688
