0.29303510389468546,0.2331211389876122,0.22438713898081478,0.24945661813688746
0.28615256668322697,0.23825713756176034,0.22335817380227763,0.252232121952735
0.2843692583123305,0.24496476364902323,0.222087825744433,0.2485781522942133
0.2935338434869634,0.22786463502207777,0.22511512717930302,0.2534863943116559
0.29151411197332916,0.22461924210765125,0.22545572669395725,0.2584109192250623
0.28834717168198004,0.2321484984684761,0.22424341591387442,0.2552609139356695
0.28887589248174234,0.23291756747619033,0.22405935091795706,0.2541471891241103
0.2778268625995994,0.2571671470296121,0.2198203718032552,0.24518561856753343
0.29126260017987315,0.2384586887429538,0.22349428842731642,0.24678442264985653
0.29645453351656526,0.2174552723514151,0.22676196793165002,0.2593282262003697
0.28833387168702457,0.22947707019780392,0.22474260279995498,0.25744645531521654
0.2887229649880879,0.23271252389495087,0.22408314826226328,0.25448136285469797
0.2840447020419855,0.24499154713876864,0.22221456650212104,0.24874918431712487
0.28169646227711226,0.2533279779765695,0.22070083683850622,0.244274722907812
0.28573682120901855,0.24886800178031349,0.2217976409789304,0.24359753603173762
0.2935014417264341,0.22814647739479993,0.22514846937587948,0.25320361150288656
0.28615900224321944,0.23740833036715633,0.22350623874345388,0.25292642864617043
0.2846969226410197,0.24320250970491294,0.2222623731646918,0.24983819448937555
0.28564187204175606,0.24409857445564384,0.2222832617852898,0.24797629171731023
0.28689325125666437,0.23907430989562167,0.22287571818961807,0.2511567206580959
0.2958657079899367,0.2211088613923927,0.2261903965540609,0.2568350340636097
0.2983109202078162,0.20604061849253316,0.22801678878128484,0.2676316725183658
0.2877351562469382,0.2269803129989275,0.22483878277889602,0.26044574797523834
0.2912002549331665,0.22630288940124424,0.22495608770834388,0.2575407679572453
0.2820398477857372,0.24688098760907567,0.22175972758663437,0.24931943701855283
0.2809812454584062,0.25579725272120407,0.22021165886256264,0.24300984295782715
0.2897423411698921,0.24111033866612297,0.22318073734433594,0.24596658281964895
0.2945809067141292,0.22271142665651483,0.2259885049274552,0.25671916170190073
0.2841863245886774,0.24021145837847901,0.22297261042570618,0.2526296066071375
0.28787445822007046,0.2384297393292237,0.22321777039394275,0.25047803205676306
0.29374508290989043,0.2261282896395288,0.22556149653990795,0.2545651309106729
0.2848613212422606,0.23832196292782976,0.2231373537783099,0.25367936205159963
0.28417667615909326,0.24855224098122838,0.22181091234451414,0.24546017051516425
0.2941217704316067,0.22715938093686602,0.22527382187806821,0.2534450267534592
0.28238536520309215,0.24745688254807932,0.2220722060957474,0.24808554615308112
0.29032324969865575,0.23670712166055413,0.22382199914099266,0.24914762949979746
0.2808590299089409,0.25384877455678045,0.22097723525453905,0.24431496027973956
0.282004261966654,0.25740903967492906,0.22032118123079167,0.2402655171276253
0.2842938996196318,0.2538259316877009,0.22114845727551416,0.24073171141715302
0.2873187599006844,0.24464255301606802,0.22264720801140364,0.245391479071844
0.2880119211561384,0.2408336366901476,0.22334122100491866,0.24781322114879545
0.2873696335883915,0.23958890062883992,0.22330428860997395,0.2497371771727946
0.279310728640138,0.25786696288489314,0.2201051315677188,0.2427171769072502
0.27683877325489287,0.2679232233115768,0.2180471294745992,0.23719087395893113
0.29519726836070825,0.23436694664266033,0.2245162001530297,0.2459195848436016
0.30214677861426137,0.20340439698103097,0.22897083341239194,0.26547799099231567
0.28802305386374266,0.22588332261434968,0.22530899286399958,0.26078463065790797
0.2865738805799191,0.23689665099354457,0.2233632580328791,0.2531662103936572
0.27612356904131885,0.2653854219923896,0.21873558068674648,0.23975542827954494
0.27776992056165734,0.27034361721162836,0.21787980522784378,0.23400665699887044
0.284268791976083,0.2586175177456007,0.22039305230525236,0.23672063797306386
0.2952246733806537,0.22819508009205194,0.2254185026593961,0.2511617438678982
0.2873492752940562,0.2350683637490563,0.22408239201802932,0.25349996893885823
0.28480618121878176,0.24270754421518084,0.22245954855206854,0.2500267260139689
0.2872213899794989,0.2418385945614905,0.22288378976452192,0.24805622569448857
0.2872797953874935,0.2387040521733879,0.22318325790538235,0.2508328945337363
0.2893306593215172,0.23624495418797314,0.22392968108528744,0.2504947054052222
0.298498731061669,0.2136371047085743,0.22738692742868744,0.2604772368010692
0.28612750255806624,0.23376572921338004,0.22414700249916816,0.25595976572938556
0.2830956165826337,0.24803916800801432,0.2216939362066794,0.24717127920267248
0.27464762452206914,0.27206990294341465,0.21756964639179877,0.23571282614271732
0.2768621496761906,0.27468712330890827,0.21715506206313623,0.23129566495176496
0.292230856307805,0.2425611930407802,0.22327007226096124,0.24193787839045366
0.29634026130449675,0.21936603154953543,0.22674544095351015,0.25754826619245774
0.2872298283608888,0.23276401042465847,0.22432767481853863,0.25567848639591406
0.2842233115222107,0.2435740136758543,0.22227058846293293,0.24993208633900205
0.28536437438253,0.2469441566145343,0.22208780864709052,0.2456036603558453
0.2829058840358454,0.25001885569849136,0.22125900765166986,0.24581625261399342
0.2899524583703451,0.24003819889270364,0.22352559658421986,0.24648374615273147
0.2997572082610059,0.21135086105472956,0.22778015907630603,0.26111177160795856
0.27695563787222865,0.25334513460850483,0.2207530023509864,0.2489462251682802
0.2799480878904465,0.2614689092763799,0.21926111099144305,0.23932189184173047
0.27945280503775294,0.265181801881914,0.21891042789291842,0.23645496518741468
0.2830760188897874,0.2559803792937547,0.22035720820498544,0.24058639361147235
0.29719776622551247,0.22471089249544782,0.2260035165187932,0.25208782476024655
0.2976039315045611,0.20815605485192354,0.22785686723000312,0.2663831464135122
0.2818804755726422,0.24034336093126188,0.2226150923150302,0.25516107118106585
0.28926032923717526,0.23482145081136102,0.2235550966279798,0.25236312332348393
0.28919712548977283,0.23375446580660897,0.2240939712247655,0.2529544374788527
0.2858799151366133,0.2383415502859497,0.223010977996684,0.252767556580753
0.2927123577294974,0.22894019736252008,0.2250412302046056,0.25330621470337683
0.2962529201818172,0.21400797566325586,0.22701618874097704,0.26272291541395004
0.2821887319559793,0.24295294549466145,0.22246963064031308,0.25238869190904617
0.2873582184515164,0.24049525649668632,0.2228222922447972,0.24932423280700008
0.2839127602771178,0.24863811529767238,0.2218202095261151,0.24562891489909477
0.2849555193014998,0.24676303511698977,0.2218994368014741,0.24638200878003624
0.28664789244342187,0.24512871289723417,0.22254448335875102,0.24567891130059297
0.2919877463575384,0.22931184022962947,0.22480762511699057,0.2538927882958417
0.28110376784704955,0.2501308245494113,0.2213930075841006,0.24737240001943853
0.2924948271364479,0.23163934388408627,0.22444668036438395,0.25141914861508174
0.285272391735239,0.24039517400861315,0.22299485115655038,0.2513375830995975
0.27877023267309675,0.2565493139434115,0.21981790906436757,0.2448625443191242
0.29722097989535257,0.22592839368216633,0.22566110135364617,0.2511895250688349
0.2984301552965258,0.20676865498005925,0.22806867866215833,0.2667325110612566
0.2849937824280794,0.23422548258790052,0.2238413182246186,0.25693941675940146
0.29166329727256324,0.22760356375018104,0.22480174295173186,0.25593139602552384
0.2792499437870661,0.2540910191131832,0.22063479427868488,0.2460242428210658
0.2855952602869927,0.24880309237082443,0.22161489348003466,0.24398675386214805
0.28672335133476745,0.2447313471403488,0.22257902561319517,0.2459662759116886
0.2964477530491782,0.22194718706042946,0.22633252460001355,0.2552725352903788
0.28369036149394694,0.24028118490839248,0.22296605217361712,0.2530624014240434
0.2760875174597223,0.2656536350619113,0.218510785961898,0.23974806151646844
0.2850646186412621,0.2535953424043008,0.2208217321600662,0.24051830679437083
0.28587340218360685,0.24626818431180134,0.22212920842606096,0.2457292050785308
0.3026365210228768,0.20986029005354867,0.22824405002922696,0.2592591388943476
0.29545714024368086,0.20850776620319722,0.2277770786836453,0.2682580148694767
0.284204318703727,0.2375772255461065,0.22330992946453143,0.2549085262856351
0.28641811669640466,0.24115076260029936,0.22272825875654237,0.24970286194675365
0.2726281320190827,0.2747674183543292,0.21710289907778962,0.23550155054879848
0.28803440699610744,0.25199422504061036,0.22142655798855512,0.23854480997472716
0.29004376066158416,0.2386645740340447,0.22391288955188154,0.24737877575248973
0.2866296038394244,0.24051738691992383,0.22324052603079284,0.24961248320985907
0.2777073631669178,0.2618087131897814,0.21939299951884142,0.24109092412445954
0.28732404572865816,0.24847034914027236,0.22191779839428954,0.24228780673678008
0.29018010913888453,0.2361757732477444,0.22404255367745102,0.24960156393591998
0.28299996117454107,0.24706014045723734,0.22191036867196412,0.24802952969625744
0.29371604106837707,0.22995221529068016,0.2250376312656426,0.25129411237530025
0.29493519053968265,0.21871957010310342,0.22662350944150378,0.2597217299157101
0.28476696362224774,0.23951576058711918,0.22328185078915747,0.2524354250014756
0.2821870150373738,0.25168739592241113,0.2210995043331808,0.24502608470703421
0.27393799796175433,0.27564067972465095,0.21704871066648468,0.23337261164711023
0.28620836953614376,0.25599943943246845,0.22078011595248961,0.23701207507889832
0.2872215741906824,0.24606829412034006,0.2226281083288199,0.24408202336015758
0.2888553330105074,0.238484619966137,0.22366849669993524,0.2489915503234203
0.28320021707095594,0.24822649061720042,0.22181705334998783,0.24675623896185586
0.28847623498676056,0.241148089296326,0.22313279880810696,0.2472428769088065
0.2864757210068304,0.2412734987047083,0.2229683051302785,0.24928247515818294
0.2745370276874814,0.26780085069161397,0.21807451601538924,0.23958760560551545
0.30272443161254126,0.21927133384087194,0.2269696077577929,0.25103462678879385
0.30096417556860744,0.20069307450195029,0.2293529918384001,0.2689897580910422
0.2735875195696831,0.2578283088781641,0.219752094260714,0.24883207729143889
0.2828433481537611,0.2588214632368747,0.21995592469858113,0.238379263910783
0.28300042979767875,0.2568764991774302,0.22062127873465182,0.2395017922902393
0.2745104898078726,0.27472451777709356,0.2172689510182382,0.2334960413967956
0.28822036470749096,0.25190192753495627,0.22161646441156327,0.23826124334598944
0.29091097850974595,0.23433421293671805,0.22433316269553752,0.25042164585799853
0.2795859101311016,0.2546292439248023,0.22064334839854188,0.2451414975455541
0.2779421448496562,0.26292351025102634,0.218694258222165,0.24044008667715247
0.2739799572562369,0.2738732681480044,0.21658996694053753,0.23555680765522125
0.2866351957802632,0.24593776324658292,0.2211806466983028,0.24624639427485112
0.30516085798724774,0.19929090290038226,0.22889381751833127,0.26665442159403885
0.30758487237835036,0.1760011816461846,0.2313430278930818,0.2850709180823832
0.29351833639542385,0.19804738014442191,0.22768956069618537,0.2807447227639689
0.2891652152873649,0.21818708039132564,0.22502534719575218,0.2676223571255573
0.2936232109042497,0.21486815247374205,0.2259084942345274,0.2656001423874808
0.28860504730304204,0.22408191185645707,0.22458939409759066,0.26272364674291016
0.30051824243739295,0.20507182260331802,0.22804435838660372,0.2663655765726852
0.29400773912964934,0.2072191182746652,0.2271220883296317,0.2716510542660538
0.28471677632739567,0.23371038396946756,0.2233582611698729,0.25821457853326396
0.2950111508082455,0.21840103035635064,0.2258809482588609,0.26070687057654307
0.28363671557549175,0.2376140063281676,0.2228349026223816,0.2559143754739592
0.28816863429514705,0.23499752485303493,0.22332291389274966,0.25351092695906835
0.2997973776398942,0.20999558312329475,0.22763438716324164,0.26257265207356945
0.29626656555370573,0.206367560963726,0.22777012261311547,0.2695957508694528
0.28964108111345843,0.22279723247852926,0.22535756362422305,0.26220412278378913
0.2930274634131993,0.2207776158085603,0.22578163471269308,0.2604132860655474
0.2804653867482539,0.24756469200314574,0.2214345959028294,0.25053532534577083
0.2831882980063898,0.2524139299343184,0.22089733377656384,0.24350043828272794
0.2959832626803407,0.225838197956775,0.22568740016294264,0.2524911391999417
0.2855105247750644,0.2364780914021365,0.22353232472637452,0.25447905909642454
0.28177925416282457,0.2518418300424035,0.22102932003688286,0.24534959575788906
0.2881767027568328,0.24024918491755964,0.2228728590769879,0.24870125324861975
0.28784410306872926,0.2388980806117581,0.22339998455439036,0.2498578317651223
0.2912854019952702,0.22822091330574323,0.22478120596049703,0.25571247873848957
0.2942594965945087,0.22152065032941357,0.22618912816358114,0.2580307249124967
0.2999324955790082,0.20512040762713768,0.22844102465486177,0.26650607213899236
0.28046744559391706,0.24337465069296005,0.22228493274022607,0.25387297097289685
0.27595598909277186,0.26762465094537896,0.21811751945734065,0.23830184050450845
0.2753816524513123,0.2770015884458686,0.21670999050262965,0.23090676860018947
0.2864325788522474,0.2549203360748056,0.22092105427327233,0.23772603079967478
0.2931880793185031,0.2314358734755436,0.22490952947830367,0.25046651772764955
0.293230863802021,0.22244216010450094,0.22599757213930527,0.2583294039541728
0.29010936874740906,0.2270098312717424,0.2250732157594175,0.25780758422143113
0.2845868845799526,0.24040751021978957,0.2227214605297348,0.25228414467052296
0.279242060948053,0.2574687238346542,0.2198552154714527,0.2434339997458401
0.28233174185904425,0.2553418756873581,0.22024877436306167,0.24207760809053588
0.3027720741836455,0.21291285380879538,0.22779509385506938,0.2565199781524898
0.30419868845419273,0.19195088149001535,0.23039691102182472,0.27345351903396714
0.2793715696292119,0.23993032685065238,0.22249009870653275,0.25820800481360295
0.272801852912626,0.2740048977935643,0.21677351611070197,0.2364197331831078
0.2803388902048111,0.2672800488533083,0.21837260306035744,0.23400845788152314
0.2868440503517358,0.2502513550685752,0.2217118840884976,0.24119271049119145
0.2999131385793991,0.2156774935184555,0.22736979040693392,0.2570395774952115
0.28827376328211396,0.2257523998811091,0.22506426117104433,0.26090957566573264
0.2824926544340606,0.24597562827977518,0.22178705117931785,0.2497446661068465
0.28583526033651757,0.24261349812780297,0.22220110513867805,0.24935013639700135
0.28789996441246996,0.23951690056746358,0.223173322152868,0.24940981286719846
0.29181473643812755,0.2257875254297286,0.22495636640471536,0.2574413717274284
0.2963703571180547,0.21591458986411838,0.2269583105641072,0.26075674245371977
0.29987466539338187,0.20143970511661527,0.22862840517312077,0.2700572243168821
0.27803722254686913,0.24703287720127148,0.22139106790232913,0.2535388323495302
0.28186000989122145,0.2544743560397435,0.22026169684027047,0.24340393722876452
0.2842583860647697,0.2517354644835146,0.22117816921405442,0.24282798023766125
0.29129957352999564,0.23402334132799438,0.22416820989150288,0.2505088752505071
0.2901613163877929,0.23031420911297118,0.22468133137969443,0.2548431431195414
0.288763507508161,0.23112810324867525,0.22422203576185573,0.2558863534813081
0.28625100065385173,0.2379899994606491,0.2231217397842451,0.25263726010125404
0.28953841368637234,0.23238630311427544,0.2240084698369633,0.25406681336238895
0.2909052514712339,0.2279670035940605,0.22482560258166204,0.2563021423530436
0.2869673005399826,0.23283594167694785,0.22366382504347798,0.2565329327395916
0.29675982507088683,0.2175451977188065,0.22661356022406384,0.2590814169862429
0.3009855695553789,0.200087274678213,0.22894466094682037,0.26998249481958775
0.2819358394338962,0.23732025125195458,0.22302398764635673,0.2577199216677924
0.28143610339505554,0.25237946818067997,0.22062710499943383,0.2455573234248307
0.2841096766969715,0.25149069562700854,0.2211657381424688,0.24323388953355105
0.28641208487866116,0.2447716371379448,0.22233798192036988,0.24647829606302427
0.29114289312937724,0.2329125714276301,0.22441961257353113,0.25152492286946143
0.2890542084941577,0.2306173939102071,0.2243493128244506,0.25597908477118464
0.28234906709972035,0.24645852328656473,0.22167702560096106,0.2495153840127539
0.29146714431816534,0.23120554012214142,0.22422981224107794,0.25309750331861525
0.28815983172500814,0.2318277110067336,0.22401630949739387,0.25599614777086455
0.28566879771313186,0.23685490277405324,0.22289559782492888,0.2545807016878859
0.3026182245697351,0.20568589670245768,0.22831539892309782,0.2633804798047094
0.30296783390603027,0.19088348915479403,0.2300288673880906,0.27611980955108517
0.28383520174285787,0.22927848323840713,0.2240356280795463,0.2628506869391886
0.2861209910038766,0.23990756401706886,0.22272086930082124,0.25125057567823333
0.28653257585675446,0.24117684097653522,0.2227837653746982,0.24950681779201214
0.2793197039368258,0.25777185041684103,0.21998896947391333,0.24291947617242
0.2919439473452035,0.23690285020555985,0.2238599094569463,0.24729329299229022
0.28487430998041136,0.2404467872091866,0.22276549274369253,0.25191341006670953
0.2803603603193946,0.2554625415460229,0.22030986956618334,0.2438672285683993
0.29393161595271394,0.2280387497557274,0.22477119104311685,0.2532584432484417
0.29105454784556856,0.22543274280683212,0.2252620765132708,0.2582506328343286
0.28766918193480273,0.22913117245987696,0.22402306479489417,0.2591765808104262
0.2956844041570564,0.2180658661481216,0.2263500912723693,0.2598996384224527
0.3021299738574573,0.1969404947241089,0.22917661965796354,0.27175291176047023
0.2872346429218384,0.22435240514054602,0.22506671241489087,0.26334623952272457
0.2918105546513154,0.2249957208032202,0.22516602656385032,0.25802769798161407
0.2879409797596197,0.23375006154652705,0.2240509165666743,0.2542580421271788
0.27656095266669933,0.2611640992518158,0.2192143304883489,0.24306061759313602
0.27546916481665296,0.2747649964651309,0.2170231799573419,0.23274265876087416
0.28642116734570955,0.25202790175009676,0.2210699776698557,0.240480953234338
0.28711653918992774,0.2426151169034449,0.22273665628458678,0.24753168762204045
0.2977474759064648,0.21565527354672803,0.22684437220926412,0.259752878337543
0.29370162527296784,0.21412762053134915,0.22671613955861228,0.2654546146370708
0.287131972878153,0.22815170788502748,0.2241930161584875,0.2605233030783321
0.29758760072303475,0.21381766240347205,0.22697581097657893,0.26161892589691416
0.29928942421351623,0.20272389113493702,0.22850933508537166,0.2694773495661751
0.2861459210589641,0.22960981034630762,0.22439923463720401,0.2598450339575243
0.27716649002745225,0.2580713347661266,0.21946323131879533,0.24529894388762588
0.2782960850285873,0.26771662273286745,0.218300120663027,0.23568717157551827
0.2937063370409861,0.234789478457041,0.22417155468236682,0.24733262981960608
0.2924684138933194,0.2262703606485602,0.22562315162740376,0.2556380738307166
0.28289907122678226,0.2409781442202946,0.22237676962068037,0.25374601493224286
0.28060925889165667,0.25570207229923897,0.2202126805355635,0.2434759882735409
