0.13020578930800766,0.1458192098749508,0.2654803536671738,0.45849464714986776
0.20933377736040187,0.2388886439750088,0.25835711065753125,0.2934204680070582
0.3295041465947868,0.2623047036951194,0.24893491857918776,0.1592562311309062
0.2238209810791218,0.26340248551443035,0.26967944532749083,0.24309708807895702
0.15747952382993358,0.17533328419702054,0.2891158212472116,0.37807137072583424
0.3985506976217991,0.2868179049220478,0.20305666135371123,0.11157473610244195
0.29057044308557506,0.3757157459295529,0.20207271313918382,0.13164109784568825
0.46178123005690985,0.19332068492919238,0.24786954275658246,0.09702854225731525
0.35474343226534405,0.29483030673961075,0.2309260809983537,0.11950017999669152
0.11805606216806162,0.1829895948693691,0.28391780275583983,0.4150365402067293
0.4100242563834142,0.21916960344796094,0.23824559907246876,0.132560541096156
0.3452586194993397,0.4092434287686039,0.1639465449752529,0.08155140675680345
0.40747112752931147,0.2787717551246238,0.21788137538574423,0.09587574196032045
0.3749889393384933,0.2444360219994586,0.2500295527421837,0.1305454859198645
0.37861928062845107,0.24338130760390608,0.2503481089432752,0.1276513028243675
0.13357899459705402,0.20607562962701717,0.27065831835740356,0.3896870574185252
0.25041625852378824,0.1645345772922392,0.29047628193366093,0.29457288225031164
0.2979875832111371,0.3228656130899606,0.215509367141801,0.1636374365571014
0.2898185881373001,0.22346659358526258,0.28346329027070705,0.20325152800673021
0.1402571291940416,0.1241188503316575,0.32483501935680564,0.41078900111749517
0.2042446884002497,0.19700798547751203,0.2865924034530987,0.3121549226691396
0.05705866969454016,0.20212030812568763,0.2043714005715513,0.5364496216082207
0.44484212193437994,0.23080381928071403,0.21255968152177077,0.11179437726313528
0.28257586693809866,0.4473957400900491,0.16620938636042382,0.10381900661142841
0.4488525126108276,0.23571348788511268,0.22613427150406024,0.08929972799999945
0.41625216147089433,0.2672721159416324,0.22035937322103896,0.0961163493664343
0.33462790954671606,0.259589338774517,0.2573745772492279,0.1484081744295391
0.16022770927715602,0.20437420787376653,0.28405554268485045,0.35134254016422695
0.4636875464540135,0.21726515480036432,0.22403712080537505,0.09501017794024713
0.3633560014547196,0.3861996396845501,0.17227540768939112,0.07816895117133915
0.30370566736959365,0.27711187161520917,0.2582105125208427,0.16097194849435442
0.3682630180125964,0.251005799922948,0.24702480676399421,0.1337063753004614
0.6367520053857819,0.23876605109916782,0.10796088489965551,0.016521058615394733
0.17122258996262835,0.4000897453004321,0.2107185429014538,0.21796912183548572
0.6046642906027522,0.1459425277703682,0.2012583865883677,0.048134795038511854
0.3374300258029018,0.436246012477362,0.15462325712790598,0.07170070459183026
0.47051646496794425,0.25990345234706236,0.20243866877603192,0.06714141390896143
0.45925972711942287,0.2866002834544595,0.1888225552427345,0.06531743418338319
0.4156599032101363,0.27587719912746556,0.21980505315433665,0.0886578445080615
0.3013533551862534,0.24430209493509839,0.27623092181837866,0.17811362806026956
0.35854667187910483,0.250190414537838,0.25043323851843424,0.14082967506462293
0.3322179769246037,0.33687723464788344,0.2054159905912167,0.12548879783629613
0.5206578391099852,0.23958520054165522,0.18462362296358617,0.055133337384773384
0.41277861193844156,0.24715658311580133,0.2390199932256598,0.10104481172009733
0.3073907020598654,0.1869253400402062,0.31746317833139354,0.18822077956853484
0.061478138449059076,0.14908129646488644,0.243549322723106,0.5458912423629485
0.5689132892753263,0.21899483966106742,0.1605134909145059,0.05157838014910047
0.356244852921962,0.45650703458451847,0.13349598888743525,0.05375212360608427
0.5058489490898653,0.25398067136878855,0.18598779526329928,0.05418258427804689
0.41195822970896334,0.24095083088613017,0.24158946015293162,0.10550147925197481
0.37979863052423113,0.19585040147352514,0.2856006165405664,0.1387503514616774
0.14125417502184015,0.1870984755426501,0.2881607156652338,0.38348663377027603
0.32218790283036264,0.19015899395040148,0.2812118975852495,0.20644120563398632
0.38450031057535944,0.35236167663011525,0.17924279607070956,0.08389521672381574
0.40343685648274136,0.29106514392607,0.2147910584164796,0.09070694117470902
0.2768455277834962,0.2177139857839682,0.29827616125730466,0.20716432517523095
0.5002453070229285,0.24340167085580827,0.195657352615388,0.060695669505875155
0.18259723063673103,0.406832550790627,0.2057273627241372,0.2048428558485047
0.5365866568691395,0.22788933822125854,0.18019169906005122,0.05533230584955071
0.48915021137196113,0.35191345526462076,0.12508974768912498,0.03384658567429301
0.47310510407941586,0.28601823867768655,0.18231036865828015,0.05856628858461737
0.40506290159483144,0.17904379340564328,0.28900650205575673,0.1268868029437687
0.25526744405275636,0.166507831631232,0.3319422195771236,0.2462825047388879
0.11703863381823829,0.16697764677179136,0.27535971090103106,0.4406240085089392
0.4191169972264373,0.25295547396971424,0.21621820904287037,0.11170931976097812
0.4026161197205607,0.382476052651761,0.1546191159339497,0.060288711693728576
0.44060510859838664,0.27217268234580844,0.21058836696733957,0.0766338420884654
0.2943355812411128,0.21145437435896178,0.3002435138069907,0.19396653059293453
0.49435015316596,0.2447420438616118,0.19785201019005538,0.06305579278237285
0.109173600929692,0.34905927875151593,0.20644598197464184,0.33532113834415017
0.662551823800746,0.1502378510672261,0.1516605780484194,0.03554974708360849
0.4259320727600692,0.3906874660936217,0.1359980560829311,0.04738240506337785
0.2820625012791649,0.1398246191236751,0.347863323267163,0.2302495563299969
0.12911410833235692,0.051826634445473925,0.3778710548717193,0.44118820235044987
0.15277218631470946,0.18131500824305508,0.27605846956436647,0.38985433587786905
0.028431151997053043,0.1162329866004701,0.1673323316794211,0.6880035297230557
0.4628540095288252,0.19202672219943673,0.2206488277256144,0.12447044054612376
0.2605269142587951,0.4466201220933863,0.1743417859064942,0.11851117774132444
0.25525319187827533,0.14865818395106095,0.3396855000871324,0.25640312408353144
0.27453982123483195,0.21225442858696927,0.2866956015769896,0.22651014860120913
0.40953488621306167,0.31599489150822097,0.19330766583606995,0.08116255644264751
0.1252351645912302,0.30823928815891966,0.2329049855640084,0.33362056168584164
0.6365806972142444,0.1741299010393116,0.15404576315889273,0.035243638587551265
0.3086546381170364,0.4479385688851773,0.1584590093420674,0.08494778365571891
0.40014233912051855,0.19937573548417165,0.27552363057167933,0.12495829482363043
0.2844534818349641,0.24308962026098557,0.2727247141844453,0.19973218371960494
0.4645720873648482,0.2520131985850108,0.20609050137133716,0.07732421267880375
0.1557076425706942,0.2842366112143656,0.25184561467654737,0.30821013153839283
0.4601028348028448,0.1607705670157991,0.260891212173836,0.1182353860075201
0.23966108274428197,0.3974791610308747,0.1974640714976716,0.16539568472717178
0.29653579583427403,0.16639528550450433,0.3158450309688488,0.22122388769237286
0.4057323648383625,0.22913117889203743,0.2455291275039325,0.11960732876566763
0.3003151346974633,0.3081863233167766,0.24160398620956428,0.14989455577619581
0.03674467383471566,0.10502432610327254,0.2280102143271181,0.6302207857348936
0.6250865331718017,0.182365550681551,0.15015554246276772,0.04239237368387953
0.22017879907997712,0.5160182502777952,0.1520965256451911,0.11170642499703654
0.5170637379800298,0.1692661780311459,0.23904051916883887,0.07462956481998535
0.37302588486882193,0.30917202686229567,0.21526659573716125,0.10253549253172113
0.3604993313118678,0.24694868705029202,0.2583473350688222,0.134204646569018
0.20383233130332015,0.2767826968853386,0.2552000066432199,0.2641849651681213
0.3685722349113296,0.2493414100879216,0.2349017163113355,0.14718463868941323
0.6166724257103987,0.24437609294745968,0.11664204141115815,0.022309439930983412
0.25533528665426053,0.2695603206740792,0.27226108053967546,0.20284331213198492
0.1861915993473775,0.05334415053968512,0.4170372048752511,0.3434270452376863
0.1993141943654877,0.2839290056751316,0.25500148548448026,0.2617553144749004
0.14104308449233213,0.30096949744644597,0.22788112499622984,0.3301062930649921
0.7056069541415214,0.19082618240473945,0.09141022852048693,0.012156634933252137
0.2567124961315849,0.49703168765016675,0.15244252869048777,0.0938132875277606
0.6082041899433603,0.14976423830503638,0.20011526932852525,0.04191630242307806
0.32000121273021664,0.33692232314275594,0.21938495528777677,0.1236915088392506
0.2988419922052902,0.21205650429305667,0.29322439107999126,0.19587711242166198
0.36782631956554174,0.2772065477914622,0.22981513006186924,0.12515200258112683
0.5345283818236221,0.26581527485768636,0.1579013389183792,0.041755004400312316
0.33902856131063996,0.3268349595723498,0.2175701199549236,0.11656635916208662
0.26338255659805526,0.16327680056310934,0.3310022365833893,0.2423384062554462
0.4749488246305844,0.23518575666832386,0.21272970170921948,0.07713571699187237
0.37448621222832384,0.372522889472067,0.17924714965043756,0.07374374864917152
0.20823828329069408,0.29902376830632205,0.2560346399994981,0.2367033084034858
0.6497402920799418,0.21094541605413417,0.11838297269455607,0.020931319171367948
0.3783065355953038,0.4263515829363706,0.14134333594363407,0.05399854552469149
0.5393501520980508,0.2186057125445303,0.19244996896800007,0.049594166389418784
0.31175543556193813,0.2545855386232888,0.2698903898118988,0.16376863600287433
0.3351297600487188,0.19260750166370727,0.2964783580110115,0.17578438027656243
0.3214432984910539,0.29118095125091936,0.23990009227405873,0.14747565798396803
0.3909066736225083,0.27425201792786114,0.22589621653606995,0.10894509191356068
0.41791719965609664,0.3164661590803476,0.18756077568992885,0.07805586557362697
0.3436603906587607,0.26770566870161977,0.252553335832212,0.13608060480740755
0.5690289707104706,0.1790054015023922,0.20239809615989718,0.04956753162724013
0.2856577453401053,0.3877792562105117,0.2037546285742422,0.1228083698751408
0.09997069321557203,0.19691038898342453,0.2600236830310468,0.44309523476995666
0.8022398245062894,0.12403679104220791,0.06720777071794085,0.006515613733561922
0.33291629492924485,0.48643309103291643,0.12835159782538008,0.05229901621245871
0.20508343301084053,0.10638388449441694,0.38128020165789506,0.3072524808368474
0.48409884762718475,0.12629652492615734,0.2792293762324134,0.11037525121424448
0.30934812991653377,0.3747196336704314,0.19942606617924102,0.11650617023379375
0.04903804445750882,0.07443141309901441,0.2508896610332442,0.6256408814102324
0.1541976041120765,0.09116948318134098,0.24933776377038241,0.5052951489362002
0.1123078252048391,0.21274326180879466,0.2004501688388996,0.4744987441474667
0.0304004371704672,0.01798142400138622,0.21301149033469283,0.7386066484934537
0.0002519581753680565,0.0005254086526386934,0.05197743655326206,0.9472451966187311
1.1743013303717224E-06,0.00013533485554411982,0.004917775771453633,0.9949457150716718
2.7025189229941565E-09,3.603568720655427E-05,0.0004306646500463954,0.9995332969602281
0.01419722205428154,0.04329962835539186,0.08036141148099378,0.8621417381093329
0.13010904932935055,0.24505591327552875,0.2000567545243751,0.4247782828707456
0.01372693693428878,0.07725149732352202,0.14590416087016175,0.7631174048720274
0.00842235103609476,0.014737945367979028,0.11356218613619341,0.8632775174597328
0.035850364844662225,0.11508350757777552,0.14604923782031465,0.7030168897572476
0.0022135219779473416,0.027789776143682856,0.05965001105311223,0.9103466908252575
0.24465455894829716,0.15986399915791033,0.24448119714069075,0.3510002447531017
0.07350938551448022,0.3110338186039755,0.18046218308056378,0.43499461280098056
0.10236097025229283,0.057431272392628,0.3066202151881223,0.5335875421669568
0.16985170131309815,0.21349896873576904,0.26016632369764175,0.356483006253491
0.07858774785822491,0.18446321935283905,0.23666514997019147,0.5002838828187445
0.03015365138478153,0.07249482546944197,0.18178121650784343,0.715570306637933
0.3823139340221854,0.2656553212756101,0.2076507699777822,0.14437997472442238
0.23558140356105106,0.4586736039340114,0.17413957917436182,0.13160541333057574
0.4301946253524794,0.1956611651084614,0.26122702206113024,0.11291718747792891
0.4793126083986769,0.2852610822043256,0.1764838478301481,0.05894246156684938
0.19274214591923436,0.2900431987179723,0.2558780747116652,0.2613365806511282
0.22010694539109232,0.14460158663345582,0.30872023673915594,0.32657123123629583
0.5270481653771164,0.26453839215569974,0.15937711800913737,0.04903632445804642
0.1980574995515963,0.34100730645256355,0.23435462697755594,0.22658056701828413
0.33447441791449556,0.10920054175150698,0.35289745879853873,0.20342758153545865
0.22149358918209536,0.2993164670854338,0.2556597929247127,0.2235301508077581
0.39125961567787093,0.2836172432625928,0.22212886499489778,0.10299427606463846
0.1545979087330792,0.39068541356375164,0.2007120345001101,0.2540046432030591
0.6744993016117117,0.1921287466108156,0.11300725662393608,0.0203646951535367
0.48291727805450235,0.3592250585376402,0.12413516333382883,0.03372250007402866
0.35284515526343335,0.19690292815948557,0.2949227709432422,0.15532914563383893
0.20136194059751958,0.07816762506214577,0.38836954197500645,0.33210089236532825
0.1435550669322047,0.14076852484211455,0.30500832043465587,0.4106680877910249
0.13345329012676416,0.20175382736415287,0.25231649889624796,0.412476383612835
0.23250789914245903,0.2780028761352889,0.23501440963249812,0.2544748150897541
0.37017229199914486,0.3199393721572232,0.19781038022725475,0.11207795561637723
0.4790573247968224,0.2513482430365172,0.20098658566158226,0.06860784650507808
0.29257218839434357,0.1626432720944021,0.3388528691194677,0.20593167039178653
0.1312683070478775,0.15189647183840582,0.30695079416193494,0.40988442695178184
0.030257872378139223,0.12961885514026214,0.1471344055962999,0.6929888668852987
0.6217332536585352,0.19653378330939153,0.13722143127963024,0.0445115317524431
0.5329732804647279,0.33944603294351766,0.10581675472483072,0.021763931866923512
0.1734453862848166,0.10557079738912269,0.37199510024561766,0.3489887160804431
0.0934044952693884,0.021596090930364062,0.3779519574232509,0.5070474563769966
0.07466040198413945,0.18004766945670106,0.21155746009570495,0.5337344684634545
0.08736201822178957,0.14785890520590678,0.2167350031032268,0.5480440734690768
0.3932621429675319,0.25815719046434366,0.21598231995203082,0.13259834661609368
0.18453162348148583,0.3210812729356042,0.23707881299828507,0.25730829058462484
0.25973151668124517,0.10177321183621522,0.3625773476913251,0.2759179237912145
0.08144527083237114,0.16402225218754238,0.2627016296875414,0.49183084729254506
0.2329317610368273,0.21909771732563757,0.26806231536290787,0.2799082062746275
0.0592008691932345,0.27495995600234735,0.17354151360481082,0.49229766119960744
0.6475129833143577,0.17606154182317044,0.14036820913802026,0.03605726572445156
0.34437752970954294,0.4277386088955682,0.15536033200028476,0.0725235293946041
0.2087827459582795,0.10113338230415676,0.3738191262834911,0.3162647454540726
0.10213283165519225,0.08947265116004807,0.2951874021991347,0.513207114985625
0.16186141236316673,0.20033338149099197,0.2528704887155294,0.38493471743031177
0.14760572222380872,0.236768465159058,0.24309019151260525,0.37253562110452787
0.19885008733374224,0.18759338306992826,0.2813852772398124,0.332171252356517
0.15917375219297342,0.2251899845271576,0.2550409094305989,0.3605953538492701
0.1916324368196609,0.18887958306044786,0.2873183377683103,0.33216964235158086
0.16566556751813488,0.18934903481254925,0.2919721178733167,0.35301327979599906
0.2413121449662327,0.27186310034928035,0.2554006023679351,0.23142415231655197
0.0615949005329469,0.23680682819249413,0.1938550792702478,0.5077431920043111
0.5782060329116763,0.20012606108796221,0.16492988854187388,0.056738017458487736
0.42879844067205225,0.3906664237577998,0.13551868349705523,0.045016452073092676
0.23739866966455997,0.17544915389729707,0.3248186037801242,0.2623335726580187
0.14610198773132846,0.0841083990628831,0.3362707904765766,0.4335188227292119
0.19080573850627403,0.23050978172288125,0.25422931141605976,0.32445516835478505
0.08893487218958747,0.17136674136559668,0.23657708888206458,0.5031212975627511
0.20056131647649256,0.1478729995816577,0.28214835475313926,0.36941732918871045
0.10385465435878713,0.22104479267526517,0.22422290790515798,0.4508776450607897
0.07862521326009225,0.07178115630106532,0.2720934863205331,0.5775001441183094
0.10319460128228544,0.11413650065844912,0.27674150768433287,0.5059273903749326
0.06672845090840172,0.1772264428840055,0.21420819792733706,0.5418369082802558
0.009854243670503695,0.06216219962393566,0.1084014075080161,0.8195821491975446
0.5096848922748776,0.20970173977335474,0.1841443399810313,0.09646902797073627
0.3935195125140959,0.4287442609524098,0.13188642229046907,0.04584980424302523
0.18610853415112374,0.18084615305095694,0.3181183534596643,0.31492695933825515
0.38996128509654465,0.14207141284753436,0.29404748063711067,0.1739198214188105
0.262812921395212,0.3647047078319467,0.20977281737590545,0.16270955339693582
0.09762768616053549,0.10436728514704874,0.2931305608392491,0.5048744678531667
0.3247078999154041,0.1515387383435275,0.2907741299932085,0.2329792317478598
0.06498646110293418,0.22188656877172197,0.2084914838524311,0.5046354862729128
0.054581609796395446,0.03800080506468359,0.2522835101279733,0.6551340750109477
0.07254749547836256,0.13228949887299096,0.2223546526598432,0.5728083529888033
0.18326163653086858,0.24435262415948536,0.25219181764167575,0.32019392166797045
0.031001186066839923,0.15872289993131383,0.18050709802735215,0.6297688159744941
0.4786318774712005,0.20183255115652407,0.21289367589365393,0.10664189547862145
0.31928281650869655,0.46076952643274893,0.14702942225685706,0.07291823480169753
0.28573439020013136,0.29656246249686863,0.2433331599780418,0.17436998732495815
0.47552260275908803,0.22313237691344076,0.2104084618401451,0.09093655848732618
0.507777755100611,0.26715841791162853,0.17045154512339977,0.054612281864360714
0.102939855172408,0.09103589413328673,0.32591893542824835,0.4801053152660568
0.035116701264957535,0.013826961929755691,0.2587780039830643,0.6922783328222225
0.028145578521966384,0.08809390154763631,0.15191045352151136,0.731850066408886
0.039876873721742825,0.08445273838017588,0.17819069192534098,0.6974796959727404
0.1667399313484915,0.19765881012740733,0.2545413815314926,0.3810598769926087
0.17649915927361579,0.31941166811812394,0.23234191400050788,0.27174725860775234
0.06283684081443683,0.19463353223806332,0.2024660217263707,0.5400636052211292
0.5310225974630419,0.23356372331127148,0.16878120063088486,0.06663247859480187
0.4455933071228158,0.37787977048052607,0.1342748097838842,0.04225211261277394
0.372443413241266,0.19081847728489051,0.2940597513795169,0.14267835809432663
0.07855752716718342,0.08459736916507499,0.29447108191975235,0.5423740217479892
