0.3087003087092952,0.22074530807681883,0.2204546797930436,0.25009970342084237
0.30644523319013367,0.2274753146338263,0.22537724432114598,0.24070220785489407
0.32113381406163094,0.21115956410207104,0.21514605559895197,0.25256056623734585
0.32029514728245706,0.2147927814983951,0.2154659948009402,0.2494460764182078
0.30729703111674045,0.23354494892937186,0.2355630312912703,0.2235949886626175
0.2961520627375056,0.21763361360259448,0.2286482507322923,0.2575660729276077
0.31443260890823166,0.21122976474303617,0.20939417698519383,0.2649434493635385
0.3087253280407186,0.22652730220160824,0.22357476356364167,0.2411726061940315
0.32146352181882126,0.21198866305816602,0.21518242788670425,0.2513653872363086
0.31093483509841946,0.22679289328840432,0.22566488104937005,0.23660739056380628
0.3032558379989599,0.23562005214835036,0.23883879181839054,0.22228531803429913
0.3008313264938767,0.2017602546297054,0.2120573526968382,0.2853510661795797
0.3182740396551459,0.21195157377651477,0.2128184015835689,0.2569559849847704
0.31975808381041865,0.21492231162687672,0.21457034003615244,0.2507492645265521
0.3324593370396181,0.2068713470020195,0.21110846907359065,0.24956084688477168
0.31877519116811653,0.21347180060586202,0.21557732527322618,0.25217568295279524
0.3119244256283834,0.23010086977596989,0.23319005902717616,0.2247846455684705
0.3030618034429673,0.20487795265045994,0.21246101042376656,0.2795992334828063
0.3130911042055623,0.22020819858425048,0.21638961571562518,0.25031108149456205
0.3025982628161771,0.23271473422063563,0.23067498325827612,0.23401201970491117
0.31175091727461796,0.2262741169422733,0.23264118942531262,0.22933377635779598
0.30194908028674017,0.2280427287402059,0.22880840011613351,0.24119979085692053
0.2954201981000166,0.23504326336503437,0.24523469863879732,0.2243018398961516
0.302927345006083,0.19876381890715838,0.20926172608977947,0.28904710999697913
0.32241032171950346,0.21426215087255707,0.2124138847095423,0.2509136426983971
0.3146550274756461,0.21814866098911015,0.21586451916107025,0.2513317923741735
0.3211031409552613,0.21581176632832952,0.21984684844450716,0.243238244271902
0.30947980925132973,0.22664511193370657,0.22199211850882308,0.2418829603061407
0.3087267656298174,0.23618633920481513,0.23366930534306962,0.22141758982229778
0.3102392968878394,0.203621814779322,0.2091949957527393,0.2769438925800992
0.30851774498556966,0.2295963997301356,0.22581212601687844,0.23607372926741632
0.3024893477349392,0.23456285725332662,0.22940139419958927,0.23354640081214487
0.320098028027153,0.21060694646222683,0.2132470788789233,0.25604794663169694
0.31993430493378316,0.21182982805353254,0.20944062739306393,0.2587952396196203
0.3113355400986552,0.2359090492140691,0.23699599818581404,0.21575941250146166
0.31933388674812857,0.20135883189997075,0.20190564736099353,0.2774016339909071
0.31532985294912447,0.2206221549689576,0.21770717708056583,0.24634081500135224
0.31734008869036,0.2154752130363536,0.21420813499061125,0.25297656328267515
0.33553493735198847,0.20497401655972924,0.20576609610345153,0.25372494998483075
0.3288728714724989,0.21064102498313156,0.20927231257086323,0.25121379097350643
0.31906742391305315,0.22396771195203893,0.22678826595984852,0.23017659817505948
0.30263317538175555,0.21319569835996746,0.2166229038824562,0.2675482223758207
0.3132281447022644,0.2218585954956213,0.21376675932985273,0.2511465004722615
0.3157633213936031,0.21488465528301137,0.210760002083466,0.25859202123991953
0.31818479636619273,0.22311228911377906,0.22680749969189118,0.23189541482813705
0.3050117062266162,0.23669368656625558,0.23533463568707733,0.22295997152005104
0.3001705141614548,0.2360365735767603,0.24364524535521845,0.22014766690656645
0.3034422186947442,0.19057980981836986,0.20044635860712068,0.30553161287976527
0.32538232145182394,0.20697942246829568,0.20630325780738598,0.26133499827249435
0.32539479203674504,0.20940940876698735,0.20595937080318183,0.2592364283930857
0.33008187193688443,0.21254855801106756,0.2144356364075107,0.24293393364453733
0.3205058218474498,0.21721764114650732,0.2161441322199804,0.24613240478606246
0.30714879180626914,0.23832299392722847,0.23450919092386102,0.2200190233426414
0.30345333761224513,0.21161989779007215,0.21469724539254448,0.27022951920513816
0.30915684903497787,0.22205017815284447,0.21767406608657525,0.2511189067256025
0.3056636385067441,0.23241398118006623,0.22722260591218157,0.23469977440100814
0.3201224707910344,0.2203915999713242,0.2256861331452272,0.23379979609241427
0.31830840270576843,0.21355391078445693,0.2150881316137993,0.2530495548959753
0.30699139303273015,0.23218316055416685,0.23677104918707959,0.22405439722602344
0.3111642046298934,0.19945298630028108,0.20412832689206514,0.2852544821777603
0.32859496224589296,0.2032530063559526,0.20012791507996316,0.26802411631819123
0.3210817929299281,0.21484364375872617,0.21136218142892077,0.25271238188242484
0.3282444598280817,0.21688553711673283,0.21987650930780173,0.23499349374738387
0.31075761601393337,0.22653503098528732,0.22367059293115094,0.23903676006962843
0.3001237645455157,0.2399140549212477,0.23804358158985628,0.22191859894338034
0.2985500953397332,0.20238025059099324,0.20994919641831417,0.2891204576509594
0.3165572453967515,0.2156348534275049,0.21218559928255468,0.25562230189318874
0.31491407851904596,0.22336280239719583,0.2211698211029993,0.24055329798075903
0.3288438603815865,0.21166202343556806,0.2202713878682225,0.23922272831462307
0.3144433531284181,0.21128088444877596,0.21271482305473308,0.2615609393680728
0.3069791511784445,0.23465267632844974,0.23851914387006304,0.21984902862304284
0.31347431945007626,0.18411098588145672,0.19113307848884828,0.31128161617961864
0.32819780026900547,0.2087622426723625,0.20512015484553972,0.25791980221309235
0.31194907461282845,0.2304482600972477,0.2283965792610923,0.2292060860288316
0.32059629349984975,0.21781134662709767,0.22688769498957992,0.23470466488347255
0.3003002537403955,0.22959176430673725,0.22769074408093054,0.2424172378719367
0.3008260414147279,0.23628880434337754,0.24072632099154986,0.22215883325034472
0.30018984258455644,0.1943549757153694,0.20399993042560113,0.3014552512744729
0.3094575346130131,0.2302448071409327,0.22595306948345525,0.234344588762599
0.30152715088598725,0.23281119275809734,0.23078633279686353,0.23487532355905189
0.3179211696896534,0.2143277231671146,0.22170705599864557,0.24604405114458647
0.3053736075854616,0.22225128373403621,0.2210403172154317,0.2513347914650706
0.30679223812197426,0.23590907841200093,0.23907882815404252,0.21821985531198235
0.3146006645542989,0.19093074465553062,0.19661249514530543,0.297856095644865
0.3173329833378312,0.2205798866249336,0.21802600660770158,0.24406112342953357
0.31002214616445123,0.22412632584255254,0.22434878754803647,0.24150274044495962
0.3321658248494357,0.2061762357015254,0.2110052345766666,0.25065270487237223
0.32183198581303146,0.21206435520769484,0.20901031823719368,0.25709334074207996
0.31348552055039974,0.23196785112934412,0.2374901265308007,0.2170565017894553
0.298942392722285,0.19893849668332017,0.20845704880373706,0.2936620617906577
0.3066219133404339,0.23398099225454527,0.22552982596938773,0.23386726843563313
0.30949336656114707,0.21984761431649755,0.22025235828986456,0.2504066608324908
0.3196927096548947,0.2152699135136434,0.22006604411755432,0.24497133271390764
0.304666097962655,0.23631455991796246,0.23278727301955293,0.22623206909982954
0.29114017007419524,0.24067497357611622,0.24592797574095304,0.22225688060873552
0.3034512966492603,0.19383657331582618,0.20170996274626876,0.3010021672886447
0.31169770741014313,0.22379319458169458,0.2220888956175925,0.2424202023905696
0.325076315746788,0.21190116746421084,0.21117955966918445,0.25184295711981675
0.3323113232257702,0.2075820972264103,0.21229077429629734,0.24781580525152222
0.3146880250087091,0.2205302208101881,0.22184881420828093,0.24293293997282187
0.3098206681877705,0.22831682229191846,0.22859725129513478,0.23326525822517638
0.31236410585901303,0.20312735989340797,0.20375484275059666,0.28075369149698237
0.31767398266453817,0.21597326305335365,0.21005675494575676,0.2562959993363515
0.30674021693939024,0.23653452557299706,0.2359369602167407,0.22078829727087193
0.3116509697736302,0.22883106420672583,0.2308508352513024,0.22866713076834141
0.2920170217035401,0.2389422662260167,0.2382804391331877,0.23076027293725548
0.29988045907600136,0.2239806833420141,0.23260181754758058,0.24353704003440402
0.3248564752314696,0.19227040025685882,0.19219449736141528,0.2906786271502563
0.32343822473590766,0.2174152062982843,0.21481817739151565,0.2443283915742923
0.32468499864361244,0.2090877567453688,0.20949934011931626,0.25672790449170263
0.3251906232535915,0.21772408049650208,0.21980356582226765,0.23728173042763875
0.32035774297190617,0.21988917287923815,0.2150350317008532,0.2447180524480025
0.3220626455000927,0.213709142560068,0.2127543017027714,0.2514739102370678
0.3150048664988689,0.21093946652189027,0.20973453886763838,0.2643211281116024
0.30393111226100833,0.23924209741584504,0.2301472806155067,0.22667950970763998
0.31079073991196254,0.22604370977613292,0.22402345685965636,0.2391420934522482
0.32136455630935923,0.21193928564440534,0.21411040902618203,0.2525857490200533
0.30853412000987795,0.22900033795355249,0.22881970507474447,0.233645836961825
0.3083049490544721,0.22825455566633016,0.2309254883441607,0.2325150069350371
0.3271732405897185,0.19377891575181153,0.19371931655985725,0.2853285270986127
0.32411833702205844,0.2100640827047401,0.2070962215524924,0.25872135872070917
0.32029024858592653,0.21830899517944283,0.2175835416302482,0.24381721460438235
0.33505761070052137,0.21079587785381954,0.21277764721471662,0.2413688642309425
0.3249106711574101,0.21411937406092926,0.20887827419700875,0.2520916805846518
0.3045458596761063,0.23274530816304412,0.23320682201852752,0.22950201014232205
0.3084956276471725,0.21022334423604938,0.21394122538237004,0.2673398027344081
0.31066872499983006,0.2262114642566478,0.21394325361279798,0.2491765571307242
0.3078837764247068,0.23085768232920537,0.2293060032070183,0.23195253803906948
0.3208435162814683,0.20829169661770316,0.21604051675212288,0.2548242703487056
0.29811404302358685,0.24576394629837567,0.23610297523379326,0.22001903544424425
0.30225081599148634,0.2303613103716486,0.23424406515355234,0.23314380848331268
0.30799357586484466,0.17500859016168788,0.18371244980211157,0.33328538417135595
0.31745632123763257,0.21739428165383007,0.214666044338934,0.2504833527696034
0.3261812838375209,0.21714691905016176,0.21987908482243027,0.236792712289887
0.34336919713347686,0.18748361657427595,0.19264517977283535,0.2765020065194118
0.3344472342424821,0.1984021431778108,0.20567409456243657,0.2614765280172704
0.2946843040603171,0.21152024563123023,0.23585081846590897,0.25794463184254374
0.2584488606012624,0.17456602789184622,0.2072981737388883,0.35968693776800326
0.3213819753880904,0.2003109690334066,0.20176597991242237,0.2765410756660806
0.3122387373929393,0.23000161156488766,0.2313070932725507,0.22645255776962242
0.28324280690674075,0.22978223329765282,0.2642365464905562,0.22273841330505026
0.22294498367583493,0.23960265726790989,0.27931980607154167,0.2581325529847137
0.19787774502678934,0.21618868339172262,0.28476469834912393,0.301168873232364
0.17177692489115134,0.15561158634358396,0.22206301621229826,0.4505484725529665
0.2834638330738025,0.21247758788276097,0.22358419313183778,0.2804743859115988
0.2790061915072513,0.2400556367976839,0.25909040865681243,0.22184776303825238
0.2979791229613245,0.2036326606604119,0.22641653814527282,0.27197167823299073
0.2895389244188677,0.2261001879329576,0.2353633459902203,0.24899754165795432
0.28467446882290226,0.22296072076781662,0.24890227353615446,0.24346253687312674
0.28944709142786446,0.19372177834594775,0.20766023791963614,0.3091708923065517
0.29091907747876355,0.24642023585151943,0.23874773719862008,0.22391294947109694
0.3021713138435786,0.22055864639071882,0.22878981767963116,0.24848022208607132
0.311178646373776,0.21883625892900538,0.22297076486214296,0.24701432983507549
0.2835876551328121,0.2537161632017877,0.24969747967333175,0.21299870199206847
0.2823852340732688,0.22176173675178049,0.24382958459180215,0.25202344458314857
0.3042656640026056,0.19895429953800803,0.20542102818400668,0.29135900827537975
0.31751924286172106,0.22388454253214557,0.2222047469243181,0.23639146768181526
0.3178667646075751,0.2072999794058843,0.2132275379008653,0.26160571808567534
0.32947872613434126,0.21012405074239043,0.2133907960472804,0.2470064270759879
0.3117780382820599,0.22827974333719478,0.2251287309197286,0.2348134874610168
0.3113404055919958,0.21888368605640698,0.2195651362581051,0.2502107720934922
0.30616429536369183,0.21265199026934709,0.2118985594831638,0.26928515488379734
0.2984524401148615,0.24429988921981188,0.23654737352218935,0.22070029714313716
0.31204487817140625,0.22249196647679959,0.2218030867226818,0.2436600686291123
0.31330334476107047,0.22352762569532303,0.23353595280976475,0.22963307673384178
0.30701200461781053,0.21888577255342923,0.22600140127244156,0.24810082155631877
0.3077598884105571,0.22062462743634,0.22623993951974358,0.24537554463335925
0.32143929107090147,0.19018159498389492,0.19224003785097785,0.29613907609422585
0.3238099065039796,0.2083044559413464,0.20554950201550995,0.2623361355391641
0.31869288040483224,0.2243322707765858,0.2234855914530398,0.2334892573655422
0.3327591181871422,0.21534479162792114,0.21882787315731536,0.2330682170276212
0.3177350092579569,0.21740062339401942,0.22022459989159515,0.24463976745642846
0.286580038163394,0.23224509887357905,0.24032683227841684,0.24084803068461003
0.28920473119690676,0.2141883246503645,0.22085257774070324,0.27575436641202555
0.3146362178152466,0.21379054448578969,0.2077830813563878,0.2637901563425759
0.32132355727866896,0.2176699413725469,0.2181840668242718,0.24282243452451235
0.31528827101876117,0.22284087123054502,0.23450905488892912,0.22736180286176477
0.283346408053881,0.244003111041198,0.24887280760699987,0.22377767329792106
0.2836316063018638,0.21907709621788665,0.2350799443922923,0.2622113530879573
0.3172734409637536,0.1792379220981601,0.18435828966637566,0.3191303472717106
0.33095465399038243,0.20491495163034842,0.20313756554604495,0.2609928288332242
0.3124953659790815,0.23384319416182087,0.2366504553593025,0.21701098449979508
0.3269183995840474,0.21288897535551757,0.2206149860546319,0.2395776390058032
0.2980882501699216,0.2212559975066553,0.2265727459807954,0.2540830063426278
0.30483214199020164,0.22098370737927894,0.2258393775178736,0.2483447731126457
0.30332287712212863,0.20602334797929658,0.21044562808778233,0.2802081468107925
0.3097571873503165,0.23237872074558363,0.22842003245642925,0.22944405944767063
0.30940902486542665,0.22456442685700004,0.22559185452587271,0.2404346937517006
0.30160188726261605,0.22816803913044903,0.24378700793444144,0.2264430656724935
0.287508040894109,0.21922375871692304,0.2296847468346975,0.2635834535542706
0.3029017455739887,0.22333045337603802,0.23035024681829247,0.24341755423168068
0.320995196413682,0.18735874104171024,0.19209829626777222,0.2995477662768355
0.3237452693779841,0.2147365424238604,0.21492724621939735,0.2465909419787581
0.3090526371583826,0.23066046571777057,0.23284454659598405,0.22744235052786277
0.32361140937681754,0.2126432532496327,0.22074630420446847,0.24299903316908142
0.3147595531375603,0.20967549330799737,0.21290765257996325,0.26265730097447904
0.3029757838416284,0.23003070174699192,0.23210530955307518,0.23488820485830447
0.2922983282359869,0.21932746562179367,0.2272477896016261,0.2611264165405933
0.3067046120182236,0.22799776382200798,0.22316121015585555,0.24213641400391278
0.3054258018963543,0.2296797859727604,0.22971283573946852,0.23518157639141674
0.3073012994864615,0.21989096851578435,0.23338318013195272,0.23942455186580147
0.290583239186993,0.22801125788168078,0.23372345964479294,0.24768204328653323
0.2966818232773076,0.23001313646826754,0.2382719583649879,0.23503308188943697
0.3132142103846265,0.18430940561487158,0.19270968473682742,0.30976669926367445
0.3230541691046135,0.21002722156806578,0.20992034786296215,0.2569982614643587
0.31319684476722326,0.22788417512474618,0.23253112229797968,0.22638785781005108
0.33151638450756493,0.20348421272399367,0.21186791246219178,0.25313149030624976
0.3218869312885212,0.2097709000939215,0.21121479941949223,0.25712736919806517
0.2994478087553775,0.22998280547803548,0.2383285758222313,0.2322408099443557
0.29550304172868547,0.20686593373671774,0.21835322090633735,0.27927780362825944
0.3008304885507284,0.23613936939615174,0.22555396529311553,0.23747617676000438
0.2980883528380031,0.23717281228315626,0.23815275597564442,0.22658607890319607
0.29957260557257054,0.21872355752258013,0.23442786027561452,0.2472759766292349
0.2775913092104388,0.2520688021766115,0.24819878237827617,0.22214110623467367
0.2845065347354563,0.2301673051085609,0.24776509809454858,0.23756106206143413
0.3028174690410335,0.1786796800776791,0.19155457330847053,0.32694827757281686
0.32428498218415736,0.21158272596122255,0.21121487030387062,0.2529174215507495
0.30873931164457147,0.22571701307831582,0.2324399780559104,0.23310369722120242
0.3321118596688835,0.19477318217327275,0.2019248808034984,0.2711900773543452
0.3233924415339016,0.21411777367620277,0.21213654842534724,0.2503532363645484
0.3159439992421089,0.22636290665686631,0.23070536102425562,0.22698773307676912
0.3010033308312228,0.20448048143635153,0.2150565897806851,0.2794595979517406
0.29702739363658615,0.24486691566722393,0.23517010655746579,0.22293558413872427
0.2850029669851229,0.2401108417041328,0.23672230839874914,0.23816388291199522
0.29533152309096194,0.22534036448611008,0.2366696205939773,0.2426584918289506
0.29305165691512397,0.2355673902779782,0.23394191088655017,0.23743904192034768
0.29895020608107087,0.2390430465814618,0.2494267939137251,0.21257995342374222
0.29627069151184315,0.18406073196212475,0.2032045018308705,0.31646407469516175
0.31696640092888984,0.20792262260176284,0.21402923503190108,0.2610817414374463
0.3169389758396336,0.21426963365952523,0.21802287609396906,0.2507685144068721
0.33802027386163674,0.19195975050745914,0.1943321165732309,0.2756878590576733
0.33145966875851113,0.20728709490358227,0.2035006338826242,0.2577526024552823
0.3021738013452833,0.24480165854954483,0.24156264708424588,0.21146189302092588
0.2762677458613574,0.2307674732819766,0.23992984257785702,0.253034938278809
0.29393682969765483,0.23917001045595548,0.2356559671582813,0.23123719268810822
0.30456541862093717,0.2248349186139966,0.22840701711604952,0.24219264564901682
0.3114126073719683,0.21443822802862295,0.22454938627865784,0.249599778320751
0.27473596941663575,0.23694079723442768,0.2479926123960606,0.240330620952876
0.2994324838848599,0.2231718432845391,0.23377961915482146,0.24361605367577963
