0.3301667446524439,0.23012791964015883,0.24031258098993202,0.19939275471746534
0.3309668975416141,0.2298239015439098,0.23908367696892224,0.20012552394555383
0.3335746509151585,0.22942291173956303,0.23898541364594744,0.19801702369933116
0.3320944216261864,0.22999714785321423,0.2388329812867735,0.19907544923382584
0.33160658641979357,0.2299359785072696,0.2410766434821058,0.19738079159083108
0.3244555738325064,0.2306448464117945,0.2402055137966983,0.2046940659590009
0.33447080623885206,0.23030094034983045,0.2382746422191774,0.1969536111921401
0.33682726096244614,0.22805993981741052,0.2402541246205233,0.19485867459962009
0.33067474413259457,0.22908087674711627,0.23824144242386225,0.2020029366964268
0.33941960985226916,0.22980833783706572,0.24115354172340384,0.18961851058726123
0.3181826113955427,0.2289254509207978,0.2415137536847027,0.21137818399895678
0.33716282105851,0.2302871540205827,0.2398388476286649,0.19271117729224238
0.3333798631651333,0.2286168957069569,0.2402608961432754,0.19774234498463444
0.34087569578807403,0.22786629750257859,0.2408972771335627,0.19036072957578465
0.33166340560368684,0.2283047597431994,0.23967916871613365,0.20035266593698012
0.3409367860226916,0.22993962679462207,0.2406869343389757,0.18843665284371058
0.3228490182684214,0.2300307716708982,0.24019480701442444,0.2069254030462559
0.33635363409167535,0.23135255486372083,0.23840328148108886,0.19389052956351502
0.3298112651693482,0.23024886486527685,0.2363260490200979,0.20361382094527689
0.33968833714852503,0.22990851779589125,0.23893064978467324,0.1914724952709105
0.3192198748931881,0.23095118572310988,0.23721596668486586,0.21261297269883614
0.33467604493953834,0.23187014655492957,0.23998916241742252,0.1934646460881096
0.31475090495432867,0.2301976842867575,0.24014352015633042,0.2149078906025835
0.33911370334778274,0.23117727590875695,0.2390634973036289,0.1906455234398314
0.3310249703615621,0.2284271932749705,0.240209536936887,0.20033829942658044
0.34030576576673416,0.22783232057745534,0.24027671296624675,0.19158520068956372
0.33244722273044325,0.22872313777859607,0.23960067740903315,0.19922896208192756
0.3383784894825748,0.2296496595676751,0.24134461491997874,0.19062723602977133
0.32074444078883774,0.22793751083676383,0.2403160777672459,0.2110019706071525
0.3402023901146875,0.22979099044350418,0.23962849987897553,0.19037811956283285
0.3288264998855123,0.22883072308191557,0.24011725407851764,0.20222552295405452
0.3389663891053486,0.2278234374614397,0.24316723773542026,0.1900429356977915
0.3233905419553687,0.2274550610119574,0.23955828452943326,0.20959611250324062
0.35304938646557893,0.22820808912503837,0.24103603090094455,0.1777064935084382
0.3225389662829288,0.22539849856790262,0.24436749199099436,0.20769504315817416
0.3409093203232469,0.2280113863585827,0.24164847069617296,0.18943082262199734
0.33670268731699354,0.22625286976144915,0.24288942899489563,0.19415501392666165
0.34114596749496584,0.22625236313569586,0.24260759218614333,0.189994077183195
0.33689169978375766,0.22626935569427073,0.24163286372757922,0.19520608079439228
0.3420583314756984,0.2268992211069985,0.24266429470699238,0.18837815271031064
0.32996527001944914,0.2274775584530443,0.24244572565575928,0.20011144587174734
0.3409730341403371,0.22912030945018838,0.2421536894091275,0.18775296700034697
0.3289996858815245,0.2274819573146139,0.2393320442458451,0.20418631255801659
0.34774208125859657,0.22688212699740193,0.2394867904755245,0.1858890012684771
0.32840094017401156,0.22830681825352211,0.23894046977731956,0.20435177179514685
0.3387539971559447,0.2297940391996243,0.2430769090091271,0.18837505463530396
0.3114258212504764,0.22823222260849632,0.24305571721127806,0.21728623892974927
0.34374459770837945,0.22949924296791308,0.24052006209738203,0.18623609722632545
0.33773798491868734,0.22623579340207461,0.24201162739094373,0.19401459428829435
0.34787549374051635,0.2257042734310189,0.24187752426011566,0.18454270856834915
0.3351303068690011,0.22638218738023913,0.24096922632842602,0.1975182794223338
0.3423153668228547,0.22859607305996255,0.24194233923690037,0.18714622088028257
0.321974014331031,0.22846200005566042,0.24135755105252715,0.20820643456078136
0.3380027237998289,0.2295805189476091,0.24001805265147827,0.19239870460108366
0.3307739261915536,0.22853485106602026,0.2387367191323689,0.2019545036100572
0.34207989684230933,0.22777699658000128,0.24121234723794302,0.18893075933974643
0.32302759879994836,0.22785661659133585,0.24042947321688626,0.20868631139182947
0.34042746322013945,0.22960657578727078,0.24163526557635398,0.18833069541623582
0.3235564221787888,0.2275953771722259,0.24414619592861184,0.20470200472037337
0.3392135322469069,0.2284077329454027,0.24173845381105666,0.1906402809966338
0.341941020296248,0.22607459736476654,0.24093441246414218,0.19104996987484335
0.3474679212882315,0.22538117750866796,0.24149804740715303,0.1856528537959476
0.33364682468781065,0.22710132947438597,0.24083269675127456,0.1984191490865288
0.33733788133906517,0.22904650107375982,0.2427950583233031,0.1908205592638719
0.3186699054492356,0.22843768675197468,0.24115745454872628,0.21173495325006347
0.3433245699989833,0.22953336780834382,0.24041645345495052,0.1867256087377224
0.32963974193053097,0.22731058278551006,0.239348315233678,0.20370136005028103
0.3481872150047007,0.22677465454355097,0.2419896809434455,0.18304844950830287
0.3224964632819905,0.22788757209455157,0.240580794087448,0.20903517053600992
0.34882804819006236,0.22989896152493844,0.2420168291737307,0.17925616111126844
0.31823272579566325,0.22714023312893497,0.24333200575109698,0.21129503532430477
0.3470884248600387,0.22923470514777794,0.23885950501291692,0.18481736497926646
0.3409421249652766,0.22706041536973096,0.2389991191587003,0.192998340506292
0.34330396447857164,0.2272462401728488,0.24123384956068752,0.18821594578789208
0.3215225620963447,0.2304873177631019,0.238234615420838,0.20975550471971538
0.33775059509259847,0.2323288810260793,0.24029340338590477,0.18962712049541755
0.3128709660446205,0.2298775208765023,0.23871786963948433,0.21853364343939283
0.3436941777382256,0.23139767998909178,0.23724392750226708,0.1876642147704155
0.3284094555378371,0.2291782872809544,0.23873117686690126,0.20368108031430707
0.3362069526056867,0.22888016077261827,0.2411880641987084,0.19372482242298675
0.32189963285709355,0.22990141918014312,0.2379302418025703,0.21026870616019316
0.34618537756593004,0.2303220180013408,0.24121739083807975,0.18227521359464943
0.31544147035841147,0.22753618174899012,0.2413942367231384,0.21562811116945993
0.3471438562537351,0.22948562590506352,0.23954458856789396,0.18382592927330746
0.3309131253575372,0.22725004494438278,0.2407335822644601,0.20110324743361987
0.3446355904687575,0.2277950762995253,0.2419550716666166,0.18561426156510064
0.32503456885495485,0.22830190719648044,0.239767863594853,0.2068956603537117
0.34701809425195934,0.22937925293781894,0.24043645087515508,0.1831662019350668
0.3226195062109425,0.2279170440000668,0.2410731024289201,0.20839034736007056
0.3414054959906372,0.23106460701121925,0.2393321780531141,0.18819771894502954
0.3268401964011742,0.2293821550034705,0.23842655747301603,0.2053510911223393
0.33923511504230897,0.2286761181663262,0.2396736770774318,0.19241508971393298
0.32512800410672477,0.23037103323666958,0.23660246827991832,0.20789849437668748
0.34409769085289055,0.23051803303905197,0.2420282002170194,0.18335607589103806
0.30852518544918134,0.2286033217757696,0.24078758600677286,0.22208390676827605
0.34722112038452824,0.23024727733619824,0.23855813156459266,0.18397347071468076
0.33137495173826925,0.22686044527552973,0.24194680396744805,0.19981779901875296
0.3383307105908241,0.22700480763509745,0.24053074970135915,0.19413373207271928
0.3357641364511337,0.22786845026296662,0.24143165539814287,0.19493575788775686
0.33325778771323056,0.22939186079724316,0.24193581226376706,0.19541453922575913
0.3311984979056363,0.22916900085688843,0.24232723777248216,0.1973052634649931
0.3337163177503489,0.2288209242153742,0.2390864607515514,0.1983762972827256
0.3440060430983011,0.2274979519075799,0.23738498914044323,0.1911110158536758
0.33782860374073803,0.22708603379708997,0.24183793398478598,0.19324742847738602
0.31993963092225114,0.22996960459073565,0.23912174577814077,0.21096901870887252
0.33595518206072256,0.23022752227106433,0.2432515870971565,0.19056570857105662
0.31590891693211265,0.22825477017945794,0.24160858369782015,0.21422772919060917
0.35149078228186736,0.22813741227446957,0.24037050540131125,0.18000130004235176
0.334687040877977,0.22423431474018216,0.2432804834633081,0.19779816091853275
0.3445465852806573,0.22657283098112085,0.24180439480187593,0.1870761889363458
0.33570603887978284,0.2269590324256134,0.24337111332915057,0.19396381536545326
0.3337525325912285,0.22752476468588742,0.24282405724497905,0.19589864547790511
0.3348827181318161,0.22698716508303832,0.2409492630940577,0.19718085369108784
0.3426983028630171,0.2281093571024634,0.24056345910775398,0.18862888092676544
0.3341558659797453,0.2273946325188716,0.2413727983665976,0.19707670313478548
0.3322559677238626,0.2270684088651932,0.24206208614420655,0.19861353726673764
0.3293713758020836,0.22866830831889945,0.23947242182212025,0.20248789405689674
0.3421819444033025,0.2285088681432543,0.24346866802899067,0.1858405194244526
0.3201819958691431,0.22683273408861265,0.24382321361764253,0.20916205642460173
0.34630759485097984,0.22730636658960707,0.24144152421674223,0.1849445143426709
0.3401412891512394,0.22486527238575885,0.24266355774805307,0.1923298807149486
0.3455208846726832,0.22586933335170717,0.24230865999173012,0.1863011219838795
0.33541776004965607,0.22647924911594827,0.24315521075086655,0.19494778008352914
0.33373850518893194,0.22758389716117594,0.24181597884097256,0.19686161880891942
0.33603435941333715,0.22774201394560808,0.24180139885491067,0.19442222778614404
0.33536861466360507,0.22899054273263086,0.24132477609712594,0.19431606650663813
0.33348982269082056,0.22732451791872638,0.23974214924672652,0.19944351014372652
0.33685729420269533,0.22606080959939237,0.2412799935242597,0.1958019026736527
0.3295246003356751,0.23076045470423445,0.2391623378198387,0.20055260714025175
0.3395084893892395,0.22954552373818207,0.24444300685664858,0.1865029800159299
0.314269857206204,0.22536538199203404,0.24489038692795476,0.21547437387380725
0.3490476340349261,0.22854156424087083,0.23895191559016957,0.18345888613403347
0.35159958029823285,0.22487710491645105,0.24350379227786528,0.1800195225074508
0.3353772375972593,0.2240423380823218,0.24494269932142626,0.19563772499899265
0.3366124978404338,0.22805395451424745,0.23975386093898257,0.19557968670633627
0.34927009103247697,0.22902992096337593,0.24240210541643378,0.17929788258771337
0.317147727590067,0.23164701972557994,0.2403694864859805,0.21083576619837258
0.3385896402234961,0.23608852446352327,0.23470720909193746,0.19061462622104322
0.3296996523953641,0.23564925435501385,0.2310189173567672,0.2036321758928549
0.33294580887830355,0.23507786368057718,0.2308474182253395,0.2011289092157798
0.30925355837340424,0.2390262725434984,0.2315006228261871,0.22021954625691026
0.29673633026645996,0.2444863352475816,0.23081341230912492,0.22796392217683353
0.2913960729603721,0.2423893772397366,0.23024381992990692,0.23597072986998438
0.31762320302837516,0.23881977037545954,0.22856070139321996,0.2149963252029453
0.3300763128974263,0.23542868233490177,0.23176197663974402,0.2027330281279281
0.32085029472145826,0.23383667499783717,0.2374634048436104,0.20784962543709415
0.31260517299951224,0.23597224149540708,0.2326371686305017,0.21878541687457892
0.3327420769852179,0.23526034160631396,0.2371342260171959,0.19486335539127228
0.31006197763508714,0.23361859547694383,0.2357083757039907,0.22061105118397836
0.33832927473910734,0.2347606544457245,0.23460421682946722,0.1923058539857009
0.3229786269098605,0.23197002676367934,0.2365046624483162,0.20854668387814407
0.3285482016187538,0.23186407037495915,0.23593526723763716,0.20365246076864982
0.3256840655771065,0.23287417992812992,0.23593651729495665,0.205505237199807
0.32482291000987706,0.23215944266870228,0.2402812577500391,0.20273638957138163
0.3155378008144369,0.2316437713404852,0.23893988518864676,0.21387854265643116
0.33689612146307457,0.23159604487013308,0.2381071614141056,0.19340067225268673
0.3320120337148222,0.22797673912807928,0.24077424417994517,0.19923698297715334
0.33527060895404454,0.22857291402367544,0.2400717255426124,0.19608475147966764
0.3357819847833275,0.22975900439643213,0.23971535633329896,0.19474365448694145
0.3351952274744212,0.22922162604590526,0.24272697547641167,0.19285617100326183
0.3227970838035463,0.22895219321988883,0.23776552087736477,0.21048520209920007
0.35159622745084307,0.22982578660260974,0.2385969492343573,0.1799810367121899
0.3221548359363448,0.22803242916440258,0.23909876753244183,0.21071396736681064
0.33660861027178335,0.22886164114253735,0.23997740496744707,0.19455234361823226
0.32174387005361704,0.22989579978223615,0.24000536517472368,0.2083549649894232
0.3369889367211839,0.23077981586073404,0.242367792078359,0.18986345533972313
0.32165726575009823,0.22819426112474983,0.2434237890812457,0.2067246840439063
0.3438871776680398,0.22786556874416183,0.23956077706936305,0.18868647651843537
0.34872823046009443,0.2259113646839685,0.24064112620255088,0.18471927865338625
0.33994636842589643,0.2263370490500836,0.24154519055939888,0.1921713919646211
0.33064589932467564,0.22861952739822802,0.24059208131721668,0.20014249195987954
0.3294617322678665,0.23031136174357952,0.24086717601543328,0.19935972997312065
0.32611532600631693,0.231023312691206,0.24015310389174624,0.20270825741073076
0.3346732238063478,0.23123527812015793,0.23947761235945533,0.19461388571403895
0.33142458434724836,0.228337968789555,0.2368131267604799,0.20342432010271672
0.3419577326580968,0.22744081275848055,0.23824986739426593,0.1923515871891567
0.3259120251236511,0.23074741365276188,0.24002896933377874,0.20331159188980835
0.3251820619949838,0.23255728471800588,0.24279510315868508,0.19946555012832534
0.3159025968635728,0.2302021040675819,0.2422451793960425,0.21165011967280287
0.3414350031667466,0.2287749693257623,0.23674493600692487,0.1930450915005663
0.35561028370280473,0.22623244144438978,0.2394031442773158,0.17875413057548972
0.3326171992423497,0.22622302560405805,0.24305829442798185,0.19810148072561037
0.324813586236335,0.23103260966726027,0.23906985857434004,0.20508394552206455
0.33315192577661096,0.23186207295811226,0.240804145092621,0.1941818561726558
0.31981447045020683,0.23073806528176086,0.23652912917991833,0.21291833508811397
0.3499768746259303,0.23104374694520735,0.23765117314048384,0.18132820528837862
0.3209290341165201,0.22934609073248646,0.2366106917556564,0.21311418339533703
0.3398228142857884,0.2302463133996425,0.23918181974582983,0.19074905256873922
0.31533604963323764,0.23147422837359372,0.23838311839342938,0.21480660359973938
0.3375049940030367,0.2328836154924312,0.24050270049878203,0.18910869000575012
0.31531830217083107,0.22958585123269706,0.24023638540835895,0.21485946118811292
0.3451640459602591,0.22961452676772703,0.23700020279315612,0.18822122447885764
0.3399377033942858,0.22796503615135227,0.24001308974975255,0.1920841707046093
0.332657228919381,0.22939460291855715,0.24094018956984953,0.19700797859221222
0.32444950328242383,0.23121021870010502,0.23858071889311983,0.20575955912435134
0.3332200228707523,0.23186440510504172,0.23815291941060746,0.1967626526135985
0.32693693738283586,0.2311925626298075,0.2375621616702239,0.20430833831713274
0.33415554751890814,0.23214101200723514,0.23810528681121942,0.1955981536626374
0.3226510119620584,0.23142138305205737,0.23589376892557434,0.21003383606030981
0.3338613175204863,0.23023370089788794,0.23837691325913712,0.19752806832248876
0.32104649436141985,0.23168335619763844,0.2377455384445158,0.20952461099642597
0.3343166839761106,0.23257357860525998,0.2407137310879849,0.1923960063306446
0.3152850300876645,0.22983412501098713,0.24105762787905635,0.21382321702229198
0.34064795313649715,0.22989948330299018,0.2375718172907368,0.1918807462697759
0.34240219377165704,0.22809887764366243,0.2395991261554476,0.18989980242923293
0.33579374850490495,0.22833496966143432,0.24171690235072674,0.194154379482934
0.32518704534037907,0.23094310133836782,0.23859682509464777,0.20527302822660545
0.3367842794032442,0.23194515938357982,0.238503883486255,0.192766677726921
0.3241127160386165,0.2314903014968523,0.23776042092336225,0.20663656154116905
0.334365004653038,0.2336784270236346,0.23635441361670986,0.1956021547066176
0.32378463231900323,0.2325732122759413,0.23490087960890219,0.20874127579615326
0.328667532107893,0.230950159986448,0.2362417422512814,0.20414056565437758
0.3224206525622746,0.23369715012151104,0.23620650640136737,0.20767569091484692
0.3241688372058134,0.23386088473884228,0.2402773136145809,0.20169296444076337
0.31138186224827935,0.2305766056779818,0.2407800156649383,0.2172615164088006
0.33719644254881215,0.23094387582021703,0.2369123003436523,0.1949473812873185
0.3454101441128015,0.228217812016785,0.240468114876926,0.18590392899348754
0.3318219324312137,0.2272977556344066,0.24292779833147812,0.19795251360290153
0.3307140057430534,0.23058999405025649,0.23783948838682142,0.2008565118198687
0.3455872744824049,0.23057500695110697,0.23995970326896718,0.18387801529752085
0.3196262601745548,0.22999967854637549,0.2370145026177356,0.213359558661334
0.34421333960636635,0.2329400179401614,0.23676316860292482,0.18608347385054744
0.31621137201160493,0.2326972372582968,0.235735869508222,0.21535552122187615
0.3300152010193254,0.23195151892807,0.23694759489875408,0.2010856851538505
0.31945600609830893,0.23266313325264346,0.23512292038371937,0.21275794026532824
0.33453475527752463,0.23261094886192366,0.2394543411963639,0.19339995466418777
0.31068803704748127,0.22938973102343316,0.24112572725937306,0.21879650466971248
0.33646580190230274,0.231235832935541,0.23891940498864164,0.19337896017351464
0.3360037011841294,0.22931327684164873,0.2416129233178996,0.19307009865632235
0.3377679226104685,0.22842163970258506,0.24213038031542405,0.19168005737152233
0.33588032204215834,0.2287498617387895,0.237978603713018,0.19739121250603428
0.3502751474092648,0.22925124169685673,0.23811930452723473,0.18235430636664382
0.3251639862720375,0.22974974448413363,0.2390974239094742,0.20598884533435466
0.32549977688839093,0.23381957089208275,0.2368404026248805,0.20384024959464578
0.3191022862120137,0.2333997856332742,0.2355828365664455,0.2119150915882666
0.325102920175767,0.23120028524847352,0.2374179647875371,0.20627882978822237
0.32428152203543104,0.23195786877844576,0.23674567079473782,0.20701493839138543
0.33424773738129054,0.23206604595972913,0.24174835256052157,0.19193786409845878
0.31321521097353866,0.23041104394899564,0.24055469113355302,0.2158190539439127
0.3442360635717716,0.22913462292155481,0.23829897002004702,0.18833034348662664
0.3384626833889765,0.22693212156153017,0.23900365687157435,0.19560153817791892
0.3451887636425527,0.22848103206111126,0.24199970910853622,0.1843304951877999
0.3165823016843581,0.23088576501000813,0.23956556255236006,0.2129663707532738
0.3379716308703457,0.2315557738392274,0.23855619390496183,0.19191640138546517
