0.28863025946292753,0.2457671419580503,0.2273126947275139,0.23828990385150828
0.29138803442011246,0.2402563603564016,0.22922421530112147,0.23913138992236463
0.2939622209863223,0.23398614243594254,0.22628804819987156,0.2457635883778635
0.28563758703360786,0.24791665586791217,0.2332728364834151,0.233172920615065
0.2871988392945606,0.24510607441166923,0.23367828826778672,0.23401679802598338
0.29423966070175034,0.23339164778309246,0.22540852410548107,0.24696016740967602
0.28282579833607785,0.2569530662053497,0.2329925811996624,0.22722855425891017
0.2942510394064864,0.23516796062151005,0.22979973853808972,0.24078126143391382
0.2892650557279705,0.24070223221685103,0.23048124397755315,0.2395514680776253
0.2774457992375838,0.26263661157135754,0.24091305355513273,0.21900453563592584
0.296209959315901,0.22887564041613523,0.2276385363380398,0.24727586392992407
0.28367049822526647,0.2563078875225504,0.22950607568726397,0.23051553856491916
0.2820473404477615,0.25858014016897846,0.23975764107753986,0.2196148783057203
0.2855891382935576,0.25041761212947844,0.23658182731583616,0.22741142226112776
0.28916449269911804,0.24160004627084267,0.23364968614445883,0.23558577488558055
0.27899130090860863,0.26003130264842683,0.239701444514286,0.22127595192867847
0.2948770334230628,0.23069091300436903,0.22970388062858038,0.24472817294398785
0.2929296286427029,0.23655549502949563,0.22351987312715135,0.2469950032006501
0.29292046816708006,0.23537826456698185,0.2283783451873587,0.24332292207857933
0.2949190405467283,0.22927272387426564,0.22581337786375197,0.24999485771525407
0.2985608861813245,0.21880251635050296,0.22168723036469598,0.26094936710347666
0.2835019245387549,0.2512912427814797,0.22988344689953452,0.23532338578023088
0.3023687899804098,0.2187268513497692,0.21908619457387282,0.25981816409594805
0.2813523310852738,0.26148851460367156,0.22945290251454503,0.2277062517965096
0.285458741418281,0.2526670800030705,0.23818149775532224,0.2236926808233262
0.2887671909718169,0.24478913948633646,0.23238080599546573,0.23406286354638103
0.28530896909277503,0.24854134170581346,0.23626627082885499,0.22988341837255638
0.2780315325284484,0.2614185012361692,0.2416495478964119,0.21890041833897053
0.2977512088497645,0.2265117278243089,0.22602016976708345,0.2497168935588431
0.28556589832243,0.25166287776141877,0.22893575666436833,0.2338354672517829
0.2773676348258413,0.26453697858588693,0.24354491177351192,0.21455047481475983
0.2842038002539023,0.2530974031035045,0.2374941372455634,0.22520465939702977
0.2919434077170756,0.23894199651946957,0.22961170544619192,0.2395028903172629
0.2656593293126654,0.28748321517855857,0.24764820914365684,0.1992092463651192
0.28776554808270355,0.24543424010807002,0.24187535302300844,0.2249248587862181
0.27343260606365954,0.2735616281020265,0.24088239313101115,0.21212337270330275
0.27549920678417256,0.26956167620272864,0.2479415776855725,0.20699753932752635
0.2772843010069978,0.2652456784545576,0.24491951490887764,0.21255050562956687
0.27741130456879504,0.26396297651360195,0.24527726034210479,0.2133484585754982
0.27574304488646956,0.2663897973256798,0.24619863833117517,0.21166851945667553
0.28161421547716126,0.2555060399858298,0.24197865131004367,0.22090109322696527
0.27740259044529264,0.2651986238838288,0.24158886290222822,0.21580992276865033
0.2871681601829206,0.2479455383616618,0.2368350386812812,0.22805126277413645
0.28896389651460525,0.24424903034453735,0.2322056019463567,0.2345814711945006
0.28575997652336993,0.24501780662989944,0.2377140590059105,0.2315081578408201
0.2719823400137788,0.2708418866844521,0.2452125536796285,0.2119632196221406
0.2974009166861559,0.2290659182414122,0.2259754128248287,0.24755775224760324
0.2752643634548856,0.27539466584812905,0.23442224041857648,0.21491873027840874
0.27561473212639354,0.2712349707208986,0.2484000184919341,0.2047502786607739
0.2784072378313764,0.2629689606508138,0.24499838286774078,0.21362541865006918
0.2834857613559283,0.25082336632626817,0.24181341431526773,0.22387745800253578
0.27467967885120786,0.2664376965157774,0.24518694018684783,0.21369568444616682
0.29131737404401714,0.23710081807619177,0.2337773999923328,0.23780440788745819
0.2883860434232172,0.24628025651156718,0.22788899691409165,0.23744470315112398
0.28439548885002375,0.25263212451951583,0.23667110360945567,0.22630128302100488
0.28263326153170015,0.25462210062715734,0.23836585507141209,0.22437878276973047
0.29248786110593333,0.23466322365987313,0.2310448777240779,0.2418040375101157
0.2710043758541905,0.2764497698036691,0.2424753975641472,0.2100704567779932
0.2841126377530673,0.2542365495134605,0.2404493981159193,0.2212014146175528
0.27725651353216807,0.269287932108972,0.23878208786065708,0.21467346649820288
0.27636078705828654,0.26938730517640613,0.2460968535607089,0.2081550542045984
0.28119591051120146,0.25694087718292324,0.24400954081454118,0.21785367149133408
0.2810257788001414,0.2535970299395109,0.24309362550472033,0.22228356575562733
0.276674198390886,0.26239249478206206,0.2436822888201581,0.21725101800689395
0.2931748788976252,0.23545132448993447,0.22951327632140694,0.24186052029103328
0.28271330149792645,0.2590190939872995,0.23183730377738762,0.22643030073738632
0.28070967117325335,0.25978693586171064,0.24216647793503507,0.21733691503000097
0.28131179460966405,0.2576179150934163,0.24026244071808542,0.22080784957883426
0.2897599155817878,0.23919220624601045,0.23492065392301958,0.23612722424918206
0.2650625256867094,0.2865767384582075,0.24783131526890245,0.2005294205861807
0.29670541427098396,0.23209957827781538,0.23177117106358278,0.2394238363876178
0.28175410601072914,0.26168102837679325,0.2313518573157443,0.22521300829673335
0.27974046760248655,0.26073151998436267,0.24530771212586003,0.2142203002872907
0.2921638129581926,0.2332365872297804,0.2342314614093671,0.24036813840265986
0.29359553699667773,0.22753225142788472,0.2273383433276658,0.25153386824777174
0.28037637977360647,0.25686151305777966,0.23467451005340773,0.2280875971152063
0.31000042420368956,0.203907471538215,0.21253474272839992,0.27355736152969556
0.28588254998743534,0.2523918821577632,0.22381825624927004,0.23790731160553158
0.28529201429511425,0.2500054563011873,0.23889097726749747,0.2258115521362011
0.2940196116386853,0.23252185250291815,0.22702497272944275,0.24643356312895384
0.29298904419310323,0.23378661264637404,0.22593147548645282,0.24729286767406997
0.2728200823807212,0.27368161767785776,0.24144914149779823,0.21204915844362263
0.2996664968965579,0.22496455779317548,0.22690514771196768,0.248463797598299
0.2785557004435971,0.2666138001654532,0.23284044796658532,0.22199005142436434
0.2809871369037229,0.2588074297540755,0.24426286841897119,0.21594256492323036
0.28253100816560184,0.25480679922339416,0.23876443627912353,0.22389775633188047
0.290218883956105,0.2394262135797694,0.23346448855721394,0.23689041390691162
0.2754918574936662,0.2680207164004041,0.24076785319644117,0.2157195729094885
0.29893232673521536,0.22401427983960462,0.22833329840626979,0.24872009501891015
0.2813114610646042,0.25785034510504595,0.2323916836373733,0.22844651019297654
0.2882195401926028,0.2445242325563779,0.23627969076547536,0.2309765364855439
0.30017321182768103,0.22179708974506912,0.22053938275532425,0.25749031567192554
0.28930105312788784,0.23926133518937276,0.22915268951430215,0.24228492216843725
0.2748689882118254,0.26732465515150383,0.24196809780151393,0.21583825883515673
0.3084057375862231,0.20679285330800917,0.2156317339167945,0.26916967518897333
0.275289296622119,0.27411355110954777,0.23129058946996867,0.21930656279836455
0.28448244260631805,0.2540455903061613,0.24279294670611698,0.21867902038140363
0.2833133032257449,0.2538915369584467,0.23675232176624408,0.2260428380495644
0.2834273500690709,0.25279033004593016,0.23899271859741675,0.2247896012875822
0.27483122409118665,0.2674710718162245,0.24463246092630736,0.21306524316628153
0.2860359135577429,0.2501130750046056,0.23653324974102388,0.22731776169662765
0.29334398057490674,0.23851034025681353,0.2268876202795627,0.2412580588887171
0.2799140131573953,0.2608976642831241,0.23913353936622117,0.2200547831932593
0.2918211599181043,0.23398208887304367,0.2356197832978372,0.2385769679110149
0.28651972460292985,0.24161949284342293,0.23208152536918725,0.23977925718446003
0.27807898573543743,0.2637170204187174,0.23744611715097955,0.22075787669486546
0.29524021292034525,0.23619730788353122,0.22639210995411882,0.24217036924200472
0.26804220488546765,0.28734557368635805,0.24282684457874915,0.20178537684942513
0.28183475349778947,0.2581678111208685,0.24700874096728298,0.21298869441405907
0.2736488933498803,0.27041302262818057,0.24593493766806385,0.21000314635387513
0.273193009104834,0.26984042172893324,0.2504403225551928,0.20652624661103985
0.2795560762576419,0.2600255908018919,0.2428510588818059,0.21756727405866025
0.28812999544673623,0.24704165664333927,0.23372966327057096,0.2310986846393536
0.27702818222477843,0.26574503009830625,0.24222615189414204,0.21500063578277342
0.27789071849142427,0.2614826692380797,0.24606837182272645,0.2145582404477697
0.29232594909636606,0.23634084911496894,0.23087262678100856,0.24046057500765655
0.28166504351954885,0.2565292472246223,0.23565723302476946,0.22614847623105938
0.26919137277713334,0.27953898216694467,0.2488645124007636,0.20240513265515822
0.2863196010618625,0.2502320436389463,0.23825706892637605,0.22519128637281519
0.2718374123882752,0.27939301346458856,0.24235603216492393,0.20641354198221243
0.2765814795165126,0.2676110242124985,0.2489875997271516,0.20681989654383737
0.2723056222729755,0.27203632919325454,0.2497535021029179,0.20590454643085213
0.2781714856270166,0.26032220262590705,0.24697794568041245,0.21452836606666378
0.27999318562504105,0.25850013959257445,0.24127477452850216,0.22023190025388234
0.2847240470588938,0.2519422647817264,0.23698669313284623,0.22634699502653355
0.28012718516323276,0.25977520549810307,0.24010305790687292,0.2199945514317913
0.2792484181716684,0.26122835033172703,0.2422499792506654,0.21727325224593916
0.2978217919062249,0.22746465566442955,0.22680203987843187,0.24791151255091357
0.2765584925587884,0.26393711058294583,0.23971478452749895,0.2197896123307668
0.2628427141402862,0.2889079606078319,0.2549972452598464,0.19325207999203559
0.30458450113374597,0.22178450422213225,0.22013624280516383,0.25349475183895803
0.2701830893333833,0.2857151854635637,0.23800678635237732,0.20609493885067556
0.2606047255019305,0.29399777247422365,0.2627851951197797,0.18261230690406616
0.2893374121352138,0.24093744715621843,0.24127618669616663,0.22844895401240117
0.2805015649144871,0.25787879703333777,0.23753814004550883,0.22408149800666632
0.27096441405831156,0.2747557228325257,0.24984382110910533,0.20443604200005738
0.3011736037509963,0.21865092341937878,0.22692921938393606,0.25324625344568896
0.296978163213705,0.22883631634047386,0.2178963904435229,0.25628913000229814
0.3103686458148779,0.1976961528833476,0.21424648634787882,0.2776887149538956
0.31723118886130164,0.1705974818371824,0.19866627868567568,0.3135050506158402
0.3142220005902965,0.16472598229780935,0.19410916143039478,0.32694285568149933
0.30211407510319754,0.19074726310162904,0.20045408117569188,0.3066845806194815
0.32221742421188015,0.16123770380852115,0.17704608427854404,0.33949878770105474
0.31387860843131804,0.18868947025649704,0.18572429965926707,0.31170762165291765
0.2964842969968461,0.22748817088740728,0.21682266728356497,0.2592048648321817
0.3136501651112022,0.1876040132073619,0.2054419357880177,0.29330388589341816
0.30350526839947434,0.20500940794951075,0.20531649240177574,0.2861688312492391
0.293042747466436,0.23384471490608918,0.2193975461548262,0.25371499147264864
0.3170709098260468,0.18602570182876896,0.2007893697238674,0.29611401862131675
0.28817048323903577,0.24522423404973479,0.21945475855746635,0.24715052415376298
0.3041999031744835,0.21301568715017247,0.22073050310394146,0.26205390657140254
0.3068350380042052,0.20335135739680277,0.2076532929944075,0.2821603116045846
0.29208882068631514,0.23255920715569872,0.22281839865533531,0.2525335735026507
0.29244112681451156,0.23333716968386153,0.22566236843697704,0.24855933506465
0.30469251391510543,0.21313780155413745,0.21112250382078446,0.27104718070997263
0.2801178040955338,0.26409833514653536,0.23036606012126268,0.22541780063666816
0.28914542464901577,0.24615227715887528,0.2353157905150019,0.22938650767710717
0.29181570326277423,0.2387151119885872,0.22848074954126818,0.2409884352073704
0.27529703143863676,0.267695995628578,0.24242367502315956,0.21458329790962571
0.2868059293568235,0.24681852980866767,0.2376683387420589,0.22870720209245002
0.2996173012790986,0.22367307848348486,0.2207129729116049,0.2559966473258116
0.2793350444282491,0.2629521658503951,0.2354741464888943,0.22223864323246165
0.2940649694063944,0.23060333649849607,0.23399732276752233,0.24133437132758717
0.2896813011326162,0.2396580011396598,0.22651110391921322,0.24414959380851073
0.2908586283948178,0.237959931013023,0.22975634835685216,0.24142509223530692
0.27070883493361353,0.2774002710730289,0.24270374997068736,0.2091871440226702
0.29034661771687703,0.2460319625917983,0.23340091116891865,0.230220508522406
0.2798577595230375,0.26663958341946475,0.23531326153715745,0.21818939552034045
0.27633960444882333,0.2676888154357399,0.2478284465606855,0.20814313355475111
0.2833036208489706,0.24947109618348762,0.2436469467841526,0.22357833618338935
0.2873130120525824,0.24113012285213756,0.23527817056536096,0.23627869452991904
0.28778568434754154,0.24288136463465645,0.2314523548140166,0.2378805962037856
0.28959436515148657,0.24250041614898465,0.2291753803538648,0.23872983834566391
0.2878962717833576,0.24805533652093983,0.23025648660733342,0.23379190508836925
0.2930637992303418,0.23737072039179966,0.2289267056257883,0.24063877475207016
0.29402374392054037,0.23238871468936947,0.22747308643098033,0.24611445495910986
0.2858111358689296,0.243123755350838,0.23491298921353668,0.2361521195666957
0.2736975254779344,0.2680700408809669,0.24224597095544786,0.2159864626856508
0.3026803062084309,0.2256166456977248,0.21679563579171793,0.2549074123021264
0.28656935444272663,0.25754867296055206,0.2258081591674496,0.2300738134292717
0.2723131949684016,0.2752554396802392,0.24987542578874242,0.2025559395626168
0.2925153952744029,0.23042544182609317,0.23857426012774877,0.2384849027717552
0.2859456750046079,0.24294311955941533,0.23115342708485645,0.23995777835112023
0.2900008451466251,0.24137496919671275,0.22910013194458204,0.23952405371208008
0.3025960380239581,0.2185432123982638,0.21719083914361703,0.26166991043416105
0.28585806142089254,0.2510912946188779,0.2289061270641234,0.23414451689610613
0.2985096358547349,0.2215682591801124,0.22815106589556444,0.2517710390695883
0.292966302570311,0.23179149175759273,0.22276717895486092,0.2524750267172353
0.2986953328884638,0.21989028868641505,0.22178398004701624,0.25963039837810487
0.2762425252309245,0.26698002388895825,0.2346314838535191,0.2221459670265981
0.30538026359833637,0.21758731970270767,0.21851914840545736,0.2585132682934987
0.2851731279102383,0.2559944863827319,0.22650298703592964,0.23232939867110003
0.28262284961958234,0.25498947234346797,0.24241689831277938,0.21997077972417028
0.28956176603307077,0.23770070857534434,0.2343870249605173,0.23835050043106748
0.29553072465613645,0.22758320715914654,0.22400228804677966,0.25288378013793744
0.29192722674961996,0.23732975120334976,0.22505199491660613,0.24569102713042407
0.29788082030200225,0.22546295439251204,0.22291878814328628,0.2537374371621995
0.2939516295695243,0.23211586952234312,0.22366920182692865,0.2502632990812039
0.2964380295291323,0.22617587809385686,0.22369498004202842,0.25369111233498237
0.29964676994987294,0.22070963886503714,0.2178362937215921,0.2618072974634978
0.29646331591580394,0.22487041397548158,0.22135766493442116,0.2573086051742934
0.2764807492420984,0.26556266307219467,0.23671439825175264,0.22124218943395424
0.30302212778857124,0.22104796992289302,0.21970060832471872,0.256229293963817
0.2871685837312008,0.25288628161260895,0.2247968708338987,0.23514826382229165
0.2787909428344495,0.2634899397638105,0.2436951390458169,0.21402397835592302
0.28997793814679074,0.2382170314365656,0.23597607869235587,0.23582895172428775
0.2931200302212434,0.231868442655616,0.2267695549916434,0.24824197213149726
0.2882341420219463,0.244002704289401,0.2294852789569732,0.2382778747316795
0.30465829336839156,0.21177427635198678,0.21788970538488606,0.2656777248947357
0.2930247851662865,0.2332865259549061,0.22196277838179906,0.25172591049700854
0.3002895770163579,0.21794990779243134,0.22149593497515102,0.2602645802160597
0.31026874526830306,0.19563874846692583,0.2058702986764292,0.2882222075883419
0.2957646748644814,0.22279517195789922,0.21775155862060436,0.2636885945570151
0.28167150730393387,0.2534738231653033,0.23274293290813972,0.23211173662262302
0.3106187162911027,0.20636397657128866,0.2070353730171193,0.2759819341204894
0.28575997157557986,0.25676953368578537,0.2230763545354015,0.23439414020323326
0.2725264247853349,0.27587332296808675,0.24825864800113742,0.2033416042454411
0.2960149567980108,0.22914085764035708,0.2320407710782601,0.24280341448337203
0.28518570866270865,0.24906667557157708,0.2312634013818695,0.2344842143838449
0.28399482871542076,0.25239291934455077,0.23760681550233434,0.22600543643769413
0.30947731230038106,0.2004837323909714,0.21511575255320312,0.2749232027554444
0.28803991278581126,0.24262567100723978,0.22421309263821348,0.2451213235687356
0.3012107117934869,0.2147110871381955,0.22368855636794627,0.2603896447003713
0.3060862984707003,0.20495703958424616,0.2072833392362972,0.2816733227087562
0.30263829557124516,0.21147470404121152,0.2127580492285548,0.2731289511589885
0.2798147420287098,0.25823024625431185,0.23236190229631087,0.22959310942066743
0.307237425040912,0.20971965869068765,0.21471550849362755,0.2683274077747727
0.28322373545378277,0.2590855002636103,0.22511907896626618,0.2325716853163408
0.2737163623200867,0.27447850890461006,0.24662084686622343,0.20518428190907984
0.28763166182359323,0.24838700695902213,0.2366315213370484,0.2273498098803362
0.2922011760142733,0.23862342161711234,0.22955108490253132,0.23962431746608304
0.2818362047396667,0.2548289275135672,0.23905699160149543,0.22427787614527073
0.3035628602453939,0.2078600128834334,0.2244181787655844,0.26415894810558843
0.2973286290428957,0.21883098990107785,0.21657600975625513,0.2672643712997713
0.2990477003953549,0.2195580952092434,0.21771035570543124,0.2636838486899705
0.30674633601358237,0.20672706885763217,0.2081970982197243,0.2783294969090611
0.29336212598497224,0.23277734956603996,0.22056189052218708,0.25329863392680074
0.278136931169192,0.26314865267857573,0.23743206359851843,0.2212823525537138
0.2976901048252014,0.23043381729590756,0.22381918883581972,0.24805688904307133
0.2863607566252434,0.2557030441627426,0.22652974731025155,0.23140645190176234
0.2852189395717013,0.25201202353209395,0.23946496128435896,0.22330407561184573
0.27861345416504085,0.2588577837633344,0.24335963288514117,0.21916912918648357
0.2921178506147017,0.23278159198259007,0.2326148245176198,0.24248573288508837
0.2945191561717451,0.23392336751514006,0.22125333125996371,0.2503041450531511
0.30383483618593987,0.21459029891050949,0.21784053496638314,0.2637343299371674
