0.29298799942123027,0.22520322395142858,0.23634926036462645,0.2454595162627146
0.29347014816242534,0.22049971667064527,0.2392764034021614,0.24675373176476806
0.29124244489477236,0.21740553153531259,0.24114849591773874,0.2502035276521764
0.2955699620043873,0.2251151324365956,0.23529419684540526,0.2440207087136118
0.2937333877804927,0.22430824296945795,0.23622513511665957,0.24573323413338977
0.29929595922702085,0.2241920799507266,0.23547624968998318,0.24103571113226943
0.30018415168029033,0.22658930034864264,0.2340146659085163,0.23921188206255076
0.28689377207467714,0.21476057167950682,0.24444791062134005,0.2538977456244759
0.29568027709985095,0.22326186573440987,0.2370099713088182,0.24404788585692108
0.29522013497231026,0.22915526415252266,0.23325087436259997,0.2423737265125672
0.29787285971139876,0.22548253715799263,0.23528054901145903,0.24136405411914968
0.30509262935126624,0.2280075138675059,0.23252210797543854,0.23437774880578935
0.2988206353970096,0.2285683629351246,0.23403975983741868,0.23857124183044723
0.2912570219564593,0.22060285417742467,0.24106976272383732,0.24707036114227865
0.29372748839642726,0.2226783905630447,0.23884471316996086,0.24474940787056718
0.29390795300559536,0.22657914296872578,0.2358890745361966,0.24362382948948222
0.29198393361615455,0.22130348023557692,0.2392783492609674,0.24743423688730115
0.29284335090989577,0.21668924137289328,0.24132797621194071,0.24913943150527032
0.2892247776072725,0.21710201396550655,0.2411706816123665,0.2525025268148545
0.28141111732157287,0.20998541626201483,0.24646937065188085,0.2621340957645315
0.2933248261318206,0.22053537203280327,0.2368651463348236,0.24927465550055256
0.2972811162385692,0.22574530657503422,0.2327488056895885,0.24422477149680813
0.29977595047141337,0.22317776643386156,0.2347801049893431,0.242266178105382
0.3070204565391732,0.22906780760110385,0.23052075981144599,0.23339097604827702
0.29646053884286155,0.22611779978694704,0.23556252501619765,0.2418591363539937
0.29131765473689225,0.21836566051674564,0.24204399736212756,0.2482726873842346
0.29560108409104363,0.22575631225316134,0.23621946634173854,0.2424231373140565
0.29476070204871774,0.22868241395883263,0.23436986664531237,0.2421870173471373
0.294582389010596,0.22135480710450872,0.2389260199151418,0.24513678396975339
0.30012628173412975,0.224216182119459,0.23572053157964484,0.2399370045667664
0.3020956208218023,0.23485605522731398,0.22919887698156122,0.2338494469693224
0.2940012664487668,0.22431453525286155,0.23797147814371852,0.24371272015465317
0.3041732747952734,0.22823419619799254,0.2338272822947429,0.2337652467119911
0.3036301989260547,0.2361778425484111,0.22903928854614305,0.23115266997939118
0.2980650771816646,0.23062520872021763,0.23405962406514333,0.23725009003297445
0.30923954953652627,0.23540762349239586,0.22926550065503135,0.2260873263160464
0.3011842779560402,0.23340674358927263,0.23239362955523848,0.23301534889944864
0.29871084065283177,0.22933663120549308,0.2359085921921133,0.23604393594956183
0.2986181554546682,0.23045564921034767,0.2350382480895728,0.23588794724541143
0.2961953539118869,0.2298896704086418,0.23556791375625757,0.2383470619232138
0.29985108444690367,0.23157205321073426,0.23347690734315246,0.2350999549992097
0.30030945003553045,0.23057876317744325,0.23378416648175926,0.23532762030526702
0.295022357733001,0.22405853026491024,0.23886517605521235,0.2420539359468763
0.28444151506618054,0.21248722719096438,0.24763309899378555,0.25543815874906944
0.2941608602619239,0.22726959355339832,0.23547574255646048,0.24309380362821734
0.2994675539073287,0.23590989058073603,0.2286706119407434,0.23595194357119176
0.30577343549653463,0.231145412771663,0.230842300557868,0.23223885117393434
0.3142787765114012,0.2347321617995456,0.22753816219232328,0.22345089949673003
0.3007757847622736,0.2319949935514071,0.23309363514077097,0.23413558654554817
0.29133084188465963,0.22270702135461534,0.24174905358379292,0.24421308317693205
0.29228782939657777,0.22483950534776923,0.23946317382008364,0.24340949143556936
0.29434956364405573,0.229951196770598,0.23497948562108037,0.2407197539642659
0.29499483844640734,0.22580891404068362,0.2368203638662222,0.24237588364668675
0.2977058670599515,0.22209082426958404,0.23812662937434367,0.24207667929612078
0.29778437037669697,0.22714657713620975,0.23487666838773136,0.24019238409936183
0.29034455227095135,0.2220741795259768,0.23964200198190996,0.24793926622116177
0.2985490633806391,0.2267990259677652,0.23497809419389562,0.2396738164577001
0.30724636307163994,0.23790229513983321,0.22645381279334337,0.22839752899518345
0.30480595504612296,0.23492739767092893,0.2294257677566607,0.23084087952628726
0.30959618768086417,0.23355404412247227,0.23027096462292204,0.22657880357374155
0.2981038437569045,0.22814898835580522,0.23662035436482273,0.23712681352246742
0.28669856030625945,0.21926484413044398,0.24472147970771937,0.24931511585557717
0.2928760843266557,0.22761724208099438,0.23716374948085664,0.24234292411149327
0.29585677762622875,0.23139861744361764,0.23328098114557497,0.23946362378457858
0.3005891749895354,0.2278535891433863,0.23429904443184585,0.23725819143523255
0.30212583957219613,0.22611876068089418,0.23500530351138418,0.23675009623552548
0.2996974935574343,0.2304816804188381,0.23322032119279282,0.23660050483093475
0.2886469783467683,0.22038370780615069,0.24213078244009925,0.24883853140698167
0.3006171072865657,0.22997958328677146,0.23348534687098269,0.23591796255568012
0.3062148806836498,0.2399842595296946,0.22593403463090106,0.22786682515575452
0.29740561584764097,0.22558632884214702,0.23711892232358364,0.2398891329866284
0.30250554155140513,0.2238380205453083,0.23723584302322492,0.23642059488006156
0.28761121175584276,0.2218480606181822,0.24141976295221051,0.24912096467376454
0.27743335055521606,0.21013823796782852,0.2502731862935913,0.2621552251833642
0.29373341966224414,0.22370274647517363,0.2367659307681862,0.24579790309439606
0.2946766179145127,0.22642236127638973,0.23399975037442575,0.24490127043467175
0.2938526213636425,0.21579250489449706,0.24099480929043637,0.2493600644514241
0.3004094240401465,0.22107379269039915,0.23596991762087705,0.24254686564857725
0.29265959259019075,0.2254775969131861,0.23548913724460657,0.2463736732520166
0.2877381111872312,0.21521335969551966,0.243271269839167,0.25377725927808203
0.3016804748257185,0.226887557451445,0.23315951473968854,0.23827245298314795
0.30031941281554136,0.2323297057449442,0.23021901564247144,0.23713186579704293
0.2985210680835775,0.22486153958450233,0.23605272121899082,0.24056467111292934
0.30447391819236125,0.2275137429443069,0.2334691624135885,0.23454317644974335
0.29673564270829805,0.22956397824839128,0.23428531836556024,0.23941506067775048
0.29122053491426314,0.22193683963695915,0.24055809528136565,0.24628453016741217
0.2975369290466614,0.22623336612846992,0.2361777907985565,0.24005191402631224
0.29525613573510023,0.22717036712581037,0.23562773080154242,0.24194576633754705
0.2914372438679863,0.21987682941944242,0.24079377282555417,0.2478921538870172
0.2994838045082874,0.22589947806404576,0.2349544606576257,0.23966225677004122
0.29081306768913134,0.22253569598653986,0.23871189686791747,0.24793933945641125
0.28325480944387565,0.2078587060287458,0.24897797749010098,0.2599085070372776
0.2984269868564606,0.22656772481044254,0.23353224777454248,0.24147304055855445
0.2941812356427204,0.22948365307080285,0.2325108931788492,0.24382421810762755
0.30028452827042695,0.22288532676946726,0.2361257946947494,0.2407043502653563
0.31006057115235675,0.23096885867955586,0.22931100924068318,0.22965956092740433
0.29451221267809646,0.22694768498577322,0.23600295056767237,0.24253715176845786
0.2958529615360011,0.2239568878136051,0.23830416574436586,0.2418859849060279
0.2959301141350729,0.2268139595050696,0.23620113194892536,0.241054794410932
0.302563592880823,0.23586714898822034,0.2292689253352731,0.23230033279568363
0.2971261672366593,0.22667087464152294,0.23622818771853196,0.23997477040328585
0.2963721838312838,0.21936034667681586,0.2409373657498819,0.2433301037420184
0.29009079526027287,0.22088148378682837,0.24061809723787636,0.24840962371502243
0.2807259801791307,0.2146471199380885,0.24582231207776023,0.25880458780502064
0.30181674060219443,0.2323027353103669,0.23014009732746074,0.23574042675997794
0.3031858865965586,0.2335933640522694,0.2288313197979969,0.23438942955317518
0.3095535350058092,0.23168499027984557,0.23001580216750894,0.2287456725468364
0.3108581690706284,0.2359758456941221,0.22785662097588302,0.22530936425936643
0.29463430665093,0.2270842183828064,0.23782074918119034,0.2404607257850732
0.29962539055964565,0.23060458760598002,0.23493544528242005,0.23483457655195433
0.29929610115664823,0.23530959609838908,0.23164662132242053,0.23374768142254213
0.2989323917152554,0.23068554575153105,0.23446517349958101,0.23591688903363262
0.29688711577503696,0.22335479965147328,0.23923298609554752,0.2405250984779422
0.2976412181976362,0.22848186896149075,0.235451101332646,0.23842581150822703
0.2937749692260551,0.22941364579523013,0.2354296557638285,0.2413817292148862
0.29186053654630056,0.22026735847793283,0.24119963960590843,0.24667246536985826
0.30532967266099653,0.23293411236070316,0.23032436541600762,0.2314118495622927
0.3041512996372965,0.2388026826079042,0.22703456311556797,0.23001145463923134
0.30732769718776987,0.2350956463841205,0.22953582748917603,0.22804082893893354
0.3095731868516782,0.23442847128134786,0.23009373879094802,0.22590460307602606
0.29724654062041567,0.2292205487230206,0.2365139531958199,0.23701895746074372
0.29605892713797277,0.2300134873865225,0.2364258520204035,0.23750173345510125
0.29515618097107144,0.23027799049975975,0.23582600745332574,0.23873982107584313
0.2985700133980704,0.23009405938283115,0.2346830814371293,0.2366528457819692
0.2967317457857093,0.22596417063218519,0.2371946894376557,0.24010939414444973
0.30043579930575975,0.23037963272418313,0.23351242481482012,0.23567214315523696
0.29520550559610065,0.22746777923534478,0.2363107379921452,0.24101597717640952
0.285470177787654,0.21214896271422182,0.2476050547027995,0.25477580479532475
0.307002299425961,0.2376718216942155,0.22712415004151218,0.22820172883831133
0.30682301496312614,0.24601156430338852,0.22179903884885807,0.22536638188462718
0.30374998972899736,0.22492374469839385,0.23669471973145775,0.23463154584115115
0.31698461798801925,0.2355714866813751,0.22764996920517377,0.21979392612543186
0.296734838542931,0.23752111523164665,0.23141242211593677,0.23433162410948563
0.2872048847791557,0.21969698379259098,0.24532977985727128,0.24776835157098212
0.30077747444551284,0.22866843212836804,0.23563468852578373,0.2349194049003353
0.29169661838024974,0.22970072398730992,0.23597813479103194,0.24262452284140845
0.2874929598361111,0.2163366857633068,0.24468853960153245,0.2514818147990495
0.28340493948598666,0.20534902094289836,0.250002140534024,0.261243899037091
0.26445342291337004,0.189865095578113,0.25999381257485626,0.2856876689336606
0.2573738377581546,0.1782998683419132,0.261705548607428,0.3026207452925043
0.2740246751956619,0.19320258062248363,0.24454345873163905,0.2882292854502154
0.2888112076177936,0.20652162588990317,0.23382546537730275,0.2708417011150005
0.29176515760441873,0.19575867832860144,0.24160912110473234,0.27086704296224745
0.29893006548759354,0.20036116679642926,0.2382016436421624,0.262507124073815
0.2880083906336793,0.20887408362166454,0.23752831215855016,0.26558921358610604
0.2790271874485779,0.19965046680586188,0.24712426296521794,0.2741980827803423
0.2982747344416772,0.21545050499323232,0.2343165343026478,0.2519582262624428
0.29018246627570254,0.21401558503042095,0.2375757266030623,0.25822622209081425
0.2919460767167804,0.20862223927869503,0.24202622061472837,0.25740546338979614
0.29716399947545563,0.21720283549982486,0.2356852393911066,0.2499479256336129
0.2813505313442716,0.20842873093367006,0.2453171368190535,0.2649036009030048
0.28577545319248454,0.2052572964446461,0.24561091526160087,0.2633563351012685
0.29459619233363743,0.22098994870238695,0.23405185564542721,0.2503620033185484
0.2928395787902566,0.22121101616383226,0.23507266236513708,0.2508767426807742
0.3022514950816163,0.22081232790332048,0.23476255641091343,0.2421736206041498
0.30769475938259655,0.23043458478832182,0.22875420834645024,0.2331164474826314
0.29277677247720596,0.2220574014733196,0.2383875259174365,0.246778300132038
0.2955479135678318,0.2202666556258236,0.23951188369968876,0.24467354710665581
0.30062386761305837,0.23292064876679802,0.23070094169330446,0.23575454192683912
0.289944775913762,0.22244495695683217,0.23957369945132953,0.24803656767807633
0.29722499673125236,0.21941755302007943,0.23981695214769783,0.24354049810097045
0.2920590269759033,0.2210423576444511,0.23903080891674433,0.24786780646290138
0.2884335202925669,0.22097117227878865,0.2397156903684761,0.25087961706016837
0.29170005443541414,0.21843790612731362,0.24006273929385757,0.2497993001434146
0.30215788158828727,0.22994590954079636,0.2309986640959075,0.2368975447750089
0.31045756073699965,0.2408834832637382,0.22331717806796644,0.22534177793129562
0.3051848328556018,0.23102592306443076,0.23167682808047207,0.23211241599949534
0.30577204042378525,0.22725003341840053,0.2348810834366001,0.2320968427212141
0.2893830700374292,0.22266758291313132,0.24154606276020357,0.24640328428923594
0.2843992073421755,0.2200087815286476,0.24380053747093205,0.2517914736582448
0.29056233559421446,0.2233898017971748,0.23898231160404393,0.24706555100456676
0.2959058706659305,0.2256870933534714,0.2354801405258829,0.2429268954547152
0.3002125955519642,0.22683173907215864,0.2338127405934763,0.23914292478240096
0.29744229137087147,0.22316970524302376,0.23689125356360788,0.24249674982249686
0.28976833230898524,0.2161853296303146,0.24288237467466864,0.25116396338603136
0.28174176491911246,0.2096775780252025,0.24762436493321838,0.2609562921224666
0.2966305801642629,0.2297833596586983,0.2317820252057408,0.2418040349712979
0.3078290545185959,0.24163146249140136,0.2225774781343473,0.22796200485565551
0.304060671540495,0.22383324053815576,0.235468979763156,0.2366371081581933
0.3065318212751515,0.22264702295331656,0.2362536427890206,0.23456751298251124
0.2854583480609248,0.2213396804748046,0.24211140111899038,0.25109057034528026
0.28044077773512616,0.21610162680689327,0.2460707095325671,0.2573868859254136
0.29788838594054684,0.2280068799887431,0.2338246759423532,0.24028005812835687
0.2923196915138421,0.22111702711400588,0.23841552029100843,0.2481477610811435
0.2959366814267083,0.217442550837145,0.23995612063371838,0.2466646471024283
0.28880674452073424,0.21504570969684644,0.24216882212515112,0.25397872365726815
0.28618483326073646,0.21646364279019184,0.2416498696860253,0.2557016542630464
0.2854443433887921,0.21206644061576463,0.24363414086643437,0.2588550751290089
0.29892479080458834,0.2253731807116689,0.23281902380870514,0.24288300467503768
0.30520840948361805,0.23332092493854606,0.22723846310118884,0.23423220247664706
0.29763498471803446,0.2198958862229415,0.23839056223914787,0.24407856681987616
0.3005053789707254,0.22042480744141987,0.23772414925537347,0.2413456643324814
0.28744159103916117,0.22144104181783678,0.2401505851531058,0.25096678198989636
0.2870531274187483,0.21928178658187164,0.24143940857282145,0.2522256774265587
0.29298702186929126,0.21968543060790455,0.23907542268379048,0.24825212483901368
0.292152118638823,0.21816150167668122,0.23948399561340478,0.25020238407109113
0.28978844982698426,0.21569985807564077,0.24123619459528534,0.2532754975020896
0.28935907518661164,0.21528895009213966,0.24110190474526216,0.25425006997598665
0.2900307701594794,0.21710353527600856,0.23957174592008523,0.2532939486444268
0.2851583626732569,0.209476933848807,0.24474785037056654,0.2606168531073696
0.29858176995102237,0.22370339072933287,0.23347019108626538,0.24424464823337927
0.3039007670606772,0.23416485981559665,0.22676767671639547,0.23516669640733073
0.2990247066474082,0.22189154470547467,0.23666467893315865,0.2424190697139585
0.3038020393609842,0.2223711123746876,0.2359614580288398,0.23786539023548847
0.29132413670417073,0.22435753096018846,0.23787352541928514,0.24644480691635565
0.2851973278156779,0.2176440269244087,0.24348474008244345,0.25367390517746985
0.294148385747178,0.22159298963094645,0.23827439229670713,0.24598423232516833
0.2899734073780467,0.21854913087403735,0.24016961217163227,0.2513078495762836
0.2863608736144726,0.21104173527039238,0.2450171969960229,0.2575801941191121
0.28929477137137266,0.2142416267871247,0.24120843220843483,0.2552551696330678
0.2818489649182114,0.20963706412120292,0.2449492267578229,0.2635647442027627
0.27979179929158365,0.2003991564743828,0.24955188304813491,0.27025716118589865
0.2967938206593106,0.2213264117256425,0.23295136370897923,0.24892840390606769
0.30134795950795007,0.2319615739453273,0.22670345190463084,0.23998701464209188
0.3005152390310592,0.21795073144651797,0.23730346747510153,0.24423056204732127
0.31095767106931654,0.22682723450760434,0.23077710174183946,0.2314379926812398
0.2952559998623252,0.22979973415741498,0.2335369898052725,0.24140727617498728
0.28714768710933836,0.21659480981502754,0.24437800732509837,0.25187949575053575
0.29976155086584066,0.2261497151429485,0.23517408244798468,0.23891465154322614
0.2841447138625622,0.2171994497678816,0.24344925142227594,0.2552065849472804
0.2849216464022901,0.20917325004990825,0.24734360976767733,0.2585614937801243
0.2879001254428616,0.21396669691593787,0.24158966502128332,0.25654351261991715
0.28377490313053705,0.21386490146094733,0.24200558151480386,0.26035461389371184
0.2829263353342606,0.20319742496765147,0.24762583427828697,0.266250405419801
0.2958838871085067,0.21760807509111227,0.23575553556925988,0.25075250223112117
0.2991047788335414,0.2286745208508726,0.22924250199570917,0.24297819831987671
0.29861498475886356,0.2209347167820809,0.23568991913992116,0.2447603793191343
0.3125097726578425,0.23039504958620327,0.2283684357625612,0.22872674199339316
0.3043150000547329,0.23614163274211455,0.2278919923915664,0.23165137481158612
0.29301534793392114,0.22124536609957765,0.24098354117882076,0.24475574478768045
0.291762375619897,0.21656291465314867,0.243712292338285,0.24796241738866948
0.2803167927008933,0.21400504346815272,0.2464117674079073,0.2592663964230467
0.2764782944272773,0.20793807553588606,0.24931804631875798,0.26626558371807874
0.2888710023592278,0.21430625024902658,0.2405707341009006,0.2562520132908451
0.2900018572657536,0.21549081550609228,0.2387915727476894,0.25571575448046474
0.2888024255177447,0.20847398826104624,0.24318548066682197,0.25953810555438706
0.30174094883292946,0.22446110600043728,0.2315417937625518,0.2422561514040816
0.30303159893488735,0.2337267694944189,0.2269526891261746,0.2362889424445191
0.3044544665865217,0.227564904829154,0.23220987495727544,0.23577075362704888
0.3013415422088004,0.22082553621906562,0.23783177269232433,0.24000114887980972
0.2907150031850224,0.22086563918726873,0.24047749886279277,0.2479418587649161
0.28811575835210185,0.22350874868629833,0.23936507851175284,0.24901041444984698
0.2940723000126222,0.22567697017720098,0.23618723409770861,0.24406349571246821
0.28922639300322656,0.21304073365322626,0.2442206438621298,0.2535122294814174
0.28932216891106605,0.2123994664102735,0.2435520933608149,0.25472627131784564
