0.31222387358285447,0.20941669334508764,0.23514631908876707,0.24321311398329076
0.3122240560637686,0.20941676376939092,0.2351459545437713,0.24321322562306913
0.3122237710223972,0.20941664570914664,0.23514635467272932,0.24321322859572675
0.3122240487350176,0.20941674400489166,0.23514601181147474,0.24321319544861608
0.3122240657963292,0.2094167530971813,0.23514589047950155,0.24321329062698788
0.312224037003814,0.20941672754179533,0.23514594587069618,0.2432132895836945
0.31222378535286144,0.20941663057834262,0.23514637445155995,0.24321320961723614
0.31222384192190117,0.20941666391617586,0.23514635586866536,0.24321313829325752
0.3122235861698996,0.20941661971083253,0.23514657962169877,0.24321321449756897
0.3122240470937675,0.20941675444933172,0.23514604950068912,0.24321314895621154
0.31222400010780343,0.2094167365439583,0.23514599070488662,0.24321327264335155
0.3122238157829159,0.2094166464665007,0.2351463343428444,0.24321320340773894
0.3122232414682555,0.20941645198059278,0.23514729113253682,0.2432130154186149
0.31222422744056283,0.20941684408980749,0.23514587873066445,0.24321304973896526
0.3122233748428035,0.2094165454687153,0.23514683524727917,0.24321324444120201
0.31222420592573796,0.2094168061543148,0.2351458882079009,0.24321309971204624
0.31222402219058837,0.2094167517925311,0.23514589334431069,0.24321333267256978
0.31222392457043185,0.20941667956496243,0.23514615371206932,0.24321324215253648
0.31222285514819403,0.20941629836278114,0.23514790742507127,0.2432129390639535
0.3122242693213979,0.2094168719105245,0.23514593246940266,0.24321292629867508
0.3122239016115472,0.20941674260893,0.23514602540591292,0.24321333037360993
0.3122239972764873,0.20941671191846942,0.23514606697555904,0.24321322382948418
0.31222407883429054,0.2094167518473882,0.23514589461968358,0.2432132746986376
0.3122240689922462,0.20941674157248033,0.23514588689515872,0.2432133025401147
0.31222396764015975,0.20941669691915424,0.23514606733815677,0.24321326810252927
0.3122241001318848,0.20941675265067852,0.23514587673138068,0.24321327048605595
0.3122239922950798,0.20941671339376544,0.23514600283716042,0.2432132914739943
0.31222409788286193,0.20941674923662654,0.23514587295087477,0.24321327992963696
0.3122240588994066,0.20941673548134523,0.23514590035040775,0.2432133052688404
0.31222405501767003,0.20941673008253758,0.23514592429212391,0.2432132906076685
0.31222407803282054,0.209416740928409,0.23514588514021809,0.2432132958985525
0.3122240664891771,0.20941673577505915,0.23514589725222307,0.24321330048354065
0.3122239260627359,0.20941668236100724,0.23514613030811293,0.2432132612681439
0.31222410240177756,0.20941675522736383,0.23514588337409809,0.24321325899676038
0.3122240696918834,0.20941674362349327,0.23514587616871271,0.2432133105159107
0.3122240544262095,0.20941672942110298,0.23514592184449987,0.2432132943081876
0.31222389479345436,0.20941666757769367,0.2351462003877837,0.24321323724106836
0.31222411911938364,0.20941676453685812,0.23514586652273,0.24321324982102827
0.3122240114036405,0.20941672468786884,0.23514595906713767,0.2432133048413531
0.31222408819489783,0.20941674395378237,0.2351458832723931,0.24321328457892658
0.3122240736974871,0.20941674041942504,0.23514587931105554,0.24321330657203236
0.3122240761828863,0.20941673813647788,0.23514588331435335,0.2432133023662826
0.31222381060630866,0.20941663498287402,0.23514633147752922,0.243213222933288
0.31222377255651906,0.20941663316530684,0.2351464728602991,0.24321312141787496
0.3122240310285636,0.2094167593484614,0.23514600065875135,0.2432132089642237
0.312224070492317,0.20941675563026255,0.23514588602524467,0.2432132878521759
0.3122240607005381,0.20941673701584668,0.23514590458545226,0.24321329769816294
0.3122240765213832,0.20941673976478473,0.23514588601485495,0.24321329769897726
0.31222396743106723,0.20941669700572374,0.2351460652509912,0.24321327031221787
0.3122240903759338,0.20941674851619702,0.235145893545855,0.24321326756201428
0.31222401364507013,0.20941672212999246,0.23514596773653432,0.243213296488403
0.3122240892612942,0.20941674536416088,0.2351458796726783,0.2432132857018665
0.3122240740094379,0.2094167404601557,0.2351458785990793,0.24321330693132717
0.31222401372898095,0.2094167132298908,0.23514599075571702,0.2432132822854112
0.3122238255469988,0.20941664578480232,0.23514631970703,0.24321320896116883
0.3122240956274447,0.20941676053184707,0.2351459245683335,0.24321321927237463
0.31222401557507334,0.2094167312810412,0.23514595653801873,0.24321329660586663
0.312224075028522,0.20941674087983253,0.23514590092917473,0.24321328316247068
0.3122240793226745,0.2094167430092384,0.2351458741889426,0.24321330347914458
0.3122240735338966,0.2094167376240936,0.2351458853686974,0.24321330347331246
0.3122233554449931,0.2094164596510816,0.23514709507886852,0.2432130898250569
0.31222425538825654,0.20941683870853087,0.23514581031836482,0.24321309558484783
0.31222394126173825,0.2094167300699625,0.2351459740881711,0.2432133545801282
0.31222408164709864,0.20941673783128473,0.23514591808307383,0.24321326243854283
0.3122240657921029,0.2094167401911315,0.23514589307722983,0.24321330093953597
0.3122238016667646,0.20941663303379857,0.23514634765320264,0.24321321764623427
0.31222191555788353,0.20941600841570152,0.23514925593012082,0.24321282009629422
0.3122245843858344,0.20941701738070048,0.23514571322088848,0.24321268501257662
0.31222354229184973,0.2094166696974426,0.235146361333699,0.24321342667700865
0.31222415351490085,0.20941676510600815,0.23514593096359082,0.24321315041550023
0.3122240453569773,0.20941674984097397,0.23514588590219132,0.24321331889985737
0.3122238600464326,0.20941665697332326,0.23514624979432563,0.2432132331859185
0.31222306133515926,0.20941638244040606,0.2351475688656443,0.2432129873587904
0.3122242937667878,0.2094168732995755,0.2351458291559272,0.24321300377770955
0.3122238251735516,0.20941670856886657,0.23514612339195196,0.24321334286562984
0.31222411371424946,0.20941675443829902,0.2351459008916827,0.24321323095576897
0.31222399780540994,0.20941671904433887,0.2351459915687071,0.24321329158154414
0.31222398683357816,0.20941670769295417,0.23514605416816253,0.24321325130530527
0.31222378237518406,0.20941664211232938,0.23514636438477304,0.24321321112771352
0.3122241272101538,0.20941677354606855,0.2351458862513429,0.24321321299243473
0.31222333725702067,0.2094165046053129,0.23514694940962808,0.2432132087280383
0.3122241958882519,0.20941680493690243,0.2351459154936359,0.2432130836812098
0.31222403333160914,0.20941675883697894,0.23514587580449692,0.24321333202691486
0.3122237622387833,0.20941661739981396,0.235146422108543,0.24321319825285984
0.3122235424989446,0.2094165512808206,0.23514686086200481,0.24321304535823
0.3122242063559989,0.20941682960703706,0.23514581541187354,0.2432131486250906
0.31222342827266375,0.20941656124689967,0.2351467403633108,0.2432132701171257
0.31222422288467033,0.20941680756585784,0.23514584884523443,0.2432131207042374
0.31222398214466246,0.20941673232179236,0.23514595834022095,0.2432133271933242
0.31222408176096333,0.2094167403401467,0.23514590387591824,0.2432132740229718
0.31222379277389184,0.20941663381319325,0.23514635091446087,0.24321322249845412
0.31222383510789276,0.20941665834336398,0.23514637230846422,0.24321313424027916
0.31222405775942963,0.2094167671104142,0.23514593495077982,0.24321324017937632
0.312224049200342,0.20941674246163225,0.2351459160700758,0.24321329226794988
0.3122240680903699,0.2094167384369712,0.2351459018823771,0.2432132915902819
0.31222378322299926,0.20941662623542182,0.23514638050405565,0.24321321003752322
0.3122240373755279,0.20941673785770507,0.2351460377643428,0.24321318700242422
0.31222407113509476,0.20941675617137476,0.23514588532852035,0.24321328736501013
0.3122239809354305,0.2094167086015314,0.23514602739340953,0.24321328306962856
0.31222410526601874,0.20941675332572582,0.23514586351113315,0.24321327789712227
0.31222406763157995,0.209416739434435,0.23514588226425173,0.2432133106697334
0.3122239684472474,0.20941669508560837,0.23514607045530797,0.24321326601183627
0.3122239354702133,0.2094166916591631,0.23514614188540123,0.24321323098522246
0.31222409574503396,0.20941675793943462,0.23514588733485348,0.243213258980678
0.31222403656065506,0.20941673200461472,0.23514593084807994,0.2432133005866502
0.3122240723192806,0.20941673807428077,0.23514590140781755,0.24321328819862104
0.31222407731799995,0.20941674119905104,0.23514587968782702,0.24321330179512185
0.3122240598647379,0.20941673241066466,0.23514590926514783,0.24321329845944964
0.31222401739185396,0.20941671555011634,0.23514598905705866,0.243213278000971
0.312224088804745,0.2094167469026528,0.23514587892280675,0.2432132853697956
0.31222407106744676,0.20941673977780398,0.2351458824041729,0.24321330675057642
0.31222408135753166,0.20941674018438985,0.23514587539882825,0.24321330305925012
0.31222404774442986,0.209416726933401,0.23514592972738552,0.24321329559478358
0.3122240653368643,0.209416735090818,0.2351459102005163,0.24321328937180142
0.31222405091159755,0.20941673097451324,0.23514592564897718,0.24321329246491205
0.3122240598747737,0.20941673375838696,0.2351459174407502,0.24321328892608918
0.3122240089739682,0.20941671547966062,0.23514599496232802,0.24321328058404307
0.3122240740800631,0.20941674155773232,0.2351459037265392,0.24321328063566539
0.3122240817121266,0.20941674447981293,0.2351458698847896,0.24321330392327084
0.31222403248773245,0.20941672121877,0.2351459554442454,0.2432132908492523
0.3122233883297078,0.20941646763029817,0.23514707399820917,0.24321307004178483
0.3122242676260693,0.20941684598540897,0.23514577664253575,0.24321310974598595
0.31222401301130775,0.20941674903676188,0.2351458844168783,0.24321335353505213
0.31222406675840314,0.20941673085478338,0.23514592139087603,0.24321328099593753
0.3122240843161059,0.20941674439064953,0.23514586993361358,0.2432133013596309
0.31222405040718965,0.20941672952931167,0.23514592040120427,0.24321329966229444
0.3122238635443194,0.20941665671616552,0.2351462470741163,0.24321323266539865
0.3122235883210801,0.2094165647525953,0.23514673007419146,0.24321311685213318
0.31222039063742046,0.2094165914570348,0.23514512586054492,0.24321789204499972
0.3122245732615955,0.20941638045165517,0.23514667496863723,0.24321237131811216
0.31222266343459876,0.20941629311443702,0.23514789966402752,0.24321314378693676
0.31219414211485597,0.20940685555080585,0.23519058298610354,0.24320841934823476
0.3120163899500016,0.2093738565425168,0.23534433755211323,0.24326541595536827
0.3122524821417938,0.20942645617181843,0.23515934013121925,0.24316172155516846
0.3121908874800325,0.20941970667915827,0.23514707678965355,0.24324232905115556
0.3122237713875989,0.20941458104466495,0.23515593307737434,0.2432057144903618
0.31222449719862094,0.20941782756042773,0.2351446202618815,0.24321305497906975
0.31216294687803714,0.2094009734872885,0.23522563267800992,0.24321044695666436
0.31192186459881455,0.20936746502196163,0.2354762087676267,0.243234461611597
0.31226392172325823,0.20943956953442192,0.23516652713131744,0.2431299816110023
0.31190429203157327,0.20940732032428397,0.23535014062829904,0.24333824701584375
0.31227344785215905,0.20943001196571578,0.23517084903018015,0.24312569115194507
0.31221271479200274,0.20942538756482315,0.23513610688005776,0.24322579076311626
0.31217534433850863,0.20940125822089553,0.23522256780905376,0.243200829631542
0.3122319596366364,0.2094222580641478,0.2351469707951233,0.2431988115040924
0.31222104242597654,0.20941816827692483,0.23514553801669064,0.2432152512804079
0.31222026680896836,0.20941575377068952,0.23515169357421986,0.24321228584612228
0.31222492459439066,0.20941727540005192,0.23514557986952034,0.24321222013603708
0.3122237266442417,0.20941680079332547,0.23514596683464803,0.2432135057277848
0.3122230115270853,0.20941634762128045,0.23514771261880743,0.24321292823282678
0.3122241300022363,0.20941681903741244,0.23514610969299962,0.24321294126735157
0.31222349165604896,0.20941660044422195,0.23514669992451637,0.24321320797521262
0.3122237235127309,0.20941666056755895,0.23514654057797468,0.24321307534173536
0.31222410089265196,0.20941678947695938,0.2351459234181525,0.24321318621223612
0.3122239265317621,0.20941670437784737,0.23514609862330801,0.24321327046708244
0.3122240846414725,0.209416749311184,0.23514591262495663,0.24321325342238673
0.31222358018744795,0.2094165530249619,0.23514671307343357,0.24321315371415658
0.3122241798106263,0.20941680117179223,0.23514586338450766,0.24321315563307394
0.3122240345179086,0.20941674944555316,0.23514588384927357,0.2432133321872646
0.31222407841316474,0.2094167379613905,0.23514589205992645,0.24321329156551824
0.3122239456891125,0.20941668839391983,0.2351461029241533,0.24321326299281434
0.3122239202765906,0.2094166855605186,0.23514618087193756,0.24321321329095322
0.31222380235404834,0.20941665587494737,0.2351463559880537,0.24321318578295065
0.31222378819698354,0.20941665136773072,0.2351464280394397,0.2432131323958459
0.3122239644675998,0.20941673579847694,0.2351460816688382,0.243213218065085
0.3122240895569887,0.20941676207695462,0.23514587622583652,0.24321327214022012
0.31222406843050243,0.2094167424987935,0.23514588247837123,0.24321330659233284
0.31222386238316646,0.20941665335244422,0.23514625353647237,0.24321323072791692
0.31221884065892846,0.20941478791814605,0.2351545512136059,0.2432118202093195
0.31222542688903143,0.20941748728291354,0.23514526348663972,0.2432118223414153
0.31222362786539887,0.20941683206559242,0.2351458733272281,0.2432136667417806
0.3122240811544823,0.20941671620826513,0.23514602884543623,0.24321317379181634
0.31222407762410087,0.20941675581328864,0.23514586570052276,0.24321330086208778
0.31222317695051044,0.20941640883925938,0.23514734367303555,0.24321307053719474
0.3122231431440628,0.20941646410540343,0.2351475610553898,0.24321283169514407
0.31222312117757905,0.20941650806851994,0.23514748376672892,0.243212886987172
0.31222399289655023,0.20941682029125064,0.23514610517428064,0.24321308163791858
0.31222406167900174,0.2094167815871599,0.23514587977561294,0.24321327695822545
0.3122239842300459,0.2094167121303774,0.2351460308754491,0.24321327276412755
0.31222322751021775,0.2094164222879976,0.235147323905633,0.24321302629615157
0.31221878919174945,0.2094150123712157,0.23515400222298272,0.24321219621405205
0.31222536208791524,0.20941743404854019,0.2351453933422728,0.24321181052127178
0.31222359767908664,0.20941682319549898,0.23514592998030048,0.24321364914511406
0.31222408622400905,0.20941672098026282,0.23514602929367726,0.24321316350205083
0.31222347564493763,0.20941652598671803,0.23514686563045847,0.2432131327378859
0.3122234848799897,0.20941656794001867,0.23514696041854138,0.24321298676145034
0.31222250874119395,0.20941633622623967,0.23514813739664228,0.24321301763592415
0.3122238255238816,0.20941672041584744,0.23514672701322725,0.2432127270470437
0.3122235387955357,0.20941666981523777,0.2351465936008512,0.24321319778837547
0.3122240417835669,0.2094167616566231,0.23514606711465888,0.24321312944515114
0.3122239551071427,0.2094167233957597,0.23514606413133157,0.24321325736576604
0.3122233451058551,0.2094164731285846,0.23514712799502946,0.2432130537705307
0.31222042744979955,0.2094155037382288,0.23515176656133044,0.2432123022506412
0.31222497105357555,0.2094172526413955,0.2351455088314661,0.24321226747356298
0.31222367761965686,0.2094167767520205,0.23514601857212658,0.24321352705619623
0.3122239601895893,0.20941668245197836,0.2351462082416222,0.24321314911681027
0.31222396545636943,0.2094167177618587,0.2351460892635484,0.24321322751822352
0.31222343088852955,0.20941652930102161,0.23514690568675634,0.24321313412369244
0.3122222441882872,0.20941620406288897,0.23514864757560133,0.24321290417322255
0.31222403480061767,0.20941681185034913,0.2351464708134787,0.24321268253555445
0.31222064116957704,0.20941589988979806,0.23514986847782102,0.2432135904628038
0.3122245980828701,0.20941696342997532,0.23514609086091287,0.2432123476262416
0.3122238623383566,0.20941680911522148,0.2351459119491942,0.2432134165972277
0.3122209424975954,0.2094155766124597,0.23515110891749322,0.2432123719724516
0.3122156912249075,0.2094139713843674,0.2351597735861868,0.24321056380453832
0.31222615783779034,0.20941800585693024,0.2351449114606896,0.24321092484458987
0.31222318145441785,0.20941684607546945,0.2351461372090374,0.24321383526107526
0.31222397508922994,0.20941667153196056,0.2351463497077203,0.24321300367108917
0.3122240826816884,0.2094167834658616,0.2351458718514442,0.2432132620010057
0.312222584540747,0.20941628284545932,0.23514803831483033,0.24321309429896343
0.3122231756484176,0.20941649313898444,0.23514766506539364,0.2432126661472041
0.3122233570236151,0.20941659342895352,0.23514720643209447,0.24321284311533684
0.31221952294038363,0.20941572294221225,0.23515136389583075,0.24321339022157343
0.3122248608523183,0.20941711703286775,0.2351460146744704,0.24321200744034352
0.31222356033678084,0.20941675450702843,0.23514625562042982,0.24321342953576097
0.3122231745483695,0.20941642716690392,0.2351474683402311,0.24321292994449537
0.3122223890378211,0.20941618658008407,0.23514881794093473,0.24321260644116005
0.3122244689624477,0.20941700633927238,0.2351457100139238,0.24321281468435618
0.31222370856935855,0.20941670385876707,0.2351462159296888,0.24321337164218565
0.3122240256991077,0.20941672081704232,0.2351460853151119,0.24321316816873823
0.3122239165927079,0.20941670081933977,0.23514613165391868,0.2432132509340337
0.3122239824357257,0.20941672147944637,0.23514605132749228,0.2432132447573357
0.31222322914794903,0.20941646064662817,0.23514718165855678,0.24321312854686605
0.3122233412215336,0.2094164861624103,0.23514738225544363,0.2432127903606125
0.3122123020324322,0.20941365820863933,0.2351614597663327,0.24321257999259582
0.3122259521907838,0.20941778873882552,0.23514630608445597,0.2432099529859346
0.3122234113862737,0.2094170498695743,0.23514577826487593,0.2432137604792762
0.31222375408858843,0.20941661555788757,0.23514659764881995,0.24321303270470412
0.31222401323149657,0.2094167558118471,0.23514606244492472,0.2432131685117315
0.3122240254511766,0.20941674504452096,0.2351459599689917,0.24321326953531078
0.3122237917773185,0.20941665826518763,0.23514628430811743,0.2432132656493765
0.31222408148105907,0.20941675006719737,0.23514596050371397,0.2432132079480296
0.31222359205420563,0.20941656732253755,0.23514667842123205,0.24321316220202477
0.3122228181428496,0.20941633366574966,0.23514795044739112,0.24321289774400973
0.3122239050900627,0.20941678617599357,0.2351463833841907,0.24321292534975308
0.31222369312831316,0.2094166716879186,0.23514647899297533,0.24321315619079298
