0.2975504117508302,0.2294552385858678,0.22434325108024,0.24865109858306192
0.29736890928368076,0.2311849365539577,0.2256741668928545,0.24577198726950708
0.29923162315161045,0.22979623707753047,0.22309812391909836,0.24787401585176067
0.29883152874606167,0.2287283106615759,0.2214588268631617,0.2509813337292007
0.2975477426465185,0.22998585039770153,0.22456606509796173,0.24790034185781815
0.30167091299867677,0.22906575617850455,0.22422159380094167,0.24504173702187698
0.2931649271696666,0.23449673013228461,0.22929285910588848,0.24304548359216038
0.2951331706542619,0.23315900780798746,0.22599657667164053,0.24571124486611007
0.3007356305816194,0.22789203226832475,0.22014462638651758,0.25122771076353834
0.2934283113007167,0.2316427765358533,0.22538422383504805,0.2495446883283819
0.30274536577548283,0.22833455594305127,0.2236173877665319,0.24530269051493409
0.2931802735849506,0.23550598321111602,0.23213651953904388,0.23917722366488958
0.29123843926532417,0.236484584908056,0.22863872067417446,0.24363825515244533
0.29082834691735576,0.23592280399763527,0.2298556244431483,0.2433932246418606
0.2976070204240093,0.2308582389019639,0.22273856288950736,0.24879617778451937
0.2928043591283972,0.2325651233844326,0.22599850059597382,0.24863201689119638
0.300544398377812,0.22895597824378267,0.22288805870442813,0.24761156467397719
0.29772807786184224,0.23112830977504836,0.22632984174278695,0.24481377062032242
0.2998977835126449,0.22849974369607512,0.21999246291132413,0.2516100098799558
0.30004664939829107,0.2269605413678593,0.2201519872679436,0.2528408219659061
0.3114083348851552,0.2194413038663932,0.2121441484242418,0.25700621282420977
0.29886392556054314,0.22800676109261522,0.2246083874244995,0.2485209259223421
0.3074436512750566,0.22582872658239228,0.22104805828397053,0.24567956385858056
0.2927243695631303,0.2354388495768877,0.2323739419256114,0.23946283893437065
0.29223512709509314,0.23590246701672554,0.22803846306857484,0.24382394281960654
0.29271936796480647,0.23477235959439907,0.2289463294089783,0.24356194303181622
0.29732318155088416,0.2304780943228894,0.22176499853336726,0.2504337255928593
0.29242309942293465,0.23275751503682823,0.22689171220260934,0.2479276733376277
0.3013089687715043,0.22948544748755798,0.22435464114572484,0.2448509425952129
0.29479336213867124,0.23357796360959263,0.22855592876067674,0.24307274549105937
0.2936411981779686,0.23329063064989117,0.2250891548070972,0.247979016365043
0.2900900352105244,0.23660136442498111,0.23297660043933474,0.2403319999251597
0.2997246899307781,0.23181937599875593,0.2250542040527319,0.24340173001773416
0.2826001238219479,0.24081700733064587,0.2351616032873325,0.2414212655600739
0.29456359148492406,0.23465602567292002,0.22738449281526005,0.24339589002689585
0.2863392920344691,0.24041044454502375,0.23729324264427795,0.23595702077622915
0.2855081173560279,0.24134951653827325,0.2333054066654673,0.23983695944023167
0.2859820606491903,0.24028285429424237,0.2342560024191091,0.23947908263745837
0.2884842731519194,0.23808837388228007,0.23019983374056266,0.24322751922523783
0.2875743583393871,0.23776731380831057,0.23093835489450612,0.2437199729577963
0.2930092914992347,0.23476385250452636,0.22812586262983792,0.24410099336640095
0.2882041191112503,0.23824482262890595,0.23325258121395043,0.24029847704589338
0.2920593742305021,0.2362879306153867,0.22924934430812532,0.24240335084598597
0.290979700824046,0.23553530993472793,0.22838213802910745,0.2451028512121187
0.3013017324963274,0.2263183584872967,0.21603151068016124,0.2563483983362147
0.2920819098508023,0.23195144342365545,0.22774504698413964,0.2482215997414025
0.3031655561086322,0.23003760509023782,0.2268231196186418,0.23997371918248814
0.28492695700130444,0.24304274745303397,0.24123801218662572,0.2307922833590359
0.2838581895173358,0.24316912009826905,0.23371307873288819,0.23925961165150697
0.28444721694116853,0.24069746060285682,0.23392921718030346,0.2409261052756711
0.29327549156493393,0.23364054771964354,0.22414953606600121,0.2489344246494214
0.2904562359153368,0.23388137091963862,0.22707861008911956,0.248583783075905
0.2987852282602704,0.23048518830200143,0.22483306510244766,0.24589651833528037
0.2943306637395847,0.23432583793985126,0.23019772583960668,0.24114577248095742
0.2952188265537359,0.23286572810679512,0.2244707645597448,0.2474446807797243
0.29130324358152015,0.23435661232774682,0.22843617384452827,0.2459039702462048
0.30245005395589186,0.22799110708229658,0.22095091407236375,0.24860792488944775
0.289442111965591,0.23605886390320674,0.231941216423383,0.24255780770781937
0.2929340815862075,0.23652544532694875,0.23134103438135498,0.2391994387054888
0.2854373235292358,0.24257793248464335,0.2394351099792686,0.23254963400685236
0.2832761911050478,0.24330738652942047,0.23473925146246513,0.2386771709030666
0.2866542192784311,0.23851325596452497,0.22982877884604097,0.24500374591100302
0.29514303875123615,0.23097911063791166,0.2216728853903171,0.252204965220535
0.2925028980860582,0.2326108525366682,0.2271535413991052,0.2477327079781684
0.2999533724491501,0.2309544726664165,0.2265704218062356,0.24252173307819777
0.28995379348338646,0.23805480393615042,0.23402110436373505,0.23797029821672802
0.29191175995137497,0.235743419592699,0.22679293846369006,0.24555188199223602
0.2877154797014904,0.23737777727968423,0.23181484991253964,0.24309189310628568
0.3020320658880731,0.22835224647033145,0.2199538053946464,0.24966188224694907
0.28467224288094767,0.23867543160138294,0.23496058090619518,0.24169174461147416
0.2962941755119204,0.2350039493638488,0.22948695172720002,0.23921492339703085
0.28735146042677684,0.24039827867637154,0.23627415768318843,0.23597610321366325
0.2882192813433342,0.237009241995662,0.22544388979799343,0.24932758686301046
0.29542965544635913,0.23013226222363742,0.22254227669226642,0.25189580563773695
0.30830894790731983,0.2214111195778415,0.2135010931872947,0.2567788393275439
0.29567866352207406,0.2298881663741137,0.22609231553889306,0.24834085456491925
0.3092017061960742,0.2249037528037344,0.2200007222214391,0.2458938187787524
0.29554009892374095,0.2325833475851596,0.22825498657477963,0.24362156691631992
0.2965513644132001,0.2305798131258731,0.22108898845365244,0.25177983400727433
0.29785789387460837,0.23003193692641788,0.22576754194984158,0.24634262724913206
0.30575010890863397,0.2254752661420501,0.21841125382622556,0.2503633711230905
0.28895955435692416,0.2355561349728092,0.23128065542091494,0.24420365524935175
0.3020631632086307,0.23021973790797573,0.22450203566695903,0.24321506321643455
0.28837427148163025,0.2386782769803013,0.2351996146834423,0.23774783685462622
0.29142112021764,0.23583220471711167,0.22605725862978893,0.24668941643545955
0.28960876958838777,0.236152628310087,0.23114706016925468,0.24309154193227064
0.2996618444051551,0.2300787991745765,0.22205590573313766,0.24820345068713073
0.2885880207857431,0.23600258704689855,0.23078870571680357,0.24462068645055474
0.30146144522709845,0.22919671961829252,0.22190755342869214,0.24743428172591692
0.29383238735297795,0.23311525883497775,0.22818976296426957,0.24486259084777473
0.29570771641593746,0.2319058459004845,0.22401522070161484,0.24837121698196327
0.29889795600877644,0.2299044031674301,0.22457130109493673,0.24662633972885675
0.30585107354333835,0.22350840078204218,0.21449705874440078,0.2561434669302187
0.29165485985403894,0.23209147400874233,0.22776795317686824,0.2484857129603504
0.3105093308756676,0.22471264868541596,0.22033490527341942,0.24444311516549702
0.2878504087827573,0.23903065206503454,0.23682106014976495,0.2362978790024433
0.29089919742575715,0.2369272125856007,0.22725223948585177,0.24492135050279037
0.29111485999068276,0.23569774442184496,0.23067188218989715,0.24251551339757507
0.2940859607803536,0.2334336337728143,0.22518837095887645,0.24729203448795564
0.29199228553891393,0.23402655988516763,0.22798463304004274,0.2459965215358756
0.2916023639646558,0.23648337969229016,0.23232288495103057,0.2395913713920235
0.29451677184216984,0.23546862194044982,0.22944955563473338,0.24056505058264693
0.2899813342257878,0.23527845069282732,0.22607083634630182,0.24866937873508305
0.29777904896415525,0.22845239292509806,0.21969476450158157,0.25407379360916504
0.30614727412115117,0.22322726876504886,0.21724585912032265,0.25337959799347737
0.29218374341494957,0.23446323711558426,0.23234819086796749,0.2410048286014986
0.3001441018049526,0.2332389548588399,0.2288264935497615,0.2377904497864459
0.28006455213070164,0.24547062599354774,0.24190671231315372,0.2325581095625968
0.28656397090010255,0.24084715901026016,0.23109952157337546,0.24148934851626175
0.28634600845792285,0.23890326677338034,0.23245610363445277,0.24229462113424424
0.2884184181114788,0.23707548378066207,0.22881431535866903,0.24569178274919012
0.2890496207529607,0.23767915518684615,0.23319345948729467,0.24007776457289845
0.29169676007477197,0.23722624138612397,0.23113666103748634,0.23994033750161775
0.2894417216942032,0.23659523621084108,0.22830368462812378,0.24565935746683187
0.290713696029324,0.2346005471584713,0.22704277477404813,0.24764298203815652
0.29614889086318147,0.23253108699843553,0.22752412816344786,0.24379589397493515
0.2970597032104342,0.23174994679303124,0.22495596160564796,0.24623438839088674
0.28616779810056997,0.23846902585562837,0.23330161568779523,0.24206156035600648
0.2938605319133215,0.23663149341340162,0.23223443665631102,0.23727353801696593
0.2811664136396677,0.2455082849667035,0.2419801338078617,0.23134516758576704
0.2839475614821619,0.24269193475696282,0.23293053509587291,0.2404299686650024
0.28475690045534097,0.23963124532362387,0.23204228267479377,0.24356957154624143
0.2901346899029551,0.23584660273567004,0.2280038523105054,0.2460148550508695
0.2911790442261384,0.2356761896441552,0.23026935079631092,0.24287541533339557
0.29191637076354765,0.2360112280029882,0.22991098568595453,0.24216141554750958
0.29213795707431794,0.23523736058754677,0.228270069433855,0.24435461290428037
0.2892292139839211,0.23675920435184464,0.23051672713726545,0.24349485452696873
0.2959290361871022,0.23303195676200653,0.22643599358171188,0.24460301346917934
0.2991069163786945,0.22855996852448027,0.21986672681842112,0.25246638827840395
0.284167117679947,0.23857870733118236,0.23508312490434918,0.24217105008452144
0.2973070885017228,0.236613501929854,0.234517580330949,0.23156182923747412
0.28170797049796853,0.2459069266267862,0.2409698200807822,0.23141528279446294
0.2759786972095528,0.24594779788979837,0.23421051370821702,0.24386299119243174
0.28968088943635656,0.23722784218472995,0.2315884922642979,0.2415027761146155
0.29300714071286144,0.234740200064535,0.22720320593644067,0.24504945328616293
0.2857064793746401,0.23735696905942752,0.22924116162780434,0.24769538993812798
0.30093561702040467,0.229259930119842,0.22328508197568542,0.24651937088406803
0.296914142140699,0.23123394562321475,0.22556853727616552,0.24628337495992073
0.3055403360663964,0.22218091762718678,0.21063696251328065,0.26164178379313624
0.3181893629228022,0.20945337983534912,0.20000771376712775,0.2723495434747209
0.33472656151855634,0.19530529384391743,0.18821150951628385,0.2817566351212423
0.3315625947610943,0.2004806706633252,0.1982861064380253,0.2696706281375551
0.33461881653207537,0.2048301624192619,0.20536788800581307,0.2551831330428495
0.32252915451763503,0.21253907703701147,0.21108593794664066,0.25384583049871273
0.3081760876989314,0.2200776660918478,0.21228678237040502,0.25945946383881585
0.31654625502416944,0.2149885015025835,0.20917675999176846,0.25928848348147854
0.32077915310929234,0.21221226970466406,0.2079950123007976,0.2590135648852459
0.30356919054738013,0.22445759912330343,0.22089077633394957,0.2510824339953668
0.3185492682098126,0.21723502223673713,0.21188793577776968,0.2523277737756805
0.30107986785884633,0.2267258601833312,0.2224961169924588,0.24969815496536366
0.3056449358333262,0.22393272632121627,0.21578733217872356,0.25463500566673397
0.3112568141809199,0.21974991911101224,0.21468398409986073,0.2543092826082071
0.3091840966167398,0.21976766395617273,0.21235624417369903,0.25869199525338843
0.3043660605744198,0.22417169405213336,0.22032512999068768,0.2511371153827592
0.3106337606955547,0.22362001386896901,0.22041165507504004,0.2453345703604362
0.29352125593358924,0.23451755243662464,0.23049619249788655,0.24146499913189962
0.2928598357002791,0.23530212559878724,0.22829965846813755,0.24353838023279623
0.2970981168495988,0.23205492853169232,0.22592704628812624,0.2449199083305826
0.2928014388917338,0.23304154057185736,0.225041354393292,0.24911566614311698
0.2928429439468913,0.23387486246549052,0.22881680174403815,0.24446539184358013
0.30253454711591155,0.22928287527682828,0.22369506975721076,0.2444875078500494
0.2902509401224589,0.23494882931979144,0.22782854509082637,0.24697168546692327
0.30185115745989666,0.22670228982666596,0.2178458153078006,0.2536007374056369
0.2983834494201259,0.22919890502186135,0.22531007524088342,0.2471075703171293
0.30504126738650894,0.22581313283456694,0.2186279877152292,0.2505176120636949
0.2897238560300254,0.23607981513437473,0.23341917746291646,0.24077715137268335
0.29285548942813366,0.23811871190059933,0.2341609852231583,0.2348648134481087
0.2844917670050176,0.24362882863474616,0.23908078936941693,0.23279861499081925
0.28403048292299526,0.24085151209859015,0.22971518507896785,0.2454028198994466
0.2922865563492774,0.2325358101151973,0.2235580888300565,0.2516195447054687
0.2992722956241027,0.22790919998362852,0.22095829327915842,0.25186021111311047
0.2995753266363166,0.2287469386087653,0.2236060791550836,0.24807165559983452
0.2990733837927207,0.2305982356780211,0.22586837917053512,0.24446000135872314
0.29408390028385134,0.23445303854291644,0.22943343832804589,0.24202962284518634
0.29577688542489233,0.23277661498371127,0.22537136280826958,0.24607513678312676
0.29771558899733064,0.22931411421252804,0.22107379938880314,0.2518964974013381
0.3057996572766284,0.22212062725217205,0.213353258275731,0.2587264571954685
0.29573909740524856,0.23045743498634516,0.22830286389358165,0.24550060371482477
0.29782305938468157,0.2354906805322521,0.2345232016409696,0.2321630584420967
0.28845349619421856,0.2414781887926046,0.23602251344283673,0.23404580157034005
0.28286094141297863,0.23993352188674757,0.22758665378049772,0.2496188829197759
0.2985596627193096,0.22760593493351225,0.21885203371936515,0.254982368627813
0.3027647043283538,0.2255023482709406,0.22014766399914715,0.25158528340155856
0.29702590437216836,0.23105849390772895,0.22683170376636735,0.24508389795373534
0.3049524472259471,0.22737035507932063,0.22165745200097958,0.24601974569375276
0.2933727634568202,0.23278060870150438,0.22626984924640606,0.24757677859526936
0.30543366140680894,0.22375807841630949,0.2143669832682357,0.2564412769086459
0.3010941747244177,0.22606560378190063,0.2215942548713066,0.2512459666223751
0.3131151651851966,0.21928529982544334,0.21209582640024555,0.2555037085891144
0.2935652700230358,0.232512151444899,0.23082066657054237,0.243101911961523
0.30231616610778295,0.2311072358195021,0.22622497054258733,0.24035162753012765
0.2910176319899021,0.23704830293097315,0.2322858267391783,0.2396482383399464
0.2921450162784143,0.2334123579595805,0.22219919324812848,0.25224343251387665
0.2985977950102778,0.22806828879707153,0.22171016943879734,0.25162374675385335
0.30394726379801534,0.22594199757707428,0.22032931337606648,0.24978142524884397
0.2996763276409358,0.22882693172837434,0.22338351895393432,0.24811322167675548
0.30323532636002515,0.22647438008834098,0.21963993154317504,0.2506503620084588
0.3017811149565984,0.2265871932464431,0.22042888699313318,0.2512028048038254
0.3051925842439203,0.22414852823544767,0.21727206409317745,0.25338682342745456
0.30375816749035617,0.22526547036838096,0.2201248377364102,0.2508515244048526
0.31104724693266234,0.22029127920522576,0.2132610609178704,0.2554004129442413
0.29534127310311326,0.23072664332844997,0.22749920198297416,0.2464328815854625
0.30218438194317754,0.23072526792411344,0.22712089264251598,0.23996945749019302
0.29225491429862277,0.23701307397332183,0.23275476900083816,0.2379772427272173
0.2893031158646328,0.2360612727421153,0.22550918276000687,0.24912642863324508
0.29621364718951715,0.2302822518299459,0.22335600009875034,0.25014810088178663
0.3030710849548718,0.22641843364996894,0.22013646330351958,0.2503740180916396
0.29673783734405507,0.2303454359437612,0.22473440907729886,0.24818231763488474
0.30595315600687883,0.22493437743849135,0.21802911280204354,0.25108335375258617
0.3025503935387025,0.22549470803334154,0.2190904341172406,0.25286446431071524
0.30573659754535903,0.22289167579146568,0.21536576449593342,0.25600596216724186
0.31215652639504066,0.21877611851866194,0.21320530864121814,0.25586204644507926
0.3151509277434282,0.21533259552074022,0.20830203874393852,0.26121443799189303
0.3016635132412506,0.22541843735083839,0.22246714552311686,0.25045090388479413
0.3080555977442045,0.22706367305071243,0.22546587830488848,0.23941485090019463
0.29447602447672133,0.23571033154240625,0.23157507699211288,0.2382385669887595
0.28528333961354724,0.2390301181974407,0.22952188208083524,0.2461646601081769
0.29671698895368925,0.2317873924809215,0.22564512944127346,0.24585048912411572
0.2979163134533998,0.23051489406877945,0.22393393107995999,0.24763486139786078
0.2910773437748899,0.2339393790724092,0.2269079647624687,0.24807531239023223
0.30903455443771366,0.222916935969253,0.21566096857801711,0.25238754101501626
0.2998953923402872,0.22649169519873455,0.22005962608327512,0.25355328637770314
0.3089101775626732,0.22048330394121032,0.21222092228178155,0.25838559621433504
0.30904290241558025,0.22129804380880838,0.21786833329292,0.25179072048269135
0.3161981909592521,0.2161985833151675,0.20896345414394424,0.2586397715816361
0.29905440849601894,0.2268701353730369,0.22306275368213238,0.2510127024488118
0.3096237500520835,0.22463289146366092,0.22097772134324173,0.24476563714101396
0.29481079859493964,0.23483405094134624,0.232495643726359,0.23785950673735512
0.28719873538060176,0.23932866441801093,0.2313592139266507,0.2421133862747365
0.2888443992060078,0.23870695041198414,0.23403449478449778,0.23841415559751017
0.29456024815195636,0.2343842850354301,0.22620255384092025,0.24485291297169337
0.29116649924765237,0.23257784878876017,0.22268718768299642,0.25356846428059104
0.30721058077893454,0.22118846988306373,0.2125033585114343,0.2590975908265674
0.3103086639182823,0.21909828248599023,0.21392767628312923,0.2566653773125984
0.30921875864922727,0.220942769074884,0.21560032267268317,0.2542381496032055
0.3099516447713557,0.22185313314115268,0.2177161533964242,0.2504790686910674
0.30907172632158886,0.2217900519159664,0.21555416391107937,0.2535840578513654
0.2957282763487894,0.23075337219972883,0.2267212297222826,0.24679712172919915
0.3013334836397309,0.2312373413582014,0.2281201782045043,0.23930899679756337
0.2883352731102762,0.2402703546312354,0.23673553252504212,0.23465883973344628
0.29191269573384904,0.23520339463300727,0.2239021634456539,0.24898174618748986
0.29207958879752066,0.2318946498399461,0.22407837671130915,0.2519473846512242
0.30301576301612737,0.22628445177167522,0.2200041479359161,0.2506956372762813
0.2963473176416434,0.23211006403981135,0.22898187374719253,0.2425607445713528
0.3063253868626305,0.22507788340503487,0.21620838151679686,0.25238834821553774
0.2964984238812468,0.22803191742773238,0.22074325604620998,0.2547264026448109
