0.3676169468589265,0.16197608034579264,0.19958291917547852,0.2708240536198024
0.36942288025157655,0.15422800806502174,0.2140636064916337,0.26228550519176796
0.3518467617384778,0.1795111981106468,0.21961291740879932,0.2490291227420761
0.355525010252815,0.1628113136392283,0.21398480934968522,0.2676788667582715
0.363657843218439,0.13825590575009783,0.18558629524746395,0.3124999557839992
0.378356551988939,0.13938582394564336,0.1922070442755106,0.29005057978990695
0.3770581427352368,0.14740285259821514,0.1990945806173046,0.2764444240492433
0.37310325756723367,0.15291564245188494,0.21271188636324734,0.2612692136176342
0.3534966891941342,0.1794730703442681,0.2170587333502665,0.2499715071113312
0.37458750196046625,0.11551205569952282,0.18090290930170433,0.32899753303830664
0.38088384971982664,0.11675734895267645,0.1650599630290428,0.3372988382984539
0.4024887769909016,0.11832190377052802,0.18563803921468677,0.2935512800238837
0.37551044198484007,0.14596500147574823,0.1905962699710659,0.28792828656834585
0.37300242758788343,0.14188986666240644,0.1958477512151995,0.2892599545345106
0.33847251209926094,0.19556681094698766,0.2037591804686717,0.26220149648507984
0.34785209665303934,0.1431965747284304,0.18479497062057074,0.32415635799795955
0.34251781730257336,0.16122186260147095,0.1710724096261236,0.325187910469832
0.3564046355602929,0.16367006065298886,0.19727098735273257,0.2826543164339856
0.33259232810553147,0.2141750027515683,0.23282730573481847,0.22040536340808173
0.3441087043737723,0.17479157705042386,0.2361381352858319,0.24496158328997195
0.3409292950446358,0.18842638159197106,0.2340240505087529,0.23662027285464032
0.37978603206018297,0.11772186988339878,0.19906958088454188,0.3034225171718764
0.383562408693051,0.14046523952703166,0.19914675551430136,0.2768255962656159
0.3944505224809967,0.13030848530512312,0.2041633202800301,0.2710776719338501
0.3638216510110261,0.1621078630604558,0.1997026118075596,0.27436787412095853
0.3677695799336856,0.16391761068051602,0.2247382604405159,0.24357454894528247
0.33076938176068105,0.22084772864808905,0.24581324680196628,0.20256964278926354
0.3656935580424681,0.1341571831320733,0.20806099352450894,0.2920882653009496
0.37003349240700767,0.16001691697058978,0.20620863627409022,0.2637409543483123
0.3820764249887147,0.14950604424240663,0.22332462900734146,0.2450929017615371
0.3763302649604536,0.15557827797038587,0.2177870783943591,0.2503043786748015
0.3996704805817754,0.11620161836303668,0.20343898419736312,0.2806889168578248
0.3819171428079922,0.16387163664403587,0.2252392233840275,0.2289719971639443
0.40133332769900426,0.1152916880094299,0.20212021018186432,0.28125477410970157
0.3887765950214482,0.11897170301226845,0.17344851706456596,0.3188031849017175
0.41407197208479296,0.11132487790426697,0.18989947123831583,0.28470367877262437
0.3943109767932475,0.13816498022522355,0.20496016000813919,0.26256388297338973
0.3916826296428633,0.14023296878195615,0.21793763448999892,0.2501467670851816
0.35711170543305615,0.17484964157078103,0.20279857019990746,0.2652400827962553
0.3683784145191583,0.13704744260104773,0.19061699960768066,0.30395714327211326
0.3617667798878561,0.15779936989460788,0.18297189986098084,0.29746195035655526
0.38214251639322694,0.12864561651337503,0.18768258809314162,0.30152927900025644
0.3685840105435465,0.17035012824947063,0.20891532088256784,0.252150540324415
0.36359407614162037,0.17225573500977318,0.23846765846346107,0.22568253038514538
0.34018302427814917,0.19855405158206713,0.24091465942538182,0.22034826471440194
0.38663327584600093,0.09937361488967725,0.18282740609657927,0.3311657031677427
0.39969230515871107,0.10840706459807271,0.1708466893631428,0.3210539408800734
0.42007571986256875,0.10959977132215568,0.1911582902479538,0.2791662185673218
0.3760427705033256,0.1592848716716983,0.20173847302679232,0.2629338847981837
0.36576471540854627,0.16533620735244645,0.21977366982084792,0.2491254074181594
0.32607385041199316,0.22406187444037817,0.23209595469335614,0.21776832045427255
0.35184466099778994,0.14606124366510423,0.19760655527005688,0.304487540067049
0.3645873792607097,0.14303000769554236,0.17905229505961953,0.31333031798412847
0.3872131813258692,0.1411636086964262,0.2053592266327792,0.26626398334492535
0.36784067931802766,0.17752423291679464,0.2353243715732602,0.21931071619191747
0.38422410133159324,0.13681161953259316,0.22441186596440374,0.2545524131714099
0.374584201442291,0.15572179568646632,0.2137459121206514,0.2559480907505912
0.4025821516190831,0.10844847285132098,0.19285253012530193,0.296116845404294
0.39237366456792633,0.11141846568278857,0.17028041526853044,0.32592745448075466
0.4093210149683256,0.11778414842487016,0.19008649730424496,0.2828083393025594
0.36694342946331415,0.1780391350290389,0.21326991331760106,0.24174752219004583
0.35483880214896085,0.17936156851546795,0.23265941003056173,0.2331402193050095
0.33103969625012764,0.20234780878859127,0.2105470206501056,0.25606547431117543
0.36789145869633744,0.10971742343220531,0.17273069108435998,0.34966042678709724
0.38780197660732507,0.12437292842117104,0.1710354241639244,0.3167896708075795
0.4081433890508993,0.12031022787845276,0.1986821507772421,0.27286423229340573
0.3793863525428951,0.15801390965979967,0.21154628005548415,0.2510534577418211
0.39312309784125093,0.11964436908795903,0.19828083525077597,0.288951697820014
0.3611434585659577,0.1648356870473178,0.18875528982661732,0.2852655645601072
0.38085076953837005,0.09807395466305313,0.16406083106926173,0.35701444472931504
0.36570569644842077,0.12402523583631268,0.15091490676798974,0.35935416094727674
0.3764681249474399,0.15268925717785753,0.190318053649576,0.2805245642251264
0.3264689312607314,0.22000936616434538,0.215849375201751,0.23767232737317218
0.33173591418287374,0.18928912555503413,0.2295516376826523,0.2494233225794399
0.32153813441806267,0.21633985233402603,0.23244204352739378,0.22967996972051744
0.361063963373663,0.11299757427773206,0.18109972052159232,0.3448387418270126
0.3652043749921911,0.1631278278179607,0.1922808182231217,0.2793869789667265
0.37599735390379485,0.15468500257329243,0.22189559146634355,0.2474220520565691
0.35143938870065433,0.17948441448300714,0.21539531259822092,0.2536808842181175
0.382399822899016,0.12775998632676,0.20532978069358748,0.28451041008063654
0.3630857875077838,0.17869455952654872,0.22089365009931572,0.23732600286635175
0.39271626638764634,0.10267567482362004,0.1867327979219032,0.3178752608668304
0.383315557433834,0.12567507650586698,0.16846160835339138,0.32254775770690763
0.4001466210879691,0.12296099028471423,0.19093637819227688,0.2859560104350398
0.36733171690287975,0.1632926805483658,0.2024517961685914,0.26692380638016305
0.3802685982750272,0.13616472578396252,0.20485592896283805,0.27871074697817233
0.34379307822020416,0.19301134525258026,0.20353279696599616,0.25966277956121936
0.36640309750510636,0.12357061552408083,0.1839529662999931,0.32607332067081973
0.34751038937361367,0.1842763510453992,0.19253292652133822,0.27568033305964895
0.3664555021238084,0.15178839655070617,0.20658673469755273,0.27516936662793257
0.34953014222345646,0.18604925185088686,0.21854973339487666,0.24587087253078008
0.3555283774937449,0.17260241533673507,0.2350044710585067,0.23686473611101333
0.3367017819034911,0.20116992408225748,0.23887830793289455,0.22324998608135677
0.367109215265545,0.10131012251230036,0.16889643413167166,0.36268422809048295
0.39486209741697686,0.1202308636109206,0.1764252080882997,0.3084818308838028
0.4086213186864904,0.1265790669730011,0.2075276766713165,0.257271937669192
0.37688150125763303,0.1529200858437676,0.21306295432063016,0.25713545857796916
0.37297305139582,0.15460685148745726,0.2170879767905813,0.2553321203261414
0.3479517175022984,0.1827005529008546,0.2089143185334982,0.2604334110633488
0.367779865117665,0.13163902264416588,0.1869162078028875,0.31366490443528156
0.36633943210013303,0.1421766381330047,0.17637253866170244,0.31511139110515984
0.36443847415603725,0.17981790752563,0.22373242846131933,0.2320111898570134
0.3289400006610727,0.22198210129736928,0.25259272862478493,0.19648516941677302
0.34405313879562627,0.17636905632644817,0.23605178636145013,0.24352601851647548
0.3709517011918997,0.15188667359779903,0.21793480057409442,0.25922682463620683
0.40926404213136086,0.09612933919285209,0.18810631252721083,0.3065003061485761
0.41516791788428176,0.1168154515325501,0.19417593383385234,0.2738406967493159
0.41534723003407875,0.11504333350508054,0.19971137899716296,0.26989805746367773
0.3781458345702946,0.15769166692910352,0.21273366694589693,0.251428831554705
0.3688110243844059,0.16802921449431618,0.22966045378320635,0.2334993073380715
0.3567611015589378,0.16329173503397976,0.2004957300620446,0.2794514333450378
0.3771803445293905,0.12387059221939316,0.1812728170574667,0.31767624619374957
0.36924832905515065,0.16977346102357652,0.20465759768143107,0.25632061223984176
0.3646958026416003,0.1735881551619044,0.23243932322191813,0.22927671897457716
0.3685299365413597,0.1574235031147638,0.2197989241368101,0.2542476362070664
0.3897271930429756,0.1325955415089327,0.21156229146803968,0.26611497398005196
0.3869970674694611,0.15011395536809174,0.2212170968510828,0.2416718803113644
0.40433780263264446,0.10447031398988796,0.1908696330944299,0.3003222502830375
0.409009896804857,0.10591289584189667,0.17562183400840517,0.30945537334484124
0.41248433641251,0.11845535729451583,0.19395094412992636,0.2751093621630478
0.37247485742950776,0.174304253195464,0.22939329505122646,0.22382759432380164
0.36131134441281826,0.1702316290666143,0.22709743107389274,0.2413595954466747
0.3442626670971761,0.17248099474364995,0.19088294196118052,0.29237339619799335
0.3675333780600078,0.13717052628781143,0.1882303536398278,0.30706574201235304
0.37214365437832075,0.16168284574486866,0.20562482612064373,0.260548673756167
0.3721457597511266,0.15903917193660763,0.2156621646598041,0.2531529036524616
0.3823148935707121,0.13739128557712366,0.2052488766651628,0.27504494418700143
0.38671544332948743,0.1473257258191611,0.2222961222128387,0.24366270863851275
0.3787157009230659,0.14527741173135308,0.2003133078682648,0.2756935794773163
0.3912645865071879,0.07997628236323025,0.15296726781075154,0.3757918633188303
0.4106196565093283,0.08957725121606336,0.1516620842500921,0.3481410080245163
0.4313217062878733,0.0994359451071078,0.17963517627532055,0.2896071723296984
0.38305757345543207,0.10741701975324046,0.16055910116056424,0.34896630563076325
0.3591167596824743,0.10819690416027795,0.13956422762491075,0.393122108532337
0.30064939689838344,0.13325150466106803,0.10969586342018933,0.4564032350203591
0.2128512307156674,0.08528032887720756,0.06553547717688639,0.6363329632302387
0.22496654698081187,0.12031137275687476,0.06816283061349028,0.5865592496488231
0.27434266596348916,0.22343049522756273,0.1348680233020355,0.36735881550691246
0.24301087181678616,0.2740722246388321,0.20746805937398158,0.2754488441704001
0.22980135831460288,0.2600144450215479,0.27024773193702784,0.23993646472682142
0.24554967714657003,0.22483333156782437,0.30074829037319545,0.22886870091241004
0.2785104741565421,0.11363265785902885,0.16959097698408376,0.4382658910003454
0.3478986943203223,0.1370845332799701,0.1641825511461382,0.3508342212535695
0.3510026762799212,0.1765995562740776,0.23058746657656773,0.24181030086943342
0.322566467765722,0.19296602224920725,0.24802800638042116,0.23643950360464938
0.32877118011724005,0.173346145210642,0.23691905350278164,0.26096362116933614
0.32784264618833026,0.19520183137519212,0.24886235996926984,0.22809316246720787
0.3453326792745012,0.1231075242473146,0.18271453311713468,0.34884526336104965
0.3420041803441677,0.1926561361280935,0.2076395925195405,0.2577000910081983
0.3437877180185442,0.18288256706973963,0.22909738936659915,0.24423232554511695
0.3336449664032739,0.19138523868352847,0.22977210897512748,0.24519768593807026
0.33442268860477564,0.19420847546484002,0.24914386419681786,0.22222497173356637
0.3424487719259854,0.17417632584368747,0.22698499960137553,0.25638990262895167
0.3802355144534583,0.11084472907439422,0.187726605327858,0.3211931511442893
0.3912493670059451,0.1348367267333478,0.19666654162233552,0.27724736463837163
0.40187324758356024,0.12293331872541159,0.20610695205897675,0.2690864816320514
0.3695138707162228,0.15866552150191338,0.20960736785055126,0.2622132399313127
0.35967441022422625,0.1754147927231735,0.23308406704679882,0.23182673000580145
0.3409104883589968,0.18003155431536536,0.19777390116633625,0.28128405615930163
0.3462981735328249,0.11654005884454337,0.15692641681819086,0.38023535080444093
0.35936526816603775,0.1840412385770417,0.19787124809930448,0.2587222451576161
0.36476339232246535,0.16479126172460135,0.22549433437321426,0.24495101157971896
0.35564894823615745,0.17641189884913927,0.23134473908549386,0.2365944138292095
0.38438293742215074,0.132050696750051,0.21750893380696676,0.2660574320208314
0.3840838998074521,0.14175470167952156,0.20927023982428788,0.26489115868873847
0.3995738855950776,0.09614493408736101,0.1712075101754902,0.3330736701420711
0.3883992052589281,0.10011655110357404,0.15189487061297005,0.35958937302452765
0.3972700523044401,0.13495904427168479,0.18895617236311485,0.2788147310607603
0.3388376247644078,0.21901816582522185,0.24325120961303562,0.1988929997973347
0.32829070344352823,0.19706673003055075,0.23706496245550746,0.23757760407041364
0.3292151820348337,0.16783029734770394,0.18128670414207873,0.3216678164753836
0.34877273353932986,0.12547472174170002,0.1587301414092528,0.3670224033097174
0.3767473612761581,0.13858281822640753,0.17892330096532785,0.3057465195321067
0.3788094613479721,0.1506138470663449,0.2060845978967197,0.26449209368896337
0.36280148083610947,0.1695832358921497,0.2204815482270303,0.24713373504471067
0.3477461155820082,0.17979635209340675,0.22718260394023496,0.24527492838435
0.352473738776583,0.1558185500153052,0.20046400463889202,0.2912437065692198
0.37717099350839733,0.08848281492402682,0.15355088676016523,0.3807953048074106
0.38571011150301093,0.10120873457282127,0.14785311526307082,0.36522803866109704
0.38951930476860036,0.14955698489749614,0.19789683638118036,0.26302687395272323
0.32653034527795227,0.2207242451363087,0.22286964543068072,0.22987576415505817
0.328808628525543,0.17855987477231358,0.2131382239068055,0.27949327279533787
0.33173177485498206,0.16620536066840894,0.17315797748416994,0.3289048869924389
0.34464788702554133,0.11110938403974778,0.14889163179075093,0.3953510971439599
0.3530698255925755,0.18907352685074932,0.1939360767501455,0.26392057080652964
0.3547896351823506,0.16794491051236835,0.21856757443775715,0.2586978798675239
0.3334883366311585,0.19404276816840807,0.219776865740379,0.25269202946005437
0.3652100026799078,0.13361247751507438,0.19964776898987122,0.3015297508151466
0.3660608625733213,0.1546629105279866,0.20129394458733033,0.27798228231136174
0.3873632758357072,0.09763283423666554,0.1686727201186884,0.34633116980893885
0.37705116367730857,0.11709245639248916,0.15732817427088513,0.3485282056593171
0.37602574656653764,0.15349530032036535,0.19431622446192728,0.2761627286511698
0.3306011641332785,0.20810523087724553,0.2210369324655711,0.24025667252390487
0.3402361134991136,0.16289235414371833,0.20683959855568818,0.29003193380147996
0.3340049005683655,0.17304854910403306,0.1821265029087525,0.31082004741884905
0.34530739146073697,0.14849909112504353,0.17897575404368085,0.3272177633705386
0.3434156326542509,0.18838316678380607,0.20440394844861412,0.26379725211332894
0.3489606107811281,0.17461664423756382,0.22213252550475682,0.2542902194765513
0.3491683896685726,0.16975999717999576,0.21451660443176712,0.2665550087196644
0.370771952098535,0.13746896948598508,0.20327454245607815,0.2884845359594019
0.36600637649006895,0.15709661206518827,0.20671858372350985,0.270178427721233
0.3846804506022095,0.09512254877158796,0.16624140006750332,0.3539556005586992
0.3827876121933174,0.10506651307630015,0.15045665636358335,0.361689218366799
0.38905154102351325,0.1344459368135394,0.18286459485286835,0.2936379273100791
0.3478635876526209,0.18281952581670408,0.20904896877897544,0.26026791775169966
0.3409516016985393,0.161531250404376,0.19652606807923023,0.3009910798178546
0.3238771226665405,0.18383659907425137,0.18064420805195575,0.3116420702072524
0.3245982886143132,0.14969821850543355,0.1657202879433509,0.3599832049369023
0.32665749884517076,0.21050609289233674,0.20262198475501977,0.26021442350747265
0.32104714252650085,0.21242369395952548,0.23194707960669975,0.23458208390727395
0.32792287856677715,0.18195357922594174,0.21670441195069648,0.27341913025658465
0.3458570604637393,0.17477083306234534,0.2292601154844804,0.2501119909894349
0.3510310391241767,0.16970337497399188,0.22886113913485684,0.25040444676697465
0.38499128006306976,0.09099839657460547,0.17113153871652914,0.35287878464579553
0.3969904439292606,0.10486583360061381,0.16165786489303655,0.33648585757708904
0.40235760749729005,0.12378580225006007,0.18825485022593993,0.2856017400267099
0.3578234796494231,0.14389650764237216,0.1761431428596117,0.322136869848593
0.3561060689078156,0.14813468924818643,0.18350526219646837,0.31225397964752954
0.32854068783445817,0.20654617913577794,0.1977327253624384,0.2671804076673257
0.3211640786438534,0.15418266771789318,0.17650502704429422,0.3481482265939592
0.31105967103431925,0.24165680102027728,0.21700054225360452,0.23028298569179884
0.32033088428256123,0.19616580295151131,0.2209070251823733,0.26259628758355424
0.3247861301040137,0.1801670540528953,0.19732415747173182,0.29772265837135914
0.3700548504787873,0.14138326659115677,0.20690220696222555,0.2816596759678304
0.35840498412217947,0.17814987644331412,0.24491793678207407,0.2185272026524325
0.39341233973634954,0.09900537397402527,0.19161009275448748,0.31597219353513767
0.39607334737132305,0.10594681297641177,0.169257449650906,0.32872239000135917
0.4050344411039612,0.11561685531424216,0.18322826156691197,0.29612044201488463
0.36653709353369895,0.1294998487830626,0.16945115564019414,0.3345119020430443
0.35739562971295014,0.14505269437427137,0.17226819371878618,0.3252834821939924
0.31680177703182455,0.22214319209643885,0.18605432448098735,0.2750007063907493
0.3041241767722773,0.2082575786671553,0.19825025741327976,0.28936798714728773
0.3030892376909371,0.2342773895111829,0.22298256386647217,0.23965080893140797
0.3348576784472931,0.1871536902313861,0.24717660196204344,0.23081202935927744
0.3539625170577835,0.1542183314565341,0.21280001436547832,0.27901913712020404
0.38044965013952986,0.12834671304428774,0.1997105062821828,0.2914931305339995
0.37518716774464894,0.15253035887018548,0.20875208185467165,0.26353039153049385
0.39793375224941385,0.09612240353083677,0.17914743056424295,0.3267964136555065
