0.33480197578544973,0.19342812016603486,0.1706375246561338,0.3011323793923817
0.30341695532218976,0.2269376193670295,0.17539166804955492,0.2942537572612258
0.3268469843536399,0.24517340423959355,0.1995013188807939,0.22847829252597268
0.33836729744291594,0.2531469077363037,0.20533615665805557,0.20314963816272483
0.360854467980008,0.25622551933009385,0.213958731801226,0.16896128088867216
0.3103861170722649,0.2608570254396195,0.2675370277819573,0.1612198297061584
0.25749891391205226,0.23485782208444658,0.23589272786369303,0.27175053613980826
0.3599420389552476,0.22615746563454311,0.16884822890823428,0.24505226650197492
0.33760733670918625,0.257440104432822,0.17735492982927917,0.22759762902871256
0.3438445296849326,0.26049197901392424,0.20239343431551532,0.19327005698562777
0.3503519394023377,0.26084532504208413,0.21199482249444856,0.17680791306112978
0.23696920383390443,0.2417723229832969,0.3499101383785066,0.17134833480429196
0.22825486547271367,0.16727593054840956,0.1476680344081539,0.45680116957072286
0.2997550678034958,0.1929868483850509,0.13655648669069018,0.370701597120763
0.3371102535127176,0.23343265879041106,0.15046375332911244,0.2789933343677589
0.33882404324173765,0.25371636414941096,0.1932089398089974,0.21425065279985403
0.339495570347491,0.25086632363711925,0.17639263367163582,0.23324547234375392
0.2868640969493749,0.2575152768870316,0.2618416589580297,0.19377896720556376
0.27935751313343565,0.21640613178975845,0.1579821649760146,0.34625419010079134
0.35836985250771874,0.23480626248474354,0.1706403532037234,0.23618353180381438
0.33868629630514024,0.2623574425048064,0.19262126099803434,0.20633500019201903
0.2729396812415317,0.23982916381914032,0.35616774815387114,0.1310634067854569
0.3147517379038262,0.2138370372429831,0.2901452195328818,0.18126600532030882
0.22179510586280687,0.20882691873747042,0.41286528853300186,0.15651268686672093
0.3335446520208062,0.18863315310463163,0.1934202650338317,0.28440192984073037
0.39150395657385834,0.24060973058143179,0.19137241701390728,0.17651389583080263
0.36716571389714103,0.268317646198688,0.1693914386863313,0.19512520121783952
0.3584575016922316,0.27555146374802275,0.18989506776708226,0.17609596679266332
0.3754453169895178,0.27539469457145355,0.1921201811386226,0.15703980730040598
0.289233487051122,0.2615022382136221,0.3440810121585922,0.10518326257666363
0.3409141854602859,0.22698475156395057,0.18598931820381984,0.24611174477194356
0.3854434686183371,0.2571073818587651,0.20887924901976565,0.14856990050313207
0.34844340130587664,0.27739137248685963,0.22180652771074555,0.15235869849651804
0.3275487736626149,0.2664676459699633,0.240123020694184,0.16586055967323762
0.41479546232548004,0.25653765953099356,0.15905728583000642,0.16960959231352019
0.30507123831328525,0.28466629975692254,0.28922852786644304,0.12103393406334928
0.3425987011656452,0.23850596397164459,0.1647727392157019,0.25412259564700823
0.3110249044085735,0.2379671560489337,0.14070098161738467,0.3103069579251081
0.3407849347443444,0.25029401855710076,0.14362798923547293,0.2652930574630818
0.4016853931314651,0.27149791836139836,0.17556340623707706,0.15125328227005946
0.3965988881123559,0.2848800911728803,0.17639625900349126,0.14212476171127256
0.3326948571714802,0.2886868975331422,0.21688903381305621,0.1617292114823215
0.3052880549356741,0.25027396759565,0.15598098246871744,0.28845699499995836
0.3763470056028859,0.25743309577999157,0.1648142485040155,0.20140565011310707
0.37186347233696,0.2675521125498244,0.141400465390642,0.21918394972257368
0.3504642872179421,0.2783445520350003,0.23501984183975663,0.13617131890730091
0.32928396843982155,0.26410765610584236,0.27245701797396243,0.13415135748037363
0.19869486144846332,0.2181286365847614,0.46131785548736776,0.12185864647940739
0.28336631864047146,0.15926127845171908,0.153269260456115,0.4041031424516944
0.3902627331282821,0.22084334204392905,0.13383678870236498,0.25505713612542397
0.4016046005768683,0.266237786740895,0.13334859630218895,0.19880901638004767
0.38527509828027545,0.28941463526898314,0.17629493740684063,0.14901532904390086
0.3830218335242829,0.28577294706829837,0.17557733685005236,0.15562788255736643
0.30867585922425933,0.2797242774340017,0.28639650142774165,0.12520336191399725
0.3110544290525176,0.23696796046944024,0.17076156250198687,0.2812160479760552
0.3615134350870206,0.2489265336847356,0.1664648238229231,0.22309520740532057
0.3701509838684253,0.27409326271318657,0.19484326478857245,0.16091248862981564
0.2977566894626877,0.2646973500467188,0.3205557268185277,0.11699023367206575
0.3617021115823937,0.2382566856139385,0.22568738416906156,0.17435381863460625
0.2815374875224821,0.25492422457986386,0.2862798446513906,0.17725844324626353
0.3124930124679549,0.21711765659716808,0.15238896527546536,0.31800036565941175
0.39537461347347114,0.24101178438965662,0.1251592376110616,0.2384543645258106
0.3994140423243339,0.2768404838892641,0.13532171548420308,0.18842375830219887
0.38065080100137744,0.2911915078959887,0.1995729100163439,0.12858478108628987
0.3488754305006357,0.2806300755491863,0.21113868143312994,0.1593558125170481
0.2640713422987277,0.25746257517343696,0.3204188991274458,0.15804718340038953
0.23800817924949325,0.17836939019790676,0.12811491714140338,0.45550751341119666
0.3677083514157522,0.22162929641009796,0.15555473855968005,0.2551076136144699
0.3660308764473059,0.26487620150550895,0.17369748623532874,0.1953954358118564
0.29354315252758284,0.2622866173079334,0.27855887307038335,0.1656113570941004
0.3375043150322612,0.2251390338448241,0.17696884190240772,0.26038780922050714
0.2331478891179975,0.239835676913348,0.2616196870717545,0.2653967468969
0.25361234294616813,0.16982888089336512,0.10306385075282,0.4734949254076468
0.41298251186410234,0.22413654786439693,0.12312527475925354,0.2397556655122472
0.3514440048350863,0.27896758595024934,0.1719842987847587,0.19760411042990567
0.29238844509761874,0.2607150633246005,0.2819079138236215,0.16498857775415923
0.3356289834659135,0.23805958882817557,0.23278932414603642,0.19352210355987448
0.2286410360416236,0.22394158006290468,0.40866164521062265,0.13875573868484894
0.31274961482055313,0.18072475665386156,0.15675562685633126,0.34977000166925404
0.3848504938368199,0.2373421579334039,0.2154511164969784,0.1623562317327978
0.32652779022551215,0.2664383625564598,0.23639018328182126,0.1706436639362067
0.2965048969095796,0.24455107212712082,0.28746804393907127,0.17147598702422837
0.35268603401144005,0.23142028032079506,0.19252190981218903,0.22337177585557577
0.2519689738539942,0.2422860771051287,0.3666880547407918,0.1390568943000854
0.30602205228416524,0.18733353543403655,0.14526525030548365,0.3613791619763145
0.3335714257457655,0.22457081086851816,0.15667520999892615,0.2851825533867902
0.3177071431974755,0.24736732953598187,0.1571255307066792,0.27779999655986337
0.3310886178434824,0.25437313768250736,0.2203545471883825,0.19418369728562773
0.3928157721003531,0.25356797744821113,0.16798086615350677,0.18563538429792895
0.27815880823555494,0.2714921942239409,0.2807186971902718,0.16963030035023233
0.2753648714561035,0.20592240612528698,0.14987331950347188,0.36883940291513767
0.37407214820789486,0.23946914157514373,0.2123346809400767,0.17412402927688467
0.33057267563857173,0.25975012797383057,0.19030854468965352,0.21936865169794417
0.35037929134556134,0.258154873510809,0.24678723170312036,0.14467860344050917
0.3548866482513493,0.2569469175221568,0.2427053556229273,0.14546107860356663
0.19564636601707672,0.22743007483427002,0.4365565922415604,0.1403669669070929
0.27192917320085436,0.15474186681972923,0.13218524969810966,0.4411437102813068
0.34515043921099425,0.22096158283422448,0.16223780759831666,0.2716501703564646
0.39121328150022955,0.262581087076854,0.1913236887139644,0.154881942708952
0.3602408336983096,0.2747010168058963,0.206195869906243,0.1588622795895511
0.3511529594607826,0.27087880935727215,0.20460075607981856,0.17336747510212683
0.32272471657777724,0.2721415368721505,0.21712068214112223,0.18801306440895002
0.32071010806834116,0.24213551907404288,0.14261226215462977,0.2945421107029862
0.43258819854694885,0.2599756698832172,0.13981465088721834,0.16762148068261556
0.3610631972626438,0.29856871923664735,0.21744698106381918,0.12292110243688979
0.27975050728479645,0.2509382697652504,0.3660183111274488,0.10329291182250429
0.2976532710657797,0.22303063964442205,0.29904968276475596,0.1802664065250423
0.25528497281257523,0.22438567397123146,0.3239183125911794,0.19641104062501383
0.40557188240882736,0.2114528439906893,0.14511340545283524,0.23786186814764823
0.38714775448021216,0.26948205739210634,0.16866417150242619,0.17470601662525537
0.37716569258065513,0.27750983854451156,0.15144997324845502,0.19387449562637818
0.37305295888992457,0.28636289339455095,0.1851636832008689,0.15542046451465558
0.376218696269416,0.28535032099819735,0.19815233371927107,0.14027864901311568
0.36215263130202063,0.28002466882283217,0.18030688958504945,0.1775158102900976
0.36312099760134503,0.265460704140678,0.1370761839958864,0.23434211426209062
0.38363469602848893,0.2825057071646483,0.19398886324183978,0.13987073356502294
0.3335666259065876,0.2850526621239017,0.24384443108618067,0.13753628088333006
0.34873304754618006,0.262193388584465,0.23842999553489194,0.15064356833446296
0.35182624060584156,0.26209892085691433,0.21356793155938558,0.1725069069778584
0.28560338982747674,0.2658779111502734,0.28887966815528193,0.15963903086696782
0.3710335378770835,0.22979941067385937,0.14679414172132685,0.2523729097277303
0.3377763177514614,0.24288185823926756,0.12214605556195661,0.29719576844731443
0.3918102217881169,0.2705786782376132,0.1443197329087484,0.19329136706552136
0.38963266029614135,0.2894433291419295,0.19208676434751054,0.12883724621441867
0.3837896592921313,0.2835468124295592,0.19156212038351433,0.14110140789479522
0.3239211753135376,0.28274303311997634,0.19140713353495567,0.20192865803153034
0.3310076293467036,0.258281590302176,0.15840422800782797,0.2523065523432924
0.412187472816642,0.26647558358362416,0.1785198723181344,0.14281707128159937
0.325269300096254,0.2865039240329111,0.22462502986401284,0.16360174600682215
0.3343256406488276,0.2597862203044677,0.21065268581356972,0.19523545323313501
0.3469016829906865,0.26054441609993045,0.24722435546317784,0.14532954544620502
0.17485412881119047,0.2171597430417162,0.29450792685553484,0.31347820129155834
0.011534167694020731,0.011460160262223433,0.005238846244908512,0.9717668257988473
0.04523407381705968,0.027137662387368953,0.011761640309512076,0.9158666234860593
0.06284240896032517,0.04624210192442587,0.030405040922213394,0.8605104481930356
0.2286719235495335,0.11728887057352792,0.08914151775916761,0.564897688117771
0.1324803204161719,0.08952947789374475,0.10071798927850144,0.677272212411582
0.02256052322718166,0.03256777643816686,0.033363317768843395,0.9115083825658081
0.02589181642906041,0.021530557658640096,0.015231645992248374,0.9373459799200512
0.20336740877153364,0.10000045513524407,0.06290606478393752,0.6337260713092847
0.29784763475788045,0.18621636094573038,0.20357875129736333,0.3123572529990259
0.10127033175510915,0.1285601915379726,0.5653007764390687,0.20486870026784945
0.05980876818485637,0.051757742515869724,0.7559051879260158,0.13252830137325797
0.04902961551920642,0.03795627132529242,0.8149015963174921,0.09811251683800898
0.10089936966032892,0.047754129855188995,0.1761035409830836,0.6752429595013985
0.3109460465776592,0.14554465074466927,0.19325319797495802,0.3502561047027135
0.19785496221655527,0.2063476381419146,0.3731372999268723,0.22266009971465786
0.19901382100216367,0.14559620690814876,0.4410716792408732,0.21431829284881435
0.2871083269038235,0.16253212533812422,0.31123382699386665,0.23912572076418567
0.18782488445878678,0.18854387692749427,0.4032046327975578,0.2204266058161611
0.29893278073847995,0.16024146265769884,0.16088502077838743,0.379940735825434
0.32495946638427464,0.22358194276311874,0.266003212917313,0.18545537793529365
0.3051912493125115,0.2360891485463138,0.2679657819748795,0.1907538201662952
0.3206687647607076,0.22207172085614763,0.29014102153093646,0.1671184928522083
0.2532077993510818,0.21249608719636304,0.40155566585681746,0.13274044759573783
0.1928953245064983,0.17719138780858448,0.3768766219944935,0.25303666569042366
0.3341436230112826,0.17434215311928827,0.17616457787791853,0.3153496459915106
0.35519532258601755,0.2374635885955083,0.22422008148582565,0.18312100733264844
0.3202808497840027,0.2500085236569064,0.1872272053985317,0.2424834211605592
0.3940244136925119,0.25788472240526245,0.18792469700432754,0.16016616689789798
0.34357384089479487,0.279573057285357,0.21410553818471662,0.16274756363513163
0.3065026491448925,0.2600478669448058,0.20960079583488242,0.22384868807541913
0.32114589540174154,0.22514995763335777,0.11900235283864392,0.33470179412625667
0.3307831183921707,0.2559662395957065,0.2600506635979914,0.15319997841413127
0.33046958826620443,0.24825579175566645,0.2657374431191727,0.1555371768589564
0.2665367651691065,0.231281314637818,0.36293129775833927,0.1392506224347363
0.31938127356694895,0.21238375027742853,0.2603758655783783,0.20785911057724432
0.2681235257855071,0.2271985979914993,0.25752169813992,0.2471561780830737
0.25725176977141806,0.17139120048413714,0.09636422396260519,0.47499280578183956
0.27282932883640193,0.17506389564283117,0.0773674616123202,0.4747393139084468
0.38477137232334896,0.244399647810554,0.15139071658078743,0.21943826328530966
0.3563868105721683,0.2693400390816595,0.26069335108102487,0.11357979926514743
0.314824392466974,0.25171334757340996,0.2613382739939424,0.17212398596567371
0.2400749566412327,0.22472063190011318,0.20665239823990658,0.3285520132187476
0.22184797377261545,0.17600485009764166,0.11795028807229621,0.4841968880574467
0.39443509852944586,0.2251538982350295,0.1530858316358919,0.2273251715996327
0.3836865122964057,0.26994146265130586,0.2058854121456755,0.1404866129066128
0.2766557206080734,0.25479601348703923,0.30127909068305914,0.16726917522182824
0.24252825817151527,0.21390989576564032,0.3495753725925386,0.19398647347030573
0.1753011649599199,0.17197941661374055,0.2657262291078585,0.38699318931848103
0.23429525881018257,0.1330557018797032,0.08083097265855493,0.5518180666515592
0.3999155064115814,0.20364993545367377,0.0981634579690582,0.29827110016568664
0.3153669393685877,0.2749357373546982,0.2087684088161365,0.2009289144605775
0.30359729251397993,0.24574705477663564,0.28772714819806056,0.16292850451132376
0.2727728965029359,0.22254416704478497,0.22512360214701166,0.2795593343052675
0.2564446049906837,0.20997898127863648,0.20542306815791403,0.32815334557276576
0.2790105896345036,0.18789815145587047,0.10959524161515623,0.42349601729446956
0.3355621062660966,0.22965641887796762,0.2746400647731469,0.16014141008278887
0.32433359366205394,0.23596157836158607,0.25247613242243977,0.18722869555392016
0.21243910632885188,0.2085592394567788,0.396938900338227,0.1820627538761424
0.2701836968635238,0.17510521877864915,0.23285384777746726,0.32185723658035986
0.23021739396867177,0.19921852916177257,0.28095857975505106,0.28960549711450473
0.28263054328967085,0.16830684077294938,0.10959791351943685,0.43946470241794294
0.3169013626163753,0.2062544691311157,0.12440182756386259,0.3524423406886464
0.30395791323053106,0.24824425336061273,0.20200193805417724,0.24579589535467897
0.30048599270962967,0.24290866338466766,0.2728289040742842,0.18377643983141853
0.3261087131976023,0.228118426866677,0.20249514058450002,0.24327771935122064
0.2903790181717969,0.23684124896930664,0.20984010082856794,0.26293963203032844
0.25877089232066103,0.21577194072015976,0.15891573169648457,0.3665414352626947
0.33302393905136857,0.2294106305070799,0.25247109995653527,0.1850943304850163
0.31117887634183583,0.23778528825336562,0.27878078729127675,0.1722550481135218
0.24549106665473427,0.21303946016348713,0.3336592819013526,0.20781019128042594
0.27340885874220844,0.19094861987205952,0.2467819263383585,0.28886059504737355
0.21088844061559267,0.19909170321893518,0.319955759108274,0.2700640970571982
0.1947984325986326,0.12638363643499073,0.09287968380630475,0.5859382471600719
0.2545027790847513,0.15296103927244098,0.08726338331587496,0.5052727983269328
0.27482049552122184,0.2128742890841622,0.16399514254976538,0.3483100728448505
0.30973226855457275,0.2295519450573142,0.2344004698921573,0.2263153164959558
0.3362572093166882,0.22938494329022038,0.1904280192458105,0.243929828147281
0.24350722749622458,0.2396129362990004,0.2092555334147897,0.3076243027899854
0.26796195193252503,0.20581722448190437,0.14633518816260732,0.3798856354229631
0.3524090603420494,0.23049599066563836,0.23895483991971034,0.1781401090726018
0.2825905003122631,0.23573582345089,0.3304308162876258,0.15124285994922115
0.2445749902317568,0.19616432832592834,0.32868553802695855,0.23057514341535637
0.2487746629631267,0.1841951786477922,0.391318991155119,0.17571116723396218
0.1661355394789083,0.16071423727561826,0.4662679154222684,0.206882307823205
0.21999353373048133,0.11501653399984259,0.12478133504651369,0.5402085972231624
0.3425334577485095,0.1838718501246738,0.12053604481666474,0.3530586473101519
0.20449433180427312,0.20695931242468737,0.15497468474653167,0.4335716710245078
0.3245723766037217,0.20894818646466312,0.15927035648188614,0.30720908044972894
0.36717953826507976,0.2418076261941982,0.15786911632598183,0.23314371921474014
0.28132545177060614,0.26034708008747487,0.26531612163344476,0.1930113465084741
0.31706461398913854,0.22787993567232043,0.15858868769750298,0.29646676264103816
0.3074408427135396,0.23195030200099062,0.31332211015794026,0.14728674512752948
0.2708454644865149,0.21715022517088342,0.26609557941233314,0.24590873093026858
0.23696440096407614,0.19898655116678435,0.3003743117912184,0.2636747360779211
0.30263161760204366,0.19953706496360032,0.2850399272736939,0.2127913901606621
0.15669352761647706,0.1604998390914438,0.5875270575639506,0.09527957572812852
0.21163378145297615,0.11089295007239387,0.18109375458134447,0.4963795138932855
0.27053426541721076,0.15693270233922516,0.13284757278543632,0.4396854594581277
0.2672122040616221,0.19924851451498685,0.133008202952718,0.40053107847067293
0.36284516368742775,0.22687442692666476,0.13013020259462876,0.28015020679127867
0.4315355475941489,0.2619333194863351,0.12985045595446368,0.17668067696505232
0.2789790087769565,0.2799765646342511,0.24059990631810668,0.20044452027068568
0.22523238428417983,0.2204314805521976,0.20117829571558343,0.35315783944803925
0.27973674069277626,0.20657044395028248,0.3578291759971699,0.15586363935977132
0.2766716536092832,0.197334779396695,0.3822971988637449,0.14369636813027692
0.26804458877048504,0.1817571847772198,0.340036168159123,0.21016205829317205
0.22639465325641167,0.17752172592127635,0.2351712198843081,0.36091240093800403
0.22467084516857141,0.19221741480372842,0.3179022965847327,0.26520944344296765
