0.298686734225807,0.24029028800153723,0.2215519784393194,0.2394709993333364
0.30027334988411036,0.23724933048699806,0.21553810568113174,0.24693921394775986
0.29850251652999626,0.2385597685917412,0.2209071062223723,0.2420306086558902
0.2983882944515425,0.23964366768304685,0.22012995658354143,0.24183808128186912
0.29871579487296784,0.23889061611165194,0.22276873039255177,0.23962485862282856
0.29742813080027297,0.24075360767405185,0.2267445640428014,0.23507369748287377
0.29976849293464647,0.23796967167772473,0.21879899028895453,0.2434628450986742
0.2998308776461645,0.2372963485823556,0.21896873321699356,0.24390404055448636
0.29811246491860416,0.23957124178925357,0.2203984623768544,0.24191783091528782
0.29772849925785205,0.2400681540617858,0.22688284419542507,0.2353205024849371
0.2998451231298678,0.23784857663008072,0.22022545366727064,0.24208084657278087
0.2962050629038034,0.2401257835597107,0.23503307950639452,0.2286360740300914
0.29950269946425745,0.2395295409216927,0.22197389171968035,0.23899386789436947
0.29922441482926304,0.23853700478279397,0.22383844668432817,0.23840013370361499
0.29849380857450236,0.24027411360201562,0.22149771390835335,0.23973436391512878
0.29727633768427425,0.24188582538816192,0.22711112277269963,0.23372671415486412
0.3004766304924724,0.238789224054842,0.21409813960581156,0.24663600584687403
0.29762662720115846,0.24024525574291392,0.22361666300671715,0.23851145404921048
0.30135882953064724,0.23679315852524827,0.2046603911988555,0.2571876207452489
0.29882675753924864,0.2376471904318297,0.2160750424060236,0.247451009622898
0.2989469687066206,0.23859896210327497,0.21144925447540033,0.25100481471470415
0.29761011809010673,0.23824739580795504,0.22505591855636015,0.23908656754557814
0.29918699981582786,0.23781869068243053,0.22035925483902546,0.24263505466271612
0.2958642192007523,0.24046922490107075,0.23525180792257888,0.22841474797559796
0.3007550643792975,0.2380599867758914,0.21713380616000091,0.24405114268481018
0.29879399542840157,0.23810907166842835,0.2246262726351286,0.2384706602680414
0.2976907332644957,0.2412770164230982,0.22365993829464628,0.2373723120177599
0.2984926905716647,0.24011116015605136,0.22471139916660904,0.2366847501056749
0.3015314483632709,0.23541064420850544,0.21293472747483294,0.2501231799533908
0.2953339104257852,0.24036166850331395,0.2363188062605543,0.22798561481034646
0.29955079811481655,0.2395130486154619,0.22036440338207902,0.2405717498876426
0.2987903279803638,0.23756165025393824,0.22977079432991668,0.23387722743578124
0.29848926622457433,0.23865544925746862,0.22522749983212986,0.23762778468582724
0.2964112799401023,0.23985086883899562,0.2381679880794966,0.22556986314140554
0.29956610129803096,0.2391454001698036,0.22658988900590682,0.2346986095262586
0.29629387336415136,0.2399102841972379,0.23965039694521886,0.22414544549339185
0.2987990845904239,0.23976934238976869,0.2302561472308528,0.23117542578895467
0.29813865395020667,0.23968399904443968,0.23250326630003587,0.22967408070531772
0.29892930730682693,0.2394418834582157,0.2268706457896326,0.23475816344532477
0.2976540377277418,0.24026566290176546,0.2324307198164021,0.22964957955409063
0.29812844675723066,0.2408554584054353,0.22896326581606885,0.23205282902126523
0.2965263810222286,0.24242364232010577,0.2354275890010907,0.22562238765657483
0.30272790953493983,0.23605907098821477,0.20925024365472134,0.25196277582212395
0.29896755641341755,0.23681214542969348,0.22313998034524551,0.24108031781164332
0.2980421005210276,0.24033510296069147,0.2196019161287371,0.24202088038954392
0.2969874600447385,0.23987113288554243,0.23343657906294132,0.22970482800677788
0.2993028663901037,0.23787318102362093,0.22687372300155273,0.23595022958472273
0.2950070156353494,0.24019614060826408,0.2446987356136931,0.22009810814269345
0.29961731931254876,0.23995742641804635,0.22626594755472276,0.23415930671468227
0.29923533578110356,0.23886203351050506,0.2273178919272015,0.23458473878118993
0.29865140523149053,0.24059683526820136,0.2231069289605402,0.23764483053976787
0.2972065810634873,0.24189440857890096,0.22975055556975274,0.23114845478785895
0.30095940571745877,0.2376736537786913,0.2158190057524597,0.24554793475139008
0.2970823976747194,0.23937362494825282,0.23094940490019783,0.23259457247683
0.299914069196188,0.23853603338159654,0.21698917141069005,0.2445607260115254
0.299257269964464,0.23719124220459034,0.2238119316668596,0.2397395561640861
0.2985409662928462,0.23842154824005288,0.22347507929287522,0.23956240617422578
0.29591424140879935,0.24010212329289352,0.23858941454487664,0.22539422075343055
0.29818753873642234,0.2399136062300457,0.23300369031807702,0.22889516471545493
0.29657333211022063,0.24059934823132792,0.2393199162445746,0.2235074034138769
0.3003762189288707,0.23861381499479556,0.22292660467472558,0.23808336140160802
0.2991292345174234,0.23899980142797722,0.2252123031899908,0.2366586608646086
0.2983673645178713,0.24086510819996992,0.22258637937776432,0.23818114790439446
0.2974414527981034,0.240904423703662,0.23035213331640064,0.23130199018183398
0.30053681749424044,0.2371380168458758,0.21915296086466254,0.24317220479522125
0.2956259536734195,0.24050546310002002,0.23862297982281244,0.2252456034037482
0.3011710451966395,0.2377884491663914,0.2146768975028605,0.24636360813410846
0.2985640692242131,0.2373860792955222,0.22929455550192127,0.23475529597834355
0.29720228513514113,0.24143074069037648,0.22733138396250496,0.2340355902119774
0.2958875061597737,0.2417012408296169,0.23945368831488856,0.22295756469572092
0.3008506216921312,0.2384429592107653,0.22114193423944545,0.23956448485765794
0.2961529624374761,0.24122737780946657,0.2354259065083664,0.2271937532446909
0.3020044613849835,0.23809254526465762,0.2083662830134516,0.25153671033690733
0.2992175803442064,0.23862699332726237,0.21866924619504483,0.24348618013348639
0.29785261756560666,0.2416359727576511,0.2163360328987434,0.24417537677799886
0.2981017574883256,0.23949801247221478,0.223365633344984,0.23903459669447558
0.30136431130982133,0.23552222631581965,0.20956399278114568,0.2535494695932132
0.29526029042150803,0.2407241615502804,0.23269495221271322,0.23132059581549838
0.30156903157843074,0.2374401451863401,0.20811306732808785,0.2528777559071414
0.29870600887962623,0.23713375310469445,0.2234422230215202,0.24071801499415912
0.2979310786602907,0.23954486425371188,0.2209536981162276,0.24157035896976975
0.29671469027552216,0.2401214284070683,0.2339300826910214,0.22923379862638812
0.30100824927637837,0.23709155638772095,0.21710712407077193,0.24479307026512875
0.29543267306123955,0.24032278701820856,0.23897705708401332,0.22526748283653864
0.30044832451494585,0.2392874203951232,0.21783429951705482,0.24242995557287617
0.29802310459076414,0.2392894327749026,0.22980031486059477,0.2328871477737385
0.298831235875933,0.24048289651831817,0.22057056547293186,0.2401153021328169
0.29819679681499334,0.23942278496549732,0.22721400565968133,0.235166412559828
0.2999601208104234,0.23881225711221427,0.2176873465830565,0.24354027549430582
0.29547108241541653,0.24310227765683956,0.23288898168476968,0.2285376582429741
0.3032929973710927,0.23532688775339178,0.20219106563201258,0.25918904924350294
0.2984994754155038,0.23684715575905538,0.22194296328601132,0.24271040553942944
0.2977701584779409,0.24047529828987962,0.21669882388070663,0.24505571935147288
0.29767671555759145,0.23923589007222745,0.2288775957677069,0.23420979860247415
0.30020500313388615,0.23723267126647923,0.2181011253264208,0.24446120027321389
0.29543652382506,0.23965600600238351,0.238689045226466,0.2262184249460906
0.300237047227263,0.23918828575228285,0.2205174096907237,0.24005725732973046
0.2995510034085525,0.23713531568328988,0.22352909052617223,0.23978459038198535
0.2966756034830755,0.24121553353549635,0.2317186152393,0.23039024774212824
0.29717767323706795,0.24230384559529553,0.23082862254772718,0.22968985861990943
0.29962945120585455,0.23898145014380778,0.22480391442979103,0.23658518422054675
0.29868940804495603,0.23952525576017403,0.22386353882931545,0.23792179736555452
0.30113104536701124,0.23645292636395315,0.21101633719182358,0.25139969107721205
0.298514659777257,0.23884826301892928,0.2216327240929325,0.24100435311088123
0.29845747493088554,0.23888838851264113,0.21962355539821837,0.243030581158255
0.29678254691816575,0.23853328368179613,0.23673577506511023,0.22794839433492786
0.298269764430353,0.23892416894436988,0.23038154819221043,0.23242451843306672
0.2964925547405422,0.23934080438564656,0.24018181810378472,0.2239848227700266
0.3003160459134546,0.23849658501353507,0.22436209827830558,0.2368252707947047
0.296661353270104,0.2406599281478486,0.23603176602008383,0.22664695256196354
0.29745720782899693,0.24236962099183904,0.2319192115968796,0.22825395958228437
0.299766585068776,0.2386783704451185,0.22587003967623093,0.23568500480987448
0.2989965740597073,0.23825413879738538,0.22650150758844492,0.2362477795544624
0.29650968914255577,0.24223572601824764,0.23207729613510394,0.22917728870409268
0.3012447861113054,0.2376989496155797,0.21576085183338642,0.2452954124397284
0.2991478857225514,0.2368582885087506,0.22521913387511552,0.23877469189358247
0.2972074849451094,0.23921667576082267,0.22918726328105787,0.23438857601300997
0.2962191871012327,0.24048679349704194,0.2401169688245207,0.22317705057720466
0.2987356142020264,0.2393055941790747,0.23167988402824977,0.23027890759064926
0.29690232729408944,0.239247888597818,0.23974163691533962,0.22410814719275293
0.29900391803539356,0.2399026345928556,0.2290181450344804,0.23207530233727047
0.2979590554779006,0.24052775510851856,0.23137333069164087,0.2301398587219399
0.29831675572540567,0.24107628766475697,0.22843732430416488,0.23216963230567247
0.2993839373535966,0.23868977310833628,0.22502435177497473,0.23690193776309248
0.2979368342428227,0.23955564295274406,0.23013475447389192,0.23237276833054132
0.29633978648551373,0.24330296996165957,0.232748366593058,0.2276088769597687
0.3033273138987934,0.23452724826126276,0.20781287016708846,0.25433256767285534
0.29895759771284286,0.2356713155612133,0.22515394878111206,0.24021713794483182
0.294043143748901,0.2440619663960871,0.2360854133752212,0.22580947647979063
0.2983841854738186,0.23950712767019217,0.2341324479447106,0.2279762389112786
0.300060531605072,0.236401785361177,0.22942563408029829,0.23411204895345253
0.293566822294259,0.24190662424077392,0.24778840500772467,0.21673814845724249
0.2996887975384423,0.24114346199997452,0.2273443202964258,0.23182342016515745
0.3002352563254061,0.2385424676619025,0.22502952612130156,0.2361927498913897
0.2965167168020323,0.24241035504187428,0.23040851895833986,0.23066440919775363
0.29639754988044326,0.24522557624990463,0.23172450331197258,0.22665237055767962
0.3000216908657406,0.24265611377079252,0.21281693719757752,0.24450525816588922
0.2979772678002801,0.24316065962730568,0.2122870816413069,0.2465749909311073
0.3027189679032554,0.2342337788307254,0.17692638060037363,0.2861208726656455
0.29914265185402844,0.23261254413791732,0.1799630303928254,0.2882817736152289
0.29435816348576643,0.24202230964692373,0.19301542586936402,0.27060410099794585
0.2953752457285158,0.23807952561454118,0.19371810359447297,0.2728271250624699
0.29719596315683133,0.23224686810032613,0.19307859713514852,0.27747857160769407
0.2954800958152378,0.2369258061933129,0.20989918973195035,0.257694908259499
0.2996626128645364,0.23536987901999587,0.1973681975780508,0.26759931053741687
0.29808508857564386,0.23750627795351825,0.2070268995717595,0.25738173389907837
0.29767331514728274,0.2386681935209,0.20676343184617352,0.2568950594856438
0.29810706816119437,0.23747417511973865,0.21440095563364311,0.2500178010854239
0.29911838280829545,0.23797235316313264,0.2086111438572596,0.25429812017131226
0.29658831930238366,0.24065329131629307,0.21955931815527566,0.24319907122604756
0.30250056735858966,0.23433034591194327,0.19548369564986195,0.2676853910796052
0.2981319373130728,0.2365812051787099,0.21225660126978574,0.25303025623843167
0.29779085519766246,0.23924976972769965,0.21287459587248625,0.25008477920215155
0.29921195777492254,0.23679938375391602,0.21658087244543495,0.24740778602572652
0.29769038377551665,0.2382469752274645,0.2239581752548039,0.24010446574221495
0.29683553775528226,0.23986815255039826,0.22997107246374382,0.23332523723057555
0.30122133866421275,0.2364504648315503,0.21607503409232717,0.24625316241190967
0.29677203916342476,0.24023213685843123,0.23029124416993166,0.23270457980821235
0.29775713431655115,0.24188085133400378,0.22482567150391566,0.23553634284552938
0.29932808219875134,0.23939133547339558,0.22352527921992169,0.23775530310793147
0.30022111187718775,0.23740309681166877,0.2147564909415977,0.2476193003695458
0.29659109099054837,0.24100864676764355,0.22889155155272228,0.2335087106890857
0.3024766068626009,0.236040218638158,0.20336151706823807,0.258121657431003
0.2984986999557026,0.2358161993743723,0.22322954253337549,0.24245555813654973
0.29675524060865355,0.24007118872218935,0.22810525961813646,0.23506831105102063
0.2958302128388952,0.24084112081073425,0.2397672113080917,0.22356145504227887
0.29907657900345014,0.2391101768730643,0.2302932659889701,0.23151997813451547
0.29764590751486675,0.23951462283586872,0.2333944374065689,0.22944503224269558
0.299452508821496,0.2403595891196783,0.22240689483049744,0.2377810072283283
0.2997631381750845,0.2398550923817447,0.21808037951744175,0.24230138992572894
0.2991540866443021,0.2391685202449598,0.2186094760599513,0.24306791705078673
0.2977494609501784,0.23992754875803113,0.2255522419591183,0.2367707483326721
0.29793362333408213,0.2403916266928625,0.22555798068666988,0.2361167692863855
0.2980220022527112,0.24075385383266215,0.22544470394691155,0.23577943996771497
0.3029431666387761,0.23415222532284477,0.20285339903298563,0.26005120900539364
0.2993097309662834,0.23539454776628235,0.2163539582671259,0.2489417630003085
0.2948807055350839,0.24377559338403595,0.2294943925686308,0.2318493085122493
0.29735835455946286,0.24099321138961127,0.23146745486799822,0.23018097918292788
0.2996710351337232,0.23729231656208602,0.22673748890795783,0.23629915939623303
0.2973486957840512,0.23932388819001907,0.23021663723156505,0.23311077879436473
0.30004511768930264,0.23950062595896368,0.21791701140569833,0.24253724494603524
0.2987993560822639,0.241348914333981,0.2195750139860406,0.24027671559771455
0.29839193738384145,0.2405420018444335,0.21887014520045253,0.2421959155712726
0.29807340735389476,0.23988797323598604,0.22442272837804325,0.23761589103207595
0.30069483345693815,0.23709215114598042,0.21003910485234564,0.2521739105447359
0.29668151733068954,0.24090783148164846,0.22575956197915817,0.23665108920850392
0.3028428856771662,0.23511352282895967,0.19625365312694365,0.26578993836693054
0.2979003619766133,0.2365316154544926,0.22093564558706172,0.24463237698183243
0.2971833449480543,0.24098119442159438,0.22011614004113686,0.2417193205892144
0.2966489477616129,0.24021097651374845,0.23220920695216402,0.23093086877247462
0.30099150303290634,0.2369151101198705,0.21605954162561183,0.24603384522161134
0.2970797122067423,0.23915158292188024,0.22885425702905451,0.23491444784232293
0.299226563629064,0.24099945355235722,0.21751006972394554,0.2422639130946332
0.29907602530375005,0.2401717054842185,0.21808486778546834,0.2426674014265631
0.29913643170292464,0.23920470333036084,0.2156660543978758,0.2459928105688386
0.29847171846292986,0.23925749999722304,0.21867323793414487,0.2435975436057022
0.29982802404279796,0.2381644241528175,0.21147067456567545,0.2505368772387091
0.29732436672796847,0.24104346629570794,0.22020007761897836,0.24143208935734534
0.3018770341102537,0.23514985147693365,0.20039840804791478,0.262574706364898
0.2990457972453733,0.23528648579491018,0.2152825017804302,0.25038521517928614
0.29653088889080625,0.2406855343556443,0.22201510046459305,0.24076847628895642
0.2969407700542306,0.24044748200692553,0.22996983791056236,0.23264191002828158
0.30055483618000295,0.2369224104908335,0.21879902507565652,0.24372372825350708
0.2966736738029803,0.23954878516516342,0.23142422740678015,0.232353313625076
0.2994393865692014,0.24033545893499306,0.21879103956440685,0.24143411493139857
0.29893105704755685,0.2403814286803848,0.22048549005136092,0.2402020242206974
0.29853782427895503,0.24087262178915708,0.21747785741764475,0.24311169651424305
0.2990604399636488,0.23926211559120136,0.21689934621523124,0.24477809822991864
0.29956973974231293,0.23907415579908628,0.21097838593666893,0.2503777185219319
0.2970782418695256,0.24233596133389665,0.21693832971932006,0.24364746707725785
0.302993744863618,0.23319636873688537,0.19084078475317084,0.27296910164632565
0.29934656034881324,0.23365232212324114,0.2064277740588128,0.26057334346913286
0.2952690997852263,0.24167700926990524,0.22017775566935854,0.2428761352755099
0.29865688403987717,0.23828297216129976,0.2201452698497557,0.2429148739490673
0.29972983137123027,0.23568357818150829,0.22078356660454743,0.24380302384271393
0.2952270312960028,0.2404964187842245,0.23544939091678516,0.22882715900298747
0.29971948259749087,0.23964987903495055,0.2215566499666203,0.2390739884009383
0.2986049608447101,0.24043062257771325,0.2249058390083596,0.23605857756921694
0.29793760129989594,0.24180923783367078,0.22090869265084073,0.23934446821559258
0.29946065000623556,0.2398195778056779,0.217677026771006,0.2430427454170806
0.3011998596478149,0.23707115344957463,0.20360522902944922,0.2581237578731611
0.29559276311853294,0.24302583127013264,0.22295696449174715,0.2384244411195872
0.3028189848518097,0.23494959582088568,0.19153483071685087,0.27069658861045376
0.2990508285878791,0.234230026144159,0.2101898052124949,0.25652934005546685
0.2972296614708034,0.23892291422646672,0.2136066633881308,0.25024076091459907
0.297843792812626,0.23808136334112873,0.22271898538345578,0.24135585846278945
0.3003433770996764,0.23548045660352934,0.21721206121511907,0.2469641050816752
0.2942682923376778,0.2405188776008695,0.24143205080751526,0.22378077925393744
0.29783543345310975,0.2420441540245137,0.23018431022144334,0.2299361023009332
0.2994947074502316,0.23968982604866262,0.2252852566492417,0.23553020985186407
0.29924233370386893,0.24052643239633792,0.21764156242876254,0.24258967147103058
0.29964008306889406,0.2402476598649377,0.21242022884531928,0.24769202822084901
0.3006497834426672,0.238463592830929,0.2032021756761651,0.2576844480502387
0.29722772569359246,0.24065404479015656,0.21442225360108413,0.24769597591516682
0.30132090211672163,0.23434805413974588,0.19986533272663717,0.26446571101689526
0.2990197733975227,0.23443499383180758,0.21321112243185222,0.2533341103388175
0.29661369789806713,0.23900418134604814,0.22220725442640024,0.2421748663294845
0.2957242448971675,0.24169419132535372,0.2349626713775193,0.2276188923999595
0.3004480979499894,0.23772333286905678,0.21960721800468858,0.24222135117626525
0.29788238077325085,0.23791552863986712,0.23002501986412463,0.23417707072275745
0.29960671009227036,0.23940489546185334,0.21759105253256425,0.24339734191331217
0.2959140784609197,0.24424927535162738,0.23092819671864578,0.2289084494688072
0.3008843115108753,0.2397190471763609,0.21006275327475854,0.24933388803800544
0.29917753617726156,0.23728061235605669,0.2190268796836123,0.24451497178306958
