0.2872638857916519,0.24003802640382707,0.23427605371875734,0.23842203408576373
0.29155986130642003,0.23589227450051825,0.2325463028740768,0.240001561318985
0.29209008279336873,0.23540096690557377,0.23353529910048784,0.23897365120056954
0.29322969823452777,0.234555980862002,0.23536071985049345,0.23685360105297676
0.29139315317288783,0.23529341479354496,0.23080244671306585,0.24251098532050122
0.28847020024371145,0.2376263465157996,0.22726197944781465,0.24664147379267432
0.29148067639242725,0.23660615742640034,0.23582042263159592,0.23609274354957646
0.2935947232179063,0.23419870039445284,0.23552906279191227,0.23667751359572844
0.29478965165343557,0.23320543435044425,0.23671839218591154,0.23528652181020884
0.2948101026204563,0.23298504141237167,0.23635398480106012,0.23585087116611184
0.2885344985288235,0.23646068920584715,0.22453193438093327,0.2504728778843961
0.28993100316098674,0.23769961183073496,0.2335368565002681,0.23883252850801007
0.2945957955585548,0.23399964195935427,0.2392346039687462,0.23216995851334488
0.2971915039074701,0.2312665165941422,0.2394088139533914,0.23213316554499627
0.29679299457052805,0.23123706470748784,0.2381057012723185,0.23386423944966567
0.29683185726417355,0.23136086541523748,0.23893662854385617,0.2328706487767329
0.29180757032467464,0.234196534890801,0.22936501926365316,0.24463087552087126
0.2910548859026755,0.23621141700449064,0.2327150737561004,0.24001862333673354
0.29287183818814905,0.23499918782355475,0.23581291394123796,0.2363160600470581
0.2928785527304032,0.23442025369372893,0.2333751385795533,0.23932605499631457
0.28843238808718324,0.23715751631600454,0.22587279022176152,0.24853730537505078
0.28668670678460473,0.23953582950981503,0.2266316717485921,0.24714579195698808
0.28255673105364876,0.2418368586108126,0.21929480058037004,0.25631160975516853
0.2879101568709214,0.2401308285314688,0.2335102658216964,0.23844874877591332
0.2931925843086156,0.235131259737357,0.23711028759565547,0.23456586835837187
0.29614873211290316,0.2322559258007265,0.2384975174941336,0.2330978245922367
0.2970485603304199,0.23128888144213772,0.23933043182904354,0.23233212639839887
0.2960482059727677,0.23170865403938853,0.23686647759141363,0.2353766623964303
0.2901469036527501,0.23541910567633154,0.22705978311187525,0.24737420755904313
0.29193831432714895,0.23606484598697466,0.2361182680983133,0.23587857158756306
0.2951281324660465,0.23319176811568845,0.23846523626512509,0.23321486315313983
0.29415424086930836,0.23312084406256997,0.23391036054819825,0.23881455451992348
0.2927584852079457,0.23453760320044842,0.23360109081206007,0.23910282077954598
0.2992954912067538,0.23043630077997018,0.24699305664109206,0.22327515137218393
0.29608080676295634,0.23057278540076825,0.2337518176043967,0.23959459023187862
0.2972063389865901,0.23140559228076332,0.24136379714378398,0.23002427158886257
0.29973676440642477,0.22921560664659177,0.2434261509950277,0.22762147795195578
0.3013360531816256,0.22768645693817108,0.24402951629862765,0.22694797358157565
0.3017662610050147,0.22722059367313263,0.24435103048224338,0.22666211483960913
0.30123088064142084,0.22749384334446746,0.2431312907648513,0.2281439852492605
0.297934715109671,0.2297229850952917,0.23777987370919373,0.23456242608584335
0.29735688045036923,0.23090486833469034,0.23979484398604986,0.23194340722889062
0.2969525922114176,0.23107985027386405,0.23856184133729788,0.2334057161774203
0.29902505156409737,0.22986751614758177,0.2427820906174235,0.2283253416708975
0.2983717940830127,0.2297448369025025,0.23939972308156168,0.23248364593292312
0.2947339933220792,0.23230914029881128,0.2339213694834216,0.23903549689568787
0.2854311697432115,0.2382829915527102,0.21951801660058784,0.25676782210349053
0.2906469407243293,0.23791050413983064,0.2385623849275159,0.23288017020832416
0.299533549047772,0.2302631857265683,0.246179548451179,0.22402371677448077
0.3039022840399179,0.2257959423668745,0.24723735703828362,0.22306441655492387
0.3026775228115528,0.22612784231909683,0.24382199667309298,0.2273726381962573
0.30036714431561856,0.22799464187861812,0.24150127127913185,0.23013694252663142
0.2930992309271836,0.23275209558083187,0.22989928325660614,0.2442493902353783
0.291996292269461,0.23542605685559242,0.23408311724728473,0.23849453362766193
0.29487153053958115,0.23351821169796663,0.23884864063065453,0.23276161713179766
0.2963646391832448,0.23179210722146093,0.23814298465824132,0.23370026893705304
0.2927754623196768,0.2338169424873153,0.23135410617318947,0.2420534890198184
0.2941422924728525,0.23404449827474796,0.23778285170623817,0.2340303575461614
0.29188941422040693,0.23464293230909172,0.2310418374604497,0.24242581601005164
0.2951896187454582,0.23343893631390827,0.23995575952527082,0.23141568541536275
0.30171315324056447,0.22818124831631267,0.24800589921577704,0.22209969922734574
0.3048553463503589,0.22482232037160604,0.24787369112069654,0.2224486421573385
0.3022991061122571,0.22620750653504654,0.24262529376972963,0.22886809358296684
0.2970835415413965,0.23015999270153467,0.23610519012957545,0.23665127562749344
0.2898063029050012,0.23555457995686083,0.22652624104529645,0.2481128760928414
0.2923481247361857,0.23588197790342397,0.23746779207578408,0.2343021052846063
0.29708102288191035,0.23178009066757302,0.24139934017721518,0.22973954627330154
0.29896040026202275,0.22968446922109736,0.241106076760707,0.23024905375617297
0.2956016385872134,0.2315823365408985,0.23481741445870802,0.23799861041318016
0.297220692118026,0.23146211449576035,0.24142729982261343,0.22988989356360026
0.29160076408285635,0.23393999246135194,0.22837040277197979,0.246088840683812
0.296399685590335,0.23271175212805276,0.24381241920554889,0.22707614307606336
0.30276991128749764,0.22708202515508247,0.24811433933783938,0.22203372421958056
0.30016679617909126,0.2277028119747609,0.23903165762780026,0.23309873421834748
0.2933082676972864,0.2329463883741937,0.2308855205515562,0.24285982337696357
0.28992553595852244,0.23658056858064186,0.2298966306157401,0.2435972648450957
0.2834432322559769,0.24046854562204678,0.21878031981911425,0.2573079023028621
0.28892743224188805,0.23936420746614773,0.235699102051035,0.23600925824092905
0.29351054804189025,0.234595497796538,0.23675551009567997,0.23513844406589168
0.29189441387705317,0.23476227933956453,0.2303699360140226,0.2429733707693596
0.2897069523156137,0.23695522397792967,0.2298303442415739,0.24350747946488283
0.2927596281098646,0.23545178475248252,0.23690501326660116,0.23488357387105163
0.2887406212051485,0.23656418130464607,0.2255944459477641,0.2491007515424413
0.29370877053110106,0.23508854591812053,0.24044386279999927,0.23075882075077916
0.2978135590518742,0.2309204602019263,0.24130088511902525,0.22996509562717435
0.2982339131780236,0.23005787228838087,0.2394558893348835,0.2322523251987121
0.2955163431560604,0.23189116496698778,0.23559223173380064,0.23700026014315126
0.29692885359378735,0.23162109568056022,0.24059199611045537,0.23085805461519696
0.29255914795472976,0.23358206116812402,0.23033752132507432,0.2435212695520718
0.29416930694728344,0.2340671026265722,0.23810518590209642,0.2336584045240479
0.29408870608825083,0.23336755142419421,0.2351875602488565,0.2373561822386985
0.2925501037704822,0.23449533922378937,0.2323909667198588,0.24056359028586966
0.2927148296120751,0.23491974882999586,0.2348515464715973,0.2375138750863317
0.2924860631977297,0.23478881477243585,0.2333369932534549,0.2393881287763795
0.2837860049106206,0.2393898030743223,0.2169498027412801,0.2598743892737769
0.28991448876526515,0.23871429839411057,0.23865628371767655,0.23271492912294767
0.2954827928255858,0.23296962448334566,0.23919126847010241,0.23235631422096611
0.29777808826153407,0.23075372850634124,0.2398563729707702,0.2316118102613545
0.29775279747104694,0.23055293434831717,0.2397592605328726,0.23193500764776334
0.29693138301757144,0.23104066227150108,0.23814265847302163,0.23388529623790585
0.2934631052790434,0.2333600130350992,0.2326244229858464,0.24055245870001105
0.29409984780223297,0.2338950972109797,0.23700182232580436,0.2350032326609829
0.30028234258598846,0.22944008582732378,0.2469264686751926,0.22335110291149515
0.2981648762233694,0.22929574873719213,0.23695877040170274,0.23558060463773578
0.29151329953040195,0.2343797847895689,0.22855512490042904,0.2455517907796002
0.288133529849638,0.23807616519828811,0.22792938816554761,0.24586091678652627
0.28575943912704527,0.2398700127126211,0.22457569762868757,0.24979485053164602
0.2959746454516771,0.23392020130414456,0.2468506814407741,0.22325447180340427
0.30128476516111213,0.22786311817965338,0.24396493483167273,0.22688718182756176
0.30367802477051126,0.22589620241000802,0.24740682015330207,0.22301895266617866
0.3020440799626668,0.22654141271407274,0.24295488644959534,0.22845962087366506
0.29786853382769723,0.22967713721068894,0.23737326344251036,0.23508106551910354
0.2965126765855151,0.23148976191067414,0.238503187676583,0.23349437382722785
0.3003613506476433,0.22902677121387968,0.2457059530757924,0.2249059250626846
0.29969459222723427,0.22849870209897416,0.24020614840593196,0.23160055726785955
0.29447301013111005,0.2322119104217238,0.23267547890633458,0.24063960054083158
0.2941830136880514,0.23372859584658368,0.23699792488406388,0.23509046558130098
0.29623984240715884,0.23213618460081542,0.23934877004778735,0.2322752029442383
0.29260469468865563,0.23377474284137859,0.23063234142001268,0.24298822104995302
0.29773924575646027,0.23163554500311667,0.24524991069811627,0.2253752985423068
0.303450624092934,0.22637597602499165,0.24814235407180665,0.2220310458102678
0.30568750172943043,0.22406419950602066,0.2487805923529603,0.2214677064115886
0.30206201457757453,0.22619225262749137,0.24175863366267822,0.22998709913225582
0.2980119093648623,0.22969919774359968,0.2381808248590928,0.2341080680324452
0.2962265856633216,0.23158882806377393,0.23768984860865136,0.2344947376642532
0.29726296201575536,0.23117336201861663,0.24022537239900826,0.2313383035666197
0.2978065001896138,0.23051328850996228,0.23982223859884838,0.23185797270157574
0.2956058445641096,0.23183139376538134,0.23563156282950806,0.23693119884100095
0.29695754955858955,0.23159193037343975,0.24058749695966072,0.23086302310831008
0.29594358380875996,0.23166684215746833,0.2364943707696269,0.23589520326414476
0.2872590288513517,0.23687708162387122,0.2214695046666702,0.25439438485810684
0.297515276506493,0.2324992287616459,0.2517639401522284,0.21822155457963271
0.308762271691272,0.22223399574063352,0.25481863413370914,0.21418509843438543
0.30273169117284116,0.22484583319641466,0.2392551113278025,0.2331673643029416
0.30092135144326737,0.22790516436760377,0.2445102578092592,0.22666322637986971
0.30194095086845535,0.22711051957546072,0.24506954811439924,0.22587898144168475
0.2940298172625168,0.23159535763491676,0.22968140721962876,0.24469341788293764
0.29387786070311145,0.23412017628725615,0.2375652503491566,0.23443671266047578
0.2951792639482637,0.2328018280420387,0.2376674342754478,0.2343514737342498
0.29105536804155624,0.23491764403326937,0.22837880547019007,0.24564818245498432
0.2800930940367983,0.24187747947701524,0.21137372390079645,0.26665570258539006
0.26763402966233235,0.2505299318377027,0.1914492642436324,0.2903867742563325
0.25522662904804255,0.25920886139478055,0.170144948923408,0.31541956063376886
0.2562900730314179,0.2669808707020687,0.1958379794563934,0.28089107681012004
0.27360385846355834,0.2551326609890458,0.2252321639365108,0.24603131661088518
0.2795787895254513,0.2451451830330515,0.21592632254860786,0.2593497048928894
0.27750892700698615,0.24648491340908887,0.21240288070463592,0.263603278879289
0.2784911797781635,0.24716472373593182,0.2198629833778149,0.2544811131080897
0.27720731143543104,0.24638286788505054,0.21295068530763803,0.26345913537188026
0.2840547219355608,0.24375535093369372,0.2297848871002065,0.24240504003053884
0.2861046103215466,0.2400879207298317,0.22654194675605605,0.2472655221925656
0.2853862931610914,0.24036343273105318,0.22331464773012166,0.25093562637773376
0.28567265479634946,0.24088377765278374,0.2270862344862272,0.2463573330646396
0.28334182928569496,0.2415160084081548,0.22061298188410483,0.2545291804220455
0.27932522985645497,0.2445386936562101,0.21474380606412397,0.261392270423211
0.28595739819653626,0.24226394018576886,0.23328681145523764,0.2384918501624571
0.2916220504151746,0.23631787933048518,0.23462527682259868,0.23743479343174145
0.2942545951201345,0.23382983088918974,0.23621708421254584,0.23569848977812996
0.2973079154256184,0.23152471906334698,0.24139016498801175,0.22977720052302286
0.29427824063920915,0.2324950513343299,0.2328022674754492,0.24042444055101175
0.29077836664488454,0.2357372255881639,0.2299474406564137,0.2435369671105379
0.2962085419055103,0.23302878481118972,0.2434596158493199,0.22730305743398
0.2944147184310598,0.23229282238752932,0.23291125447237984,0.24038120470903093
0.29140024528448716,0.2353139372418525,0.2307250039681397,0.24256081350552064
0.288609496033481,0.23763020339629906,0.2283486984519289,0.24541160211829102
0.29055118790569096,0.23703193128278394,0.23323267378016974,0.23918420703135543
0.2890360854367737,0.23719246958089082,0.22820504937646724,0.24556639560586835
0.2964445776159253,0.2330584304799415,0.24472553428538268,0.22577145761875062
0.3051993636062275,0.22531838861786105,0.2517562754983182,0.21772597227759322
0.3039622712876206,0.2247736760975372,0.24367966054699558,0.22758439206784659
0.29697149216064933,0.229928173744074,0.23485803094667726,0.23824230314859945
0.2912403164600983,0.23495318214933708,0.22978921865127083,0.24401728273929374
0.288676361160062,0.23766429303904343,0.2285653932380161,0.24509395256287858
0.2907390127616802,0.2369222398760951,0.23375976788772948,0.23857897947449533
0.293956429259613,0.23424956395603028,0.23712287193838244,0.23467113484597435
0.29626528638581523,0.232124684792042,0.2389136632345585,0.23269636558758422
0.2938131118893231,0.23316469840593576,0.23308778497192204,0.2399344047328191
0.28827522944183526,0.23713487604855246,0.2253112464359908,0.2492786480736214
0.2818024888002883,0.24208500991864376,0.21722188468759143,0.2588906165934764
0.2916460241444757,0.23782350044679842,0.24323381586748616,0.22729665954123976
0.30559115445477103,0.22555897998678592,0.254449006448313,0.21440085911012988
0.30097923234412094,0.22622979110941574,0.23724778052223452,0.23554319602422868
0.2930917901429866,0.23312554300116614,0.23058558532541615,0.24319708153043104
0.28853523356365257,0.23745104946258772,0.22782670088319723,0.2461870160905624
0.2869601610550708,0.23916101692890007,0.2266208624272744,0.2472579595887548
0.2931280529509114,0.23575387074578186,0.2397970051321064,0.2313210711712005
0.29272427658712025,0.23405651945382036,0.2319745244954222,0.24124467946363728
0.2902674090131907,0.2362794676524395,0.22936401696796657,0.24408910636640319
0.2852700141428548,0.23967238323519674,0.22258316557386124,0.2524744370480872
0.2862735940944266,0.24050034652541152,0.22798225193954483,0.245243807440617
0.2839046228703959,0.24109220115387964,0.22184814670162578,0.25315502927409866
0.2924598078019491,0.23672990909033506,0.24115280016993398,0.22965748293778185
0.2994222643476404,0.2299599270080131,0.24408236706087433,0.22653544158347216
0.2961923736663895,0.23083487831452326,0.2341008693650171,0.23887187865407006
0.2901897671282902,0.2357035108571782,0.22790413656148234,0.24620258545304924
0.28913179088641067,0.237752302390742,0.23055491696489475,0.24256098975795254
0.2890461590832309,0.2376687375318417,0.22966071452968786,0.2436243888552395
0.2898833433908456,0.2372614036017036,0.23115587154612813,0.24169938146132267
0.2887068081597118,0.23769551277408998,0.22836224678714195,0.24523543227905623
0.28724743050677615,0.2389220110688256,0.22659620698032465,0.2472343514440734
0.285798317961732,0.24013495552846545,0.22520532386768868,0.24886140264211387
0.28705621813903354,0.23977826011185494,0.22854253958986018,0.24462298215925138
0.2834466625910647,0.24107878349351627,0.21998377254236143,0.25549078137305775
0.29025011070168155,0.23842834641883687,0.2377225049409255,0.23359903793855608
0.29919034540755785,0.23061471062756725,0.2457988669051977,0.22439607705967726
0.29761900346356784,0.2298549889005646,0.23617835328656053,0.23634765434930716
0.29254889595899886,0.23398730201101564,0.23107493997028833,0.2423888620596972
0.29140685194649557,0.23582366329415422,0.2330302922335067,0.23973919252584341
0.28890347704990266,0.23715660410604295,0.227708898817194,0.2462310200268604
0.2902328154921839,0.237235955056659,0.23265101672389402,0.239880212727263
0.2887849543373906,0.23744998547045343,0.22818295284998863,0.24558210734216743
0.2850666981389625,0.24002438223965797,0.22201657942393913,0.25289234019744056
0.28353039062471447,0.2421652760970382,0.22312223292594666,0.25118210035230076
0.282104865506951,0.2429777148914604,0.22048395176194643,0.25443346783964216
0.27676421762659287,0.24583951893191652,0.2100089835040157,0.26738727993747496
0.28533415796039346,0.24323431673905477,0.23478117714294972,0.23665034815760191
0.2976879091753968,0.23238617843350798,0.24572404936564005,0.22420186302545533
0.29614968857349555,0.2308712864961376,0.23374440876978467,0.23923461616058223
0.2953710814631239,0.23267355923486777,0.23780971232873174,0.2341456469732766
0.2960402561456585,0.23207750075336703,0.23849418425870014,0.23338805884227454
0.2908381674716383,0.23483608472744388,0.22764021329085837,0.24668553451005934
0.292224462564766,0.23574965500492168,0.2361293958356226,0.23589648659468962
0.28843011170295196,0.23692646158485198,0.22606383499038216,0.2485795917218139
0.28381882130272973,0.24088373585024006,0.21990770915465255,0.2553897336923776
0.28195932899760306,0.24346409555382528,0.22167682928565288,0.25289974616291894
0.28463405404111813,0.24203641123105724,0.2264797903039307,0.24684974442389387
0.27984310177490496,0.2433054214569427,0.21406789230173606,0.2627835844664163
0.28511376077234984,0.24258531687389717,0.2306021005819598,0.2416988217717931
0.2938847572531384,0.23530721198187868,0.24076262908636145,0.23004540167862156
0.29647848030793805,0.23164625309095335,0.2373477793633417,0.23452748723776684
0.2985214941565303,0.23036556680002182,0.2422868684695982,0.2288260705738495
0.3022191692963486,0.22733468085582,0.24680322246212158,0.2236429273857097
0.29483342626277986,0.2309247640798867,0.23054847338812703,0.2436933362692064
0.2875553348131471,0.23760890424171355,0.22413311667697486,0.2507026442681645
0.28270035976440094,0.2420113592830258,0.22053887696554103,0.25474940398703233
0.28063898015595173,0.24408008915839616,0.21831815585757613,0.256962774828076
0.28302221745651274,0.24348824353384546,0.22503335135000788,0.24845618765963387
0.28637214245281667,0.24059461579750407,0.22834478359576366,0.24468845815391552
0.2839175812764637,0.2409423559518174,0.2206385788619556,0.25450148390976335
0.29070338248610283,0.2380724487983345,0.23829481379751843,0.2329293549180441
0.29945085672320204,0.2303436235660563,0.24581572962261353,0.22438979008812815
0.3010563242060372,0.22772925726502277,0.2422893535556128,0.2289250649733274
0.2928515531357884,0.23270226363323357,0.228643195605452,0.24580298762552585
0.2893694488816638,0.23712988673253058,0.22943426701516473,0.24406639737064087
0.2899481021762231,0.2372736376053096,0.23219765654209995,0.2405806036763673
0.29445601677611205,0.23411656594611757,0.23877557947525255,0.23265183780251794
0.2876854619616569,0.23657399435576767,0.22245439540639175,0.2532861482761837
