0.27007434267039854,0.2901203851459414,0.19276965941712793,0.24703561276653213
0.339962695447828,0.2769454160329014,0.2101489104469464,0.1729429780723242
0.36786280711155106,0.2519996841568548,0.2256789535633584,0.15445855516823573
0.31982881994526907,0.23108317117883395,0.23935290444808416,0.20973510442781287
0.299418657191819,0.21518775030285586,0.2284097303896862,0.2569838621156389
0.36202934503230644,0.2607858298788853,0.2292747387119065,0.14791008637690178
0.3488200391576113,0.24534936901427987,0.23981657566997944,0.16601401615812944
0.37978234504115704,0.23269382830730967,0.23409443899812224,0.15342938765341105
0.3720322619954086,0.23172299625692372,0.2425525933292293,0.1536921484184383
0.16546853577480428,0.17079207581169953,0.20816373724996198,0.45557565116353416
0.3363302464648894,0.28647067001704246,0.20034248527799461,0.1768565982400736
0.3632945711460584,0.26800558877551517,0.2239183405867775,0.14478149949164895
0.371581683660275,0.2413672085025299,0.23296485717980125,0.15408625065739393
0.3743074760976096,0.22299849009811556,0.23453201168681354,0.16816202211746137
0.38821368403671247,0.21688861387158256,0.23381077962585436,0.16108692246585068
0.21792513295711477,0.18093886893395036,0.22268967532463463,0.37844632278430024
0.3409050340932997,0.24863565361298542,0.20788754740600857,0.20257176488770626
0.35535244419138157,0.2538813671912235,0.22887540632885386,0.16189078228854104
0.35056339157839994,0.23331360867203838,0.23694910559618876,0.1791738941533729
0.27708711188992485,0.2083377632131941,0.23706943048759627,0.2775056944092847
0.3317990525077963,0.2577264704373866,0.2322696457712309,0.1782048312835862
0.17354988407556643,0.1903839981930712,0.20775731202225967,0.4283088057091027
0.343973285770678,0.2911440467276532,0.2010248167590834,0.1638578507425854
0.3455002623797782,0.2716722264839927,0.2284815869216227,0.15434592421460652
0.3739227557858865,0.24548142431309738,0.23096373143973334,0.14963208846128273
0.3876849919045827,0.2253343731515613,0.23341708069841466,0.1535635542454413
0.3645980087966566,0.22300658719092437,0.24216741382341492,0.17022799018900397
0.22642918188331762,0.21114017833098744,0.2343378229907747,0.3280928167949202
0.36438098558699794,0.2653739486086913,0.21381372222863276,0.1564313435756778
0.3639008525837286,0.25668690397716043,0.23535126843625304,0.14406097500285786
0.3318118595126183,0.24237623072164313,0.2432155765314161,0.18259633323432245
0.3519435186051963,0.24366060904810205,0.23695465954647973,0.16744121280022184
0.3890993425676749,0.25296881964084683,0.23837355130079657,0.11955828649068173
0.2148738573571684,0.20405645192491065,0.22776328994378742,0.3533064007741334
0.3589703550509411,0.2741984564860225,0.2109779882319233,0.1558532002311131
0.3694330077306999,0.2598980872908539,0.23171291341870887,0.1389559915597372
0.3866981922725516,0.23640549472940264,0.23405849390460068,0.14283781909344515
0.38730494976129404,0.23221649931881064,0.2405197984871578,0.13995875243273756
0.3874049415921245,0.22511652997635603,0.2412258365845442,0.14625269184697512
0.3497488746849971,0.21445101037733655,0.24109915977720958,0.19470095516045674
0.3874711684695667,0.21579224991451934,0.2286805113802602,0.1680560702356537
0.34732279427934193,0.23590344184654358,0.24547918734652843,0.1712945765275861
0.3840888839039008,0.2432586803451432,0.23910034429410293,0.1335520914568531
0.37830832916121143,0.22758210769850476,0.2421083979800491,0.1520011651602347
0.3513412812597538,0.22867098491009094,0.24776660447431,0.17222112935584527
0.07829678764483206,0.11703225257819373,0.14568565294295863,0.6589853068340156
0.3057974814504534,0.3354257367505443,0.1752990800239994,0.18347770177500286
0.35973922580864837,0.2992728257400173,0.21045511188388424,0.13053283656745013
0.38947960569521906,0.2505012114838892,0.22420608259700373,0.1358131002238881
0.38772143709730233,0.22321606116702747,0.23293537469328182,0.1561271270423884
0.38975268385075623,0.21404829908319917,0.23517441058051586,0.1610246064855288
0.20982632571954504,0.187940964850377,0.22454801302469315,0.3776846964053848
0.34252453040940967,0.2664139337622624,0.21047990783371429,0.18058162799461372
0.3675045669450415,0.2614612744047459,0.22915543786422338,0.14187872078598918
0.36542845506301375,0.25037029969210994,0.2411429524573337,0.1430582927875427
0.3185301218365823,0.23083606364372347,0.24402860209170782,0.20660521242798632
0.3772221137855564,0.2524280979628731,0.23482952459266845,0.13552026365890202
0.26895401041605815,0.22376767410348788,0.23810829343738724,0.2691700220430666
0.3749616530624321,0.2534173366996709,0.21930971736120133,0.15231129287669565
0.3867401979870075,0.2507910467623156,0.23638541220576453,0.1260833430449123
0.39650747159877203,0.22982767786589658,0.23810931635555993,0.13555553417977145
0.38444148663753264,0.21457232738159734,0.2395517167816796,0.16143446919919036
0.34719673543356044,0.21262692988922707,0.24244343204127958,0.19773290263593296
0.21653754545954748,0.20549315006043714,0.2260518004245685,0.35191750405544686
0.36092843823795695,0.270518652747185,0.21001526773972418,0.15853764127513378
0.36577105249390424,0.26384092981212304,0.23410370907229286,0.13628430862167987
0.3747850589849123,0.24832263357256476,0.24023682152776696,0.13665548591475588
0.34210912103208,0.21699602923906988,0.23844754509573182,0.20244730463311839
0.39152812701644407,0.23590697510909747,0.23274683715169556,0.1398180607227629
0.0998025143427977,0.1314335625954389,0.15933103809454882,0.6094328849672146
0.3329109220910489,0.29974266614487416,0.1738050529196697,0.19354135884440718
0.36927275121994,0.2822135088970318,0.21521537689042336,0.13329836299260478
0.3376556208226493,0.22461877259486693,0.22917425718242718,0.2085513494000566
0.304038663925307,0.20175209688578127,0.22591419899980922,0.26829504018910255
0.331359231446778,0.24219809213421764,0.23021636469507117,0.19622631172393318
0.09388677356524547,0.1337675522886409,0.15611475560818727,0.6162309185379263
0.3208593618100773,0.31502686331482954,0.1763399493164884,0.18777382555860475
0.3301998381868608,0.29107898185916065,0.21809416492422218,0.16062701502975643
0.30921308851335777,0.24509394751478403,0.22964108982204604,0.21605187414981214
0.3428628427009297,0.24573935095841665,0.22881421913550373,0.18258358720515003
0.37832929979175367,0.2511798688186277,0.2341675966865612,0.1363232347030573
0.14474888714628398,0.17072772221885807,0.19543075535443102,0.48909263528042696
0.34133429925573455,0.298073394315177,0.1926400390636316,0.16795226736545676
0.3526191970780363,0.27363883812254763,0.22371902193671434,0.15002294286270168
0.37166658457671886,0.23840950584350037,0.22876679791924565,0.16115711166053504
0.3467828055921643,0.2204437663702812,0.23426123170004384,0.19851219633751072
0.3838541836190094,0.23964893099995455,0.23472543697586215,0.14177144840517397
0.22032587654719485,0.18989187448762304,0.22428396363852265,0.36549828532665946
0.3743828613305187,0.24563966865968562,0.20301249392221135,0.17696497608758435
0.3154417567196364,0.2519941012704056,0.23730666017155683,0.1952574818384012
0.3397378938164911,0.2402634587426811,0.23242791797978427,0.18757072946104358
0.3768165524113325,0.23747958717378762,0.2316800325629255,0.15402382785195445
0.3557957097537162,0.23839313251654687,0.24549699405191958,0.1603141636778173
0.0318639069722986,0.06097619808469166,0.08688951088985677,0.8202703840531529
0.2796052130830781,0.3621071657260683,0.15757678150841245,0.20071083968244122
0.3164839635099026,0.31630269892937357,0.2027619419249415,0.1644513956357824
0.3647096930205321,0.2745076765998055,0.2188707613923061,0.14191186898735636
0.3830372446396395,0.23804374046945248,0.22886599994330142,0.15005301494760664
0.37590265127641237,0.21999993525885614,0.23463483866145235,0.16946257480327914
0.29416210543455085,0.21549556292259858,0.23800372353884244,0.2523386081040082
0.36637676805168634,0.23832245681968459,0.22325655119539506,0.17204422393323401
0.3858241300705708,0.2532577441244899,0.23831181027126172,0.12260631553367754
0.32786339738240794,0.22064724582897202,0.2453866772108067,0.20610267957781336
0.3042449068052362,0.22567895719814482,0.23846881946833917,0.23160731652827973
0.3297038599306411,0.25921152061909986,0.23801398331655,0.1730706361337089
0.26335808447025394,0.2347653479770986,0.23172229346651577,0.2701542740861315
0.36692069416160794,0.28157609635714126,0.22381551665595847,0.1276876928252922
0.3530907359746183,0.2598642595010621,0.23943483670599094,0.14761016781832867
0.4047439214622347,0.23204139270263396,0.2286732902834187,0.1345413955517126
0.37931590058383735,0.21703517380962256,0.23867199871689077,0.16497692688964927
0.3339528752032259,0.2232751906398709,0.2427163201833429,0.20005561397356023
0.36443854532378445,0.2408102275286709,0.2363174009675583,0.15843382617998644
0.4077692745612137,0.22650200662391812,0.2301221597965296,0.1356065590183385
0.3522611532753917,0.231619865302114,0.24961025910998172,0.16650872231251262
0.3134272570719289,0.23095121659281437,0.24533333938525712,0.21028818694999957
0.37153978222203815,0.2534735812088699,0.23502958813280234,0.1399570484362897
0.37748858488491804,0.2456302157000926,0.24177798342607393,0.13510321598891528
0.24724300088544995,0.2124633823852139,0.2338419542049039,0.30645166252443223
0.36511805238324463,0.27549229845174233,0.22070511598917963,0.13868453317583335
0.3825612988787132,0.25387188592357407,0.2334798214495805,0.13008699374813212
0.4033136112214718,0.22794684836842702,0.23368068865674996,0.13505885175335114
0.3629302857739345,0.21319677584033453,0.2405504289729092,0.1833225094128218
0.35471480336962324,0.22920706614371783,0.2409889546542225,0.17508917583243636
0.36620259122294463,0.23220055120625904,0.23802035196388188,0.16357650560691442
0.3964041054243118,0.21415876082547838,0.22896163693594457,0.1604754968142653
0.3577745462217251,0.24587274461300906,0.25203417568429193,0.14431853348097387
0.34850680794472383,0.24368302532523484,0.249214050955039,0.15859611577500235
0.40635175599599593,0.2249451243093263,0.23063987459269356,0.13806324510198412
0.34698698475689554,0.2388882093761153,0.25350075813770884,0.16062404772928018
0.05977543176490628,0.1061280064495747,0.12491337791713936,0.7091831838683798
0.30729890836863316,0.33839148048062384,0.16567135377215,0.18863825737859305
0.362671724585355,0.3065373172886241,0.2086127162510787,0.12217824187494224
0.2218835522848499,0.20636890005955705,0.20600323573311996,0.36574431192247314
0.37530094762466215,0.2548336564870514,0.19755198432047635,0.17231341156781013
0.39912833437824735,0.2218632250705384,0.2170106115490395,0.16199782900217471
0.05549467548605068,0.06579922836334406,0.10433958089192606,0.7743665152586792
0.30242957877296217,0.2688110436094324,0.14749315528379367,0.2812662223338118
0.3189585992995504,0.2501544646125845,0.1979039169855948,0.2329830191022703
0.2422466738416071,0.1830755284996148,0.2162645413306127,0.35841325632816545
0.029120710002384885,0.030310243429337944,0.09802091830415068,0.8425481282641264
0.005216706984190037,0.013664662170568293,0.02801494074235019,0.9531036901028914
0.0009197813424161991,0.004650797258986537,0.007476458974373481,0.9869529624242237
0.22106000173417223,0.3331952667256964,0.13870909468412557,0.3070356368560056
0.322115636131389,0.34449020425460586,0.19171957611035487,0.14167458350365028
0.08546642088486088,0.11043856736926162,0.14794484573106928,0.6561501660148081
0.2005332051588764,0.24129627725846017,0.17018825003442115,0.3879822675482423
0.2875332699235171,0.3001897252321657,0.20128825348685572,0.21098875135746134
0.081382224201731,0.11392889963860074,0.13749487402853383,0.6671940021311344
0.30894990167429176,0.31715793053179664,0.17098135392183159,0.20291081387208001
0.22031014654036854,0.25514780073113436,0.2049011053101286,0.3196409474183685
0.29046923746733144,0.2545970384887423,0.20941985507023675,0.24551386897368951
0.34389662541544436,0.2615561287718551,0.22235049288674993,0.1721967529259506
0.23828022405897853,0.22411166471301958,0.23362811139247702,0.3039799998355249
0.19903030499609287,0.2096322192436404,0.20753241147650478,0.383805064283762
0.34453277682432715,0.2981246531323897,0.20740287088204767,0.1499396991612355
0.32771138480064943,0.2758388678603981,0.233314940040464,0.16313480729848837
0.3789767527349072,0.2366541459476801,0.2248197120837832,0.15954938923362944
0.3966981709641151,0.22975249232102385,0.2332123475230211,0.1403369891918399
0.2704308257512221,0.20190596761619017,0.2377931188798831,0.2898700877527046
0.3026373732633495,0.23891948206173022,0.22331094023314718,0.23513220444177316
0.3898506462973522,0.2524672962601435,0.22011046512341087,0.13757159231909336
0.25248827895858705,0.22149255711837054,0.2361122759359814,0.289906887987061
0.3302939663537877,0.27123559736858915,0.227397292298892,0.17107314397873105
0.3298568791028458,0.24843170067716777,0.2344013042370183,0.18731011598296807
0.37020432729629293,0.25081222416579485,0.23337188538407025,0.145611563153842
0.23839820364001396,0.21571885749908642,0.22900208539280992,0.31688085346808975
0.37023185066345093,0.27101272719148867,0.2143570021623619,0.14439841998269837
0.39725672188254607,0.2480380604639958,0.22932058066756492,0.12538463698589325
0.36843861932721345,0.2159989267864362,0.2366748142150266,0.1788876396713237
0.32093990030859976,0.21084973226792972,0.23807589840476673,0.2301344690187038
0.31252521530807703,0.22361917649773325,0.23307996510505302,0.23077564308913665
0.3166675686200116,0.23041944791320806,0.22868885038207326,0.22422413308470707
0.36319324229455546,0.23623944200966698,0.22483850441371803,0.17572881128205944
0.3575756077398456,0.25280311923713444,0.24153918713129305,0.14808208589172708
0.3751195547167114,0.24967350227329238,0.24311959397528896,0.13208734903470726
0.3605335767573807,0.20953869477934747,0.23960480761736508,0.19032292084590674
0.2656941699166723,0.20676163725995805,0.23828540796628025,0.2892587848570893
0.10680832013172907,0.15689019229870793,0.15976788456335025,0.5765336030062127
0.3206667986965158,0.32865276771604895,0.18096706021989425,0.169713373367541
0.37652914862809295,0.2925493551752608,0.21374733978512966,0.11717415641151674
0.21870037674723175,0.17915006484599807,0.20833334649346355,0.39381621191330657
0.28611991259667674,0.23610024922697886,0.20290916006711462,0.27487067810922977
0.2844587912669646,0.2406320269025928,0.21548448807944373,0.2594246937509989
0.285728954224141,0.24486303197032508,0.21879078160379847,0.2506172322017355
0.3869085364417095,0.2531721065363948,0.21449286526646869,0.14542649175542693
0.27107397330159555,0.22589896798740894,0.2369456018473357,0.26608145686365975
0.3331512009791156,0.2542028130709603,0.22920973688405646,0.1834362490658676
0.24729427220605013,0.20361188124615168,0.22715780455597503,0.3219360419918232
0.34110509343291573,0.26579829332053717,0.22083954408760603,0.17225706915894107
0.14504313130059943,0.18136753128848726,0.18785023488179065,0.48573910252912267
0.3389435275447355,0.3066854758118744,0.1914997639174403,0.16287123272594983
0.37437597233293,0.2659736469599652,0.21807897548825714,0.14157140521884765
0.2888934067080839,0.2033654502824671,0.22660705056891173,0.28113409244053733
0.27251086462291774,0.21601100103045165,0.21891026525998,0.2925678690866506
0.3378865660432137,0.25066195384229006,0.21953701801409015,0.19191446210040605
0.3197203751272455,0.23522271087418722,0.23061951584407117,0.2144373981544961
0.3567168937450403,0.22383405952624294,0.2254643262636323,0.1939847204650845
0.3051970784569476,0.23433623783160323,0.2405023902458703,0.21996429346557897
0.3225198447308658,0.25093864564569923,0.23918587878982628,0.1873556308336087
0.32925507838033546,0.22937137783645623,0.2354024030342896,0.2059711407489186
0.3532980229312511,0.2445077006341917,0.23661498097875505,0.16557929545580222
0.12225399689452474,0.15607089548626452,0.17978067506294013,0.5418944325562707
0.32894375692921807,0.31010071582940707,0.18697536730612557,0.17398015993524923
0.37652899722889216,0.27735786453646283,0.2161005359131527,0.13001260232149237
0.3015467876481983,0.2103111595733816,0.22694971119449092,0.2611923415839291
0.30741769363705906,0.2132237747576985,0.2189509815290618,0.2604075500761806
0.3471351088434861,0.24146688366360505,0.22466350729276527,0.18673450020014362
0.2559206200138122,0.19769410048835148,0.22270456707010183,0.32368071242773455
0.3628847036412034,0.23083827418583375,0.20970333277999845,0.1965736893929643
0.27191161819608256,0.23036201525597225,0.2346581465518958,0.26306821999604946
0.26849471963592475,0.23630828508093701,0.23160035195487688,0.2635966433282613
0.33556242250012003,0.23961838356990722,0.22477956604098737,0.2000396278889854
0.278679839698957,0.24063060813523635,0.23952861727713926,0.2411609348886674
0.07194484552747613,0.12122347607124193,0.1375947060167907,0.6692369723844912
0.3055953170843063,0.3380927303028294,0.17176629939875981,0.18454565321410454
0.3605089487513564,0.3056968567739836,0.21066985906340957,0.12312433541125034
0.226799618636111,0.19448078325373255,0.20780013809988135,0.37091946001027526
0.3608663729926195,0.2507151383813895,0.20119374189655248,0.18722474672943865
0.3617285376584422,0.23989873750450547,0.22636265640874312,0.1720100684283092
0.17983733867534787,0.16382398979411317,0.20139446633756847,0.4549442051929706
0.35927750236874345,0.2556379096891496,0.1927613238143565,0.19232326412775042
0.1582811335899762,0.18022666342131066,0.1922568986549341,0.469235304333779
0.2344902661980246,0.2618812018497817,0.19874756318619588,0.3048809687659978
0.30591182381511295,0.27018333708367287,0.21197646097684236,0.21192837812437187
0.3435110286939931,0.276412215545957,0.2289331347566024,0.15114362100344764
0.06903518577556472,0.11702486665876785,0.13777320292712333,0.6761667446385441
0.30283140090738153,0.3338054264723221,0.17124256090418327,0.19212061171611314
0.3601953834612173,0.2935544844604802,0.2073163863655449,0.1389337457127576
0.32903932522317486,0.2337607678273339,0.22241123465824822,0.2147886722912429
0.39353477992801256,0.22658988047463377,0.21770933204512707,0.1621660075522266
0.4083228161566284,0.22061947513601626,0.2304720800655259,0.14058562864182955
0.14153656703498435,0.1260745302139484,0.18974669138906428,0.542642211362003
0.23689639855563857,0.2208108682364652,0.18536788501185944,0.35692484819603676
0.231021965136358,0.26152215324801625,0.20626021230476224,0.30119566931086345
0.26654270795076124,0.27574054221014355,0.21737830691472282,0.24033844292437234
0.34666706996307883,0.27723497849556117,0.2205233677220481,0.15557458381931172
0.3514767075278236,0.24609424032267854,0.23286743667443907,0.16956161547505874
0.1465478074212448,0.1717091320979439,0.19173779398138494,0.49000526649942633
0.3284722091466096,0.3135198656461164,0.19648294786556125,0.16152497734171284
0.3770932776406729,0.27617577318885045,0.2187258307203435,0.12800511845013324
0.3962352034622714,0.21201386996015414,0.22161295936085762,0.17013796721671687
0.14244524599376238,0.13733507011622517,0.1832253703789973,0.5369943135110151
