0.3096043663323741,0.2230155330430806,0.2381129848407998,0.2292671157837456
0.30649801237892654,0.22449151867928124,0.2355975739694415,0.23341289497235082
0.30707790459858947,0.22488470123938065,0.23658488254111207,0.23145251162091773
0.3080620332446596,0.22333263993304944,0.2348849813819466,0.2337203454403444
0.3063448434712585,0.2236597167310239,0.2344212203794189,0.23557421941829865
0.3035591189712467,0.22664457292820134,0.2368600055800401,0.23293630252051187
0.30682478883007,0.22449925285926442,0.2357171720839601,0.2329587862267055
0.30975294538426085,0.2251042104731028,0.23743345568433077,0.2277093884583056
0.3087704029433989,0.2241785872119895,0.23639962057706088,0.23065138926755077
0.30894723860035134,0.22134340937679664,0.2331400494257174,0.23656930259713466
0.30373720549247646,0.22699871305658104,0.23722744783741453,0.23203663361352805
0.3043301113572223,0.22569269498183947,0.2362969760087407,0.23368021765219749
0.31159451563502905,0.2250047353024006,0.2381141181449391,0.22528663091763118
0.3113368297275501,0.22397220340241616,0.23716190298631873,0.22752906388371508
0.31085680173549235,0.22433921481608973,0.23784768873297893,0.22695629471543885
0.31023542537671467,0.22167922361612674,0.23441384496220097,0.2336715060449577
0.30671738440483615,0.2253541700706201,0.23681076491280723,0.23111768061173657
0.3050355299676515,0.2249006444615244,0.23580449490534164,0.2342593306654825
0.3088881634549488,0.22412833514877248,0.2361153173498201,0.2308681840464586
0.3073277195983122,0.22255240453180158,0.2334894220329685,0.23663045383691775
0.30341560786131705,0.22474082100472623,0.2344716115091945,0.23737195962476226
0.3018314989872411,0.22221250096818995,0.2307351476498012,0.24522085239476785
0.30015545360966783,0.22880735860915877,0.23744759895336703,0.2335895888278064
0.3035936391520924,0.22546777575241597,0.23508148081732755,0.2358571042781641
0.3111121506905718,0.22553938874733206,0.2382045357545545,0.22514392480754158
0.3100661061487312,0.22449712729777566,0.23718713584239878,0.22824963071109428
0.3113204036398196,0.2236325522210403,0.23716373458585266,0.2278833095532875
0.30968122798723663,0.2217062856820734,0.2339849309986018,0.23462755533208812
0.3049627777290339,0.22675721080339833,0.23776499910424206,0.23051501236332572
0.306131518899714,0.22485640591953285,0.2361968426781183,0.23281523250263492
0.3113853411972584,0.22368989553945784,0.2365742319524088,0.228350531310875
0.30828219499152304,0.22423888123086538,0.2360843606458153,0.2313945631317963
0.3074250470833752,0.22764396761324465,0.2400887759396782,0.2248422093637019
0.31284595472347515,0.22112850775052217,0.2348552642344579,0.23117027329154485
0.31226803385565377,0.2263694710130628,0.24021889202046684,0.22114360311081657
0.30905114935858646,0.2242246040201219,0.2374102834770137,0.22931396314427802
0.31554093397803373,0.22446407937860768,0.24005133665962314,0.21994364998373542
0.31458524197455734,0.22383970326657648,0.23906146413877233,0.2225135906200937
0.31521712290719844,0.22339851775979794,0.23922687440496473,0.2221574849280389
0.31435400102069694,0.22240022137720125,0.23752341845492358,0.22572235914717814
0.3116516343727808,0.22433062447397434,0.23846233953330742,0.22555540161993737
0.3106129326949201,0.2235951425356089,0.23719589694839063,0.22859602782108038
0.31176151904304794,0.2252425553636086,0.23926467949457642,0.22373124609876696
0.3123717858331327,0.22318695312648287,0.23729729434580935,0.22714396669457507
0.31256411840777937,0.22279348954006925,0.23671903460507646,0.22792335744707481
0.3075185642046538,0.220282426355846,0.2314258622552035,0.24077314718429665
0.30080536928853485,0.22957187166229817,0.23927617482328525,0.23034658422588175
0.30527675089724154,0.22654673164225494,0.23746088933023468,0.2307156281302688
0.3175237848076522,0.2251927474074454,0.2408572129906591,0.21642625479424343
0.3168915401858585,0.222871114415288,0.23886049674095666,0.22137684865789675
0.315875768872725,0.22292412607477402,0.23908778618420742,0.2221123188682935
0.3126272339777361,0.22070873852629946,0.23487585356408483,0.23178817393187948
0.3073916592420806,0.22526519653263039,0.2373837220096185,0.22995942221567056
0.3056724878373092,0.22523046391285625,0.23669144191918037,0.23240560633065419
0.31085018889570165,0.2245233984782581,0.237560413281181,0.2270659993448592
0.3104572926354076,0.22263275637527805,0.23518760789515797,0.2317223430941563
0.30737226058035555,0.22595492332288572,0.23795562940676462,0.22871718668999405
0.3077123299596276,0.22239730081455966,0.23412734809019195,0.23576302113562075
0.3082886492256212,0.22701013929154604,0.23921767552963105,0.22548353595320184
0.3087728932423566,0.22628371248417523,0.239014246643883,0.2259291476295851
0.31720788696166613,0.22436565703248393,0.24054561052172266,0.21788084548412726
0.3181985217350008,0.22238187806658274,0.2390232127535931,0.22039638744482334
0.3149607141549829,0.22185656732415618,0.23735086645600217,0.22583185206485876
0.3096969568240156,0.22130323283628558,0.23412063595958285,0.23487917438011607
0.3043708052819288,0.2270583033420162,0.23814456604968007,0.23042632532637491
0.3067886910410066,0.2253682494024916,0.23705650140949694,0.2307865581470048
0.31351016157398187,0.2246865962627871,0.2387452020052946,0.2230580401579365
0.3123037562001232,0.22250797015706433,0.23613502429813704,0.22905324934467555
0.3099576766549982,0.22574144701236248,0.23912873582341282,0.22517214050922643
0.3098012260160927,0.2206081119050945,0.233226977128506,0.23636368495030677
0.30796286140714896,0.2285578726448071,0.24101639480830836,0.2224628711397356
0.30890734019876,0.22528191909652082,0.23818832315487168,0.2276224175498474
0.31879266708371595,0.22233795432577996,0.2386757634606449,0.2201936151298592
0.31297057073857604,0.22176516205833421,0.23555707473829207,0.2297071924647977
0.30635126637927956,0.22357782102254806,0.2353116605886872,0.2347592520094852
0.30409257518883503,0.22115431795801896,0.23088698628342907,0.2438661205697169
0.30019395406120425,0.22938770449522572,0.23835635682629427,0.23206198461727584
0.3039984211249983,0.22469340216681088,0.23457419503364982,0.23673398167454085
0.3114430082953232,0.22369761909545918,0.2360726135529039,0.22878675905631377
0.3056990034341501,0.22417050630626426,0.2346629293734803,0.23546756088610535
0.3047278698207375,0.22618428331255863,0.23711173945779754,0.2319761074089063
0.30762448749724675,0.22159105764508072,0.23258231618974784,0.23820213866792458
0.30526300885815544,0.2287553898327471,0.23969212767102538,0.22628947363807203
0.30699727380222647,0.22450740964265614,0.2361581964710984,0.23233712008401902
0.31487944702917636,0.22435144959298076,0.23893384732558928,0.22183525605225357
0.3111255521235698,0.22295175182087543,0.23618764566505696,0.22973505039049785
0.30984339552678136,0.2253468836112293,0.23873843057403613,0.22607129028795328
0.3100667231583394,0.22146235355233823,0.23417456067198442,0.234296362617338
0.3082560041261981,0.22656096831965403,0.23883788153096172,0.22634514602318628
0.3070990895421703,0.22322276200535823,0.2349410454709474,0.2347371029815239
0.3103186349271346,0.22407714106130913,0.23670772508350849,0.22889649892804786
0.30640943732743886,0.22482407201358282,0.23606030889374324,0.23270618176523497
0.3075435607848903,0.22401847403199263,0.23576920469612808,0.23266876048698906
0.30688004876094266,0.22025434765773502,0.2305197174676382,0.2423458861136842
0.2995801630073983,0.23057275836771757,0.23954719870821445,0.2302998799166697
0.3043373065967254,0.22454812527614262,0.2347623998548665,0.23635216827226535
0.314523290753204,0.22540950561424195,0.23946406348337748,0.22060314014917656
0.31054286723677876,0.22391430582289532,0.2369791298276152,0.22856369711271077
0.31205260042313154,0.22374010274581635,0.23785928920208418,0.22634800762896798
0.3105290564548696,0.22270393247209333,0.2356735947880476,0.2310934162849894
0.3079205721290559,0.2253541726821714,0.237612188041076,0.2291130671476967
0.30846477366149727,0.22675789281262665,0.23951024337612847,0.22526709014974755
0.3145090963190376,0.22199989358719893,0.23654537507227708,0.2269456350214864
0.3125055183405997,0.22224204469998135,0.2355740373834337,0.22967839957598524
0.30444126960992823,0.22370278785426684,0.2342988240426166,0.2375571184931883
0.30322337335298744,0.22336331581928534,0.23308984230413812,0.24032346852358905
0.3026885070044295,0.230556561167859,0.2407231840423215,0.22603174778539012
0.3105659813902336,0.22424437733018474,0.236934305435263,0.22825533584431865
0.3185122882148231,0.2252300904357036,0.24161583736306608,0.21464178398640713
0.315319068443552,0.22232788000207818,0.23807034463208596,0.22428270692228383
0.3157955702847036,0.22233080288287585,0.23822698995501773,0.2236466368774029
0.3108899063059463,0.2239507103184892,0.23773535145904215,0.22742403191652244
0.3104082289087914,0.22573681933576464,0.23965735036368538,0.22419760139175843
0.3141821724263865,0.22281961137082434,0.2376528892284809,0.22534532697430817
0.3137554716749567,0.22224264054583218,0.23649895730610848,0.2275029304731025
0.307841509154484,0.22500241430334134,0.2373979188439555,0.22975815769821925
0.30820448825690605,0.22473585322504255,0.23728250790161193,0.22977715061643936
0.3110312246269044,0.22230231374458018,0.23511065549895,0.23155580612956536
0.30770858626444714,0.22805706703092724,0.24037062048591426,0.22386372621871148
0.31095313817777887,0.22502890190079494,0.2388236167459459,0.22519434317548034
0.31942519295929817,0.22430905316565747,0.2414724965740493,0.21479325730099522
0.3179318974024676,0.22166931017034971,0.2384204923223775,0.22197830010480515
0.315254324647923,0.22256778694952947,0.2383875221935137,0.2237903662090338
0.3107473126389088,0.2234593878646356,0.23733983862476032,0.22845346087169544
0.3103063840462344,0.22465970489553744,0.2382352588644901,0.2267986521937381
0.3113733711419458,0.2240692403630602,0.23774416389754652,0.22681322459744757
0.3119003485324421,0.22313703701013657,0.2368044300859793,0.2281581843714421
0.30982806989760414,0.22536130019583572,0.23851631814410335,0.22629431176245685
0.3104060797409735,0.22305965490173002,0.2362780901764683,0.23025617518082805
0.3100998495201803,0.2206215336702774,0.23266632828820502,0.23661228852133728
0.3021873392995978,0.2321516230574437,0.2427793689269837,0.22288166871597478
0.310885540214409,0.2258832321794932,0.23936717954238781,0.22386404806370996
0.3253833301656371,0.22087096371682036,0.23951819929828927,0.21422750681925326
0.31580429472314514,0.22434213394689895,0.24010474628035633,0.21974882504959953
0.3122991393265793,0.2233170818005703,0.2388343720262405,0.22554940684660976
0.3156980090010557,0.22026323529113312,0.23542272522476249,0.2286160304830488
0.30819611881042397,0.22615174478056324,0.23851163286889857,0.22714050354011425
0.30655618635725274,0.22381074089493125,0.23581781008149316,0.23381526266632272
0.3111902871410246,0.22244231239185672,0.23514414685627047,0.23122325361084808
0.3043999947922956,0.21993309153861348,0.2288849078962624,0.24678200577282852
0.29531101835810614,0.21974777321158664,0.22409263848500094,0.26084856994530625
0.2874143778486231,0.2187011701414765,0.21851163815460828,0.275372813855292
0.28162282301268476,0.227510328752414,0.2285733012896607,0.26229354694524043
0.2883612256175616,0.22894957385817669,0.23246615589541858,0.25022304462884315
0.3014698687671645,0.22300882695352603,0.2294108787260308,0.2461104255532788
0.29855099499836335,0.22497601043213378,0.2307967668651863,0.24567622770431652
0.2945932853989394,0.2256455479253483,0.23125198927678042,0.24850917739893202
0.29859206240209735,0.2227101170303726,0.2290171759716166,0.2496806445959135
0.29651427607976555,0.22975007770178416,0.23642574647702919,0.2373098997414211
0.3010419808062131,0.22334611282358402,0.23121190027722602,0.24440000609297685
0.3053861043870412,0.22494887220347135,0.23443073296730457,0.23523429044218283
0.3002526960445643,0.2252166378149756,0.23324462268042828,0.24128604346003196
0.30255177976323655,0.22291185882435466,0.23164316566512183,0.24289319574728693
0.30029013035923396,0.2234971183710862,0.2307261324063486,0.2454866188633313
0.29639098711022344,0.22935701714324108,0.23655344823077212,0.23769854751576333
0.3036347754053123,0.22518162457112334,0.2344777621838252,0.23670583783973917
0.30988401879640565,0.22575318565861685,0.23760026449461447,0.2267625310503631
0.30828941873073146,0.22563348480463746,0.23769562733362873,0.22838146913100238
0.3115245323707783,0.22222221964551175,0.23550279804602137,0.23075044993768845
0.30897369568156763,0.223775504428662,0.23577142202943208,0.23147937786033823
0.3048242990667047,0.22756101561573927,0.23887406427215777,0.2287406210453982
0.3105659102486286,0.2218592889572626,0.23459509858002128,0.23297970221408762
0.3104335833202629,0.22431826322106022,0.23668281787329348,0.22856533558538342
0.30422399815750295,0.22316343023878013,0.23347813283917007,0.23913443876454685
0.30485445396797484,0.2259497058319124,0.23666412663366973,0.23253171356644306
0.30544515702868275,0.22311065614199468,0.2333304838019255,0.23811370302739715
0.30586331766237596,0.22907709777514126,0.24042125217813193,0.22463833238435083
0.3104356231997716,0.2264051093636814,0.2396294204960923,0.22352984694045464
0.32062228504655904,0.22244338710274733,0.23970727034938405,0.21722705750130955
0.31678758483087266,0.2213598505284343,0.23706890065537264,0.2247836639853204
0.30928896570101116,0.2222659417429501,0.23528986326383414,0.2331552292922047
0.30514364827857593,0.22371455734846207,0.23472182946603373,0.23641996490692832
0.3041264152681161,0.22579428034962304,0.23617635975043438,0.23390294463182648
0.30644313206610774,0.22550169495396585,0.23660927867544615,0.2314458943044802
0.3096318090194249,0.22514994063667743,0.2375647059580281,0.2276535443858696
0.31045676480855067,0.22290329841558557,0.23558545141569706,0.2310544853601668
0.30800261520310074,0.2224098016251273,0.2338717003838419,0.23571588278793004
0.3024536418058473,0.22216274042820006,0.2310183372174131,0.24436528054853962
0.29829026855367075,0.23137528247630965,0.24010755742374507,0.23022689154627457
0.3077918020433085,0.2281916003907892,0.239775596168642,0.22424100139726025
0.3217531091903559,0.22089419827429566,0.23763305413825966,0.21971963839708883
0.31451926042756356,0.22226439463751108,0.23641458485752387,0.2268017600774015
0.30483833719351644,0.2226109943891312,0.2338939364838827,0.23865673193346956
0.3040162420841163,0.22408998876630856,0.23435654251696633,0.23753722663260882
0.3030693285057141,0.2280420827901394,0.23802370337645,0.2308648853276963
0.30823392812802314,0.22265783446962292,0.23407750001797442,0.23503073738437943
0.30909793755880866,0.22437444526056918,0.23603287094440356,0.2304947462362186
0.3035048360168525,0.22213592745051713,0.23165052608830816,0.2427087104443222
0.3018115086495803,0.22624304703867334,0.23548866967548165,0.23645677463626472
0.30178771074731003,0.2225165973126707,0.2308880616120339,0.24480763032798533
0.3021516145900324,0.23024490774538448,0.23991362980611403,0.22768984785846907
0.30701906485430835,0.2255278273616598,0.236718619766795,0.23073448801723684
0.31621879818497733,0.22250432092161446,0.2371230709005176,0.2241538099928906
0.309257724040855,0.22252774030546565,0.23449785675540932,0.23371667889827014
0.303984415475876,0.22470937793789827,0.2353795081314147,0.23592669845481096
0.3044847036815204,0.22415785753121883,0.23440113830014583,0.23695630048711486
0.3053203034235951,0.22519727094960976,0.23554608446391814,0.23393634116287693
0.30499349819436383,0.2237700970069452,0.23387551438252893,0.23736089041616215
0.3045787756102967,0.2242913297568469,0.23419863893523535,0.236931255697621
0.30266406777952637,0.22411508037528294,0.23318606007715206,0.2400347917680387
0.3022622410392135,0.22558006021478424,0.2346726640744516,0.23748503467155072
0.3029962221001971,0.2222388021112295,0.2309199346321111,0.24384504115646236
0.30081454222143783,0.22974411047911872,0.2387711773124309,0.23067016998701248
0.30537104058240316,0.22682194527142033,0.23747939086435046,0.23032762328182613
0.316119347394329,0.2227040169912433,0.23724720139080388,0.22392943422362374
0.3112900700441385,0.2229091995232049,0.23575566534098505,0.23004506509167164
0.305765929600335,0.22438394450588048,0.23589265046750196,0.23395747542628262
0.30616514201341,0.2229457380619631,0.23388600895120215,0.2370031109734248
0.3048599567964241,0.22604196613197727,0.2364430279566029,0.2326550491149957
0.3048024236398329,0.22310627643884887,0.23323011741690933,0.23886118250440888
0.3051114740087926,0.22338451830968253,0.23318301401537256,0.2383209936661522
0.30033055063890735,0.2247002346149256,0.23278357172327582,0.24218564302289117
0.30028833557209805,0.22370035144941033,0.23158380955954175,0.24442750341894978
0.29959327334231134,0.22204588595646996,0.22867232025407017,0.24968852044714868
0.29465569469214287,0.23135190558958219,0.238052843151698,0.235939556566577
0.3028690103928519,0.22787335213845983,0.23705824013404952,0.2321993973346387
0.3159758964171306,0.22254075410745933,0.23640375082717519,0.22507959864823504
0.31052661620579775,0.22532519365118722,0.23804401564926084,0.22610417449375428
0.3079467052563024,0.2239514181124467,0.2366101276661168,0.23149174896513414
0.31098896158845846,0.22177719443949198,0.2345377971607404,0.23269604681130918
0.30558303444314155,0.22665665484795552,0.23767540261156558,0.2300849080973374
0.30561628987638123,0.22130592534266763,0.2319853773258482,0.24109240745510302
0.3052324895645519,0.22375593530011023,0.23351298552034547,0.23749858961499237
0.2984826676439516,0.22439683684287143,0.23175812063995682,0.2453623748732202
0.2999203688205837,0.22591524315574785,0.2340712797137996,0.24009310830986882
0.301738555924167,0.2212943671641746,0.22880678542795715,0.24816029148370125
0.2977081483180009,0.22974653417027707,0.2372477655663147,0.2352975519454074
0.30113334905495603,0.2270579757556884,0.2357758612062396,0.23603281398311587
0.312731759607808,0.22459646461394858,0.23756020966337224,0.22511156611487113
0.3110649473710123,0.22558140580704208,0.2386550961486816,0.22469855067326402
0.3120605693376269,0.22513324589012218,0.23957922001245366,0.22322696475979717
0.3154185074978357,0.22011523790968573,0.2349803947132319,0.22948585987924663
0.308835495796012,0.22284195281649558,0.23461145689338908,0.23371109449410338
0.3006621969966667,0.2226070327707452,0.23136784605439414,0.24536292417819403
0.29983944679033453,0.22404528869694287,0.2319131248197468,0.24420213969297588
0.2981413092601735,0.22633358359634803,0.23347736231675256,0.24204774482672592
0.30096951037194103,0.2255621305676964,0.23376585799135563,0.23970250106900687
0.3037355004034424,0.22297429784327225,0.23167619002798506,0.24161401172530042
0.3007347950863777,0.22958250231790506,0.23848126289911453,0.23120143969660267
0.30603817418724766,0.2267334582787716,0.23770416451173526,0.22952420302224544
0.3165197892132322,0.2240832818897969,0.23911458075400252,0.22028234814296843
0.3137500189603654,0.2205674469143205,0.23441937982023814,0.23126315430507582
0.3065648937517528,0.22440096866259898,0.23596440046718317,0.23306973711846518
0.3032214303076639,0.22460020224921476,0.2348545540806024,0.23732381336251884
0.30674573005876815,0.22650551705657726,0.2379086724237363,0.2288400804609183
0.3084894767607954,0.22022235734381915,0.2312970946517635,0.23999107124362185
