0.27681072647204485,0.25116680361483973,0.2427643326645408,0.22925813724857455
0.2752750922958388,0.24429627950195495,0.2456325726274776,0.23479605557472855
0.27467769299784633,0.24817250119999082,0.2447060984125038,0.23244370738965897
0.27563317092779255,0.24643532822172146,0.24485007787886195,0.2330814229716241
0.2758352841339636,0.24748270904822156,0.24397662603390005,0.23270538078391478
0.27407812689671746,0.24583009335508865,0.24614276791481543,0.23394901183337852
0.2733428790916262,0.24667072164085468,0.2467811786985767,0.23320522056894247
0.2767774501168246,0.24814515326329276,0.24341853732911747,0.23165885929076524
0.2755261032625062,0.24616030732977515,0.24457407388403413,0.23373951552368455
0.27639854739789654,0.24787027235464157,0.24334622374064632,0.2323849565068157
0.27609953817799393,0.2465963558930951,0.24397931864024097,0.23332478728866998
0.2714225642359167,0.2446411995956351,0.2487759960596327,0.23516024010881545
0.2766041049075755,0.24950543650914966,0.24338047688451714,0.23050998169875772
0.2770499806626644,0.2461665414027329,0.24333725416462323,0.23344622376997948
0.27687331900865286,0.24787318725716356,0.24258698201482906,0.2326665117193545
0.27667425611616137,0.2467530634235898,0.24331002176409428,0.23326265869615467
0.27697489075783294,0.24760913046079439,0.24271084877061633,0.23270513001075624
0.27315237418196947,0.2449903119033829,0.2470084448325547,0.2348488690820929
0.2757557013696184,0.24860489460361662,0.24410481103209128,0.2315345929946737
0.2760601577133171,0.24630547512421003,0.2443026849674566,0.23333168219501624
0.27491004396052166,0.24698243225821911,0.24487522149058713,0.23323230229067202
0.27249842871767055,0.24529853712587535,0.24789496422354698,0.23430806993290715
0.2737122597447953,0.24748246757118622,0.2464823337674356,0.23232293891658284
0.27022933288823714,0.24376399575237556,0.2507090335135979,0.2352976378457894
0.2767998612124915,0.25037889712676603,0.24309087479617061,0.2297303668645719
0.2761500548144921,0.24521947339855166,0.24448365278291895,0.23414681900403733
0.2767397669263116,0.24851280508808532,0.2426159337346325,0.23213149425097068
0.277188272598104,0.24665599343198147,0.24295529366151133,0.23320044030840317
0.2760016386619966,0.24713049723673405,0.2436275416092255,0.2332403224920439
0.27259306200726086,0.2450588886163648,0.24766220803574712,0.2346858413406273
0.2771293377509552,0.24932706880363,0.24274525860435572,0.23079833484105905
0.27662175254494004,0.24595814367475527,0.2436670196557971,0.2337530841245077
0.2749457628191745,0.24708218176768607,0.24466361424551805,0.23330844116762145
0.27555833039069627,0.24697657255805255,0.2445980235063065,0.2328670735449447
0.28009608183729123,0.2489570717874401,0.23969914992466168,0.23124769645060692
0.2738146836408654,0.2441384821757666,0.24611184034511688,0.23593499383825112
0.2786282790550548,0.2502127298078396,0.24076856534181382,0.23039042579529187
0.27825398836074117,0.24589896697617086,0.24196090238620974,0.2338861422768783
0.27836527950224,0.2484437501551386,0.24077599993118373,0.2324149704114378
0.2787195942080294,0.24705698428062567,0.24108985814744197,0.2331335633639031
0.27806263464322445,0.2475594230427979,0.24133131912185263,0.233046623192125
0.2762584542794289,0.24650878262131082,0.24348621308389162,0.23374655001536873
0.27747942812294557,0.24800739454049808,0.2421971674223843,0.23231600991417195
0.2766517901400752,0.2465981235355035,0.24325850312182837,0.2334915832025931
0.27838764958297324,0.2483029855206451,0.24119973596188102,0.23210962893450077
0.2767254987147602,0.24630702608043584,0.2431146612975484,0.23385281390725554
0.27507395923100764,0.2468730021111362,0.2446244854018933,0.23342855325596273
0.26985686839002465,0.24347276537626486,0.2507844477690287,0.23588591846468177
0.2786841267031765,0.25134620143031106,0.24111771049338762,0.22885196137312483
0.27910916882915326,0.24567999157744205,0.2413277653875278,0.23388307420587695
0.2792553666307699,0.2487986111494676,0.23965498810917854,0.23229103411058402
0.2783671624604419,0.24654054687183966,0.24141506704911703,0.2336772236186015
0.27757105456076137,0.24768086982438214,0.24177239712537452,0.23297567848948192
0.2732685274293236,0.2448588491743176,0.24682462505584013,0.2350479983405187
0.27625314171060905,0.24889150455297132,0.24352572717932822,0.23132962655709133
0.2770684232671425,0.24653702885381668,0.2432309823934851,0.2331635654855558
0.2764324326409495,0.24744883419684355,0.24314946993442746,0.23296926322777947
0.274163577802432,0.2457560740064593,0.24595973960115386,0.23412060858995484
0.2772601607952439,0.24872302580076297,0.24254612898997113,0.23147068441402188
0.2736740600116932,0.24467444081460657,0.24666519195424808,0.23498630721945224
0.27807581392153163,0.24977276130349593,0.24148000622466315,0.23067141855030934
0.28000639926367815,0.2469338026809151,0.24012519481035108,0.23293460324505555
0.2794139749272129,0.24799469641979302,0.23968193848635003,0.232909390166644
0.27783702053685116,0.24674302858058958,0.24173113202744867,0.2336888188551107
0.2756964541823358,0.24673128414183051,0.24390565296330627,0.23366660871252753
0.2725753074586451,0.24531287129630341,0.24763194393399912,0.23447987731105233
0.277614291115043,0.24939795487779268,0.24230577064698422,0.2306819833601801
0.27758267816782756,0.2462862701668605,0.24259212348285028,0.23353892818246177
0.27742660854825585,0.24793989213633758,0.2419623592196589,0.2326711400957477
0.2752661268906264,0.24589925870921245,0.24474497925411248,0.2340896351460487
0.27827431158731125,0.24888003387759458,0.24135352760268092,0.23149212693241328
0.2722208318579885,0.2434718150545955,0.24814193968261145,0.2361654134048046
0.2797675904775331,0.25131927749630456,0.2396510797742283,0.22926205225193416
0.27971304592204144,0.24570063698483172,0.24054649235211792,0.2340398247410089
0.2760643466797211,0.24726700210232938,0.2429101422544656,0.23375850896348405
0.27429493346399353,0.24589287571440588,0.24586771385261677,0.2339444769689839
0.2743715969347477,0.2471842757581355,0.24564560513761027,0.23279852216950658
0.26975118669098197,0.2434166369543066,0.2510746103513413,0.23575756600337017
0.27771969698731575,0.25103238513152265,0.24211358832968596,0.2291343295514757
0.27573926900531825,0.24449609073047146,0.2449398439231095,0.23482479634110084
0.2737730276667852,0.2474396920971196,0.2456785423921657,0.2331087378439295
0.2745692888395136,0.24642834223073004,0.24595122291735208,0.23305114601240437
0.2767286119093706,0.24810226958899073,0.24319193659639973,0.23197718190523894
0.27152846507411843,0.24375580050218257,0.248945020688991,0.23577071373470798
0.27881858665420395,0.2509442168464129,0.2408008771660462,0.22943631933333697
0.27728616113283516,0.24507715608298042,0.24311328608450553,0.2345233966996788
0.2768492583799595,0.2484156194457842,0.24229773288016138,0.23243738929409485
0.27580276883130195,0.24598461544734304,0.24439646516829586,0.23381615055305918
0.2777926923507932,0.2485659180648882,0.24178270994990023,0.23185867963441842
0.2732426685486182,0.24436617048939782,0.24702445278913243,0.23536670817285163
0.277601972528496,0.2498039668072806,0.24196799285354076,0.23062606781068257
0.27527809170236156,0.2448965744840314,0.24516103758811408,0.23466429622549298
0.2748136064492094,0.24784394216104216,0.24474062080761338,0.23260183058213493
0.2760718127157045,0.24683813387337902,0.2442661418373558,0.23282391157356055
0.27493169325360284,0.24669882392760045,0.24498652970773271,0.23338295311106405
0.2686769316108613,0.24272223091116268,0.2520779307812815,0.23652290669669426
0.27902102337799733,0.25209303619048073,0.24075195516772277,0.2281339852637991
0.2763285242701895,0.2439929364988408,0.2443692353054296,0.23530930392554011
0.27716467923377436,0.24935261372363118,0.2418232748686785,0.23165943217391594
0.27732545508809425,0.24614276171660532,0.24297469317472387,0.2335570900205766
0.2764330641072073,0.24761959294655697,0.2430080333526314,0.23293930959360443
0.274703101601078,0.24594512886435407,0.24542704344741773,0.23392472608715015
0.2768198151859748,0.24832983958743515,0.24297347315592796,0.23187687207066213
0.2798430854520917,0.24788655252864336,0.24011745655508202,0.23215290546418296
0.27523318076604564,0.24558609621260652,0.24434453340053983,0.234836189620808
0.27355369404716257,0.24661787729027373,0.24634472082054246,0.23348370784202122
0.27392446402287773,0.24662073415024346,0.24645041739291354,0.2330043844339653
0.2722937472433136,0.24564403723748557,0.24814977359274756,0.23391244192645327
0.2807059317378686,0.250451131058662,0.2392409369652262,0.2296020002382432
0.27774957696694,0.2452788442292059,0.24218242558929598,0.23478915321455807
0.27975740532251636,0.24936815669188073,0.23927982564724767,0.23159461233835527
0.2779068699102666,0.24596735042603882,0.24195028596081888,0.23417549370287563
0.2760886593555165,0.2473826876358235,0.24326286723157078,0.2332657857770891
0.2771260298287194,0.24734816707677937,0.24283956477937224,0.23268623831512897
0.27933241270596676,0.24819745025030227,0.24033551754700147,0.23213461949672964
0.27674645395850334,0.24622578716089166,0.2429100629902015,0.23411769589040346
0.27462550999341784,0.24663921474813394,0.2450954126477103,0.2336398626107379
0.2769405651854516,0.24796453547249456,0.24305801636516092,0.23203688297689287
0.27701884991161474,0.24693019694919696,0.2429274981386376,0.23312345500055084
0.2735810006753567,0.2456559597467976,0.2463459102212072,0.23441712935663855
0.28001708012287224,0.24994491151096365,0.23976598714261305,0.23027202122355103
0.27959240157043946,0.24639563094854885,0.24026931727738313,0.23374265020362853
0.27989789113655883,0.24850130844519905,0.23913124555890877,0.23246955485933346
0.27741947045229826,0.2461909877132594,0.24222219430304054,0.23416734753140175
0.276605967380539,0.2475656254884977,0.24285985929283016,0.2329685478381332
0.2766514608404564,0.24695476642447706,0.24329885450148858,0.23309491823357809
0.2774590737987413,0.24771824798754158,0.2422577717407893,0.23256490647292777
0.27710791522302,0.24697778920753882,0.24270465789758927,0.233209637671852
0.2756066201361792,0.24671951857799543,0.244163058636562,0.23351080264926344
0.27791468718502804,0.2481957391249789,0.24189639703688792,0.23199317665310523
0.2756786037383128,0.2459589633761682,0.2442640069738192,0.23409842591169974
0.27034870762332613,0.24427566310509866,0.24988893411621813,0.23548669515535703
0.2827694429001694,0.25208635525298967,0.23715158237274955,0.22799261947409127
0.28153536348835334,0.24548384236435825,0.23838644771212159,0.23459434643516683
0.2757453618253796,0.24686068080621568,0.24292401343187214,0.23446994393653256
0.279581999756955,0.24862894605014052,0.24024096316380278,0.23154809102910165
0.27860862943451986,0.24679571432661793,0.24102087433448133,0.2335747819043809
0.2727066338147701,0.24485592412417928,0.2470320312207194,0.23540541084033104
0.277725586591158,0.249610626942893,0.24207729176371592,0.23058649470223297
0.27619516459213006,0.24548639679141002,0.24409926082951203,0.23421917778694792
0.2729067495631942,0.2462349419231174,0.24682857895444502,0.23402972955924334
0.2674748369672334,0.24230631878887496,0.25367084110246935,0.23654800314142213
0.2631713727861686,0.24177071386451832,0.25844906434930537,0.23660884900000767
0.2595820323523694,0.2391031878036155,0.26322641676258424,0.23808836308143091
0.2697238085491313,0.251062136463372,0.2511719378051436,0.22804211718235315
0.27410673176224926,0.24513802133093732,0.24793129129995392,0.2328239556068596
0.26807254628946403,0.24369807000601337,0.2523612832197021,0.23586810048482046
0.2703432831396486,0.24696718710033372,0.2505079823231371,0.23218154743688063
0.2720114391568176,0.24599003447568732,0.2490933175365976,0.23290520883089735
0.2682269386712316,0.2435349451326121,0.25280665240783173,0.23543146378832475
0.2762005219344956,0.2505822175739735,0.2439741588750914,0.22924310161643957
0.27202695773116925,0.24289089803971273,0.24908388978281348,0.23599825444630454
0.27243023701643315,0.24823311797382233,0.24730093912302373,0.2320357058867207
0.2739566655714525,0.245928534421611,0.2470154077698624,0.23309939223707407
0.2705474958147522,0.24494891839351346,0.2498696517246784,0.234633934067056
0.269961426782581,0.24555802506542837,0.2508643999737725,0.23361614817821805
0.2768713723899759,0.24946158047086478,0.2435263196206339,0.23014072751852546
0.2750251793099934,0.24520069963717236,0.24541553676748473,0.23435858428534947
0.27625991283640244,0.2484597314405118,0.24330872944128573,0.2319716262818
0.2780484412076828,0.24717494981655583,0.2421042703673897,0.2326723386083715
0.274088082493305,0.24567651006747243,0.24567787955885653,0.23455752788036593
0.27445595683102564,0.24732054214501797,0.24555629167847914,0.23266720934547722
0.2791919033216172,0.24860725215614793,0.24089283242849022,0.23130801209374477
0.2736908627787047,0.24445983338582122,0.24628799037833615,0.23556131345713796
0.27484121216453483,0.24829808192611139,0.2448784214618899,0.2319822844474639
0.27357124924802617,0.24524790911103422,0.2470659668183508,0.23411487482258878
0.275662819470654,0.24841726504369022,0.2441758846535387,0.23174403083211703
0.2730726919145188,0.2447590666797338,0.24750121097799624,0.2346670304277511
0.2797980733188379,0.2505125062465672,0.23980712935325624,0.22988229108133867
0.2809903116860665,0.2466000749565751,0.2390353748480675,0.23337423850929095
0.2776344856518861,0.2472681359087299,0.24128985495734181,0.23380752348204226
0.2753753206683311,0.24621296737292953,0.24445295030825018,0.23395876165048907
0.27401799032026053,0.24656738407137307,0.24595936937268004,0.23345525623568628
0.27392531360274813,0.24658136210490103,0.2463576743036857,0.23313564998866518
0.27580851058182404,0.24765139335095307,0.2443252115599471,0.2322148845072759
0.2764465047617196,0.2470411726169077,0.24362664350274593,0.23288567911862668
0.2769498688889765,0.24749224862566094,0.24284136810505294,0.23271651438030946
0.2746354707299731,0.2459441900620727,0.24536385835969246,0.23405648084826172
0.2724045785585947,0.24588994541271303,0.24776594087113596,0.2339395351575562
0.2701353015703315,0.24478939340679867,0.25062570625386765,0.23444959876900223
0.2800505032552823,0.25108827358291247,0.2400064641355234,0.22885475902628194
0.2817841850616896,0.24654970154692782,0.23832262841590202,0.23334348497548055
0.2747565655367244,0.2457401871554752,0.24420016207819367,0.23530308522960683
0.2746944240375247,0.2471719511496317,0.245257591484138,0.23287603332870555
0.27347607659557976,0.24586724836220905,0.24689439543583105,0.23376227960638013
0.27327734747256816,0.24674189547428169,0.246948985893011,0.23303177116013923
0.27814953525269737,0.24873133370903344,0.2419999178324412,0.23111921320582787
0.27362912829019315,0.2445477266865849,0.24655107781043928,0.2352720672127827
0.2742971686442233,0.2479940418141713,0.2454875499816765,0.23222123955992885
0.27144612583217814,0.24416169224397735,0.24941295485790307,0.23497922706594146
0.2745011038675354,0.24880384415115334,0.24546989447365428,0.2312251575076571
0.27089404413673385,0.24334034439821556,0.25018497670707684,0.23558063475797375
0.2790691274971783,0.25144257021648386,0.24050243935981974,0.22898586292651793
0.2782641757756817,0.24519154681662406,0.24217671301701604,0.23436756439067818
0.2744704164680941,0.2469800640370948,0.2447109685381427,0.23383855095666828
0.2736550134138444,0.24598515636391202,0.246734477568542,0.2336253526537015
0.2747793796955512,0.24750423092961815,0.24531565433577524,0.23240073503905528
0.2739570999625311,0.24597851250435723,0.2464316080238444,0.23363277950926714
0.2747938860223947,0.24746355398307818,0.2452503902731609,0.23249216972136622
0.27346518750690163,0.24570096780934148,0.2469583492638552,0.2338754954199016
0.2732589035947984,0.24683244896989015,0.2469252040605339,0.23298344337477758
0.2728306884821369,0.24594980796665422,0.24773106801216815,0.2334884355390408
0.2742020211655489,0.24737642551046912,0.24605227535756982,0.23236927796641213
0.2702348564803323,0.24375017309236927,0.25059252320784425,0.2354224472194541
0.27821116612871927,0.25096947038140177,0.24161164648263703,0.229207717007242
0.2790710382236048,0.24594813382104488,0.24134798262080537,0.23363284533454506
0.2750282873520395,0.24673126249365926,0.2441734460013262,0.2340670041529751
0.27467290376140907,0.2466138164942159,0.24547429630716025,0.23323898343721478
0.27539580390520413,0.2472756457213168,0.24466489380840106,0.23266365656507793
0.2729748339050456,0.24540313658356777,0.2473497651613957,0.23427226434999104
0.27571782156171964,0.24841561188419253,0.24426935228685043,0.23159721426723745
0.2730377597339924,0.244754955520269,0.24752084827821766,0.234686436467521
0.2716361644156218,0.24642106753644133,0.2485333940241038,0.23340937402383316
0.2727457743443764,0.24640233615964893,0.2479802343235553,0.23287165517241934
0.2710964062434555,0.24524169642746113,0.24958878351910443,0.23407311380997903
0.2677049514334942,0.24358763446728626,0.2533895773747657,0.23531783672445383
0.27801247866721185,0.25143560232985424,0.2421546414270751,0.2283972775758588
0.2789871088497013,0.24574001770408488,0.2415648749921758,0.23370799845403803
0.27399297643879483,0.24630434140333024,0.24524406487281733,0.23445861728505754
0.2774937304471779,0.2484374920479999,0.24251671872066574,0.23155205878415652
0.27657977282222934,0.2463765511292345,0.2434217217926499,0.23362195425588625
0.27250713402005805,0.24537933174069168,0.24744962906907061,0.2346639051701796
0.27721085089145436,0.24916284020180599,0.24277177324265897,0.23085453566408065
0.2715603819388885,0.24313115136489968,0.2490921777503558,0.2362162889458562
0.2714979518691037,0.2474967355874548,0.24850048847630343,0.23250482406713807
0.27229563916899907,0.24552669583328104,0.24878375007477255,0.23339391492294737
0.27353557709318727,0.24740554419436972,0.2467228556028356,0.23233602310960746
0.2679739871873916,0.2420961363219062,0.2532572341274662,0.23667264236323587
0.27656020786704166,0.2516070140225951,0.24324502012208155,0.2285877579882816
0.27762354763902214,0.24527559318805972,0.2432780371460178,0.23382282202690033
0.2757906747145977,0.24781330402278087,0.24338907566708906,0.23300694559553234
0.27856905693200423,0.24777009681100598,0.24149443034312604,0.23216641591386386
0.2793887024661479,0.2477634493181714,0.24015008373860852,0.232697764477072
0.27278996653783943,0.24423191237812025,0.2470623589907109,0.23591576209332946
0.2728217673642414,0.24738541912309256,0.2471738891527845,0.23261892435988163
0.2713083670057338,0.24469900474254566,0.24963747756813223,0.23435515068358834
0.2709287110020537,0.24635275879622184,0.24955808401229473,0.2331604461894297
0.2736422873617151,0.24715538646339308,0.24707173673685906,0.23213058943803275
0.273737153416991,0.24634098289859227,0.24672628733832683,0.2331955763460898
0.2706751160999292,0.2447537831146831,0.24990057067051247,0.2346705301148752
0.27832942864142285,0.2503641931770177,0.24169250219115362,0.22961387599040586
0.2790085904022079,0.24625395649566528,0.24123188586559616,0.23350556723653057
0.2774765536481326,0.24774831087100585,0.24167172823639152,0.23310340724447007
0.2727990813869475,0.24450996384830415,0.2473833466532283,0.23530760811152004
0.274748109285821,0.24840650241283876,0.2451202583672912,0.231725129934049
0.2750307165465451,0.2460547202824524,0.24551645577095152,0.23339810740005107
0.27720320457025327,0.24844668771723916,0.24252159496122355,0.23182851275128408
0.26998492884438424,0.24234186334173832,0.2506838753383568,0.23698933247552065
