0.30914151115636657,0.22544032944489617,0.22135173465937988,0.2440664247393573
0.3011282295383605,0.22483607524768273,0.2210938000468752,0.2529418951670816
0.31127260250913086,0.23465155676005137,0.2183361149291037,0.23573972580171407
0.298528302012667,0.2257560327900483,0.22487600430920068,0.25083966088808396
0.3029858839303008,0.22557975089011412,0.22321811951146356,0.24821624566812153
0.3028764089711758,0.22496294870973935,0.22240166805444364,0.24975897426464122
0.29058585615810667,0.21076259660258406,0.2248696451492643,0.27378190209004494
0.3236456172345547,0.23938765759511568,0.21336819601613183,0.2235985291541977
0.30508744972055707,0.23639886800565765,0.22168693851750457,0.23682674375628057
0.2965714586024513,0.22355045912049826,0.2267656971575913,0.2531123851194591
0.3092016382625031,0.22802288667532714,0.2216092797962272,0.24116619526594252
0.2946649704267411,0.21993555258681752,0.2237729929424867,0.26162648404395467
0.308957549586107,0.2227090082783223,0.22135527817450146,0.24697816396106925
0.31568716610305175,0.2381093606763248,0.21595371030175742,0.23024976291886606
0.31191484640894873,0.2389526774602175,0.21930120055163055,0.22983127557920321
0.2979589356572304,0.225786976103616,0.22482607883095734,0.2514280094081962
0.3063970326278705,0.22527134329448084,0.22147516553252197,0.24685645854512675
0.2993454006714012,0.22457873007282483,0.22017344774230285,0.2559024215134711
0.3015079245650009,0.221499277272574,0.22170490372209153,0.25528789444033356
0.31123152898931594,0.23767376954586344,0.21722578140510562,0.233868920059715
0.29671291179942755,0.2270818522035417,0.22639359288511157,0.24981164311191922
0.2820068239062738,0.21057053981817642,0.2293904893539338,0.2780321469216159
0.30875157481068766,0.2220295633268904,0.22171562346657878,0.2475032383958432
0.2870905068146824,0.21161990843923872,0.22549012905307436,0.2757994556930045
0.3127798749116538,0.22234499473257802,0.21980674732787261,0.24506838302789558
0.31709287009283194,0.24182387265957736,0.21462684899434345,0.2264564082532472
0.30821879408673536,0.2364440102178598,0.22181626470372906,0.23352093099167584
0.29740282247714045,0.22324053367754348,0.22567417910339005,0.253682464741926
0.311832787634826,0.23096306887960533,0.21926076861981333,0.2379433748657554
0.3050366925178481,0.23426219303677473,0.22047070391345702,0.2402304105319202
0.299149470054456,0.21863531458782065,0.22736013817143663,0.2548550771862865
0.31538192705162216,0.23583054966100853,0.21707057195534188,0.2317169513320275
0.31282355924965977,0.237497993656094,0.21957056174239512,0.2301078853518512
0.2977899288541993,0.22512068330399984,0.22517612335790013,0.2519132644839007
0.32702846173714495,0.24304434450646703,0.21584296584005805,0.21408422791633006
0.298122734766066,0.22782432175929918,0.22363628435727176,0.2504166591173631
0.31887439032059534,0.23433376839492895,0.2185655791571255,0.22822626212735023
0.3179013059428544,0.24318438038355544,0.21619168439995112,0.22272262927363912
0.3147921648393494,0.2408271178279471,0.21895084794466252,0.22542986938804083
0.3147206790321148,0.24189873276191146,0.21883976114125023,0.22454082706472347
0.3108088945273207,0.23584532585321077,0.22138824594812387,0.23195753367134464
0.30297536441331513,0.2265600938302974,0.22248910172633724,0.24797544003005018
0.3090588810422641,0.22547501557418878,0.2196328765257293,0.24583322685781783
0.32417884937285285,0.25077567630155895,0.2112573688433882,0.21378810548220004
0.31050536973690324,0.24369812207245092,0.22272565868428135,0.2230708495063645
0.2906241797070457,0.2218764621843445,0.2303173847280289,0.2571819733805809
0.31017474107211723,0.22488567569192358,0.22249305836888728,0.24244652486707186
0.2920819738755997,0.2145250863454347,0.22433444993901983,0.26905848983994574
0.32160418712929545,0.23002293780212751,0.21713042199060037,0.23124245307797653
0.32252862096460244,0.24858804583458427,0.21266398885993762,0.21621934434087567
0.3186192333987701,0.24879866475715776,0.21712598651504525,0.215456115329027
0.30151768698465403,0.23247673417845446,0.22469487280753045,0.24131070602936092
0.3075635778606022,0.22808903666705654,0.22221891223871748,0.24212847323362363
0.3045538781649831,0.23044194091203948,0.2198211279884976,0.2451830529344799
0.3051446813064185,0.22541584632050005,0.2228444215822691,0.24659505079081237
0.3131223013033862,0.237686692803549,0.21806007661705532,0.23113092927600928
0.314044682505994,0.24139322712942013,0.220021613464602,0.22454047689998383
0.29055184992577177,0.22019510953557284,0.22885172018417446,0.260401320354481
0.3153588542393524,0.22766128629348487,0.22091121190778878,0.23606864755937393
0.30270581134651986,0.22348366871280378,0.2212695633746222,0.25254095656605413
0.31815724055926026,0.23306910993419735,0.2166501281577286,0.23212352134881367
0.3277720592334206,0.25497716029635725,0.21091904371009063,0.20633173676013153
0.3120368808711019,0.2456214976387121,0.2209436179519561,0.22139800353822997
0.29953469009279304,0.22896818674550465,0.22612132757704667,0.24537579558465564
0.3053736573205551,0.22441690321384064,0.22280565995007803,0.2474037795155263
0.3049300879400721,0.22865080143610342,0.2200372355162499,0.24638187510757453
0.30802250951636995,0.22474496835858498,0.22241775303926195,0.2448147690857831
0.32121763233662276,0.2467135021564225,0.21383083058470823,0.21823803492224647
0.3143268393067791,0.24380478117745114,0.22069790207630824,0.22117047743946147
0.2835799211791308,0.2118064184534827,0.23066723298140704,0.27394642738597946
0.3234057997278332,0.2310151647835581,0.21630740964495743,0.2292716258436514
0.3008027029008554,0.22802649759771496,0.2190339013425708,0.2521368981588588
0.3156056219841445,0.23221302453573348,0.2184795576211257,0.23370179585899634
0.32361410253768835,0.2539175181264197,0.21219269942490926,0.2102756799109826
0.2960098146022195,0.2310522640551184,0.22736234164469998,0.2455755796979621
0.2809481284139018,0.20757190764890238,0.22954114716146645,0.28193881677572935
0.3132504803103808,0.22511727317376884,0.21811701748161524,0.24351522903423506
0.2901852364552383,0.22010789412036572,0.22308042825173788,0.2666264411726581
0.3057035228241982,0.21940562500294644,0.22393798654641728,0.250952865626438
0.31442569263886355,0.24037372690144596,0.21590630079185105,0.22929427966783936
0.29935774964781353,0.22770225722159224,0.22556446322720608,0.2473755299033881
0.29001432859396936,0.21449221287789794,0.2276389409596747,0.2678545175684581
0.3185295293010366,0.23051399706696668,0.21817542298069106,0.23278105065130567
0.29687755742883243,0.22576172727487664,0.22194616719867286,0.2554145480976181
0.3147037368676586,0.22896841814871655,0.22079484273638328,0.23553300224724164
0.3143934497418089,0.2413854669701375,0.21639683066816434,0.22782425261988917
0.30923839205412784,0.2346472627357168,0.22159731270810826,0.23451703250204714
0.29574040306312016,0.2224910149710709,0.22429683930516026,0.2574717426606486
0.3210510869093816,0.23875221543461989,0.21643172877503053,0.2237649688809679
0.29072408038243913,0.22173163951655786,0.22491228064549595,0.262631999455507
0.30326442163903555,0.2169380134130094,0.22274344313413208,0.257054121813823
0.3221476570425411,0.24744662632257788,0.21151329513508416,0.21889242149979699
0.2951418863613229,0.2277043219941893,0.22787612526036577,0.24927766638412202
0.29084282901796493,0.2164232071363069,0.22829780242491274,0.26443616142081544
0.3147643077777202,0.22966276700180874,0.21948737978789856,0.23608554543257254
0.28045129156101245,0.20929531905046628,0.22679684465900193,0.28345654472951937
0.3251395698720775,0.23158463187688808,0.2167079305814146,0.22656786766961978
0.31065881938629775,0.2394872236287418,0.2174238502006549,0.23243010678430565
0.31693195230468435,0.2438236236571374,0.21849395678077382,0.22075046725740452
0.2958115142951236,0.22193451539711503,0.2277098745150213,0.2545440957927401
0.3074615322780068,0.22340625778277262,0.22064046155506317,0.2484917483841573
0.31292214241516725,0.23349406332284567,0.21626493801982774,0.23731885624215923
0.3057293103509534,0.23075867115939916,0.22016100162633648,0.24335101686331093
0.32683520885058714,0.25395234406472184,0.2132893345587089,0.20592311252598214
0.28895152824095816,0.2243987862633469,0.23128327554514594,0.255366409950549
0.29303269600170023,0.21552030361348332,0.22761483331543,0.26383216706938645
0.31246431517562107,0.22458239482292727,0.22079045779821935,0.24216283220323234
0.2950380856100918,0.2165414889331719,0.22343068102453376,0.2649897444322026
0.3348462722510396,0.24722408263080198,0.21112709781964833,0.20680254729851003
0.31398463024736545,0.24781747911749405,0.2174053200752614,0.22079257055987914
0.3112478148299649,0.23627014120230855,0.22268704660219632,0.22979499736553027
0.3068877741876015,0.22950316438177837,0.2214901094868352,0.24211895194378485
0.31811958064332624,0.24036226657799933,0.215785384022315,0.22573276875635942
0.31025023225564846,0.23792878617297047,0.22018128663948597,0.23163969493189512
0.3068506000516094,0.22971103479629726,0.22298430995835755,0.24045405519373578
0.32022932394584064,0.24630364778066907,0.21500282082945052,0.2184642074440398
0.30180053373059784,0.23241657468688479,0.2250232378864022,0.24075965369611524
0.3036768768549034,0.2261529035744572,0.22522895792114575,0.24494126164949373
0.3145113157254821,0.23039865085796526,0.2203244544479362,0.23476557896861644
0.3034052343153632,0.2255032419445859,0.22095196108476128,0.25013956265528964
0.3291596683721223,0.24596627577167549,0.21307014496969962,0.21180391088650266
0.31651433358814385,0.24730753229732122,0.21703878065469603,0.2191393534598389
0.31551366009185755,0.2427893752873304,0.21959409835824517,0.22210286626256687
0.30514566319123104,0.2316302591537762,0.2224329606676039,0.24079111698738873
0.3151531948727139,0.23827100613235633,0.21805066826960973,0.22852513072532019
0.3057147512496351,0.23065322589159554,0.22241365657925655,0.2412183662795129
0.3008142474436243,0.22002141196961267,0.22293789454039856,0.2562264460463644
0.33520117320944764,0.25868785085600704,0.207540059229079,0.1985709167054663
0.29815791811498227,0.2356958696783882,0.22861747918003297,0.2375287330265966
0.2868267505520785,0.20630322605720233,0.23257241686782887,0.2742976065228903
0.3303417592385622,0.23959825210501448,0.21200992101584684,0.21805006764057647
0.29872036702361576,0.2276825757164228,0.22222223163709384,0.2513748256228676
0.32024927529459246,0.2328364422505483,0.21942974010853275,0.22748454234632648
0.33201045731455936,0.2591184966366116,0.20888127667032746,0.19998976937850163
0.3038108792000717,0.23823752873798273,0.22233186154815066,0.23561973051379484
0.3031306354314885,0.22556185325978798,0.2242308525808853,0.24707665872783813
0.30957852919610435,0.22711207857704388,0.21848972776086936,0.24481966446598258
0.28755079548304624,0.21278446811602203,0.21715489761687456,0.28250983878405717
0.30502052797183415,0.22184282508176306,0.21291384287045295,0.2602228040759499
0.3009881467776593,0.2362888044033642,0.21386125777655565,0.24886179104242084
0.26837054887413103,0.21559835983144668,0.23270804831257874,0.2833230429818436
0.23407015773536965,0.17270942272002443,0.23517995413231874,0.35804046541228723
0.264040804076177,0.17763977509925058,0.22006914431261312,0.3382502765119592
0.2648295090796843,0.18307772114758933,0.21964175950322162,0.33245101026950474
0.2784338753884527,0.1900573508511191,0.2237655414574309,0.3077432323029974
0.3098899843494271,0.22648284321092893,0.21681380497909233,0.24681336746055157
0.2658601804829067,0.19953755434215886,0.23041859794125277,0.30418366723368157
0.2775816351608994,0.19561213399015928,0.2260617915742926,0.30074443927464867
0.30698497257149326,0.21900072543624366,0.21842731840201995,0.25558698359024323
0.2686263318304623,0.19790154202294383,0.22628467070014624,0.3071874554464477
0.30981846269135277,0.21733907606608688,0.21863587246066013,0.25420658878190017
0.30167675962495377,0.23287102783821445,0.21802143572192909,0.2474307768149026
0.2819374156620747,0.21228876359034848,0.23090460325759227,0.2748692174899846
0.291288903974221,0.21214757844189974,0.22694675544630188,0.26961676213757735
0.29992826591470906,0.219450880467362,0.2228529896211654,0.2577678639967635
0.2812731850274349,0.20249599019127817,0.2277323246221883,0.2884985001590986
0.3191247293054289,0.227013107372843,0.21671710823691634,0.2371450550848118
0.31660347749077783,0.24450021850117928,0.21532328371963205,0.22357302028841097
0.29300338005812876,0.21952011138015384,0.2283107558932666,0.2591657526684508
0.3120750444923158,0.22946286155232803,0.2191939554010926,0.2392681385542636
0.30628730214113037,0.22988956055467102,0.21929626773517388,0.24452686956902467
0.3006074820607743,0.22745661517896892,0.2215919299799675,0.25034397278028925
0.3124555958389501,0.23193107260891344,0.22100208486884582,0.23461124668329061
0.30288457534452096,0.23587420317549682,0.22058984071308688,0.24065138076689543
0.3062654371385627,0.23214883481971046,0.2250086748991999,0.23657705314252686
0.28341618767459215,0.2079301253787845,0.23119245341086245,0.27746123353576096
0.31570343628945835,0.22190927245995773,0.2191030634659362,0.24328422778464773
0.30666362576129913,0.22683251975054292,0.21790934863314657,0.24859450585501133
0.32467177728944346,0.24379847683980985,0.21390389280847263,0.2176258530622739
0.31903100266304035,0.25013569748999165,0.21599403559057703,0.21483926425639097
0.30408887846872945,0.23691888087388782,0.2232796506679865,0.23571258998939618
0.2983217154278414,0.22563813537516875,0.22527722862665953,0.2507629205703304
0.29707280895328914,0.21738857927198726,0.22478368567711238,0.2607549260976112
0.2998357502080687,0.21707337541309238,0.22150651922170708,0.2615843551571318
0.3083321559268464,0.22532187621114735,0.21781275182297108,0.2485332160390352
0.32291882331151756,0.25114884283994215,0.21252452458182497,0.21340780926671535
0.30182818624666585,0.23851717647014786,0.2277321760512127,0.23192246123197355
0.27306659159698027,0.19767331588230377,0.2360782754015491,0.2931818171191669
0.31025922760815866,0.2143023707594803,0.21860372182427296,0.25683467980808805
0.30449731311673506,0.22268960607193897,0.2174607032644576,0.25535237754686846
0.32151401380761646,0.23985739143495047,0.2154470197755813,0.22318157498185182
0.3251511350761135,0.25626842490716123,0.2137122053366445,0.2048682346800807
0.28309812795464767,0.21798493114201137,0.23066479149137178,0.26825214941196923
0.2986890714473195,0.21659399479695973,0.22317163140675617,0.26154530234896456
0.30267513485992814,0.22016201064710855,0.22008807880282752,0.25707477569013576
0.3000827855147444,0.22514839777449086,0.21981350546576325,0.2549553112450014
0.30769396603786603,0.22738321880129728,0.2217081454383648,0.24321466972247188
0.3011760001770822,0.2346558189645659,0.22040372064740224,0.24376446021094966
0.2983175501312355,0.22480774669057094,0.22795867260106514,0.24891603057712844
0.27193871844307765,0.19737595610929853,0.23148647729283514,0.2991988481547887
0.31759218509924786,0.22083095948529788,0.2170018896655169,0.2445749657499373
0.2985195764832283,0.22447862190530377,0.21915357726094295,0.257848224350525
0.3178214749620425,0.2355740137392304,0.21842189327911257,0.22818261801961456
0.30658319210589,0.23592411717169648,0.22063236544132014,0.23686032528109333
0.2960447721458626,0.2228188199224281,0.22419296300209904,0.25694344492961024
0.29500513769180275,0.21784552351284486,0.22306184209879576,0.26408749669655657
0.3035809741638053,0.22320324760249388,0.22072492770476118,0.2524908505289397
0.2980632224500143,0.2239571581957595,0.2218146236240733,0.25616499573015283
0.2928255823848104,0.21451626435810175,0.22457711141371103,0.2680810418433769
0.307874461157182,0.23272789772552882,0.21806129545690617,0.24133634566038295
0.29710718332988695,0.2267824393066748,0.22685101349882908,0.24925936386460917
0.27599204664050236,0.2006691071641485,0.2323799886951339,0.2909588575002151
0.31294497349537614,0.2193283944146548,0.21873625784647083,0.2489903742434983
0.2990136540409349,0.22260985889339668,0.21973891322834965,0.2586375738373189
0.31354444625309696,0.23012459276029737,0.21957744918235828,0.2367535118042474
0.31596240858962527,0.24242989709001905,0.21676012499454944,0.22484756932580624
0.2956637029940011,0.22478325866960167,0.22468820464901562,0.2548648336873816
0.2932985208621507,0.2157115162523367,0.22352191459235643,0.2674680482931563
0.31015176639248565,0.2289037213261481,0.21774173381181447,0.24320277846955174
0.2872216986965533,0.21624505056339136,0.2238056181462689,0.2727276325937866
0.2950513321049442,0.21342913933344185,0.2222021614614569,0.26931736710015697
0.3095796316540908,0.23712944234608835,0.2158978912622941,0.23739303473752676
0.28291552598309555,0.21952865583603587,0.23200676928518327,0.26554904889568526
0.2707374392079355,0.1932243628266655,0.23451526044731552,0.3015229375180835
0.3107320546122821,0.2182585088058079,0.2183819238223183,0.2526275127595918
0.29039790056622616,0.2137935267159488,0.2236100814449185,0.2721984912729065
0.30965970458945075,0.22079092474133952,0.22160424559363132,0.2479451250755785
0.3262432282929464,0.24861447002473724,0.21197324309450385,0.21316905858781263
0.2892986864433124,0.21968148155811282,0.22635374826893004,0.2646660837296447
0.3053388949455796,0.22313120124126556,0.22020494641574057,0.2513249573974142
0.3139345254790088,0.23673004105368944,0.2159885034083498,0.23334693005895193
0.28510814505179816,0.21991469948434617,0.2248334211204386,0.270143734343417
0.2963953655203148,0.21336265973079477,0.225023803322715,0.26521817142617543
0.29848267982232995,0.22765772468777531,0.2183831850509543,0.2554764104389404
0.2921807132162422,0.22090892293302247,0.22741420729127704,0.2594961565594582
0.274130535156723,0.2013394821315699,0.23242555400304327,0.2921044287086639
0.3137921441388703,0.22370692063587974,0.21976189934213203,0.2427390358831179
0.2874225985751991,0.21525148454588566,0.2258651375888234,0.2714607792900919
0.304392596017571,0.21292420002445828,0.22460432591367185,0.2580788780442989
0.31743160539092785,0.23316372216349518,0.21471383445223147,0.2346908379933456
0.31200863715246535,0.2365631120812992,0.2162121720259631,0.23521607874027234
0.30595454216783236,0.2334393823669838,0.2195791582794675,0.2410269171857163
0.31410244330500253,0.241665512498561,0.2179746082800988,0.2262574359163377
0.2809238868922282,0.2179762386733405,0.22769523517676818,0.27340463925766306
0.28303254052251053,0.20384198590301172,0.2270293495625182,0.28609612401195955
0.30496154253786967,0.2260190630857489,0.2187202879106674,0.250299106465714
0.28995706039210695,0.2190738013918793,0.22826656515090868,0.26270257306510497
0.2869620839933886,0.20796046605427912,0.230233944560529,0.2748435053918033
0.3020568955337582,0.210894136104852,0.22278908041160822,0.2642598879497816
0.30331385990221005,0.22179964481630376,0.21767485871948425,0.257211636562002
0.32348903782732197,0.24142197754615538,0.21491153529153276,0.22017744933499
0.309383764330161,0.24149815104630354,0.22037301957407074,0.22874506504946476
0.29482383415832103,0.21809035971401547,0.22707852270269993,0.2600072834249636
0.2978412447860838,0.22034570764016687,0.21917197060126634,0.2626410769724829
