0.2980646529100382,0.22437367610953118,0.22346530247113397,0.2540963685092967
0.3042034314055419,0.2187939756947001,0.22499646774689738,0.2520061251528606
0.3087181680996789,0.21581918272201572,0.22710400562793664,0.24835864355036866
0.31315440284039225,0.2144141653093143,0.22408775871668002,0.24834367313361336
0.30777656918346424,0.22217003909615154,0.2221234237877764,0.24792996793260785
0.3010607425670189,0.2256385103774265,0.21648524843686437,0.2568154986186902
0.3065422178312701,0.21670743126289638,0.22211926384778227,0.25463108705805126
0.3085398155727369,0.21703307756222645,0.22720105764963222,0.24722604921540442
0.31847554814996576,0.21019002154281774,0.22246642892225718,0.2488680013849593
0.3126397958442196,0.21954028640108722,0.2232493406008392,0.24457057715385402
0.3094698437848578,0.2238759115841283,0.21161440109979648,0.2550398435312174
0.30732092461970667,0.22094796265073527,0.2178638406576321,0.25386727207192605
0.3078464877937543,0.2193782728058063,0.2164832632677888,0.25629197613265076
0.3073046378297319,0.21916401558075727,0.223697052315386,0.249834294274125
0.3110524659255525,0.21578150933359855,0.2207595986333547,0.2524064261074942
0.3030263823559646,0.22245028763542654,0.2243574096679494,0.25016592034065954
0.29790757184486766,0.22588573464131953,0.21894833708325656,0.25725835643055633
0.29408679592121145,0.2229014014780791,0.2292523478199772,0.2537594547807323
0.30556269771442957,0.21204201944744072,0.23022413343410122,0.2521711494040284
0.305972016694027,0.21533762884507426,0.23862075578204747,0.24006959867885122
0.3146519861635406,0.2121758561613754,0.22416938394298278,0.24900277373210103
0.31022193148787996,0.21962011112660326,0.22736790648806313,0.24279005089745376
0.30903293707544305,0.22269702401675778,0.21234698284869394,0.25592305605910526
0.30638616164512755,0.22025412744213313,0.2198753297361965,0.2534843811765428
0.30777835305388734,0.21927524796877407,0.21736281612766623,0.2555835828496725
0.3108598126505253,0.21601493181842005,0.22524676576652364,0.24787848976453095
0.31435397214009286,0.2144807518657865,0.22037111042745555,0.25079416556666506
0.3069848313211411,0.22245040338070268,0.22184042653092687,0.2487243387672295
0.3133154990749481,0.21770135797243317,0.21551498072492437,0.2534681622276943
0.31404898961736766,0.21627180095842638,0.22218584943295294,0.24749335999125308
0.3178809932903207,0.21533663743741438,0.2135266857541933,0.25325568351807154
0.31135643186343137,0.22324901977256933,0.21899179046711234,0.246402757896887
0.3233919624236879,0.21155766104831955,0.20734292394601803,0.2577074525819746
0.32320358983986797,0.21408401033825417,0.21891669548430892,0.24379570433756897
0.3164762337351685,0.22383836489217762,0.20499347660554568,0.2546919247671082
0.3169576761453228,0.21893219512790454,0.21075495495218113,0.2533551737745915
0.3146855191212768,0.22042386022961236,0.20979411729561823,0.2550965033534925
0.3137799651851384,0.21961451441645868,0.21393450607238473,0.2526710143260182
0.3189427383046229,0.21493987786983718,0.2138926245625094,0.2522247592630305
0.31556727016307734,0.21947642015047195,0.21641564279157519,0.24854066689487536
0.3110149483278815,0.22272695798339173,0.21041821688057705,0.25583987680814957
0.2975011022770813,0.22936092987063916,0.21522407204200425,0.2579138958102754
0.30675706109748535,0.2165601892565893,0.21704123539193768,0.25964151425398774
0.3176183125429442,0.20841982409782878,0.23316001745728132,0.2408018459019457
0.32957120185929745,0.20647918783540103,0.21946528577758043,0.24448432452772106
0.3184268372513957,0.22216876109026312,0.217659505976766,0.24174489568157512
0.3125417428146506,0.22713824730640628,0.20045207686091954,0.25986793301802363
0.3105186631252878,0.2211891035215553,0.211556112393691,0.25673612095946585
0.3095596274340964,0.22002679453400137,0.21127562345376175,0.25913795457814054
0.31165188185186704,0.21671015402277377,0.22182599418508667,0.24981196994027247
0.31667934705558265,0.21381577987691433,0.2188033133887778,0.2507015596787252
0.3086583335659006,0.22177617013241396,0.22089657144390315,0.2486689248577823
0.3067722072713756,0.22343842150451096,0.21377067720905674,0.25601869401505656
0.3056305194215763,0.2204692302979949,0.22228402819047396,0.2516162220899548
0.31533497485096135,0.21228849532857672,0.21882561644308965,0.2535509133773723
0.3177540277561151,0.2148516926982641,0.22583334121200355,0.2415609383336173
0.32596941573698346,0.21270954391101263,0.21187497477265996,0.24944606557934393
0.32244756186834717,0.21818221830653328,0.21355599105918283,0.2458142287659368
0.3099820982078841,0.22912210746894565,0.20297286639428017,0.25792292792889004
0.30417439632554644,0.2257715132972663,0.209143486565695,0.2609106038114922
0.3106166793969843,0.2157885452905495,0.21640662444405298,0.2571881508684131
0.31550086691193924,0.21311679233817857,0.22530950567002195,0.2460728350798601
0.32051619070254267,0.2127354061984991,0.2191422830851917,0.24760612001376647
0.309623131995252,0.22444151274671678,0.2179614950556944,0.24797386020233683
0.31071492124714306,0.22207392292819775,0.20908340436761394,0.2581277514570451
0.3065084258108297,0.22146616411798237,0.21966701612386857,0.2523583939473194
0.3175369600416216,0.2117293193120207,0.2145126579400693,0.2562210627062884
0.31876872504677245,0.21485920096112365,0.22605998973300437,0.24031208425909945
0.3233750974952469,0.21426752862065623,0.20843422186960794,0.2539231520144889
0.3095672483557016,0.2247190162870421,0.21528589516721786,0.25042784019003844
0.29784137464219235,0.23267034554497426,0.20547304559449514,0.26401523421833817
0.29911345856009475,0.21986097308233807,0.22292886901877246,0.2580966993387948
0.3086793854475475,0.21200598280470823,0.2272370106382785,0.2520776211094657
0.3062421198578272,0.2177950531193967,0.2344288927367629,0.24153393428601336
0.31080592718766653,0.21499135769522776,0.22203737663743106,0.2521653384796747
0.3004330391094571,0.22486978330367313,0.22748332335410218,0.24721385423276754
0.3037648201792274,0.22162226424965997,0.2160593219608504,0.25855359361026214
0.3057080333110732,0.21485116036270147,0.230547549662841,0.24889325666338433
0.31202742641413883,0.21427307765921663,0.22299226008671433,0.25070723583993026
0.30948003162055,0.21957179028467097,0.22819306397421502,0.24275511412056416
0.3201808673614817,0.21130583745281292,0.21442653052674523,0.25408676465896013
0.3105414631457503,0.2217043564860783,0.221819362972016,0.24593481739615528
0.31023183708267454,0.22263019682980045,0.2074917804462709,0.25964618564125397
0.31034874565616516,0.21736225687964056,0.22146236618770557,0.2508266312764887
0.31312170663601235,0.2166616754328326,0.21498480226201427,0.25523181566914077
0.3074267004090346,0.22160229813429047,0.22341469366244468,0.24755630779423024
0.3111387660050035,0.21712091804281558,0.21430925822708038,0.25743105772510066
0.3078584512624266,0.2192962232098581,0.2254323273184446,0.24741299820927062
0.30552456989506055,0.2226311865358819,0.2163267733403071,0.2555174702287506
0.2983587616273147,0.22299402829614004,0.22476681365222478,0.2538803964243205
0.30537479894127467,0.21720936917665656,0.22279875808253144,0.25461707379953724
0.3077468481115781,0.2157149028049841,0.2342768314509281,0.24226141763250977
0.32251991395378055,0.20631541328960273,0.22095341175644634,0.2502112610001703
0.31012163164105605,0.22287535936115796,0.22542279829748485,0.24158021070030097
0.3093172880029787,0.22385970546738637,0.20530329880916515,0.26151970772046984
0.31300471829751136,0.2146544924755872,0.22139354032063976,0.2509472489062616
0.31019339964223314,0.22051229029491026,0.21484163746988053,0.2544526725929761
0.31873363045630004,0.21269652125104313,0.22090766738512777,0.2476621809075292
0.31759481346764773,0.21698963250781525,0.2173990820240375,0.24801647200049964
0.308272828698679,0.22422866837217956,0.2126481198952332,0.2548503830339083
0.29720202765082404,0.23044408619796483,0.21410393917294154,0.2582499469782696
0.2999802078607668,0.22023983411704076,0.22029838765315218,0.25948157036904035
0.3181779671058664,0.2045473316434632,0.2317798205887665,0.24549488066190397
0.31673094349994213,0.21527585564315116,0.22999660367666583,0.23799659718024074
0.3261434093023446,0.21160849630377684,0.2132168065770798,0.24903128781679876
0.3147223366990962,0.22510099003887232,0.2152870280813698,0.2448896451806617
0.3133810060449302,0.22334576289690733,0.19965623128631368,0.2636169997718488
0.3171120356208629,0.21496273162849447,0.21555869228014998,0.2523665404704927
0.31845688430957797,0.21686257018689978,0.2117690742668757,0.25291147123664665
0.32112013271513984,0.21468254434006967,0.21605570290007595,0.24814162004471457
0.31212141718567477,0.22322630155658013,0.2106600262108151,0.25399225504693
0.30689270517813527,0.22504145321035213,0.2123868470140622,0.25567899459745036
0.31228030686897157,0.21714158231938377,0.21639303989384073,0.25418507091780385
0.3123656722382904,0.21649034709874698,0.21991272527239744,0.25123125539056523
0.3146522307636661,0.21719800364056657,0.2185881245218922,0.24956164107387518
0.31803147464688836,0.21719062533928724,0.2194003565181375,0.245377543495687
0.33081124622398955,0.20896234063035624,0.2110470271974438,0.24917938594821046
0.31961687563171687,0.22264273167395515,0.21127228932467582,0.2464681033696522
0.3117167547578147,0.2272641388930818,0.1995172724085654,0.2615018339405381
0.3145609822131814,0.21795190717976642,0.21196792609217266,0.25551918451487954
0.31656681725456354,0.21641844360139414,0.2126934526472837,0.2543212864967585
0.31759158229076456,0.2159732417118803,0.21727306232248167,0.24916211367487345
0.31209600963628714,0.22186185126832383,0.21369191967982373,0.25235021941556535
0.3127641352165401,0.21983060743191957,0.21455843639701558,0.25284682095452465
0.31105525886916546,0.2206900757589831,0.21641169678575806,0.25184296858609334
0.30323618494579496,0.22433466799954163,0.21498236630013112,0.2574467807545323
0.3150568743493027,0.21300036317318996,0.2205999287299591,0.25134283374754834
0.3262259155225992,0.2093418825739503,0.22581315402380076,0.23861904787964966
0.3331352975656339,0.2095180306530016,0.20988972693280938,0.24745694484855493
0.3150024032327189,0.2278358075915374,0.20897613807219426,0.24818565110354937
0.3093360194372308,0.22950447486981343,0.19880780273726897,0.2623517029556868
0.31995702592703523,0.21126535828862744,0.21151469850331486,0.25726291728102246
0.31271855258696507,0.21984540483104487,0.21455066369890727,0.25288537888308266
0.30551334765181565,0.22620017908508827,0.21495531326034595,0.25333116000275013
0.3117613447916218,0.2150618257768422,0.2168727167335301,0.25630411269800585
0.2924101520544876,0.22998227149492123,0.221289842647746,0.2563177338028453
0.2737183069466204,0.2401699098997452,0.21753130157411668,0.2685804815795177
0.26639965799999565,0.22937515029459146,0.24434969406254195,0.25987549764287093
0.27723915111623276,0.2143221993844344,0.2601581885284379,0.248280460970895
0.28522937206273596,0.20596917042836624,0.28133322143823625,0.22746823607066172
0.28551238143227725,0.20972805094234834,0.27448767267036417,0.23027189495501013
0.28146290429962817,0.22096444731582096,0.2596851045850788,0.2378875437994719
0.2799138512243722,0.2255247361213496,0.24708598121650116,0.24747543143777723
0.28771051967956796,0.21122926390842856,0.2530651192021802,0.24799509720982335
0.30054247247111054,0.20688441676722935,0.2530942637288153,0.2394788470328449
0.2923503791208892,0.22175491004081277,0.24694694658433905,0.2389477642539591
0.3014792929453011,0.2124953961558773,0.2340473092745253,0.2519780016242964
0.29418428327561835,0.2218858564912338,0.24116784773142838,0.2427620125017196
0.29349752738293133,0.22269003550345234,0.22728570124456396,0.25652673586905234
0.2940681929103861,0.21602603236061405,0.2409492218348704,0.2489565528941294
0.298319052274995,0.21790502365723038,0.23607651397291865,0.24769941009485613
0.30432562626618237,0.21245652680842392,0.24108496300278276,0.242132883922611
0.31269482575348406,0.21027407356774291,0.23304270745128225,0.24398839322749072
0.30768924520471025,0.22183960303411845,0.22780029477186034,0.242670856989311
0.30697309720616234,0.22221755018930425,0.21549407573193013,0.25531527687260325
0.30876171276408443,0.21709357844440447,0.22071642546538225,0.253428283326129
0.3106653773658697,0.218395082545467,0.22036596367120648,0.2505735764174569
0.3114884691750147,0.21713109172826048,0.22152241940089196,0.24985801969583293
0.3114627299497525,0.21697471964845375,0.21896078676242653,0.2526017636393672
0.29698580280632436,0.23025410370549157,0.22022353589076743,0.25253655759741656
0.3066214887684845,0.2157451455734791,0.2171569102748678,0.26047645538316866
0.3059477719783526,0.2151012016404376,0.23303750333210183,0.24591352304910802
0.3136822832649042,0.21406596516698423,0.22163275271377317,0.2506189988543383
0.3213383747911422,0.21159823157643307,0.22896104081577404,0.23810235281665074
0.3263478941195319,0.21391668653829846,0.21139871609226848,0.2483367032499012
0.31338381219123546,0.22544242838279846,0.21044071610834103,0.2507330433176251
0.2998902691801319,0.23324229999583387,0.2030600288813739,0.2638074019426603
0.3062118580519098,0.21710503457316022,0.21671921565685726,0.2599638917180726
0.3105891718647897,0.21342413262121995,0.224976116520368,0.25101057899362245
0.31081791464015507,0.2164483414515897,0.22599769309362772,0.24673605081462752
0.31222149102578256,0.21743433798412753,0.22288162121952784,0.2474625497705621
0.3071285817400471,0.22271462725319582,0.22025745314830153,0.24989933785845567
0.30076608821410517,0.22570891169914847,0.21651530250456757,0.25700969758217873
0.29316995130115203,0.2268604778232461,0.22177158543288567,0.25819798544271627
0.3099103550577375,0.2095408882301002,0.22760253140927983,0.25294622530288235
0.32553926497887564,0.20305808253537702,0.23744160646695414,0.2339610460187931
0.3248534818296857,0.21351670277665194,0.21932111598119278,0.2423086994124696
0.3058149885938161,0.23080804444482142,0.21043614467392033,0.25294082228744225
0.2923029251153285,0.236541292937206,0.2061091527543796,0.2650466291930859
0.30751210411297886,0.21034579414726376,0.2210545204548724,0.2610875812848851
0.31531347423219563,0.20796871774945974,0.23289811896895896,0.24381968904938575
0.3063834107197718,0.22198617626528028,0.2255028091247323,0.2461276038902155
0.3065982139291554,0.21941785690749158,0.2203855945009758,0.2535983346623772
0.2929776725356253,0.22996037519806883,0.22450016682697227,0.25256178543933355
0.30100237245220585,0.21753686592462262,0.22018026425121665,0.26128049737195497
0.298182283505867,0.21696873649536857,0.2383935322461526,0.24645544775261194
0.31058582289169584,0.21100300291310975,0.22742675494770717,0.2509844192474872
0.31233720351572314,0.21359234320841486,0.2382331262197544,0.23583732705610744
0.3156454729754551,0.21586523927588716,0.216581217780768,0.2519080699678898
0.3024379226465684,0.2264177182293699,0.22097007630482682,0.2501742828192348
0.2982357595111062,0.22780834688182267,0.21122025629113,0.26273563731594096
0.30830304202274017,0.2110568689828563,0.22846567176250654,0.2521744172318969
0.308288679035877,0.21548966928875507,0.22762131907300856,0.24860033260235934
0.30107942518865216,0.2232504404305778,0.22639520271874874,0.24927493166202125
0.300099460852723,0.2216182644760555,0.22410533747018074,0.25417693720104056
0.29814280332759624,0.22089635135430247,0.2299361393722998,0.2510247059458015
0.3007482661035447,0.21835479491848983,0.2288935037761251,0.2520034352018404
0.2954417382799179,0.22140722748474687,0.233849080542379,0.2493019536929563
0.3063485787940455,0.21307615762382004,0.22977594693615364,0.25079931664598076
0.3121822719648631,0.21241442471361136,0.23720656881269833,0.2381967345088272
0.3180113363697238,0.21278058368739575,0.2212039094774257,0.24800417046545475
0.3062839326625685,0.22476821963272584,0.22013643619363196,0.24881141151107355
0.2997240255489399,0.22910131563022051,0.2106679358670292,0.26050672295381033
0.3069163115001791,0.21436540978046323,0.22341341651484073,0.255304862204517
0.3094852946210525,0.2144832426813712,0.22600609715866143,0.25002536553891497
0.30067164836877575,0.22407409614062926,0.22596238067592783,0.2492918748146672
0.2994019230528588,0.22145978782631884,0.22284112120986108,0.25629716791096124
0.2951660875924805,0.2226371938357939,0.23120920751612029,0.25098751105560546
0.2930980234122545,0.22270988016790935,0.2299280538340449,0.25426404258579116
0.2893554803957431,0.2207464499285205,0.23860931103585722,0.2512887586398791
0.299526705797326,0.21422208689903058,0.23863245893237403,0.24761874837126926
0.30957988874830705,0.20924413360608324,0.24505350078949303,0.23612247685611673
0.31595771230157477,0.210263423136511,0.2309978469665965,0.24278101759531773
0.3072666807735046,0.22402047683394374,0.22308638209816462,0.2456264602943872
0.30331036057780525,0.22738574840602485,0.21234800241110816,0.2569558886050618
0.3117686065652102,0.21274399716194922,0.219131864250652,0.2563555320221886
0.3105275867274426,0.21696411017184036,0.22274643880996714,0.24976186429075
0.2980897839578641,0.22842171714480372,0.2202624580134494,0.2532260408838828
0.30189623860584436,0.2176808227514616,0.22134128031063066,0.25908165833206337
0.2926192806138462,0.22521560971989132,0.23197109636430582,0.2501940133019567
0.29773576279449404,0.21842606541426357,0.22737289244682565,0.2564652793444168
0.2926390676034645,0.21813065286997982,0.24331821832333586,0.24591206120321984
0.29888535725728077,0.21755882649605965,0.23240634564943402,0.2511494705972257
0.30339417744177594,0.214322107370421,0.24349857641266232,0.23878513877514085
0.31628829520399454,0.20803758363185265,0.2285764447224058,0.24709767644174693
0.31312334349820276,0.21748718992736854,0.2289308232027589,0.2404586433716698
0.3138248452853942,0.22203226179441343,0.21142839028461402,0.2527145026355783
0.3143123404565718,0.21766999402418435,0.21543239940837233,0.2525852661108714
0.30366275594718684,0.22573036733022986,0.21170974069761833,0.2588971360249649
0.291355753651528,0.2313922355815681,0.21762024642322428,0.2596317643436796
0.29716361469240293,0.21730682101383456,0.22580085713861134,0.25972870715515106
0.2996828256908385,0.21439397493791487,0.2400789954412414,0.2458442039300053
0.29775684985127054,0.22016227769823973,0.2353410252330653,0.24673984721742448
0.29507300512479084,0.22005549050497006,0.23722161124849697,0.2476498931217421
0.3034883453235217,0.21542614527189433,0.23328288403315542,0.2478026253714285
0.31155254210208805,0.21262927616564012,0.23489133775813897,0.24092684397413283
0.3229996299601402,0.20858327813385108,0.22275009378266766,0.24566699812334106
0.3063661053087436,0.2267744230610392,0.21830221632468344,0.2485572553055339
0.29942008602582865,0.22933544426925867,0.20656681888473638,0.2646776508201763
0.3065635440265618,0.21470123368317506,0.2247559780208107,0.2539792442694524
0.31656237197961795,0.20887051461631348,0.2249572565415404,0.2496098568625281
0.3025615950731216,0.22318575443001926,0.22662465238970317,0.24762799810715602
0.29697249329469216,0.22616226211382623,0.21614479168640352,0.26072045290507806
0.2937753645836222,0.22307066659725205,0.2323848855857313,0.25076908323339436
