0.2648828876142087,0.240300410206288,0.22061859240050033,0.27419810977900305
0.2648079328446516,0.23680551853260276,0.2195329425912448,0.2788536060315009
0.26712251422392,0.24282154158272282,0.22078492880055903,0.2692710153927982
0.2685178234555782,0.23910353053937877,0.21929179866056475,0.2730868473444782
0.2641191316694473,0.242976158190961,0.22249188024673386,0.27041282989285786
0.2646017024205789,0.24414764151319743,0.21866356184950375,0.2725870942167198
0.266658522704412,0.23024390666311323,0.21705273856821675,0.28604483206425807
0.2674138400126213,0.2434231800307152,0.2228491859172162,0.26631379403944727
0.2725028691635861,0.24248911968366507,0.21754026653180122,0.2674677446209475
0.2679072443529992,0.24085571693330013,0.22199039987736824,0.2692466388363326
0.2632695476838214,0.248013799023678,0.22070175200829611,0.2680149012842044
0.2683586277453681,0.2416871152207489,0.21583209811089044,0.27412215892299246
0.2713528983811048,0.23583058287208902,0.2176061275086397,0.27521039123816643
0.27167824155782017,0.24034926331629333,0.22000470527199523,0.2679677898538913
0.2740299072557906,0.24104833735346742,0.21815251089929721,0.26676924449144485
0.2707263423404112,0.2362198098667423,0.2201906226142352,0.2728632251786112
0.2643120037071236,0.23747947355407587,0.22120007285221474,0.2770084498865858
0.26485006979685755,0.23561578288719137,0.21950610137564985,0.28002804594030123
0.26531955260353784,0.22952273517998145,0.2198850575166789,0.28527265469980184
0.26284535030681844,0.24128082220224645,0.22581669332842494,0.2700571341625101
0.2624304081200819,0.2434880486168338,0.221072012391919,0.27300953087116536
0.2582697466401995,0.2410680644173903,0.2228959464966092,0.27776624244580095
0.25848480674888635,0.2501180692100532,0.22071203754458554,0.270685086496475
0.2663777152436135,0.23836774780889525,0.2153400744964732,0.2799144624510179
0.2685362283658432,0.2362206319085257,0.21910810985131526,0.27613502987431576
0.27140833953439264,0.2432299352808321,0.219656544095623,0.2657051810891523
0.274824603873937,0.24126370322658222,0.21782258088523246,0.26608911201424845
0.26893612897532426,0.2374868790208021,0.22111638342397918,0.27246060857989446
0.2646410552851113,0.2446220115578486,0.2207115543969571,0.270025378760083
0.2709528714489476,0.24783786696045118,0.21737390824982397,0.26383535334077746
0.2721051792316927,0.2365282247647432,0.2171321166493861,0.27423447935417816
0.26727369396778494,0.2482294345585046,0.2222481972789467,0.26224867419476383
0.2737320466406602,0.24849022194538956,0.2146589793728889,0.2631187520410613
0.27644081639311796,0.24068935830855442,0.21693450228796318,0.2659353230103644
0.27252614579899315,0.25239418193092794,0.22002663852414167,0.25505303374593735
0.2764805456352142,0.24337043801451627,0.2132069905709864,0.2669420257792831
0.27761596657613835,0.2422777949705964,0.21688352459407603,0.26322271385918905
0.27898868949915034,0.24388558392783824,0.21644146917257306,0.26068425740043843
0.28038224663830763,0.24125650480462915,0.21616783237694182,0.26219341618012126
0.27815383641103386,0.24442209471706314,0.21872474248214752,0.2586993263897555
0.27560829436466194,0.24375954937922062,0.21735748650745873,0.26327466974865865
0.2737170655950976,0.23811727878031091,0.2171773354835496,0.2709883201410419
0.27198554059643737,0.230424339918787,0.21718911045363148,0.280401009031144
0.2743843897304132,0.2436048215728355,0.22157317050662925,0.26043761819012223
0.2774803445958058,0.24636857052743624,0.21892409063678317,0.2572269942399748
0.26723250372345564,0.2464796846110306,0.2227922164623018,0.2634955952032118
0.2622556399182596,0.254532386357499,0.21863241975340836,0.2645795539708331
0.27189265131497325,0.2413542789457283,0.21220238150140353,0.2745506882378949
0.27786164230060295,0.23636293765144128,0.2158604352282397,0.26991498481971604
0.28003688313973585,0.2397805311757945,0.21782463438223476,0.262357951302235
0.2814682568144797,0.24160522695098274,0.2176598652626235,0.2592666509719141
0.2754372080434024,0.23874782102579392,0.22003964793933037,0.2657753229914734
0.2672806328455081,0.24091004988138875,0.2205111461365969,0.27129817113650617
0.26886366224918506,0.24301222684571605,0.21829309607225778,0.2698310148328411
0.2722729053651386,0.23590413304597788,0.2171481459149735,0.27467481567391006
0.2698745040964911,0.24410453249182057,0.2224179465810295,0.26360301683065884
0.2714267405882412,0.2522558512193284,0.21875233908007224,0.2575650691123581
0.27155919276885393,0.24557152896880427,0.2170662508055103,0.2658030274568316
0.2683666955305321,0.2506574847801246,0.21855409583373903,0.2624217238556042
0.27410535801473784,0.24051807769658873,0.212952349768543,0.27242421452013044
0.27942594597186343,0.2331005031362174,0.2153960201338323,0.2720775307580869
0.28177310117957843,0.24150657508242096,0.21928810124527118,0.2574322224927293
0.28062090766154696,0.24211538432783583,0.21849111455758397,0.25877259345303344
0.2710405982727163,0.24279522770463627,0.22160488024323896,0.2645592937794084
0.26580791813450405,0.24423718048026385,0.21864723374562833,0.27130766763960373
0.27090424147930176,0.2442907498329789,0.2167410868971617,0.2680639217905576
0.27482622822470304,0.23371576894968546,0.2158664454547604,0.27559155737085117
0.27281730088052664,0.24706350786010592,0.22245175002352088,0.25766744123584645
0.276131772448173,0.25105578015497154,0.21678897303788244,0.256023474358973
0.27257845881694737,0.2366369206242654,0.21727033708820895,0.2735142834705782
0.2663178305998771,0.24554374091721543,0.2199437385020985,0.2681946899808088
0.27525261250204003,0.23423861250385988,0.213320262376407,0.27718851261769306
0.27793172268468885,0.22613652352781333,0.2182660534341802,0.27766570035331756
0.27216251734232155,0.24228019016181204,0.22550004301527787,0.26005724948058856
0.26913248689038444,0.24082222024252437,0.21943743701233084,0.2706078558547602
0.25986546209723593,0.23441938808668653,0.22334908427505296,0.2823660655410246
0.25724443236177025,0.24553851179763203,0.22166386421309447,0.27555319162750325
0.2668030073562296,0.23819991885306824,0.21654787624595684,0.27844919754474534
0.2669742859736572,0.23316407264265654,0.22067593985117592,0.2791857015325103
0.263865248659879,0.24796863123692917,0.22411092736780255,0.2640551927353893
0.26871618500777533,0.24496730370833342,0.21665987949880042,0.2696566317850907
0.266509548205901,0.23977800177086603,0.22067345617269365,0.2730389938505394
0.2645000310519682,0.2481068358366765,0.21956656010906128,0.26782657300229407
0.2724544822506947,0.24108236553220067,0.21494152661412455,0.27152162560298004
0.27473161438199023,0.2363245613240894,0.21786685467977485,0.2710769696141455
0.2723338772843625,0.24337553264291076,0.22080196656728213,0.26348862350544466
0.273605692269165,0.24094520265600028,0.21696339622521563,0.26848570884961914
0.27058768628878743,0.23486664691783454,0.21990805541424804,0.27463761137913
0.26790143821361434,0.245548485300734,0.2212072396563443,0.26534283682930726
0.27058977868579714,0.23529475602340869,0.2166081571881653,0.2775073081026289
0.26557371092341275,0.2284065821851768,0.22063803863490258,0.28538166825650807
0.2655635330147104,0.24738257562743082,0.22411433865190383,0.26293955270595487
0.2711030597135525,0.24062697056288196,0.21691612032313679,0.2713538494004289
0.2621668087825212,0.24149687210956325,0.2251859953974069,0.2711503237105087
0.2600579387770301,0.2530920835681819,0.21956789554051956,0.26728208211426835
0.2697893976577522,0.23554528755350956,0.2135731337225364,0.2810921810662019
0.2717364289327744,0.2411124482377458,0.22030326970232597,0.26684785312715387
0.2739545182546149,0.24221068482852368,0.21754826191721555,0.26628653499964583
0.2761327563409469,0.24839365957392034,0.21894428004687683,0.2565293040382559
0.27322287582420685,0.238725220466681,0.21726526138870572,0.27078664232040633
0.26707878444295474,0.2389845890197372,0.21983197640319238,0.27410465013411556
0.2715397946601197,0.23783109697203939,0.2164266293634024,0.2742024790044387
0.2756545161311291,0.22908532324145192,0.2178878354907119,0.277372325136707
0.2717413893650412,0.24959875318902186,0.2263391624214275,0.25232069502450943
0.26836884727386695,0.24548940700646424,0.21836979277295124,0.26777195294671746
0.2622111272004118,0.249559433920451,0.2218712477243028,0.2663581911548344
0.26578143560314454,0.2521444220100212,0.21534559437717576,0.2667285480096584
0.2754678538523758,0.23653515908468387,0.21291472261538014,0.2750822644475601
0.2788339850866326,0.24569117752578792,0.21844204877304843,0.2570327886145312
0.28282752881844947,0.24521444370092124,0.21520329218608883,0.2567547352945404
0.2794101302096359,0.24177363454104772,0.21778387917664496,0.26103235607267145
0.27316120952497364,0.23945990595093347,0.2180938412630267,0.26928504326106617
0.27462114704037693,0.24387282847622954,0.21731338933817781,0.26419263514521557
0.27936306261492644,0.23995424597141415,0.216338415390052,0.2643442760236074
0.27397574643022843,0.23568275722870172,0.21976733247738436,0.27057416386368555
0.270195362897877,0.25119997330342025,0.22158769794065908,0.2570169658580436
0.27511555302945695,0.2476626428226642,0.21527197229896106,0.2619498318489178
0.271965709448651,0.24864822372795034,0.21949333400743165,0.2598927328159671
0.2700814974031475,0.25062086235752173,0.216077834990642,0.2632198052486887
0.2769512937032633,0.24009433395594237,0.21282752206080766,0.2701268502799867
0.2823753371235141,0.242329575464707,0.2162214353649202,0.25907365204685867
0.2838070406082267,0.2409768839058791,0.216375270181328,0.25884080530456616
0.27916140917325927,0.24276316354070146,0.21880367244378848,0.2592717548422508
0.2745167538710683,0.24004384324391403,0.21779832880158098,0.2676410740834368
0.2735652927325846,0.24544319436325002,0.21873556686444673,0.2622559460397186
0.27545860273750844,0.23958846284889548,0.21624434756750646,0.2687085868460898
0.27132509535470994,0.22930308614917336,0.21840263986843425,0.2809691786276825
0.2724446545279354,0.2559433289960694,0.22304104487758053,0.24857097159841474
0.27937098574358304,0.25022908190013426,0.21467175432001526,0.2557281780362674
0.2680204030255329,0.24051333915912906,0.22063521579348852,0.2708310420218496
0.26399272886545827,0.2602643309203636,0.2180391355555466,0.25770380465863135
0.2825031420179814,0.24016536807739022,0.20776180980233439,0.2695696801022941
0.2853261124905651,0.23082667132446774,0.21700798518095457,0.2668392310040125
0.27800349565544685,0.24700122033261523,0.220874600635736,0.2541206833762018
0.2819541752037578,0.23791573373910258,0.21353281388307543,0.2665972771740643
0.2755006424049751,0.2309447879750271,0.22063094915595285,0.27292362046404495
0.26440040630720507,0.23001535221079264,0.22063041620229326,0.2849538252797091
0.26009631979961606,0.21486490073339695,0.219344388218141,0.30569439124884595
0.25055478105672213,0.2124992645410659,0.22585165645696242,0.3110942979452494
0.24164363002387015,0.22754089499132082,0.2335944478609021,0.29722102712390674
0.2336185987721606,0.23959085482801928,0.2326725386958651,0.2941180077039551
0.21908275589619106,0.2287085273790319,0.23106085793348372,0.3211478587912933
0.2179092481649058,0.23799525852380615,0.2290572061629163,0.3150382871483718
0.2347448386531392,0.2325936431313394,0.2200019863545882,0.3126595318609331
0.24224016152974248,0.2251926315691005,0.22515467589979352,0.30741253100136345
0.24323029609916463,0.24651824715237972,0.2309335276522499,0.27931792909620573
0.2472337154102068,0.23438744420256769,0.21912645562122693,0.2992523847659985
0.244612458105368,0.2331673614820616,0.2274119360845312,0.29480824432803915
0.24909017273986386,0.24468511838406803,0.2224903476243786,0.28373436125168955
0.25553766278270923,0.22519060696426904,0.2184000222601059,0.30087170799291574
0.25197813253286816,0.23323858245091456,0.22704868720833954,0.2877345978078777
0.2558685040828173,0.2439338382946976,0.22336960559636954,0.2768280520261155
0.2579431782185518,0.23805891723455674,0.2215651842590408,0.28243272028785066
0.25199222378839364,0.2442822992397193,0.22633637719096017,0.2773890997809269
0.25624354333261046,0.25088426304192724,0.21914756183046286,0.2737246317949994
0.264557332262616,0.233548450758997,0.21552909347113267,0.2863651235072543
0.2654359537181967,0.24090999209007508,0.221810438413477,0.27184361577825106
0.2722533901702234,0.24847008380857893,0.21778538006692222,0.26149114595427536
0.27391694745921374,0.2333979213572647,0.21654711563115928,0.2761380155523623
0.26530545254592824,0.24079042686375346,0.22373241671365762,0.27017170387666056
0.2675897586553428,0.2389291938483051,0.21657273447017436,0.27690831302617763
0.27115554127032565,0.23494242026926873,0.2197645051640515,0.2741375332963541
0.26716760903240117,0.23813978988295892,0.22205514435502627,0.27263745672961354
0.26496532002935275,0.24772288103766063,0.22252494697924183,0.26478685195374463
0.26790229886798567,0.2540513552066365,0.2192138261436927,0.2588325197816851
0.2668927038574749,0.2433202028989984,0.21716724994448802,0.2726198432990386
0.26519263740034216,0.2470987934793057,0.2177536613467524,0.26995490777359976
0.2758638033471462,0.23532569441006188,0.21250222407177669,0.2763082781710153
0.2826694838690083,0.23321652440794108,0.217425203494915,0.2666887882281357
0.2790804652247391,0.23821283506981666,0.22109292719103146,0.26161377251441287
0.27163213828893856,0.24114881107844416,0.2213846641987728,0.2658343864338445
0.2658996503281815,0.2434545291788728,0.2211631974261801,0.2694826230667656
0.2643876793596398,0.24004676767516195,0.21872390677069273,0.2768416461945055
0.26547681448103483,0.2341716731761678,0.2184772010362585,0.28187431130653895
0.2669471709254821,0.23009058597306878,0.2192022752416503,0.2837599678597988
0.2707010585555888,0.24673041849658908,0.22374344760728282,0.2588250753405393
0.27113851007519996,0.25302524783819075,0.22149423455589712,0.2543420075307121
0.2606162422276797,0.23961968552444154,0.22011483840034912,0.2796492338475296
0.2571668164988185,0.24738162102003347,0.2190946278593432,0.2763569346218048
0.2736695434504768,0.23317364257608933,0.2115243600005093,0.2816324539729245
0.281614914376281,0.22957293055658962,0.21904282470553696,0.2697693303615925
0.27476633995610944,0.24534848676302784,0.22489302817222792,0.2549921451086348
0.26756233798580303,0.23514355036819776,0.21840057699678583,0.2788935346492133
0.2598974447455508,0.2385576167262408,0.22370407709185977,0.27784086143634845
0.26190419242956514,0.23560361914220068,0.21786854315446424,0.2846236452737698
0.2658866944369949,0.23360316146742902,0.22114926565483242,0.27936087844074375
0.2635833516797981,0.23382256714796007,0.22197438625420812,0.28061969491803374
0.26029742351062285,0.24525087579414015,0.2257361190015357,0.2687155816937012
0.26193177319216127,0.24937349310958082,0.22046994554223445,0.26822478815602346
0.2595852543897718,0.2353783638754812,0.2194774155860933,0.28555896614865384
0.25867893294804944,0.2445214751962947,0.2205147594921256,0.27628483236353035
0.2707812005684641,0.23478015734101151,0.21465833657721414,0.2797803055133103
0.27436250620908864,0.2350854381823741,0.22075773333698603,0.2697943222715513
0.2677111034627705,0.23893919427906285,0.22276901240184313,0.27058068985632355
0.26312181085668024,0.23717888175987895,0.22050317889208498,0.2791961284913559
0.2615018715198998,0.23491686247151033,0.2213017683572989,0.28227949765129096
0.26122384007156657,0.2363612937977574,0.22157935694525102,0.280835509185425
0.26147564971624543,0.23680914113865426,0.22193183478647127,0.27978337435862916
0.2584159589362232,0.23126455493226158,0.22154167770337133,0.2887778084281439
0.25779003758747576,0.24569308164743622,0.22585709060498813,0.27065979016009994
0.2630225528890297,0.24928114751776032,0.21982711218261963,0.2678691874105903
0.2599490251397228,0.23760431579619418,0.22043376068134218,0.28201289838274085
0.25761126739083673,0.24649837219521686,0.22076183250266027,0.2751285279112861
0.26978049598057463,0.23742819454497074,0.2140980024648599,0.2786933070095947
0.27496693584638177,0.232535464382264,0.21897273472029846,0.27352486505105567
0.26983367324135177,0.24086086483792166,0.22313092748685698,0.2661745344338695
0.266705741594289,0.23560397798706403,0.21881404682126632,0.27887623359738056
0.2619474895330365,0.23094171818574705,0.2221427807273858,0.28496801155383067
0.260252839814603,0.23762172285712402,0.22256781087101876,0.2795576264572541
0.2604999465141592,0.22915142613210257,0.22043176969411415,0.2899168576596241
0.2531859948084302,0.2269741188831118,0.2251054520279316,0.29473443428052637
0.2534888707291569,0.24621248249673666,0.22742683184258464,0.27287181493152174
0.2585120662927774,0.2470877942653733,0.22131623188850874,0.2730839075533405
0.2515153216866072,0.23799639657548782,0.2238067510581171,0.28668153067978785
0.2517629659545009,0.25347952901754905,0.22145543898961204,0.2733020660383381
0.26854298773910945,0.23868665781941553,0.21210818027114478,0.2806621741703304
0.27283077630092983,0.23191063549915156,0.21938574423704102,0.27587284396287753
0.26986207432082715,0.2468170899445117,0.22226059929444897,0.2610602364402122
0.27206117338852304,0.22972355736312827,0.21465867550775083,0.28355659374059794
0.2651779343787812,0.23005978927962814,0.22438563283104168,0.2803766435105491
0.2627138700577079,0.23785503136471683,0.22153180007225515,0.2778992985053201
0.2628320255763326,0.23083395655042305,0.22132830432187894,0.2850057135513654
0.253670147872776,0.2294870527730321,0.22508267283536915,0.2917601265188227
0.250936218872389,0.24278900401083525,0.22688110642837395,0.2793936706884018
0.25791336892714606,0.2459477613915139,0.22059753273676444,0.2755413369445755
0.25534115115662126,0.238710108492047,0.2233220760282356,0.28262666432309613
0.25421801321653686,0.2554044028845022,0.22276965220537892,0.26760793169358194
0.2670783806706633,0.24575052507813558,0.2131847064876846,0.2739863877635167
0.27109458811750375,0.23487864192188745,0.2170571779832322,0.27696959197737653
0.26959709353217615,0.237565968406558,0.2192795737383641,0.2735573643229018
0.274953495952331,0.23084014328705596,0.2157947128446886,0.27841164791592443
0.2731174416144776,0.22549730301997323,0.22162796300428503,0.27975729236126423
0.26329875046979034,0.2377777093002541,0.22685043576159702,0.2720731044683584
0.2568061464096407,0.23565990315958907,0.222782315224316,0.28475163520645425
0.25016938176182313,0.23238222505957498,0.22437515023206564,0.2930732429465362
0.2524344205548776,0.24844589869834668,0.2252015841352124,0.2739180966115633
0.26125765080454694,0.24758878449535598,0.21872589194488684,0.27242767275521035
0.2598165174844366,0.244516506796608,0.22180862968545886,0.27385834603349646
0.2588212768267723,0.2420954837305803,0.21783120607062562,0.2812520333720218
0.2683018551884431,0.23667142630925436,0.21601245137079964,0.27901426713150285
0.27774209598483995,0.23769651670643605,0.21786592435873608,0.2666954629499878
0.27474567377754666,0.24029605177589325,0.22182440172798015,0.2631338727185799
0.2646050563324808,0.23256268795460286,0.21993147112587907,0.2829007845870373
0.25986615649003164,0.23433226015062317,0.22263659215899986,0.2831649912003452
