0.32848692508363775,0.19959947801217023,0.23715802906658137,0.23475556783761076
0.3274763257738055,0.20506846720955205,0.23219520369412955,0.235260003322513
0.3232787070994951,0.2003851149577148,0.24115078790913802,0.23518539003365194
0.32844475598463646,0.19530918293308286,0.24045140486046548,0.23579465622181514
0.3414335391686251,0.19929989177838703,0.23196645021829365,0.22730011883469423
0.33265002408965544,0.20723408111220287,0.23016002652554343,0.22995586827259823
0.32332107912315083,0.20639286623546382,0.23003340250500653,0.24025265213637895
0.33001412178212247,0.20045489521845028,0.24032359634678013,0.22920738665264725
0.3254972150910597,0.20100736404999994,0.23754549672108216,0.2359499241378582
0.33754009071385044,0.195311459652976,0.23912058333025082,0.22802786630292277
0.33842151040699064,0.20449145334271812,0.2240853187184142,0.23300171753187712
0.33587545477633823,0.2099538592993998,0.2247308304647413,0.22943985545952061
0.32176402102602725,0.20222961696177222,0.2359476154900179,0.24005874652218256
0.3302933919200653,0.19886435649504944,0.24050261185999694,0.23033963972488844
0.3253158684927391,0.19790856371236995,0.24256834499727237,0.23420722279761857
0.3369040078019289,0.18728864414238733,0.24824954340435637,0.22755780465132733
0.3345246370838572,0.20451305512676457,0.23061118016998974,0.23035112761938842
0.32546275932156504,0.2076695568611967,0.2343090568586081,0.2325586269586302
0.3176309931086312,0.20618873435761376,0.23318672576941996,0.24299354676433516
0.3290310758697177,0.1997736724222442,0.24113435911142897,0.23006089259660922
0.31920877075975906,0.20765137994928284,0.22971428415836248,0.24342556513259556
0.3343114401993022,0.19984086602534198,0.23155448834920742,0.2342932054261482
0.33594786699587414,0.20215017656851456,0.22699479559815436,0.23490716083745689
0.3326063432689881,0.208176228286974,0.22962335840315798,0.2295940700408798
0.3191710799871625,0.2038518984007392,0.23514645660178254,0.2418305650103158
0.33323878239447424,0.20245643974582736,0.23493612182064613,0.2293686560390523
0.3260176272446092,0.20441564070834203,0.2376627490547002,0.23190398299234868
0.32867718707704763,0.19288820639114557,0.24430642855772036,0.23412817797408636
0.3313535765717733,0.20811912337766045,0.22606454294842965,0.2344627571021367
0.33311549744413993,0.2015191112450932,0.23603459368067492,0.229330797630092
0.3273218945856888,0.20740282449538705,0.22761318968594654,0.23766209123297763
0.3350631156106092,0.20396198785277567,0.23331787033871967,0.22765702619789532
0.3242446832899375,0.2033639506292321,0.23329048160772334,0.23910088447310715
0.34149880672749083,0.19123139199312075,0.24320286952850734,0.22406693175088102
0.33711263523768975,0.20392144881507693,0.22965550032421073,0.2293104156230226
0.33821608744679826,0.21360258304214685,0.2199166922967443,0.22826463721431065
0.32739185304081353,0.20601176043827082,0.23089041377223143,0.23570597274868416
0.3309782753922069,0.1989106089266608,0.24186661400620704,0.22824450167492524
0.32433700127672216,0.1947608848274485,0.24661789664966038,0.23428421724616888
0.33834863867638054,0.18563699803234726,0.24960159496781797,0.22641276832345433
0.34626431259366136,0.2006463749979778,0.22978043616637311,0.22330887624198764
0.3347641425617022,0.20691223759132807,0.2331683096220907,0.22515531022487908
0.316441480386785,0.21289305260138058,0.22826527355286957,0.24240019345896474
0.3267080345537662,0.20043172801820486,0.24236727792837404,0.23049295949965493
0.3241660813879111,0.2017660851223137,0.2369449196516485,0.2371229138381268
0.3422941552942444,0.19533352617698452,0.235085495733998,0.2272868227947731
0.3431769413592902,0.20419569099651808,0.22054605782485687,0.23208130981933475
0.33945923058922334,0.21014591069366384,0.22263126898414226,0.2277635897329705
0.3207173792396075,0.20653225614649134,0.23645816214911583,0.23629220246478527
0.32929078479343976,0.1943485947757342,0.24680125650334586,0.22955936392748014
0.3294956678922334,0.19556086754924862,0.24662988940560793,0.22831357515291012
0.33620255220192313,0.1858304645098299,0.25165618658348643,0.22631079670476076
0.3373483612405736,0.20657424784818085,0.22531408155123572,0.23076330936000994
0.332029271453935,0.21291345195186057,0.22588196968972896,0.22917530690447538
0.3182581265744405,0.20915742895445066,0.22976360640170446,0.2428208380694044
0.32998696814082856,0.19996020411433788,0.23962636399065068,0.23042646375418294
0.32487686845824876,0.20087742567520298,0.2351997719546308,0.23904593391191745
0.34458227605059355,0.19516323232702432,0.23383465320676483,0.22641983841561727
0.3460796750652574,0.20200188831102392,0.22498623881766858,0.22693219780605
0.33341952793827,0.2152851997491661,0.22408794360140838,0.2272073287111555
0.3179699277334666,0.20208295486806976,0.24061369282602943,0.23933342457243434
0.33319000349739836,0.18989520803574114,0.2522253647408395,0.22468942372602108
0.32948927256391913,0.19874596286169785,0.24283112107747742,0.2289336434969056
0.3393452508398172,0.18976372141170814,0.24345032037722664,0.2274407073712479
0.3454234851101765,0.2086749379457158,0.2169930068939638,0.22890857005014395
0.3315056562663147,0.21363854047354577,0.227607103340308,0.22724869991983157
0.3150175372808996,0.20291072218401643,0.23531168528183774,0.24676005525324626
0.3377594720499465,0.19507119505442186,0.24245313085098397,0.22471620204464762
0.32806219702382217,0.20166329435273175,0.23551319480652125,0.2347613138169248
0.3470324992738782,0.19082996374625835,0.23708673902141464,0.22505079795844893
0.33898866839958486,0.2066150470971277,0.22580501148143742,0.22859127302185006
0.32329516004490155,0.20959005948445436,0.23522939297521106,0.23188538749543297
0.3162942623089965,0.19981620549594575,0.241903589434259,0.2419859427607987
0.33383818634508877,0.19580387994724774,0.2464367605117794,0.22392117319588403
0.32303006823622793,0.200947767452662,0.23759583498099138,0.23842632933011867
0.3358074470499185,0.19480019044146601,0.23781614848609137,0.23157621402252418
0.3315729550305461,0.20822861714013566,0.22473715762462085,0.23546127020469726
0.3287913231860708,0.20552058907875495,0.23478273652148404,0.23090535121369019
0.3201587223265737,0.20365305819960672,0.23464351740820388,0.2415447020656158
0.3349268837498106,0.20115372760698716,0.2354664108941383,0.2284529777490639
0.3256267114938583,0.2068189264620694,0.22943598601065546,0.2381183760334169
0.3408481465188733,0.18947820640357282,0.24285090265379494,0.2268227444237589
0.3347506935850809,0.20759534149190265,0.22377272184376978,0.23388124307924668
0.3315093720591049,0.21098657048921005,0.22840632551428852,0.22909773193739652
0.32193298985048935,0.20135499197482604,0.23472161119313936,0.24199040698154534
0.337293899583743,0.20050769571592647,0.2388969172441108,0.22330148745621978
0.3193084847065797,0.19857081925460485,0.24299400446799208,0.23912669157082347
0.3361087760610754,0.19053623914281026,0.24220220499866876,0.23115277979744564
0.33746649407286783,0.2080025808802908,0.22875734176813314,0.22577358327870814
0.326731718408665,0.20298179906420882,0.23673823661227766,0.23354824591484855
0.3195672083090113,0.2109573874890111,0.22934240436820283,0.24013299983377467
0.3283526804517741,0.19217139613412806,0.24870284102288506,0.23077308239121286
0.32640473156647154,0.2020431596031189,0.23521211334024078,0.23633999549016876
0.34116349165584064,0.1958635763723695,0.23607171226968518,0.2269012197021047
0.3385579100785384,0.21095361176365485,0.21626892206980589,0.23421955608800085
0.3333550670104699,0.21452034284849594,0.22136145004738103,0.23076314009365315
0.317993364377282,0.19841442873084447,0.24246361322789256,0.2411285936639809
0.32923214476516277,0.2016435904632868,0.23711499210801126,0.2320092726635391
0.33151250293004403,0.18875443169404715,0.2502074910844573,0.22952557429145143
0.34327839556247675,0.19350336983005795,0.2361214412686907,0.22709679333877472
0.3371227444246863,0.21193080427370417,0.2251109726560077,0.22583547864560166
0.31917645246200216,0.20589857213472515,0.237532358878729,0.23739261652454363
0.3214738755348996,0.20456421205492137,0.236571162415987,0.23739074999419219
0.32919660500126496,0.19692924365274062,0.24638845947417864,0.22748569187181586
0.32780068256818823,0.20654940226585097,0.2246852295018495,0.2409646856641114
0.3499423746579983,0.19870166875906825,0.22652055278237992,0.22483540380055356
0.3354005244912904,0.20995266300402618,0.22127756321862818,0.23336924928605546
0.32771090049099777,0.21099368155803302,0.22823020166734573,0.23306521628362348
0.3233498690861505,0.20110410482345262,0.2384626429496279,0.23708338314076888
0.3377095583478425,0.19633203020560594,0.24141247822704526,0.22454593321950644
0.3325344116664598,0.1900937310719042,0.2501570357474301,0.2272148215142059
0.33421741627794,0.19735105596250652,0.23687804057236372,0.2315534871871899
0.33452038973771164,0.20932961608104264,0.22778427576412183,0.22836571841712394
0.3289820554358432,0.20312722663775695,0.23804606470515194,0.22984465322124803
0.3252948608386488,0.20579151914112026,0.2340065805429732,0.23490703947725775
0.3275192863577148,0.2018224501291474,0.23606724879827,0.23459101471486776
0.3312000212898422,0.2052503431716143,0.22826248140092786,0.2352871541376156
0.34669781877155964,0.19046161102464448,0.24017463944153328,0.22266593076226263
0.3395664467229643,0.2071791118507261,0.22190713389106154,0.23134730753524807
0.32875715809706685,0.2204764058122056,0.22027372827802505,0.23049270781270248
0.32244158616446206,0.19390985467235147,0.24617982728809945,0.23746873187508707
0.3374853280013112,0.1929353582488033,0.2461718189915478,0.22340749475833782
0.32610870135297126,0.1990868100062215,0.24612900094393703,0.22867548769687027
0.3307290120919552,0.19224272152188412,0.23889390039791003,0.2381343659882507
0.35153127433542386,0.2052429169069059,0.22483790993075756,0.21838789882691267
0.323239250896119,0.2107835716800114,0.23724602154720206,0.2287311558766675
0.31436095148911974,0.20441823957408362,0.231978744793648,0.2492420641431486
0.34038673210202747,0.1985785541962678,0.23945214896476974,0.22158256473693497
0.3369415095601329,0.18995130481913378,0.2457931959700862,0.22731398965064717
0.35691528900010944,0.19066782153172165,0.23195504061873295,0.22046184884943595
0.3537440942080829,0.20902529172023812,0.21398439007238784,0.22324622399929112
0.3343059231314643,0.21365855163924966,0.21826868070374011,0.233766844525546
0.32758036447971395,0.19779152332738426,0.24314789542295118,0.23148021676995065
0.32736812147759337,0.1821770337058322,0.2565302419075287,0.23392460290904568
0.3249171479979102,0.18965658578663266,0.24491236728292418,0.24051389893253292
0.345007430581393,0.18088681937193687,0.2524634148908369,0.22164233515583323
0.3338010988012191,0.2008942280911627,0.23258688134729524,0.23271779176032287
0.3131561204392506,0.20757157340696092,0.2408653912656415,0.23840691488814686
0.3078971178839879,0.19171504131766381,0.25200826395775094,0.2483795768405974
0.3178262875461918,0.2051851455171104,0.24118453679140434,0.23580403014529347
0.3150015049137902,0.1952430207044019,0.24660463547950337,0.24315083890230438
0.3319014197053473,0.19293875134689853,0.23111667210335,0.2440431568444043
0.3297300516908102,0.2071513537042476,0.22057948089078552,0.24253911371415682
0.31208870524013993,0.2068327507055879,0.22810342861470828,0.25297511543956397
0.31956962434357067,0.2025610722947151,0.23053329758470664,0.2473360057770076
0.3263611964115318,0.20248605746713683,0.23894186608128706,0.2322108800400443
0.31463374699756325,0.19935492629846285,0.2348126348035979,0.2511986919003761
0.3374995634861971,0.1934548132473823,0.2360822811611729,0.23296334210524774
0.32787683538411705,0.2126519338504325,0.2255261507458115,0.2339450800196391
0.3208289622052945,0.20345964946025671,0.23569770616551886,0.2400136821689299
0.3223234329671665,0.20172754032404738,0.23622449526875997,0.2397245314400263
0.3245650359993292,0.20677495083529918,0.2358443135932606,0.23281569957211115
0.31921968309827914,0.20171139082714667,0.23314232393943873,0.2459266021351354
0.3430321822958422,0.203566989083229,0.22472567125518705,0.2286751573657417
0.33205422922797284,0.20830739414076396,0.22260557002530565,0.23703280660595744
0.32460419455582945,0.21077587666423403,0.22508192117968132,0.23953800760025526
0.32268297263439844,0.20338733676969106,0.23506546688108082,0.23886422371482963
0.3337541689581475,0.18819145580453675,0.2502323746119612,0.22782200062535446
0.3329210012285394,0.19445465930843875,0.24346803737427095,0.22915630208875082
0.33677321933906346,0.19450787186085117,0.24165648747037724,0.22706242132970808
0.33238826471907673,0.21327328719342067,0.22162251962083457,0.23271592846666794
0.32710048186614366,0.20735938483758623,0.23524075686723261,0.23029937642903733
0.3153658845756803,0.209186591819765,0.23190982442369978,0.2435376991808549
0.32817814776016135,0.1997871743463724,0.2357009049863628,0.2363337729071035
0.33606967854252223,0.19515095856160491,0.23646824723218773,0.23231111566368506
0.35245971452768526,0.1929776758706602,0.23213836018686898,0.22242424941478567
0.33949186118734687,0.20978933336885044,0.22069807734653388,0.23002072809726876
0.3251268535906152,0.22067385082521132,0.2202214813076361,0.23397781427653724
0.32107804040090154,0.19693919064413484,0.24838079685927378,0.23360197209568984
0.3305551288194791,0.18222813260097656,0.26031281649360577,0.22690392208593851
0.32966844679976787,0.1935154275307024,0.246351587705656,0.23046453796387376
0.3400426014894477,0.19489324458735963,0.23361113192944907,0.2314530219937437
0.3518487305692299,0.21076119038984184,0.21572876902895202,0.22166131001197628
0.3214105114708044,0.21237607862534028,0.23357920056063156,0.2326342093432237
0.3103113014745601,0.20091812065692388,0.23869935079561835,0.2500712270728976
0.3301573573887003,0.20160937808402543,0.23993755644352005,0.22829570808375435
0.33566518328367395,0.1933310092206529,0.2390758259814367,0.23192798151423638
0.35843391398230806,0.19908571956241528,0.22116439153595693,0.22131597491931967
0.334074761612868,0.20964288272683476,0.22086325018876896,0.23541910547152825
0.3180335555015723,0.21445435696133905,0.22811223282286658,0.23939985471422218
0.32282102872343715,0.19332323432175863,0.2505662354841762,0.2332895014706281
0.3356381949821158,0.18368820375855205,0.25781148525590086,0.22286211600343123
0.3307487858909525,0.19868849012256717,0.23543006349720996,0.23513266048927023
0.33782776088981237,0.196992896637464,0.23598449576629876,0.22919484670642482
0.33017737064018343,0.21189381649288713,0.22352209786082364,0.23440671500610571
0.32483100155222316,0.20026976873079702,0.24420111171154135,0.23069811800543866
0.31537652292865814,0.20416723549276106,0.23570905970101494,0.24474718187756592
0.3338863075839978,0.19806786053805286,0.23679675127556424,0.23124908060238505
0.33440054892705384,0.2023190123530717,0.22883730049200549,0.234443138227869
0.34404981180991656,0.19765968670164202,0.2303591188515341,0.22793138263690743
0.32646819084605355,0.20699467246240874,0.22708571184889892,0.23945142484263898
0.3238940490428681,0.21231854324280422,0.22774940543986733,0.2360380022744604
0.3236954174723103,0.1950565949947899,0.24666294818689743,0.23458503934600236
0.33396463697610435,0.18897844718934526,0.24879037959437134,0.22826653624017898
0.32614880579849914,0.1998589234170716,0.23905238275577168,0.23493988802865753
0.3297571591774999,0.19688652275193264,0.23838132668465456,0.23497499138591288
0.33473161385995237,0.20771692944580555,0.22710310496199773,0.23044835173224437
0.3250453134151488,0.20532018351019177,0.23868647011654237,0.23094803295811706
0.3154015594916375,0.20172098126528118,0.23555249438592696,0.2473249648571544
0.3324729932489111,0.2017110657443647,0.23389509349389015,0.2319208475128341
0.33216330946941747,0.20222313153475538,0.23151456916663904,0.23409898982918811
0.34550686893621757,0.1942074915578216,0.2321810163403601,0.22810462316560076
0.33362650595032467,0.20855953068301877,0.22207354844085728,0.23574041492579925
0.3221970948496417,0.2136492216816887,0.22551442647003925,0.23863925699863017
0.323846603337013,0.19503003799651852,0.24426704245487602,0.23685631621159256
0.3335811309211502,0.18972523104886613,0.24944972204288324,0.22724391598710025
0.32285532309679954,0.19932522123660953,0.2415639893423746,0.23625546632421632
0.33090316139269954,0.19103009620494132,0.24302180003988,0.2350449423624792
0.3363468211322654,0.2067799219440635,0.2297496877424849,0.22712356918118612
0.32046840562824874,0.2057848222514352,0.24148363519830293,0.23226313692201292
0.31360673019519275,0.19931847687902443,0.23796865111428642,0.24910614181149632
0.3306528108934894,0.20909995459779643,0.22993760147533754,0.2303096330333767
0.3249324868964056,0.20290636161360237,0.23177783262140358,0.2403833188685884
0.3440920225124197,0.1985067421281296,0.22622003963157158,0.23118119572787899
0.3359566941755588,0.20529925789050338,0.222573265076525,0.2361707828574129
0.32475179276482247,0.20984275856362844,0.2261529595343595,0.23925248913718958
0.3275427626938145,0.19875125672194685,0.2378641792847764,0.23584180129946222
0.33498953712173196,0.19488980900068203,0.24420238743743983,0.22591826644014618
0.31971348218171597,0.20287470683228262,0.23746404035517846,0.23994777063082295
0.33089389329174074,0.18570066797296808,0.25405321635126754,0.22935222238402367
0.33070536973350817,0.19896475464511154,0.23880183451576356,0.23152804110561664
0.3291368563933428,0.19824406449342144,0.24563399866795493,0.22698508044528098
0.3185697485562787,0.2063454460460689,0.2321516956261531,0.24293310977149937
0.3320153179254299,0.20870520116028776,0.22590881119530143,0.23337066971898096
0.32161835208194123,0.21001870819913335,0.22707026283689594,0.24129267688202935
0.33106149607176005,0.19650339735165512,0.23391857538772914,0.2385165311888558
0.3348989292101437,0.20413123581576675,0.22345207478093285,0.2375177601931568
0.336870530555313,0.20619556036655268,0.22411011459830343,0.23282379447983095
0.3324366559990189,0.1976328783992478,0.23665858594417769,0.2332718796575556
0.33487830687459474,0.1923503464737551,0.2485903834582012,0.22418096319344896
0.3212041501085762,0.1931797083092647,0.2507557393170066,0.2348604022651525
0.32753733305331095,0.19986248760961373,0.2428391874000791,0.22976099193699628
0.3277044336007622,0.20920877837232096,0.23127495702171297,0.2318118310052038
0.3264928761225658,0.20106375748380584,0.2384936808870114,0.23394968550661685
0.31793616641606093,0.20000743230807067,0.23500293902860858,0.24705346224725977
0.3274086824223508,0.20677934994102026,0.22989151335354327,0.2359204542830857
