0.2768835529624151,0.22427936630088408,0.24797096451098352,0.2508661162257173
0.25803939173567764,0.21765868306723743,0.26490278530212624,0.2593991398949588
0.274269619379915,0.2242594827497781,0.24823226381614819,0.2532386340541587
0.28291543105896305,0.22452774632354952,0.23899230224824208,0.25356452036924526
0.28255911684472484,0.22198117127480593,0.2441718206328153,0.25128789124765377
0.28241042563774466,0.22309578393094945,0.24646519453142074,0.2480285958998852
0.2655051066132242,0.22051170442983728,0.25953350855666313,0.2544496804002753
0.2730674524327955,0.22277125782905063,0.2500978908063825,0.2540633989317713
0.28086427244208084,0.2246981072442648,0.24176818840531328,0.25266943190834096
0.29300764030005233,0.22555750001203484,0.23101887786736108,0.2504159818205518
0.27774484007705735,0.22111055039059124,0.24744387608256768,0.2537007334497836
0.26871787325033103,0.22039150480215067,0.25687169376955665,0.2540189281779617
0.26701529199604335,0.22191357185256666,0.2512584830299367,0.2598126531214531
0.26632337380839394,0.21988335544948664,0.25111219231596915,0.26268107842615035
0.27739988690575046,0.22344649260343694,0.24084701306097825,0.2583066074298343
0.2853519880862291,0.2230536070283385,0.23638262669225132,0.255211778193181
0.2690728359863098,0.21859523162308417,0.2547729671717808,0.2575589652188252
0.2733155096947322,0.22217371387358456,0.2531027053226377,0.2514080711090456
0.2605037553478457,0.21978988464010002,0.2616416141113926,0.2580647459006616
0.2741261058802608,0.22258063591116878,0.25069974960922653,0.2525935085993438
0.2790147476899152,0.22458900016420014,0.24500204448121285,0.25139420766467174
0.2817496202101024,0.22294884431652703,0.2454435677727312,0.24985796770063945
0.26789069365600643,0.22001816287587775,0.26027945665698937,0.2518116868111265
0.26938501987428787,0.22227579375312081,0.25768606829257296,0.2506531180800183
0.2778322886760571,0.22481525369288854,0.24378314847948926,0.25356930915156506
0.27834408789334475,0.22180246412221008,0.2463923469706363,0.2534611010138088
0.290604025177755,0.22593647179636334,0.23538962955258402,0.24806987347329768
0.29976736885852223,0.22640089778779876,0.22702404349682362,0.24680768985685547
0.27918379614217625,0.2217226821038579,0.24809772589928786,0.25099579585467796
0.2989054470148984,0.22671342643247733,0.23357402065653007,0.24080710589609405
0.2900584276056879,0.22588482492961567,0.23497883466201772,0.2490779128026786
0.2957214824322123,0.22487783733289227,0.23381358921626014,0.24558709101863524
0.28935182405926185,0.22577729006812533,0.23643188576202717,0.2484390001105857
0.2994847702643566,0.226596591820499,0.22681341032384608,0.2471052275912984
0.3049048041945252,0.2275258356373756,0.21991285430156168,0.2476565058665375
0.2969231824795833,0.22419526721792063,0.2318309892844204,0.2470505610180758
0.29117299899397936,0.22533889641369828,0.2314235672729983,0.25206453731932416
0.28596815368191186,0.2235268060269172,0.23493204439396673,0.2555729958972042
0.29587498476026075,0.2271766293101645,0.22340752052845478,0.2535408654011201
0.3076193385751324,0.22652819271378982,0.21669437831333843,0.24915809039773928
0.29825382158437497,0.22358438685453344,0.2297520407534949,0.2484097508075968
0.302263960825397,0.22523177280644383,0.2298245447419068,0.24267972162625226
0.273585405930236,0.22189509541970032,0.25001553392198533,0.2545039647280783
0.2850465624596367,0.2248511230685905,0.23969823243408545,0.2504040820376872
0.2995104856897209,0.22877156045640404,0.22201126061025764,0.24970669324361744
0.3091180828655823,0.22654558665767752,0.2184036116568487,0.2459327188198916
0.28480107489696616,0.22196873853723983,0.2434321506873379,0.24979803587845614
0.27384731245241956,0.22148649001664783,0.25388300994163643,0.250783187589296
0.28079540360731037,0.2255954749258336,0.23781645149323724,0.2557926699736187
0.2849148475730197,0.22348401551472186,0.23485976173296483,0.2567413751792936
0.2961287233885848,0.2262095208832,0.22559900459907628,0.2520627511291389
0.3106290531264214,0.22695036985186687,0.21732440354606095,0.24509617347565077
0.2902001943000456,0.22273384052817718,0.23785092644237904,0.24921503872939818
0.29155537026882206,0.22412422527967735,0.2413087286819542,0.24301167576954644
0.2799037194464071,0.22448756653212942,0.24479560793671545,0.25081310608474816
0.28651419479356743,0.22497851376205805,0.23754942961210254,0.2509578618322719
0.29642342587324694,0.22757442667285346,0.22673248393715054,0.24926966351674923
0.301588863019214,0.22569286775298247,0.22555908212227094,0.24715918710553264
0.2937873877702063,0.2240300026474577,0.23361769581955072,0.2485649137627853
0.2823252522625262,0.22241272365264697,0.24502244861870867,0.2502395754661182
0.2805414697652683,0.22470089930951512,0.23936979844432538,0.25538783248089114
0.2897648536430807,0.22491452670263556,0.23049760542659004,0.2548230142276939
0.30468257062763254,0.22774719015109318,0.21884839311495902,0.24872184610631526
0.3147428186574058,0.2269204641925594,0.2149095291628265,0.24342718798720822
0.27608328719002445,0.21968986257151313,0.2528726420312598,0.2513542082072026
0.28403987834524735,0.22448335398767896,0.24580868361927152,0.24566808404780222
0.2745481502198458,0.22451779156366414,0.24325654164677737,0.25767751656971266
0.2831516635543618,0.22316155400266965,0.2372299916636758,0.25645679077929273
0.2970859008609443,0.22732609121662514,0.22362908878740428,0.25195891913502627
0.29511926443476477,0.22337432136174198,0.2291826303803677,0.2523237838231256
0.2669270522998663,0.21768902552843264,0.25560157169025555,0.25978235048144555
0.26626423028927054,0.22146044500070008,0.2554694027840256,0.25680592192600366
0.2707027946322705,0.22312549224583855,0.24344340296239073,0.26272831015950016
0.28326258830728157,0.22227318366047388,0.23800378882648843,0.2564604392057561
0.28817309160036936,0.22469726547908736,0.2361072402225745,0.2510224026979688
0.2860644082320095,0.22276455902477554,0.24079434594718055,0.2503766867960343
0.26035672350826844,0.21771102121544367,0.2684898644635262,0.25344239081276176
0.2733209264244802,0.22398847988059095,0.2550242619760753,0.24766633171885347
0.2756502472549787,0.22452377823306036,0.24536789126214273,0.2544580832498183
0.28350532657052574,0.22284985404807262,0.24346744381560304,0.2501773755657986
0.28055901006974493,0.22437172441990652,0.24483513895474146,0.25023412655560706
0.2895827852620247,0.22472764686918958,0.23660016275560417,0.24908940511318148
0.27074159842028894,0.22070874834693852,0.2531325295034847,0.2554171237292878
0.28027304499707845,0.22417003084257342,0.24520848396275038,0.2503484401975978
0.27798518539657574,0.2238657736191615,0.23981719842652346,0.25833184255773933
0.27579422722686864,0.2202654133620779,0.24597024625358438,0.257970113157469
0.28531329337298994,0.2258356262917866,0.23455906699856952,0.25429201333665385
0.2847680399414856,0.2225860872062585,0.23713018877098843,0.2555156840812675
0.27731734392060303,0.22091827333459582,0.2477921549539912,0.25397222779080997
0.28876521071968675,0.22492017832058295,0.2398434709903295,0.24647113996940093
0.2646702630501747,0.21995178599205828,0.2567962672289466,0.2585816837288205
0.28085425472368775,0.2236898107885096,0.24609700398573622,0.24935893050206642
0.2831470194969879,0.22550106250812696,0.24007071377239,0.25128120422249517
0.3009187914052387,0.2260743340899545,0.22798468783528222,0.24502218666952452
0.27651970470791304,0.22078718305576536,0.25284476344901974,0.2498483487873019
0.2645632063055137,0.22030610625484415,0.26460507644124664,0.2505256109983955
0.2797977112640916,0.22667695015841696,0.23807743427735847,0.2554479043001331
0.27389411224610705,0.22125176579923223,0.24497474794568377,0.25987937400897704
0.3020683435671851,0.2280062441814417,0.2220174896405011,0.2479079226108721
0.2990657444625228,0.22424106132229318,0.22721937058066585,0.2494738236345181
0.284810309750008,0.22138975474775524,0.24524101499381626,0.24855892050842043
0.28368315532799543,0.22418048509349348,0.24468919383259485,0.24744716574591627
0.27324301783496474,0.22297959083134758,0.24886994529005407,0.25490744604363347
0.30773041103714155,0.22926666041518268,0.219199585347578,0.24380334320009783
0.2999385483875009,0.22633553755083713,0.22745550785894397,0.24627040620271787
0.2980816321957813,0.22422364189714655,0.23458291241234688,0.2431118134947253
0.2766206266508769,0.22234276834042138,0.25230819349789263,0.24872841151080916
0.2795723601014387,0.22475965089288605,0.2448869803298962,0.2507810086757789
0.293930787604415,0.2276220563968438,0.22481052807373286,0.2536366279250084
0.2965903856389352,0.22438376110414818,0.22723052947703237,0.2517953237798842
0.31034297270724753,0.22815714356892355,0.2149538637600685,0.2465460199637605
0.3004012767342488,0.22450790252076971,0.22592717732392217,0.24916364342105918
0.292434201372379,0.22366944511377293,0.2368478454350303,0.24704850807881784
0.3040910067166374,0.22709929517409153,0.22593562837250455,0.24287406973676653
0.29308036698291245,0.22576140685926652,0.23089968175719905,0.2502585444006219
0.29998193249854366,0.22631778428600968,0.22763863414314717,0.2460616490722995
0.2971604751605177,0.22657112407782046,0.22857199622877009,0.24769640453289177
0.3080371380423375,0.22699888211676328,0.22056120164891035,0.24440277819198894
0.29147377321772056,0.22404668948564316,0.2347515671426248,0.24972797015401155
0.2866632941355385,0.22417102689803986,0.2389654203936993,0.25020025857272227
0.2934576030695248,0.2266282708541714,0.22648869198713698,0.25342543408916685
0.28995571935778436,0.22363894479343818,0.23022725902022484,0.25617807682855254
0.31284642751066777,0.2292532670024803,0.21174590232783733,0.24615440315901463
0.30663417733188925,0.2252390252601266,0.2204786353152765,0.2476481620927077
0.2894033045436866,0.22155454332008687,0.24197751368366663,0.24706463845255996
0.3043981725145708,0.22799952170248106,0.22740958277687856,0.24019272300606945
0.28381552210268224,0.22447456146194508,0.23841042828219827,0.2532994881531744
0.2913766393634473,0.22464960230369882,0.2353361810750723,0.24863757725778152
0.3092578625350822,0.22944426199914109,0.21778579805348475,0.24351207741229197
0.30476131051290173,0.2260593954461544,0.22022770404651665,0.24895158999442724
0.2732103194838974,0.21897802833295446,0.2535691656748184,0.25424248650832976
0.26339172215909995,0.22062762765103736,0.25675589505819535,0.2592247551316675
0.27328108814464735,0.2231439042131952,0.23336079750535324,0.27021421013680424
0.2655638454486191,0.21615797540428733,0.24135656658917515,0.2769216125579184
0.2563742135726125,0.21615443268635534,0.24710425566725405,0.2803670980737782
0.26181060449135035,0.21577970615173073,0.2455488927105367,0.27686079664638225
0.21778566540500408,0.19848110948002878,0.2892795503222941,0.29445367479267304
0.20471995910398674,0.20156518208256505,0.3022931628426586,0.29142169597078965
0.2060523395139588,0.2035641872531986,0.2997162643221916,0.2906672089106511
0.21661104078323243,0.20651011950031398,0.2967045978094364,0.28017424190701706
0.25238379274017736,0.21957356256876104,0.268295337561007,0.2597473071300546
0.2296668415216352,0.20874555884676513,0.30018233203684075,0.261405267594759
0.1960560711979401,0.20037389939898143,0.34646629339672125,0.25710373600635716
0.20273759508694214,0.21302027111167735,0.3237700238863898,0.26047210991499054
0.210219332481903,0.2085998518433779,0.31356583313490693,0.26761498253981214
0.23990317980544826,0.2169858795596639,0.28249760245935557,0.2606133381755321
0.2402534416054053,0.21703910620777705,0.28242887932118976,0.2602785728656279
0.2439095243413569,0.2154715481408277,0.280368715723349,0.2602502117944664
0.2443201113425288,0.21598228935163824,0.283813086951523,0.2558845123543099
0.25235669603686556,0.220681553660203,0.2731558028004014,0.25380594750253005
0.24864611213727036,0.2171230107459131,0.27508182953312543,0.2591490475836911
0.25996486262640117,0.2207888096585159,0.26745966391577586,0.251786663799307
0.2759779780354097,0.22548245802666078,0.2489837394495657,0.24955582448836375
0.2711129764840349,0.2201552019335592,0.2573666047368466,0.2513652168455594
0.2614763223511249,0.2196058141321549,0.2697879205215444,0.24912994299517574
0.2586696130477884,0.22133966496619828,0.2651952193968656,0.2547955025891479
0.2646276456980883,0.22161367452715278,0.25478916831614046,0.2589695114586184
0.2777231201030625,0.22299036231842687,0.2448535537799215,0.25443296379858926
0.28600314655558096,0.2248018303014656,0.23648755125299975,0.2527074718899537
0.2990408496741533,0.22500945498444475,0.22934408666500053,0.24660560867640158
0.26865780560238417,0.2189501283276069,0.2604790220391677,0.2519130440308413
0.2844675543907926,0.22517664054281175,0.24499718267474463,0.245358622391651
0.27960357519896584,0.22528296323165342,0.24081195466955746,0.2543015068998233
0.2831504476654879,0.22347998898888324,0.2419567270019705,0.2514128363436583
0.29242811702069926,0.22654668253309676,0.23147382780592715,0.2495513726402768
0.290834775457099,0.2235278817245874,0.2363981616308916,0.2492391811874221
0.2777846392830094,0.22153295774820037,0.24789368893935607,0.2527887140294342
0.2626781123678089,0.21962020741830077,0.25971506359173163,0.25798661662215877
0.274000649271961,0.22380863199318798,0.24216321019045314,0.2600275085443979
0.28460043000126783,0.22401968332445255,0.23158816022536455,0.25979172644891496
0.2962435326609501,0.22585102990000291,0.22489833051847338,0.2530071069205736
0.3013133410793711,0.22467953811520905,0.22727576677679817,0.24673135402862156
0.27281011620347984,0.21819832444256992,0.2586803663008546,0.2503111930530957
0.2684982349205229,0.22166491965741214,0.26063066450162015,0.2492061809204449
0.25655225182460545,0.22088240891714317,0.2621554784393889,0.2604098608188626
0.2766942122866038,0.2244534640448382,0.2426413077227226,0.2562110159458354
0.30769995983454934,0.22871541674610368,0.21776743778173666,0.24581718563761018
0.2850981935763593,0.2205023035406597,0.24283763304284128,0.25156186984013973
0.25321669616955456,0.2154500651019728,0.27591182891993404,0.2554214098085386
0.24035145785177595,0.21743265726031247,0.27800358405866327,0.2642123008292483
0.2685362412304953,0.22426926573558292,0.2438995827799716,0.26329491025395035
0.29075961708509046,0.22435810859163688,0.22734627068318156,0.25753600364009094
0.2803300418004879,0.22130260882740674,0.2425731716469861,0.2557941777251192
0.2830243585160656,0.22239222467908615,0.24344164150480638,0.2511417753000419
0.24520082975436458,0.21365436279024183,0.2818247475795959,0.2593200598757977
0.2662755815003412,0.22332371352449437,0.25851363859209625,0.2518870663830682
0.265636927268256,0.2225529125431624,0.2520688970588165,0.25974126312976503
0.2768354893870629,0.2220332802597704,0.24783975794686955,0.2532914724062971
0.27857236086838777,0.22331137057650172,0.24605864929569857,0.2520576192594118
0.2677448160984145,0.21927314607654583,0.2586245272688614,0.2543575105561782
0.25040978234307604,0.21668763616604447,0.2724773227387179,0.2604252587521616
0.24742901544886897,0.21808630573518653,0.27141001908632656,0.26307465972961797
0.2713464759568306,0.2236476952895113,0.24408026324012438,0.2609255655135337
0.27088821796406076,0.21917080543315715,0.24793279338701674,0.2620081832157653
0.2694224908746846,0.2208040793193687,0.25217396747872417,0.2575994623272226
0.2733379399668195,0.2219690692731506,0.2501800691814437,0.2545129215785863
0.25792803098949624,0.2169329483332887,0.26834694764692857,0.2567920730302864
0.27053167677603895,0.22254422676268168,0.2570357436807188,0.24988835278056049
0.25874279516988763,0.22028463662805017,0.26367786655066083,0.25729470165140134
0.26582252440580006,0.22092930446546125,0.25870566162213476,0.2545425095066038
0.2782114302639066,0.22440999846856993,0.24673940428124896,0.25063916698627464
0.27301105274459087,0.22081897006917164,0.2524873042561656,0.25368267293007185
0.25016728128528726,0.21552801947633274,0.2743446936997033,0.2599600055386765
0.2482735788246259,0.2188509181409923,0.2705567546807598,0.262318748353622
0.259698388094871,0.22044043240355857,0.2530063628821509,0.26685481661941934
0.2643542204891477,0.21781761940645408,0.2511301075066279,0.26669805259777024
0.26863813572163714,0.22121150337816042,0.2485031337666989,0.2616472271335034
0.2673345875243718,0.21956814992458376,0.25289275956164653,0.2602045029893979
0.2522590292051853,0.21465549441461826,0.273011090461935,0.2600743859182614
0.26636053131721615,0.2224128941092959,0.2602992606511962,0.2509273139222919
0.2564475141902689,0.2193140028987013,0.26594127481114477,0.2582972080998851
0.2587849910266024,0.21900865918280837,0.26865203597966186,0.2535543138109273
0.2798240070671685,0.22601705814166242,0.24761109325256955,0.24654784153859965
0.2657356640254643,0.21931409649835273,0.26131872503096215,0.2536315144452207
0.24364813971184507,0.21441857832663008,0.285982816066967,0.2559504658945577
0.24706539981091072,0.2203535980284919,0.27227043039878096,0.2603105717618163
0.26157037880315037,0.22088036426313684,0.25202276953784825,0.2655264873958645
0.2657914074660756,0.21809561177254783,0.2515058987070069,0.2646070820543698
0.2598011930844755,0.21897382490385245,0.25685945602577326,0.26436552598589874
0.27115234391634074,0.22118145702400058,0.24719748136245168,0.260468717697207
0.2529624665354837,0.215252344740769,0.26934615881088847,0.26243902991285883
0.27768537308554814,0.22441429088367407,0.2500646142234798,0.24783572180729807
0.2692313605426168,0.22153850951311815,0.2554517198684032,0.25377841007586194
0.2608344552420639,0.21813192755923785,0.27092445984325686,0.2501091573554412
0.2612218575462228,0.22220808494212477,0.2666543755532308,0.24991568195842162
0.2657213056529667,0.22215920909666462,0.25788840114186934,0.2542310841084993
0.2564648613071393,0.21825645354859757,0.26680394318589973,0.2584747419583633
0.26014234831242455,0.22075293272026614,0.26122720653323883,0.2578775124340704
0.2647436472665306,0.2203436999583307,0.25153893275008915,0.26337372002504955
0.25193013904529465,0.21449629039946058,0.26498659633711436,0.2685869742181304
0.2590123261595512,0.22062733668353926,0.25682124245266696,0.26353909470424247
0.2759119503837571,0.22286943847567503,0.24281018982265498,0.25840842131791275
0.28068221469649407,0.22135450279392385,0.24517894173280141,0.2527843407767808
0.2707788376594457,0.22003846128868798,0.2598667386583536,0.24931596239351256
0.25069806701618375,0.2182287670058109,0.27654720695400054,0.25452595902400493
0.2616959365090802,0.22206686660986716,0.2635284606244897,0.252708736256563
0.27208846983227863,0.2233828262461745,0.2540286367873883,0.2505000671341585
0.27534429008889827,0.2213225322933692,0.25194183685380395,0.2513913407639287
0.2496883619902658,0.21619803911335572,0.2754150310709456,0.2586985678254327
0.247539643839473,0.21911303994063824,0.2697294796269527,0.2636178365929361
