0.30602132808557386,0.2179262484065805,0.22033324415134417,0.25571917935650146
0.30417717095717667,0.2175567336755144,0.22194053567733335,0.2563255596899756
0.3047442586958249,0.2175259360141763,0.22225506413573867,0.25547474115426017
0.3020050125089545,0.21396304024476318,0.22146233448079594,0.26256961276548635
0.3061563788021309,0.22028815588651693,0.221313316565351,0.2522421487460011
0.3056317409696885,0.22014242821670513,0.22298284294131548,0.251242987872291
0.3010965140301134,0.21480503049789998,0.2229164243155749,0.2611820311564117
0.3052582340655622,0.21879228164925793,0.2206434238411061,0.2553060604440738
0.30224460766622163,0.21492776092910057,0.22187992732030548,0.26094770408437234
0.3018191855050993,0.2132872450018318,0.21953156834060342,0.26536200115246555
0.30490658570519014,0.2188068888783697,0.21971912432148188,0.2565674010949583
0.3040381388845436,0.21614374773944303,0.22094498054886264,0.25887313282715074
0.30228108416379124,0.21202259842548984,0.22088005804398994,0.26481625936672903
0.3065405937158397,0.21652849256257709,0.21991477832558012,0.257016135396003
0.3048308202382232,0.2149525549875327,0.22191914438530969,0.2582974803889344
0.3047607292296903,0.21573570494017763,0.22142609950560452,0.2580774663245276
0.30634670614415604,0.22087219645055708,0.2227477631657746,0.2500333342395122
0.3053361688635848,0.21970059765494182,0.22374234941788101,0.25122088406359233
0.301017970182385,0.21519789877264942,0.22362404983168654,0.26016008121327905
0.30513301096903933,0.21979689781918618,0.22165490537601454,0.25341518583576
0.30226813327545604,0.2170790828098907,0.22384238302089057,0.25681040089376267
0.3004922524616078,0.21399487269856782,0.2206644375990501,0.2648484372407743
0.3055284509585364,0.22081874838429222,0.22057886703023652,0.25307393362693487
0.3053875630968899,0.21922432372511758,0.22285569137262443,0.2525324218053681
0.3044475217401724,0.21701752935362456,0.2232157452265554,0.25531920367964767
0.30717482782683503,0.22046953403178166,0.22272807812582873,0.24962756001555467
0.3057213654040722,0.21886939988164483,0.22464091102742617,0.2507683236868568
0.304662731907728,0.2180326552562858,0.2235948011652718,0.2537098116707143
0.3050307671854589,0.2212842638204108,0.22314907189774486,0.25053589709638535
0.30586688613560575,0.22027500048151386,0.2234310285898456,0.2504270847930348
0.3037915201221374,0.2176025825016823,0.2241091004119822,0.25449679696419814
0.30628800066451745,0.22065731897206162,0.22257677005853305,0.250477910304888
0.30322304719612325,0.21646740710265736,0.2227604369868964,0.25754910871432296
0.3034425389397058,0.21479803047580645,0.22067596845634566,0.26108346212814215
0.3084537833252503,0.22084877210257278,0.22150492786504838,0.24919251670712858
0.3058328641304428,0.21775237801738315,0.22326207167793982,0.25315268617423414
0.3054841782900616,0.21621343733825132,0.2227855940867543,0.2555167902849329
0.30671631936592664,0.21767016665732578,0.22233899160108206,0.2532745223756655
0.3051705523355164,0.2156890434894952,0.22296327640998662,0.25617712776500173
0.30649938216575773,0.2174836559683622,0.22193293516513649,0.25408402670074354
0.3075936315277665,0.22090282960593,0.22341491050109752,0.24808862836520607
0.3071251083120361,0.22073961293121344,0.22449658616862325,0.24763869258812726
0.30331593091650194,0.21729233087867478,0.2242956184157992,0.25509611978902397
0.30526392798632296,0.21856622068570988,0.22212382665258132,0.25404602467538584
0.30319275890639563,0.2154200499600678,0.22297207047820197,0.25841512065533456
0.30293986787082233,0.21467756422038398,0.22052386321802842,0.2618587046907653
0.3054124490017845,0.21982436929105004,0.22034628307390094,0.2544168986332646
0.30631087589440026,0.21892910014772266,0.22231439958716742,0.25244562437070966
0.3059790798439684,0.21676022067857967,0.22321329139756443,0.2540474080798875
0.30720155603226795,0.21822952454063005,0.22276620345515138,0.2518027159719506
0.3064467631066137,0.21823206004394913,0.22376064009896188,0.25156053675047535
0.3056109034267048,0.21822261682255958,0.22338482129217116,0.2527816584585644
0.30592984861150185,0.22174429797125111,0.22368130873435363,0.24864454468289343
0.3058317317266155,0.22088209321231392,0.22399040977716136,0.2492957652839093
0.30242856781473215,0.2158414538182555,0.22387840290236413,0.2578515754646482
0.30442376058226067,0.21752206209920244,0.2214023081468391,0.25665186917169786
0.3042422417628147,0.21665497711881052,0.22177952879861362,0.2573232523197612
0.30289718610490735,0.21376557022133502,0.22031328891177698,0.26302395476198065
0.30860071560582136,0.22083431058387465,0.22122764174957416,0.2493373320607299
0.3073050371042668,0.21959432829515355,0.22372369590808547,0.24937693869249408
0.3042527780514869,0.21522247337978034,0.22352825109422608,0.2569964974745066
0.3072450527602699,0.21884598482640258,0.22222357381438426,0.2516853885989433
0.3053774329981961,0.21771869855847714,0.22372467668006402,0.25317919176326276
0.3038215570938446,0.21675701818985238,0.22199345722813804,0.25742796748816504
0.30494882200423595,0.22181660162397926,0.22230425456046451,0.2509303218113203
0.3051585091322254,0.2190236563312397,0.222693836270816,0.25312399826571885
0.2972879916181636,0.2069068763709451,0.22066864934753097,0.27513648266336044
0.3076072961234791,0.21750965283994134,0.2175643848379144,0.25731866619866517
0.30500689597661285,0.21443088749693276,0.22129782133193385,0.2592643951945205
0.302516848601669,0.21118536939079108,0.21962967037872266,0.2666681116288172
0.30904839160809,0.22111409573289117,0.22038062177594356,0.2494568908830753
0.306238775927874,0.21753087279350317,0.22336584022554215,0.2528645110530807
0.30264504483648696,0.21325836314105318,0.22328319338975644,0.26081339863270353
0.3077103324527716,0.21994431804276088,0.22160303675347004,0.2507423127509975
0.3033238789580149,0.21694277143753912,0.22479903867760884,0.25493431092683716
0.30223969650641797,0.21673973237413086,0.22206203465135052,0.2589585364681007
0.30486762390090894,0.2224760978798876,0.22199235063549075,0.25066392758371264
0.30420117961817444,0.21883894310495958,0.2230098526804807,0.25395002459638527
0.3012398257408026,0.21450553449621027,0.22277378522035546,0.26148085454263176
0.306190554612657,0.2209556604096542,0.22089594991822056,0.2519578350594682
0.30123198264776113,0.21474733547547697,0.22273258344924535,0.26128809842751644
0.30124704623773607,0.21265435372364727,0.21900102167912805,0.26709757835948866
0.3070639635685151,0.22140212967291595,0.2201799977000349,0.251353909058534
0.3049097629871038,0.21649433223278117,0.22211089155124308,0.2564850132288718
0.30261720665549824,0.21259942049934863,0.22172070377046393,0.2630626690746892
0.3078951283373519,0.21937357894793444,0.22091034830357106,0.25182094441114267
0.3034580278077482,0.21461505753181573,0.22325386224200972,0.2586730524184263
0.30432079634564246,0.21598305427913161,0.22121903165672427,0.2584771177185017
0.3076438560040787,0.22137245813706014,0.22233740172054664,0.24864628413831447
0.3061713198568538,0.2193499434580485,0.22445065458943556,0.25002808209566213
0.30187848560179736,0.21580200321777454,0.2238372363633372,0.25848227481709085
0.3056244317358043,0.22015000586954733,0.2215253687382813,0.25270019365636714
0.3012294967815455,0.21524135130061584,0.22308514084696549,0.2604440110708731
0.3036660167266458,0.21744016648108538,0.2207313417960348,0.25816247499623396
0.3058168133590469,0.2220149526331516,0.22153799275809427,0.2506302412497072
0.3028874363155206,0.21590636817384434,0.22286272084756514,0.2583434746630699
0.3049531189242597,0.21545335471876156,0.22167745850839835,0.25791606784858034
0.3053753607284385,0.21662799091619,0.2214207206295431,0.2565759277258284
0.30675507332676194,0.21728841929804538,0.2221969395867282,0.25375956778846454
0.30675558317104945,0.2192091278129639,0.22328583579569622,0.2507494532202905
0.30737086700903554,0.22181541429120336,0.22429161793809166,0.24652210076166936
0.3057466317105172,0.2196332201244415,0.22454095722286543,0.25007919094217596
0.30284159525441573,0.2164455636163637,0.22391609593394488,0.2567967451952758
0.3072557233295335,0.22078291975091452,0.22263596450668738,0.2493253924128647
0.30131657730913874,0.2152560602643589,0.22353061340088493,0.25989674902561744
0.3038861773717964,0.21839754402206066,0.22057980842013078,0.2571364701860121
0.3060420457780301,0.22095210318462707,0.2219463947804673,0.25105945625687554
0.3047858233146411,0.2166524525844621,0.2229006347429642,0.2556610893579326
0.30714486628177007,0.2174942656657535,0.22220637730179726,0.25315449075067914
0.30739436274914334,0.21836807328172225,0.22308267696023867,0.2511548870088957
0.3067669373911872,0.21834684879505434,0.22400477080495773,0.2508814430088006
0.30620430422787037,0.2198241140532582,0.2236544085803568,0.25031717313851465
0.30684470447760664,0.22110634748569305,0.22397640627477533,0.24807254176192495
0.3063399571775974,0.21951680232714635,0.2244529174662867,0.2496903230289696
0.3038595567174088,0.21746551058813154,0.22387215781723863,0.254802774877221
0.30574903812630577,0.21991977994129427,0.2223855136205798,0.25194566831182014
0.30245267334471876,0.21480309495153171,0.22225465045222434,0.26048958125152516
0.30461618717187056,0.21577284789495946,0.22020546978370403,0.25940549514946604
0.3083462511726331,0.22146519282963797,0.2220276500345722,0.24816090596315668
0.306350300038333,0.21799320628825938,0.22379273735092478,0.2518637563224828
0.30515124488499673,0.2146897515923571,0.22239773132540003,0.2577612721972461
0.30838752109413253,0.2197122913910995,0.22288081146892544,0.24901937604584248
0.3071920504339028,0.21890019124805507,0.22441851283059244,0.24948924548744958
0.3041235802898879,0.21664874993340094,0.22303942537497656,0.2561882444017346
0.30821243160223066,0.22302812750536202,0.22322429703261942,0.24553514385978797
0.3063880172694937,0.21999764400572022,0.22494494537005547,0.24866939335473062
0.2992110095951137,0.211558336628257,0.22214763385413974,0.2670830199224895
0.30624761181561827,0.2207651413643663,0.2190677882300163,0.25391945858999915
0.29814175914073365,0.20815540481815548,0.21935437478421593,0.2743484612568951
0.2959416189992597,0.20555543806799487,0.2125889096634925,0.285914033269253
0.30664171836667864,0.2218904628517179,0.21313055881088153,0.25833725997072193
0.2992115735760985,0.20494577914815879,0.21647654687534085,0.27936610040040183
0.2930501888497189,0.18804193243933723,0.20821125158904674,0.31069662712189716
0.3079141823846512,0.20109752750426194,0.20429626753959063,0.2866920225714963
0.30081670248697207,0.19624707051704995,0.2106854932070344,0.2922507337889435
0.3062355971112248,0.20449574498412837,0.21150364915866857,0.27776500874597826
0.3107836856971919,0.21722610444587614,0.21763673653863694,0.254353473318295
0.3037355946922087,0.21439246601627268,0.2232228537628178,0.25864908552870086
0.2944240086272074,0.20860686305176276,0.22336617078946633,0.27360295753156355
0.2990713305968059,0.21689049437799066,0.22035862910295753,0.26367954592224596
0.29113757094290577,0.2102202194784461,0.22346196062212753,0.27518024895652055
0.28431113693290133,0.21100989007916568,0.21919751829641107,0.2854814546915219
0.2947246061269832,0.22983685063563544,0.21696539587741703,0.25847314735996424
0.2916041550762911,0.2136500126036081,0.2194216827138113,0.2753241496062895
0.29319166927758833,0.20896556370555391,0.21934686616842194,0.2784959008484359
0.3063265155133806,0.22086051612017157,0.2176486092650893,0.25516435910135865
0.2933050294146858,0.20770988344037605,0.2225059751399598,0.27647911200497843
0.30221453872437704,0.21869110024474095,0.21838237433968777,0.26071198669119416
0.306040263795068,0.2231529552090925,0.22172370603596925,0.24908307495987028
0.3004769174944575,0.21507721007489106,0.22366670366987695,0.26077916876077445
0.3026863048894196,0.21927398071842438,0.22188375403522823,0.2561559603569278
0.3030906331534912,0.22055173769008726,0.2220540333006565,0.25430359585576495
0.29804373200166595,0.21305637997094726,0.22269503317302644,0.26620485485436024
0.30177194292988946,0.21874154598000442,0.2190396500253485,0.2604468610647577
0.3041730167100707,0.2206964202688314,0.2211525673483238,0.253977995672774
0.3022558210782717,0.21508623718950567,0.2224122898256069,0.2602456519066157
0.30421817090816744,0.21515425688714634,0.22071158496825405,0.2599159872364321
0.30716756353001073,0.21837162465390292,0.22116090976597164,0.2532999020501148
0.3045965676489067,0.21684803621597742,0.22360962546909396,0.2549457706660221
0.30681839488620644,0.22103040989047448,0.22281244980702827,0.24933874541629072
0.30467190731790694,0.221017606317807,0.2240321688453008,0.2502783175189852
0.30496991490950026,0.21922844591875132,0.2238853808575812,0.25191625831416736
0.30157790042092675,0.21521461225269525,0.2229983056515693,0.2602091816748087
0.3014505741242963,0.214418632389113,0.21961049246370606,0.26452030102288465
0.3020813825189777,0.21309928725601587,0.21866950931776283,0.26614982090724354
0.3033016138263236,0.2145320720284885,0.2184036411439083,0.2637626730012796
0.30872524570502125,0.22127786088007792,0.2205935029377497,0.24940339047715107
0.3065048647086175,0.21785501494196913,0.22345494744986272,0.2521851728995507
0.3042469874814772,0.2134267775369576,0.22251215228780774,0.25981408269375744
0.30588274359480966,0.21642543171381726,0.22166124526823427,0.25603057942313884
0.3043025787069746,0.21684595010443786,0.22228291880707765,0.25656855238151
0.30438856900821676,0.21842371069973346,0.22172577518719144,0.25546194510485837
0.30638409847697506,0.22231696279021596,0.22304772311696858,0.24825121561584038
0.30403098459009564,0.21843607320174913,0.22383772960137768,0.25369521260677763
0.2981148075446958,0.2106562713104533,0.22114702886828572,0.27008189227656515
0.3042236541969999,0.21588994817719678,0.21803315989098626,0.261853237734817
0.30376742652884425,0.2138813139767128,0.22033164206528624,0.2620196174291567
0.30068520826175626,0.21369860565410728,0.21912210198982904,0.2664940840943074
0.30645636691148376,0.22158904773141752,0.2193958702387376,0.2525587151183612
0.3035227181996192,0.21447583663535172,0.2216183681895483,0.2603830769754809
0.30323085056169935,0.210933865254611,0.2207082863373024,0.2651269978463873
0.30830819554091654,0.21811953930893707,0.22027949618412973,0.2532927689660166
0.3020501746574853,0.21556072830267628,0.22369264835080474,0.2586964486890337
0.3048195270106196,0.21947688081740524,0.22154909507688628,0.2541544970950889
0.30303558751740006,0.21978502442292977,0.2229250735932678,0.2542543144664023
0.30392346117899594,0.21796412837321588,0.22250164437419287,0.25561076607359534
0.29817043772221874,0.21172492759671616,0.22157386404460122,0.26853077063646386
0.3027041388517161,0.21654653139937136,0.21826631386392228,0.2624830158849903
0.30126145765067885,0.2144138843312314,0.22000438213273177,0.2643202758853579
0.29911720058910646,0.2112857317660767,0.21807331660283608,0.27152375104198073
0.306155998518359,0.2195324855039509,0.21844989399218132,0.25586162198550877
0.30441089975262414,0.21517441539002793,0.22140739585017719,0.25900728900717074
0.3035706381810497,0.2121698554848026,0.2210994768234764,0.26316002951067136
0.30578798495982884,0.21727430760162864,0.2208110226362705,0.25612668480227196
0.3037824846598167,0.21776710081012987,0.22281522276359111,0.25563519176646227
0.30291127771988424,0.2172337552028632,0.22187910329903024,0.25797586377822235
0.30477433666477355,0.22088904642879323,0.22256185214054441,0.2517747647658888
0.3038212353817221,0.21891628209068653,0.22318400498244026,0.254078477545151
0.29573325800898675,0.21030578606409633,0.22127068898727828,0.27269026693963866
0.30297541245276455,0.21854534824176639,0.21764143272772296,0.2608378065777462
0.2993635636155294,0.2120975329359396,0.21922243618477727,0.26931646726375386
0.29701170982886727,0.2078669456993809,0.21575313040440774,0.27936821406734413
0.30699716448035647,0.22058622293840113,0.2166669152728169,0.25574969730842556
0.3034514418381818,0.21307803251905622,0.2204587050784201,0.263011820564342
0.3006004142293848,0.20650750454617542,0.21871561790585461,0.274176463318585
0.30911651462503975,0.2175814993458583,0.2188153459659293,0.25448664006317273
0.30419493512622814,0.21515481219678492,0.2230370602212753,0.2576131924557115
0.30272317160625833,0.21540443058342343,0.22152213529408024,0.26035026251623805
0.307078535403793,0.22264949689697375,0.22244217641109432,0.24782979128813884
0.30332079248535837,0.21819036424088045,0.22443790851272813,0.2540509347610329
0.29700429636927683,0.21332576978897824,0.22210573968667233,0.2675641941550726
0.3026274202081926,0.2221621905802781,0.21929883011175857,0.2559115590997707
0.2971690489401429,0.21199358877012256,0.22138573196654784,0.26945163032318675
0.29255514743620326,0.20552144090456093,0.2145636554118348,0.28735975624740107
0.30572992992255976,0.2218198116477478,0.21406925047261144,0.2583810079570811
0.30164127743813746,0.21091931795322127,0.21889018169863636,0.26854922291000494
0.3023161243876941,0.20797272226578606,0.21812885949494923,0.2715822938515705
0.31086725549343475,0.2187233827372802,0.21874887390871653,0.25166048786056855
0.30388705918034303,0.21442368182222676,0.2248096711903327,0.2568795878070976
0.3045526753519304,0.2160988900908964,0.22205296720130663,0.2572954673558666
0.3051741599699781,0.22130005562400806,0.22273453906672996,0.2507912453392838
0.30431780660400704,0.22004211025524306,0.22388411146407522,0.25175597167667474
0.2991554557075967,0.21680011552112172,0.2232474814659855,0.2607969473052961
0.3016508184089886,0.2221887304585224,0.22057912886234302,0.25558132227014596
0.29631762926759736,0.2122646850181183,0.2212616748799836,0.27015601083430074
0.29119399205914814,0.20035296336729208,0.21380821431351757,0.2946448302600421
0.30637805245100214,0.2174192433430737,0.21228323687057293,0.26391946733535127
0.3050296985045399,0.21224426661497778,0.21823144515002119,0.2644945897304612
0.30532777283092916,0.2116165143924663,0.21991490090476906,0.26314081187183547
0.30830308873211976,0.218073374176506,0.22051185922602767,0.25311167786534666
0.305782296079163,0.21748318089132554,0.2235278554376951,0.2532066675918163
0.3055620309693695,0.21838532443261333,0.22358880443587398,0.25246384016214324
0.305803088121151,0.2206289375190871,0.22400169757473595,0.24956627678502596
0.3007389379184404,0.2167787275706593,0.2234833109385088,0.25899902357239146
0.2955900776108799,0.2140246951619037,0.22158876844029363,0.26879645878692277
0.30101467742028326,0.2190678112861259,0.21785611051157666,0.2620614007820142
