0.27257019939269667,0.24004142150073093,0.24638856718086066,0.24099981192571182
0.26901578307634694,0.24389448090423999,0.24668988960722266,0.24039984641219045
0.2693666522788537,0.2437332918388477,0.2463438449383174,0.2405562109439811
0.2699512799493493,0.24301450831091095,0.24645727816928029,0.24057693357045945
0.2704735193505974,0.2424035206072007,0.2466589397512983,0.24046402029090352
0.2680996780481527,0.24509404744474336,0.2462431055715038,0.24056316893560023
0.2676650588826094,0.24557541877933306,0.2458714891535317,0.24088803318452584
0.27173725285398087,0.2408974180148664,0.2466710760117973,0.24069425311935544
0.2697072124062231,0.24321556501834837,0.24674404393705437,0.24033317863837406
0.2711057337072578,0.24175040188828045,0.2467832969247866,0.24036056747967513
0.27044040284652726,0.2424789414370136,0.24678367537996485,0.24029698033649427
0.26515238231402904,0.24828225991906058,0.2457504193230579,0.24081493844385257
0.2719103927370107,0.24077269474219237,0.24642035936518036,0.24089655315561653
0.27141355308668824,0.2411830010256135,0.24714055389597422,0.24026289199172415
0.27154516809132967,0.24122517041825028,0.24712884435694318,0.2401008171334768
0.27103521840207134,0.2418582196085996,0.24697528017795647,0.2401312818113724
0.27165987298197425,0.24113070191236283,0.24704379751052669,0.24016562759513627
0.26689666442086574,0.24646213963041197,0.2461573121193262,0.24048388382939598
0.2707218081701724,0.24220378601892875,0.24632555121585564,0.24074885459504314
0.270394510722331,0.24242892926792015,0.24672856673561883,0.24044799327412994
0.2692750929650315,0.24379571509088535,0.24647705491345717,0.24045213703062612
0.26641133278490353,0.2469345286660067,0.24579770795653055,0.24085643059255926
0.26831037756512344,0.244818453363377,0.24579930379175008,0.24107186527974966
0.2639286782654522,0.24935512934091425,0.24535573162594201,0.24136046076769158
0.27239269705267916,0.24008234661872363,0.24647030962328823,0.241054646705309
0.2701504602836219,0.24259796458629163,0.24694889730803737,0.24030267782204898
0.2716295406075767,0.2411424979539726,0.24699077163229982,0.24023718980615094
0.27158266230382433,0.24117897144799297,0.24711519710755547,0.24012316914062717
0.27044528431558906,0.24253204736275744,0.2468478691744709,0.24017479914718254
0.2663938690602419,0.24700946882911604,0.2459215610371504,0.24067510107349177
0.27245260132730437,0.24014567208273824,0.24667615068766663,0.24072557590229102
0.27082575531297165,0.2419063204148771,0.24707077589532758,0.24019714837682352
0.2692854388769402,0.24384749741584272,0.2465369604530828,0.2403301032541342
0.2700089718566768,0.24301286556952398,0.24644953358798005,0.24052862898581906
0.2756205636126278,0.23624629182550438,0.24798887446189946,0.2401442700999684
0.26710338583494336,0.24621256758828242,0.24676997410730542,0.2399140724694688
0.2742677279563194,0.2381773826908931,0.24721597862312714,0.24033891072966032
0.2725143143806754,0.23998643407977155,0.24768708852776303,0.23981216301178995
0.27328437693582813,0.23926193405121318,0.2476865817730647,0.239767107239894
0.27327004113146636,0.23927122820734512,0.24774552691075186,0.23971320375043673
0.27271075441045217,0.23995889875929552,0.24759747386512315,0.2397328729651292
0.2704530482655566,0.242609471444907,0.24697114896974676,0.23996633131978976
0.2723361237866517,0.2403932450691874,0.2471061856239636,0.2401644455201975
0.27097717642902996,0.24188945710733928,0.2470494700853111,0.24008389637831962
0.27338466493778224,0.2390969834149784,0.24747867822996114,0.2400396734172782
0.2708969725230276,0.2419995009069786,0.24718886746399887,0.23991465910599483
0.2693790069618209,0.24381254332155342,0.24651926633740517,0.2402891833792205
0.26344644131460115,0.2500121527121435,0.2453854981150312,0.2411559078582242
0.2747720837863343,0.23729008703363197,0.24700045667570766,0.2409373725043262
0.27341253540230875,0.23871766626054747,0.2480914928986331,0.23977830543851064
0.2742924558759616,0.23802393586722706,0.24814499994530526,0.23953860831150592
0.27264714952013613,0.24006292826254963,0.24773199399329301,0.23955792822402133
0.2722379425421894,0.24057912024827577,0.24737084136479642,0.2398120958447383
0.2669490791174316,0.2464871202377294,0.24621038145750487,0.2403534191873342
0.2713465992561491,0.2415172237454512,0.24644985622545912,0.2406863207729405
0.271524930883764,0.2411224084014577,0.24706312665629124,0.240289534058487
0.27096812069446263,0.24188628325393136,0.24699207545184668,0.24015352059975928
0.2681355890436483,0.24512958274703125,0.24629707670201476,0.24043775150730565
0.27239086898755355,0.24024639602359082,0.24685757347237466,0.240505161516481
0.26735562327562457,0.2458686386191921,0.24634269699202135,0.2404330411131619
0.2735601237623276,0.2388739601744949,0.24709073801981662,0.24047517804336083
0.2747743680104328,0.23721386690640928,0.24824503984764368,0.23976672523551434
0.2741995911317334,0.23810415983395866,0.24828995319796662,0.23940629583634118
0.2721026116093459,0.24075184161910523,0.2475843703340287,0.23956117643752015
0.26997478018999327,0.24321195583035324,0.2467613397078211,0.24005192427183253
0.2664890091491025,0.24693769245064526,0.24584586769094055,0.24072743070931174
0.2730162928291656,0.2394585547028285,0.24682282023959176,0.24070233222841414
0.2719300245572874,0.24060758731006135,0.24742008184854014,0.24004230628411116
0.27212921453185307,0.24058938628243348,0.24733011096976365,0.23995128821594983
0.2692745770792298,0.24389929404355395,0.24665711647305305,0.2401690124041632
0.2735167585811416,0.23895375778038627,0.24727190160112944,0.24025758203734257
0.2655215631570797,0.24788121734829238,0.24618284952587507,0.2404143699687529
0.2759374345407277,0.2360155122394072,0.24753056786398567,0.24051648535587947
0.2739838989003077,0.2381122778881611,0.24838004253850704,0.23952378067302427
0.27030245189028257,0.24282919944573325,0.2471923560255737,0.23967599263841052
0.26832796810779214,0.2450488211620219,0.24620024255310136,0.24042296817708456
0.2689135355021051,0.2442289635805161,0.2460804387711385,0.24077706214624017
0.263357275468352,0.24999007774843487,0.24534274226798672,0.24130990451522635
0.27358690919846246,0.23868698810704164,0.24670235559334602,0.24102374710114988
0.26947202190908437,0.243361221923331,0.24696217891131692,0.2402045772562676
0.2681863115251876,0.24509213155893633,0.24617165330759444,0.2405499036082816
0.26887056759534916,0.2442491294166522,0.24608348569905414,0.24079681728894434
0.2716735419170365,0.24097150901081887,0.24679954275680055,0.24055540631534417
0.2649814010615017,0.24838897972092036,0.245899526108898,0.24073009310868
0.2747705926019987,0.23737792533382887,0.24715959190928005,0.24069189015489248
0.2712005396531544,0.24143339654852755,0.24749172607968983,0.23987433771862832
0.2716433683333334,0.2412260409967715,0.2471126062847961,0.240017984385099
0.26990539879284503,0.2431731863073976,0.2467083402019907,0.2402130746977668
0.272886669946639,0.23968123401869534,0.2471946984873113,0.24023739754735438
0.2667752767928083,0.24656139214468595,0.2463014979796368,0.24036183308286885
0.27305748266947594,0.23951053211319984,0.24687294948826272,0.24055903572906165
0.26907367924265274,0.24394220638028963,0.24675028730730214,0.24023382706975568
0.26942308275394505,0.2437104447440966,0.24633315709136522,0.2405333154105931
0.270545845018551,0.24233985935034175,0.24658333381465786,0.24053096181644934
0.2692662537056143,0.24377690767763976,0.24647650727464582,0.24048033134210017
0.26215868504832357,0.2512395585635856,0.24527791185739417,0.24132384453069672
0.27534096151045695,0.23657585600571238,0.24705630642539758,0.24102687605843304
0.2698921810058753,0.24285063108493124,0.24730707635884677,0.23995011155034668
0.272288201945928,0.2404755878031309,0.24711821660660488,0.24011799364433623
0.2715757871364592,0.24120509485002495,0.24717623597533583,0.24004288203817992
0.27104824488007556,0.24185855941503412,0.24697730520995842,0.24011589049493193
0.2687441331966824,0.244463045120629,0.2464079044378811,0.2403849172448076
0.2717846964317055,0.2409606453087431,0.24678196820573564,0.24047269005381572
0.274929282257075,0.2370723356327311,0.24803234661028367,0.23996603549991022
0.26897675706461194,0.24419532646109673,0.24703011283408272,0.23979780364020872
0.2677767583788572,0.24564328245185846,0.24596889002905206,0.24061106914023206
0.2683176695630312,0.2448453880218045,0.245908340614598,0.24092860180056636
0.26637877443488306,0.2468561907184809,0.24568742471929572,0.24107761012734025
0.27682426071402283,0.23467078487903684,0.2479591605281645,0.24054579387877587
0.2715581217308256,0.24101617199678832,0.24793582715583565,0.2394898791165503
0.2751022600649191,0.2371620117616042,0.24806773216030895,0.23966799601316774
0.27199903395350583,0.2407764016343881,0.24766351148168958,0.23956105293041652
0.27054509221088696,0.24256568124167782,0.2468943081714812,0.23999491837595385
0.2717615807249171,0.24105755763252767,0.24696412763768508,0.24021673400487012
0.2744408912248963,0.23775179665197593,0.24786175696111554,0.23994555516201213
0.2708002657644459,0.242120863246722,0.24733591996991813,0.2397429510189141
0.26883449148374594,0.24446954188729783,0.2463928747109656,0.24030309191799049
0.27182058067635373,0.24093751221164011,0.24677353341438993,0.24046837369761614
0.27152334683945206,0.2411776908639708,0.24712883456576695,0.24017012773081
0.2674770233447308,0.24584104645158728,0.24626472477651268,0.2404172054271694
0.2758286094852521,0.23609385554530016,0.24771586729148035,0.24036166767796735
0.2740134804598054,0.23812553839489997,0.24837995621635384,0.23948102492894088
0.27488917203431207,0.23735973381518444,0.24836304993625047,0.23938804421425286
0.2714865625822545,0.24146675631154055,0.2475136208174056,0.23953306028879925
0.271197865076003,0.24182742794149886,0.24694938561971044,0.2400253213627876
0.2711269326329862,0.24177459386398342,0.24689956765906823,0.24019890584396208
0.27221974434710644,0.24044976631129794,0.24718900671064326,0.24014148263095236
0.2715515311490161,0.24123077014805216,0.24718743786946984,0.2400302608334621
0.2698862394667516,0.2431966844022794,0.24671636398974148,0.24020071214122746
0.272891111454437,0.2396799663835107,0.24719251909911635,0.24023640306293592
0.26973435898601544,0.24328843097058425,0.24686580183961737,0.24011140820378282
0.2640345616550167,0.24947554792211696,0.2455200042983258,0.24096988612454037
0.27971524777051826,0.23104228002538033,0.24860575942427093,0.24063671277983054
0.27571940656524346,0.23578974707849876,0.2496004389464311,0.23889040740982664
0.2696302673949448,0.2437542018909768,0.24733788389776992,0.23927764681630848
0.2748665186755633,0.23756633888070253,0.24759212259886954,0.2399750198448646
0.27312910009155067,0.23933909792917105,0.24789871803329516,0.23963308394598307
0.2662646940245647,0.247267615816211,0.24625750867977828,0.24021018147944587
0.27315829052294854,0.23944431426422336,0.246795722710777,0.2406016725020511
0.2702394366572353,0.24260144150203172,0.24700164136700706,0.24015748047372587
0.26697284102446195,0.24640751533194777,0.2460267879766246,0.24059285566696556
0.26109069588376943,0.2522266383871954,0.24492408565433163,0.24175858007470377
0.2574072708774766,0.2552956472906901,0.24428209640652065,0.24301498542531277
0.25409683845524733,0.25776833894484574,0.2441401928069962,0.24399462979291076
0.264871778950412,0.24796802915258837,0.24445944707637007,0.2427007448206295
0.2684743171679784,0.24418873985394307,0.2458291426439554,0.241507800334123
0.261898395592518,0.2512842189253073,0.24525383442799106,0.24156355105418367
0.2647283477412065,0.24851978654532683,0.24486260470618307,0.24188926100728375
0.2663618513746487,0.2466828863933424,0.24534192468376878,0.24161333754824024
0.2620586417583935,0.2511002970917833,0.24500242846596293,0.24183863268386024
0.2717716138181402,0.24072342116404982,0.24618182874820776,0.24132313626960225
0.26538902108282386,0.2477729632310093,0.24600337451751997,0.24083464116864683
0.26712507980213557,0.24614066333035944,0.24553680432244246,0.2411974525450625
0.26819044997010155,0.24484653497213316,0.24586699149131924,0.2410960235664461
0.26451334642920055,0.24876465898139097,0.2454366880011387,0.24128530658826983
0.264086585826936,0.24919154833973034,0.24499996962747164,0.24172189620586182
0.2723098069400121,0.24007159757652613,0.24647644385134626,0.24114215163211541
0.2689436100135738,0.24395098251414046,0.24670687650295495,0.24039853096933084
0.2711195993548953,0.2417349095850032,0.2467213725025971,0.2404241185575043
0.2727353754193285,0.23977254660539382,0.24733659360991336,0.2401554843653641
0.26797479753243164,0.24528488266827014,0.24651243743790902,0.24022788236138928
0.2689411366089737,0.24426436869592116,0.24607653264241458,0.24071796205269047
0.274556121048568,0.23753599297708014,0.24753321059191274,0.24037467538243906
0.26715718336565053,0.24610268921993841,0.24663175205422083,0.24010837536019025
0.2695916114075187,0.24358867580766017,0.2461265542464483,0.24069315853837273
0.2675696782861219,0.24561478906916767,0.24599846188553984,0.24081707075917055
0.27058214629814753,0.2422598500360438,0.24640794334023525,0.24075006032557336
0.2668379065289374,0.24638806320477186,0.2460415898575496,0.2407324404087412
0.2757697341104893,0.2360899078970767,0.2476707918007386,0.2404695661916954
0.2756477385691942,0.23605833837010834,0.24887890948923186,0.2394150135714657
0.27189319467110484,0.24097232407245422,0.2478210901919836,0.23931339106445748
0.2694501210862332,0.24387801298452624,0.24662470584483195,0.24004716008440868
0.2683367552677925,0.24494708472240212,0.24608208267809634,0.24063407733170897
0.2682559595821563,0.24490166467336447,0.24598089659152866,0.24086147915295053
0.2705361871214659,0.24228488306569368,0.24647083074230874,0.24070809907053162
0.2709677150214731,0.24178662525041347,0.24686474370853764,0.24038091601957592
0.27157844185657826,0.24115949532359124,0.24705817092955923,0.2402038918902714
0.26866261895518684,0.24452530032934935,0.24648252661354117,0.24032955410192264
0.2664907961650833,0.24688725538910533,0.24572684926778454,0.24089509917802684
0.2641023893617939,0.249235398236083,0.24515971068310796,0.24150250171901502
0.2763127016334351,0.2352541147050549,0.24756195947886842,0.24087122418264165
0.2765645857026172,0.23474833359616826,0.24932036689468423,0.23936671380653032
0.2682730283711267,0.2451398782760926,0.24719384328228358,0.239393250070497
0.2691345629903295,0.2442654053790179,0.24609358126802788,0.2405064503626248
0.26767982920924455,0.2455434993117818,0.24592333180888976,0.24085333967008385
0.26763161111345984,0.2455406553748181,0.24582312935823208,0.24100460415348998
0.2734172554350194,0.2388709461909541,0.24711102270641075,0.24060077566761573
0.2672081547552967,0.24599990376655806,0.2464926454339944,0.24029929604415076
0.2689482251971164,0.24425552710785736,0.24601872056885804,0.24077752712616823
0.26518803538940955,0.24812891475263799,0.24555935039598428,0.24112369946196813
0.26948484156245583,0.24346841986232756,0.2459229914654109,0.24112374710980558
0.26443140526687614,0.248825523767563,0.24556162991426372,0.24118144105129716
0.2752348624257595,0.236686684922397,0.24728284147191926,0.2407956111799241
0.272252027563887,0.24015027855481227,0.24785833088835013,0.23973936299295057
0.2686475985725482,0.2446689554036005,0.2466134693206205,0.24006997670323071
0.26777023506905595,0.24557660807393478,0.24590755747134024,0.240745599385669
0.2694549354472119,0.24354879278673885,0.24614779479863974,0.24084847696740957
0.26809652306980286,0.24500845373483388,0.24612325233451457,0.24077177086084875
0.26937769279103563,0.2436306012606283,0.24622003348765292,0.24077167246068307
0.26752240624697826,0.2456579643748645,0.24600999450438135,0.2408096348737759
0.26763725433300395,0.24555159417641198,0.24581864279290358,0.24099250869768044
0.2670004935499816,0.2461874352481384,0.24572013637491383,0.24109193482696623
0.26879096896127436,0.24421811222741488,0.24598569958004482,0.2410052192312658
0.2638928795415455,0.24940910806929195,0.24542014112849822,0.24127787126066425
0.27412568826296624,0.23803149973274432,0.24690987323009747,0.24093293877419192
0.2734651665955574,0.23867163011442152,0.24801777290275212,0.2398454303872691
0.2690984832404158,0.2441192669812172,0.24688221414025988,0.23990003563810705
0.268948304178308,0.2443239918711242,0.24618837884191752,0.24053932510865017
0.2700142771096236,0.2429511000867228,0.2463897196866071,0.2406449031170464
0.2669134470268316,0.2463393269040227,0.2459728647037984,0.24077436136534736
0.2706362852567518,0.24222291650430272,0.246339876206059,0.24080092203288633
0.26682928860982225,0.2463818083326496,0.24604182337570327,0.24074707968182482
0.2658914753041198,0.24744169848801206,0.24546423737099293,0.24120258883687526
0.2670687998777,0.2460841064168088,0.24553930462456902,0.2413077890809222
0.26515134084946684,0.24806600816617416,0.24539538713643125,0.2413872638479277
0.26158546057025484,0.2516087765911043,0.24482324327043414,0.24198251956820677
0.2740571048784738,0.23796854479290802,0.24671470111104496,0.24125964921757323
0.27336937053883575,0.23869449129684422,0.2480290992253653,0.23990703893895468
0.2678917708860622,0.24545071299237822,0.24665473495937323,0.24000278116218635
0.2725097898891795,0.2402364148729368,0.24683225119598176,0.2404215440419018
0.2709207589078395,0.24187708559372165,0.24705522178231476,0.2401469337161241
0.2663360961171769,0.2470794653978692,0.24599583028395708,0.24058860820099684
0.27247591621277295,0.24014439109715602,0.24667091303028124,0.24070877965978982
0.26490945628233786,0.24841153432341043,0.24596879068690697,0.24071021870734485
0.26600910428412083,0.2473558147445796,0.2452812134040727,0.24135386756722685
0.26644174312153446,0.24670873156730183,0.24544286362564338,0.2414066616855203
0.26815067660773395,0.24485289293211435,0.2458247768265667,0.2411716536335849
0.2614483048026213,0.2517711210554617,0.24512211697535555,0.2416584571665615
0.27242632468371075,0.24001977364378463,0.24626198006486308,0.24129192160764157
0.2718283244163428,0.24057280192770206,0.24736081670403495,0.2402380569519203
0.2703249949428925,0.2426433618306544,0.24693345039115877,0.24009819283529432
0.27343523721394575,0.23904778851195466,0.24740289942899982,0.24011407484509964
0.2743064755781327,0.23790309680260327,0.24807248762028775,0.23971793999897642
0.26613439453669263,0.24737608161410957,0.246403616000501,0.24008590784869668
0.26732678949163374,0.24609029216979708,0.24555443371235425,0.2410284846262149
0.2652587647821641,0.24800516427986932,0.24537588739206687,0.2413601835458999
0.2652461776902248,0.24797834203439068,0.24521946906041014,0.2415560112149744
0.2681905200793592,0.24478972805904542,0.24570518789327261,0.2413145639683228
0.2680519371664559,0.2449581927035506,0.24600813736943067,0.24098173276056295
0.26453609270191086,0.24877474195969151,0.24543259671838313,0.2412565686200144
0.274103443849971,0.23804739126462346,0.24696419895911687,0.24088496592628872
0.27347454708822516,0.23867513459004605,0.248018161133356,0.23983215718837267
0.2720107400612511,0.2407590539852239,0.24754086414845572,0.23968934180506923
0.2663740261638935,0.24714067573456266,0.24610517283926478,0.24038012526227906
0.2696313115168967,0.24347610263976563,0.24600567147576258,0.24088691436757512
0.26928679632306746,0.2436668650208016,0.24634844328121755,0.24069789537491335
0.2722116442753979,0.24036038679175156,0.2470090494537,0.2404189194791506
0.26315081826423997,0.2502778831642476,0.24573622033591272,0.24083507823559966
