0.3069802330300959,0.21831426264958284,0.22613706015493182,0.24856844416538945
0.3070666265434537,0.2179747879041326,0.22644395175444998,0.24851463379796365
0.3070718840784177,0.21812166455030632,0.22634459869116574,0.24846185268011028
0.3070050447109821,0.21836966554637754,0.2261097809539779,0.24851550878866238
0.3069881037871425,0.21830356001157478,0.22614546500547497,0.24856287119580786
0.30859277931070905,0.21149721683922784,0.232330386022446,0.247579617827617
0.30779525140045044,0.2183816272321408,0.22671544992908804,0.24710767143832074
0.3075224275099189,0.21691554595967347,0.2273993740714834,0.24816265245892416
0.30735809633885763,0.21749147535793903,0.22701138121125947,0.24813904709194395
0.3071006335208311,0.2184197923720482,0.2261259500773524,0.24835362402976827
0.30734908993368365,0.21691587652695832,0.22737815629852923,0.24835687724082878
0.3076592009792324,0.21622381171658078,0.22814210709514948,0.24797488020903743
0.30730076616772867,0.21822270352215653,0.22641746564617993,0.2480590646639348
0.30706528120575216,0.21830376513263453,0.22616200860758665,0.24846894505402672
0.30700025224254496,0.2182853120540723,0.2261685558204504,0.24854587988293228
0.306979487736253,0.21835688144496843,0.2261053979669454,0.2485582328518332
0.3075493541362035,0.21594715560750363,0.2282632316960612,0.24824025856023166
0.30727586508714727,0.218271422008461,0.22639994186655718,0.24805277103783457
0.3071172172726422,0.218085632269644,0.22635340402474657,0.2484437464329672
0.30700502041086414,0.21836717051595536,0.22611585823736935,0.24851195083581112
0.30698343774592607,0.2183278599061764,0.2261240528192068,0.24856464952869067
0.3069733420687632,0.21835321462828516,0.22610459314519255,0.24856885015775912
0.3110275964088914,0.20037384998174754,0.24285847626401252,0.24574007734534858
0.30907509258153015,0.21909431151853775,0.22710396106138625,0.24472663483854576
0.30764932290439667,0.2174733884365602,0.2268490167174038,0.24802827194163932
0.307249407417416,0.217673269649922,0.22679708755467995,0.24828023537798202
0.3186310930100746,0.14630355036166276,0.3037928573664577,0.23127249926180488
0.3169427972000089,0.2255591943773365,0.22607267550239896,0.23142533292025563
0.32035993577073474,0.1353392463402069,0.3178872811386704,0.22641353675038797
0.32211056032616164,0.21371484291998835,0.23755090995211728,0.22662368680173278
0.3112578374726738,0.2133600177773108,0.2312373396717738,0.24414480507824157
0.30984591604119543,0.210185961782717,0.23400475396489862,0.24596336821118905
0.31994611911894105,0.13791694718564892,0.3157635962688523,0.22637333742655774
0.31899665326828053,0.22590760122592132,0.22642505978832989,0.2286706857174683
0.3210244526330994,0.13525126828716244,0.31765679475407693,0.22606748432566115
0.324386748396729,0.20400565372312496,0.24652749357436587,0.22508010430578024
0.3233848126146857,0.1369242414131402,0.3174930054514267,0.22219794052074726
0.32653944529321827,0.19400822811349916,0.2562861302283986,0.223166196364884
0.3129205878938751,0.2173136045903236,0.22943989622149558,0.2403259112943057
0.3081526735596685,0.21764222735033126,0.2269167815697066,0.2472883175202935
0.3190449840238882,0.13734407517405312,0.31584083928331413,0.22777010151874455
0.32923925076239663,0.1722025462296212,0.2795554869312958,0.2190027160766864
0.327400062812249,0.1390020940858923,0.31780565564098096,0.21579218746087783
0.322503781884372,0.21538906889564713,0.23574797281629312,0.22635917640368766
0.310396444175759,0.21597887318368839,0.22871477335866705,0.24490990928188547
0.3075057274138182,0.21832682318169908,0.2263878987952633,0.2477795506092193
0.32027584443034113,0.15093121309649773,0.29630174228357503,0.23249120018958608
0.3297318015589595,0.14238082219730777,0.3140310603161071,0.21385631592762563
0.3321276797528939,0.15602533333050292,0.2977676783159016,0.2140793086007016
0.31806750947033047,0.22211470425663882,0.22839532076391547,0.23142246550911533
0.3126280295162701,0.20031515537485378,0.2427212252497652,0.2443355898591109
0.3087865134882241,0.22036026662621286,0.22600570371858195,0.24484751616698117
0.31211677830830753,0.1966305961248738,0.24636987381804876,0.24488275174876992
0.32130283328253767,0.1390355207396586,0.3155868661025834,0.22407477987522031
0.329759035126298,0.16976550505273297,0.28220394510469626,0.2182715147162727
0.31583758421149705,0.22115814132436926,0.22811256534770064,0.2348917091164331
0.30899087957869475,0.2153039101455021,0.2287187887837864,0.24698642149201655
0.30728507869302446,0.2186288290114634,0.22615853467630057,0.24792755761921162
0.3205763982984134,0.1378502305869465,0.31377740726881453,0.22779596384582562
0.33710600714564415,0.14450904788315092,0.3085888022915353,0.20979614267966973
0.3318023975181557,0.1407792409860706,0.31751095630767107,0.20990740518810266
0.32103810138322314,0.22307712997355622,0.2287454576719177,0.22713931097130297
0.31055198102387505,0.2113847231507571,0.23219675507481197,0.24586654075055586
0.30765966854190324,0.21905731151836172,0.22614977683440388,0.24713324310533125
0.31922699356681655,0.13725115962994416,0.31566606201802705,0.22785578478521218
0.3314401812126263,0.14242733676658853,0.3160930563995251,0.21003942562126005
0.3213907936363182,0.22090327269540336,0.2305289474775044,0.227176986190774
0.30972809323439615,0.2157868992409666,0.22838002880686603,0.24610497871777126
0.3075990402260628,0.21733873026837283,0.2272806622866675,0.2477815672188969
0.3071674543960476,0.21840162283360395,0.2261594649803559,0.24827145778999252
0.33317586470645955,0.14222314329936572,0.2981535917462525,0.22644740024792223
0.3222600677919361,0.1945559661154036,0.2556822726664094,0.22750169342625093
0.31220347231488677,0.21917072937700696,0.2276798597048835,0.2409459386032228
0.3079410141501187,0.2174540926433092,0.2269090274456854,0.24769586576088654
0.30712161615965944,0.21829546830259494,0.22624838436746694,0.24833453117027876
0.30701349794179705,0.21833218106946986,0.22612839063359583,0.24852593035513723
0.31890482194191727,0.1373744490676201,0.3157064783724223,0.22801425061804045
0.31902256201135587,0.2252654125543557,0.2270243436199479,0.22868768181434057
0.30939412388350374,0.21526057647791244,0.22843287889090647,0.24691242074767733
0.30721878376402095,0.21862637292360834,0.22616973114466518,0.24798511216770552
0.3108075650129145,0.2016809028317406,0.24157744227234407,0.2459340898830008
0.3085992323947449,0.2203094254521689,0.225904955826175,0.2451863863269112
0.3195807981211972,0.1370402005809774,0.31568707015249714,0.2276919311453283
0.3189326339312388,0.22557040595295405,0.22679088743711678,0.22870607267869042
0.30942879868150236,0.21501382492309368,0.22862624730071426,0.24693112909468964
0.30728651143631297,0.2184402192550481,0.2263571785537724,0.24791609075486648
0.30735700877607564,0.21713787500709875,0.2271880128034669,0.24831710341335878
0.3070836664761784,0.21849053770984972,0.22609439315008018,0.24833140266389164
0.3188938533977479,0.13733287234692285,0.3157700696359856,0.2280032046193437
0.3188342021387247,0.22607398408413107,0.22632260421635958,0.2287692095607847
0.30947476596513296,0.21454578965978888,0.22900507303794537,0.24697437133713276
0.3074740469640886,0.2178243534579596,0.22695262474257466,0.24774897483537717
0.3071885721911012,0.21819552675226578,0.22629839025875842,0.24831751079787465
0.3070128541097136,0.21834649606459142,0.2261254845583362,0.24851516526735878
0.3191422854317227,0.13745359438184124,0.315412851203356,0.22799126898308
0.331287549386365,0.14477393341508615,0.3130029413031764,0.21093557589537243
0.32044721123253994,0.2227048453106616,0.22874753692672692,0.22810040653007155
0.30949868297459937,0.2155847940711338,0.22838760952523646,0.2465289134290304
0.3072790426187948,0.2185252325888547,0.22623266030648087,0.24796306448586963
0.30706481116241635,0.2182578839205642,0.22617649433328,0.2485008105837394
0.31947296670374126,0.13757535274688992,0.31500056286652345,0.22795111768284546
0.3313670887842128,0.1424417960756279,0.31602060136642623,0.2101705137737331
0.32444316670658774,0.2073056223977145,0.2429918348138882,0.22525937608180954
0.3110208885712723,0.217339375490083,0.22823266386926536,0.24340707206937934
0.3076747250090291,0.21795264988745086,0.22660966679821906,0.2477629583053011
0.30709633342491527,0.2183057943240214,0.22618933106265,0.24840854118841338
0.3312991671366336,0.1416100554688997,0.3004119352055698,0.22667884218889683
0.3193779593821102,0.21243391210047766,0.23820319263911952,0.22998493587829255
0.313599735750986,0.20548684016988994,0.23817297775854937,0.24274044632057465
0.31162044057477606,0.2059579624935259,0.2387644717399407,0.24365712519175728
0.3090577140441072,0.21779482508525788,0.22777726315385843,0.24537019771677654
0.3075929063720086,0.2179287776893111,0.22652519387722136,0.24795312206145895
0.31961981825771657,0.13759526318547474,0.3149491721944906,0.22783574636231815
0.3299798951278143,0.1635342109740902,0.2895959500347322,0.21688994386336335
0.3197056607317205,0.2093967672344788,0.23933643597242696,0.23156113606137374
0.31142992139943,0.21179302589672347,0.23302370828888355,0.24375334441496305
0.308828911295126,0.21548487947741246,0.2293370040538996,0.24634920517356199
0.3075128323904636,0.21846513575092252,0.22628547732145352,0.24773655453716031
0.3302249991188062,0.14115086957006093,0.3018902459070085,0.2267338854041243
0.33333040665660824,0.14415459975600936,0.310241323183786,0.2122736704035964
0.3271277385994082,0.18965339397470185,0.2599749055626007,0.2232439618632893
0.3183790513830582,0.19379890578018183,0.2522091655260572,0.2356128773107027
0.31084928203766654,0.21979917119780085,0.22714786300365217,0.24220368376088042
0.30782344588709537,0.21747327241801837,0.226815142850964,0.2478881388439223
0.31913574964472796,0.1374638397290244,0.3155691200678724,0.22783129055837523
0.33138582611818773,0.1423818996053769,0.31617639637431094,0.21005587790212452
0.32078237075691424,0.2234832887881458,0.22825161951284187,0.22748272094209807
0.32079184457521487,0.13525973263316252,0.3182446923296627,0.22570373046196004
0.32048733653927897,0.2211624356419708,0.23082610702262843,0.22752412079612175
0.3098137148998578,0.2157563021745264,0.22837243244594432,0.2460575504796715
0.33691062625663803,0.14348415022332262,0.2941472016321428,0.22545802188789663
0.3284358791904805,0.14298947349950597,0.3144789910207283,0.2140956562892852
0.3201771696168956,0.22393858597763833,0.22778375158243813,0.22810049282302788
0.3095262604328648,0.2153582834553764,0.22842344431353986,0.24669201179821887
0.3072379391930672,0.2186125904492494,0.2261753447071639,0.2479741256505196
0.3070620047234376,0.2182465273234202,0.22617829772333792,0.2485131702298043
0.30698624662015017,0.21834692792574792,0.22611559435551673,0.24855123109858512
0.30698256405158125,0.21831678017632536,0.2261354696958093,0.24856518607628406
0.3069745939328433,0.21835452924271853,0.22610440742808408,0.24856646939635413
0.3133526613080988,0.09014050865611627,0.39376868734945447,0.2027381426863305
0.3349535518371823,0.0839714967942347,0.4149225074095452,0.16615244395903778
0.3394278174721367,0.22372499050642078,0.23151891210321066,0.2053282799182318
0.31168896980126964,0.213376422057408,0.23055666074949255,0.2443779473918298
0.3076267839169735,0.21865806206625082,0.22634321994383985,0.24737193407293578
0.30714656633329107,0.21817676560785,0.22624230991857766,0.24843435814028136
0.30698926906410334,0.21836338539546976,0.22611138541209813,0.24853596012832868
0.3069769561219899,0.2183448829730343,0.22610894614106314,0.24856921476391272
0.3069717276238995,0.21835133132145923,0.22610465060415597,0.2485722904504852
0.3086640864401662,0.21114728509497568,0.23265135838646664,0.24753727007839144
0.3076357503098483,0.2192143960463203,0.22600516104682847,0.24714469259700284
0.30715656957209275,0.2180680042586619,0.22628977609533868,0.24848565007390663
0.3070361328943045,0.21816317787800305,0.226300290642955,0.2485003985847374
0.30699758570333785,0.218367868397678,0.22610713361436668,0.24852741228461744
0.30697706791255747,0.21834356170621233,0.22610983748933314,0.2485695328918971
0.31886321590139005,0.13736387184685894,0.3157481057597698,0.22802480649198115
0.318806028759007,0.22617634743092938,0.22623056495273738,0.2287870588573263
0.3093538267879954,0.21504096559886354,0.22854077265666534,0.24706443495647581
0.30723993202586397,0.2185331110921718,0.22627166527978967,0.24795529160217453
0.3070811385032573,0.21823154987039417,0.22619891731819797,0.24848839430815048
0.30698526703154133,0.21835723378974542,0.2261099612341962,0.24854753794451703
0.3189060854680727,0.13737462967705275,0.31570054941723086,0.22801873543764364
0.3213476167709471,0.21545357983129707,0.23577976501528722,0.22741903838246863
0.3103758169934906,0.21594011684745115,0.22872825000647606,0.24495581615258222
0.3075014188835206,0.21833468786056554,0.22638403238887242,0.24777986086704135
0.3070909868113721,0.2182504987514047,0.22620340982460696,0.2484551046126163
0.306989665021464,0.2183521888765662,0.22611362033238344,0.24854452576958647
0.33656220711046025,0.14340501509296583,0.293979837942804,0.22605293985376992
0.33076047061369074,0.14388153769428733,0.311421890855498,0.213936100836524
0.32153092759615637,0.2156419836086612,0.23518003718536823,0.2276470516098142
0.3101077274119132,0.21652050978922688,0.22819103640952543,0.24518072638933452
0.30743617510275867,0.21828006750495973,0.22637692924731362,0.247906828144968
0.30706919847534303,0.2182910198864562,0.22617112424311106,0.24846865739508964
0.3188756340926607,0.1373614914844635,0.31575757385752995,0.2280053005653458
0.3314219739948452,0.14240103396858697,0.31614558849716945,0.21003140353939848
0.3207858918762897,0.2234396154358808,0.2282910448428719,0.2274834478449575
0.30951008228710936,0.21548292155065424,0.2284200052301908,0.24658699093204567
0.3072609591902732,0.2185803844371831,0.22619281936106578,0.247965837011478
0.30706233426249974,0.21825077833478454,0.2261776920474299,0.24850919535528582
0.33656719842514454,0.14341339523640745,0.29397963674455563,0.22603976959389235
0.32509668510963274,0.17340906754916366,0.27791585759913867,0.22357838974206487
0.314922721947049,0.2214120266818464,0.2275288283849138,0.23613642298619072
0.3085107508297231,0.216639685146716,0.22747789886158565,0.2473716651619752
0.30714366871857124,0.2184847571146781,0.22616030786470762,0.24821126630204304
0.30702599312937806,0.21829143851228106,0.22614811048926878,0.24853445786907213
0.3188700321947251,0.13736752987221273,0.31574710387809396,0.2280153340549683
0.3188448996342837,0.22602060817306707,0.22636590286528796,0.22876858932736135
0.3093179539233563,0.21522804406194773,0.2283920103207464,0.24706199169394957
0.30718923484369093,0.21867042186522034,0.2261323723244812,0.24800797096660754
0.3070610339495118,0.21822629999239146,0.2261905007505198,0.2485221653075771
0.3069781099093175,0.21836460674135486,0.2261046058505835,0.24855267749874418
0.31342096928345037,0.19500691549004556,0.24722563105907058,0.2443464841674334
0.30920177939624,0.2208604226335281,0.2260412253005224,0.24389657266970952
0.30759336150621547,0.21748736225724546,0.2266852155777735,0.2482340606587656
0.3070140158188623,0.21844893019388112,0.2261030868748335,0.24843396711242308
0.3069953025331946,0.21831178308437055,0.22613125139582274,0.24856166298661214
0.3069730536559174,0.21835553635747762,0.22610411969974922,0.2485672902868558
0.3078289382418991,0.21475243911204886,0.22934712343814187,0.2480714992079102
0.30743912350374825,0.21819046017396793,0.22658415997401998,0.2477862563482638
0.30711544327219986,0.2182830279921258,0.2261865859034848,0.24841494283218957
0.3069917396215169,0.2183447040306445,0.22611812035434845,0.24854543599349027
0.3069788286420208,0.21833465205669533,0.22611979536875332,0.24856672393253054
0.30697312221298656,0.2183523668588724,0.2261046748375843,0.24856983609055666
0.3137713434631208,0.19235372807834383,0.2500052753144314,0.2438696531441039
0.30961763266968795,0.22087095112504201,0.22626287060146524,0.24324854560380474
0.30768891764232575,0.21741758820362342,0.22675287976666586,0.24814061438738497
0.30702673557469845,0.2184495956750549,0.2261101123912798,0.2484135563589669
0.3069962878600562,0.21831808599115451,0.22612575679132613,0.2485598693574631
0.30697268706595077,0.21835455272039983,0.22610444668840188,0.24856831352524753
0.30988906707274877,0.2056642651130862,0.23778464287206344,0.2466620249421016
0.3082491201721175,0.21957840989096478,0.2261880067475993,0.2459844631893185
0.3073221655352834,0.21789605018986646,0.22642010685365693,0.2483616774211932
0.3070037069873063,0.2183762028699297,0.22612759105851948,0.2484924990842445
0.30698556258776566,0.21833711808390607,0.2261149745533559,0.24856234477497238
0.3069725449080514,0.21835184258520274,0.226105012864597,0.24857059964214892
0.3200099271358879,0.13775921402575642,0.3143141845358383,0.22791667430251747
0.3185360332423556,0.2261184950885619,0.22627267272932952,0.22907279893975305
0.3092894916856123,0.21524400369864072,0.22836447201106058,0.24710203260468633
0.3071916617542724,0.2186474271237697,0.22614876091752784,0.24801215020442996
0.3070673770753432,0.21820610115828376,0.22621064554895035,0.24851587621742274
0.30698059159810764,0.2183666907280883,0.22610466946841423,0.24854804820538973
0.30937506489485084,0.20800634846075164,0.23557446341508181,0.2470441232293156
0.3079449608195045,0.21957965343813673,0.2259707725124313,0.24650461322992753
0.30723720062014215,0.21795245873015148,0.22636496229414316,0.2484453783555633
0.3070004778758586,0.2183446828492158,0.22614948209884625,0.24850535717607936
0.3073772912412047,0.21671052805444438,0.22757716779396484,0.24833501291038612
0.3071184398330147,0.2185484257341016,0.2260814908484631,0.2482516435844206
0.30704202395355584,0.21822195586080184,0.2261951540047073,0.24854086618093496
0.30698243915912216,0.21835510597961488,0.22611176555237647,0.2485506893088866
0.3069781693626351,0.2183436413176166,0.22610918759840312,0.24856900172134508
0.3076946683298625,0.216870547024988,0.2271814237412188,0.24825336090393074
0.3075310411211314,0.21653446867899226,0.2278765340808264,0.24805795611905007
0.3071844166467972,0.21853957276597055,0.22610758390745408,0.24816842667977818
0.30705571820280847,0.21814606522114258,0.22627379252536917,0.24852442405067973
0.30699456643755824,0.2183442493428961,0.22612999816540086,0.24853118605414484
0.3069800272769047,0.21834329242976258,0.22611217042097306,0.24856450987235967
0.3069726258737487,0.21835088626312912,0.22610523504961808,0.24857125281350403
0.30697229433388795,0.2183474361120188,0.22610753232655478,0.2485727372275384
0.30697156482637794,0.2183510967544621,0.22610455907967308,0.24857277933948682
