0.2887979486812507,0.23571969720179448,0.23017536649649742,0.24530698762045747
0.28927816072028806,0.2408958517626767,0.22369360164729987,0.2461323858697354
0.2924295161838353,0.24320586184395643,0.21855585101595895,0.24580877095624934
0.2820711443296679,0.2447342697995008,0.221868103557946,0.25132648231288535
0.29187209933988234,0.2351886842284223,0.2247142312249122,0.24822498520678332
0.2949709204564194,0.2324013693689429,0.2288690245647228,0.2437586856099149
0.2841692035085082,0.24168157466382661,0.22442251796966667,0.24972670385799853
0.29548327981574185,0.24174451491243024,0.21990033766225667,0.24287186760957122
0.284875830862314,0.24836418038084454,0.21758622813168874,0.24917376062515276
0.2775842556324186,0.24070144746783761,0.2260620945807675,0.25565220231897634
0.29509229090209843,0.23272801238622656,0.2296862611868611,0.2424934355248139
0.2951212882893255,0.23610362700355472,0.2205069784174561,0.24826810628966392
0.2904728710775329,0.2364744062691272,0.22845131459247608,0.24460140806086367
0.2977953282956273,0.23848902674211345,0.22077165224331669,0.24294399271894257
0.2977105075704898,0.24011777204374266,0.2196020181590986,0.24256970222666904
0.2897402219167687,0.23535729548872494,0.2255325061402077,0.2493699764542988
0.29849801337799037,0.23023258147751377,0.22999305902159362,0.24127634612290225
0.29638694594326837,0.23691815212591727,0.22214770600981343,0.24454719592100083
0.2844872016655283,0.24746183054756413,0.2220925906452908,0.2459583771416167
0.2877902943112625,0.24676540021101495,0.2166861179781331,0.24875818749958933
0.2768888200629016,0.24883593794702516,0.2235103200764713,0.25076492191360183
0.2760396038927214,0.24171968202381883,0.22322117931796037,0.2590195347654993
0.29802201219695645,0.2323925317420573,0.22738796210651618,0.24219749395446996
0.2901540900291841,0.23704927521124028,0.22110354749903574,0.2516930872605399
0.2892652764796255,0.23726058783639642,0.22961833393223754,0.24385580175174043
0.29946072400318247,0.24155876642899982,0.21616145376671883,0.24281905580109897
0.28891403822149303,0.24280243985717626,0.22139308217991185,0.24689043974141886
0.2759653652737692,0.23952765451360972,0.23120578049048668,0.2533011997221343
0.2923349728684792,0.24001125425811295,0.22488024915692642,0.24277352371648134
0.2906971113405042,0.24251020208981258,0.215907589353727,0.2508850972159562
0.2750430498147283,0.2428777590667394,0.2304850470168002,0.25159414410173203
0.28912971135352256,0.23677024601579344,0.226351504226735,0.2477485384039491
0.28862858708705974,0.24392613216636963,0.22209394635418783,0.24535133439238277
0.27878758922498037,0.2430612263763134,0.2196388498156238,0.2585123345830826
0.2946781900141846,0.23103904604861802,0.23444498849901552,0.23983777543818185
0.2906612735527366,0.23778818830523746,0.22168466196720382,0.2498658761748221
0.2928633626852412,0.23417977845595134,0.22960007660183623,0.24335678225697108
0.29368562782680874,0.2373860929625186,0.22494693812124156,0.24398134108943123
0.2901992398127532,0.2414967019285927,0.2231198495364514,0.24518420872220276
0.29306481112995014,0.23733058078104463,0.22333975973836154,0.2462648483506437
0.30059118292441817,0.23084930035109885,0.22680527180278873,0.24175424492169428
0.29288010944236387,0.22891798376029282,0.23325480276943944,0.24494710402790396
0.28555148396013735,0.242511178662219,0.22968773861576314,0.24224959876188074
0.2942339655066109,0.25085548460046764,0.20984976595896832,0.24506078393395309
0.2740362426227889,0.2535513443278518,0.2192873453020619,0.2531250677472974
0.27162720949831953,0.23875245345405008,0.22907104882262466,0.2605492882250057
0.3009583370968422,0.22693396615848585,0.23281380491855042,0.23929389182612137
0.2982153542866312,0.23356292726728659,0.21969276681232586,0.24852895163375627
0.2946878914101346,0.23323346870325598,0.2314695689133423,0.2406090709732671
0.29999985399372237,0.24003357016664467,0.21918205841106514,0.2407845174285678
0.295679207805285,0.24256817159581145,0.219627180819635,0.24212543977926854
0.2829157741399835,0.2380113145360947,0.2278124265308622,0.2512604847930596
0.29166217213753964,0.2344109270655335,0.2313783055992791,0.2425485951976477
0.29396450175444777,0.23895994420208339,0.22036564850574986,0.24670990553771904
0.2780487134948848,0.24694520418334587,0.2254974818653443,0.24950860045642506
0.28089960435828626,0.24624477385111912,0.2206101395093535,0.25224548228124133
0.28401254937226217,0.24533849384282377,0.22223730661750465,0.24841165016740951
0.28061360572243105,0.23925863236288222,0.22221767445941656,0.25791008745527016
0.3009192527603287,0.2238294062843229,0.23497508033870462,0.24027626061664367
0.2992639073672293,0.22983452165711996,0.2277973183702899,0.2431042526053608
0.29486092961942484,0.23906979252520863,0.22489434293911545,0.2411749349162512
0.2982886885767978,0.24438109526818338,0.21607441328828617,0.24125580286673265
0.2859892292179839,0.2456254299383649,0.22101637109542266,0.24736896974822853
0.2796184191240613,0.2363817585807132,0.23128221118089118,0.2527176111143343
0.29563201910304965,0.23357808440444308,0.22875984272854438,0.24203005376396297
0.2935416105538718,0.23699846030922622,0.2211564165052208,0.24830351263168132
0.2777091541207059,0.24622623041508016,0.22843725774727125,0.24762735771694253
0.293743533381243,0.2435825002912182,0.21559609143930664,0.2470778748882321
0.29278095040030333,0.24004404815729133,0.22325996344176893,0.24391503800063635
0.28312901265553897,0.231572398028841,0.22927312879985864,0.25602546051576147
0.3094724531240012,0.22043727218825226,0.23642230448114024,0.2336679702066064
0.3031406051040188,0.2369229845575181,0.21744942204999268,0.24248698828847054
0.2891086107051293,0.24544476774262491,0.22293507449081582,0.24251154706143002
0.2995161942736598,0.24277216998017004,0.21580104085983484,0.2419105948863354
0.2840722214349965,0.24414400651003915,0.22388620586508204,0.24789756618988232
0.27687875491039626,0.23686618068487408,0.22974767474053528,0.2565073896641943
0.3010541737319732,0.23399202617867504,0.2264380534893442,0.23851574660000738
0.28917196749012647,0.24409579279390906,0.21410351259504587,0.2526287271209186
0.27648224595584514,0.24533726205742531,0.2293465607932123,0.2488339311935172
0.2909638241425706,0.24189006297067953,0.21982361986963414,0.24732249301711587
0.2848546831191943,0.24538410005399272,0.22092781785826465,0.24883339896854842
0.2780996443357133,0.23754058370149847,0.22650966972811537,0.25785010223467264
0.2991118630802835,0.23170948288645138,0.23103947808734857,0.2381391759459166
0.2940823791327635,0.2399213739332392,0.21601428660609556,0.24998196032790163
0.2882719202922037,0.2386959801327366,0.22934976005935737,0.24368233951570234
0.2976061081633261,0.23682026228172312,0.22103381638487954,0.24453981317007117
0.29102400943425627,0.2395841910391666,0.22646615457022456,0.24292564495635274
0.2867187375327051,0.23935313787316123,0.222226532893601,0.25170159170053275
0.3057771981355694,0.23146313230106283,0.22490245253752597,0.23785721702584173
0.28850427529908984,0.23685233754412638,0.22460391625680204,0.25003947089998185
0.28108996276229425,0.24297111406530503,0.23070868503839512,0.24523023813400557
0.29842205186594317,0.2453426762860542,0.21312835308732603,0.24310691876067655
0.2745745820063375,0.25279158313764893,0.21923943313083144,0.25339440172518213
0.27464083382344595,0.23768726470340323,0.22832060587159989,0.25935129560155096
0.3001677020162979,0.23099787023414203,0.23138950416797813,0.23744492358158192
0.28841310487298294,0.24182963593763554,0.21448214288804718,0.2552751163013344
0.2864432610413366,0.23649563013644212,0.23388117872910547,0.2431799300931158
0.29264478939019123,0.2448811264725138,0.21645787089632415,0.24601621324097092
0.29655143488865976,0.23871947204491628,0.21949170135570237,0.2452373917107217
0.28805511497445085,0.2316210138321492,0.23182134703874507,0.24850252415465507
0.3003770096558751,0.22601045787959795,0.2325767485201455,0.24103578394438163
0.296061895269304,0.23856201701029003,0.22454868027382988,0.24082740744657596
0.28196164580575545,0.2544636542478711,0.21411297562295287,0.2494617243234206
0.28355231804580566,0.24733171486189864,0.22015633099516113,0.24895963609713442
0.2697000281114211,0.24957826889949733,0.22448536617699857,0.25623633681208297
0.2825167311547891,0.2340563635294623,0.22738623918772202,0.25604066612802656
0.2991114754797959,0.2298923014658773,0.23113137967598824,0.23986484337833863
0.28694364442417475,0.24005996571563476,0.21963601001853417,0.25336037984165644
0.2971859262712287,0.23687432903950664,0.22700216050520752,0.2389375841840571
0.2969172083852563,0.2409755135816749,0.2165240452054499,0.2455832328276187
0.287463741645033,0.23310752049261022,0.23347487482245177,0.24595386303990496
0.2900035301922937,0.23354459963852947,0.23213680810980755,0.24431506205936923
0.30352510169549685,0.23823168863325367,0.2183922332002243,0.23985097647102518
0.2863151764332607,0.24174882414986537,0.2229777760877213,0.24895822332915268
0.27495075882072495,0.24432068032404194,0.23073702501589985,0.24999153583933326
0.2869859287274674,0.2440876664359721,0.22153732213168598,0.24738908270487459
0.27972266848627725,0.24822719443465943,0.21775900232717532,0.2542911347518879
0.2829079086140685,0.2336926755710122,0.228917103477703,0.25448231233721635
0.29771155579991404,0.22693148410604622,0.23599759629614775,0.23935936379789194
0.29595804103295376,0.23663487469170008,0.2207214546802426,0.24668562959510348
0.29773903155284276,0.23715752307934912,0.225124945466941,0.23997849990086714
0.2941931847523317,0.24025553305119124,0.22081681975031536,0.2447344624461618
0.2881514909216323,0.2364293978925376,0.23049052389552702,0.24492858729030315
0.28885493943784296,0.23842654974895455,0.22631642777487312,0.2464020830383294
0.3041674422210883,0.23411511170940535,0.2199762245470022,0.24174122152250407
0.2840072858715973,0.23534811413537415,0.23327578036516233,0.24736881962786633
0.2702567017132348,0.24975158174987924,0.22883929037175646,0.2511524261651296
0.30142295297200933,0.24845287679734054,0.20855285664090606,0.2415713135897441
0.2723857148091352,0.24848288783863814,0.21990745591955116,0.2592239414326755
0.2703581292927219,0.23073442468400038,0.2409282929555894,0.2579791530676883
0.3145274621163413,0.22408644941116848,0.22957040850369728,0.23181567996879285
0.2995667524006683,0.24091026274506222,0.21120422333249525,0.24831876152177432
0.28663709156328204,0.2333230724814135,0.23511575229283757,0.244924083662467
0.30871007414878077,0.2310027977468127,0.22619148393723892,0.23409564416716755
0.30732030795279314,0.2377144132691503,0.2139607476418684,0.2410045311361881
0.30183974158802873,0.21941326245144607,0.23015240308856927,0.24859459287195593
0.31322146002713014,0.20954210209909518,0.2357266641798626,0.24150977369391202
0.313206810096349,0.2266164035484585,0.21962616854731448,0.2405506178078781
0.2977810329707259,0.24709892904582173,0.21760375567483858,0.23751628230861374
0.29951663679461726,0.25498871497274256,0.20303963382698964,0.2424550144056507
0.2752683317429239,0.25053587618250633,0.21758453286232107,0.2566112592122488
0.2644917948349993,0.23894737796589488,0.2319895480858219,0.26457127911328404
0.2927492559428261,0.23006999058780014,0.22745667733315464,0.24972407613621894
0.2910346917567034,0.24475119720508093,0.21332136024692852,0.2508927507912872
0.277348611553794,0.25006400912336074,0.21621090440375554,0.25637647491908966
0.293129785177913,0.23836325827326413,0.22151529818921903,0.24699165835960374
0.2800814496346137,0.2456068170054357,0.22171247827758772,0.252599255082363
0.2849894938981455,0.23608698366335798,0.22229799107140022,0.25662553136709626
0.3048944032332846,0.2315751851294884,0.2241687957138717,0.23936161592335536
0.2828344746663735,0.24341762323482147,0.21831210483277044,0.25543579726603455
0.28490700656222134,0.24295396819723905,0.2272652604572194,0.24487376478332018
0.28963315064762596,0.24929771659759464,0.21319373915212778,0.24787539360265168
0.268315394920044,0.25203604878137426,0.22087205897342332,0.2587764973251585
0.2794746248217765,0.23897384560155474,0.22685427413789191,0.2546972554387769
0.29749408236011404,0.2344174204246838,0.22387597946309323,0.24421251775210895
0.2803549281739289,0.24098496991683713,0.22291882657371478,0.2557412753355192
0.2943655107383585,0.23753454548060274,0.22485546521339525,0.24324447856764358
0.3017991941304074,0.23960967597319258,0.21605052760047988,0.24254060229592017
0.2845718852394203,0.23922932496823038,0.22545750749175925,0.2507412823005901
0.29329671848833044,0.2290492677379593,0.23383992568682063,0.24381408808688954
0.30029935766948335,0.23961002569514137,0.22061005653169224,0.23948056010368302
0.2845996929388241,0.24483602278504193,0.21778102004809557,0.2527832642280384
0.27171662972559507,0.24948009911610342,0.23156704173632633,0.2472362294219752
0.28020118923929,0.25065093604298816,0.21416602859793077,0.2549818461197911
0.28489207269424716,0.24246978627632546,0.22162943575170138,0.251008705277726
0.2847555994785607,0.23032656574100596,0.2296001873017028,0.25531764747873065
0.3057114195180673,0.22074597560153983,0.23714992795221915,0.23639267692817362
0.3052832660295657,0.2365400267196517,0.21764131382400337,0.2405353934267793
0.297849266904253,0.24179348768295653,0.2196994526285128,0.2406577927842778
0.2891818795383776,0.24396580684736804,0.22279224725978172,0.24406006635447264
0.2856060140406967,0.2431402458258928,0.2230576468939501,0.2481960932394604
0.2914811333548012,0.23540590836555375,0.22469019601485668,0.24842276226478846
0.29940956569955196,0.2291319248611031,0.22702988621587306,0.24442862322347195
0.2905913773384238,0.23296413664834945,0.2314406821761314,0.24500380383709536
0.27812794114611156,0.2520601701883541,0.2233281626854681,0.24648372598006643
0.29365396290244106,0.2555272593911107,0.2045005460208572,0.24631823168559103
0.2795709104230599,0.24452766800864956,0.22090211646144695,0.2549993051068437
0.2810035021495815,0.2258406123503633,0.2389237754670379,0.2542321100330171
0.31050296165366853,0.2198242529729472,0.2344858583464417,0.23518692702694244
0.30358468383865284,0.24246527361430176,0.21237948503524046,0.24157055751180492
0.29598222549730685,0.24650817296626712,0.21374086828138616,0.24376873325504003
0.29557737320882993,0.23747937148898057,0.22567394896856033,0.24126930633362922
0.28630806744505094,0.2387587174236281,0.22513651366379436,0.24979670146752656
0.29328693079525425,0.2293512858933134,0.230495587626486,0.24686619568494625
0.30136623940462226,0.23671915990455894,0.22232731829731564,0.2395872823935032
0.2895400460706014,0.2431888897203617,0.21726605595181972,0.2500050082572173
0.27471929747954654,0.25151017677778637,0.22784214385060428,0.2459283818920627
0.2863089264159688,0.24840164189062988,0.21237948688897657,0.2529099448044248
0.2868560784668488,0.24027932323896095,0.2248206017059836,0.24804399658820656
0.2813860339532814,0.23199706467462922,0.22925736093356885,0.25735954043852066
0.30382328263288905,0.2274360056341022,0.23249576478579131,0.2362449469472173
0.3016813141359782,0.24388003219053922,0.20955577173484066,0.24488288193864202
0.2928239818434378,0.24050179898182653,0.22244260404826657,0.2442316151264691
0.29214589702264837,0.2362200225244788,0.226329189451454,0.24530489100141872
0.29301292088114517,0.23688088942553412,0.22503789250800932,0.24506829718531126
0.29181990606731534,0.23806329715874136,0.2224852364728529,0.24763156030109035
0.29736870514776437,0.2379265653835402,0.22087353351242375,0.2438311959562718
0.28761498411086867,0.23990147165931358,0.2239654790563374,0.2485180651734804
0.27281232761751956,0.25019083188574814,0.22688363783495705,0.25011320266177517
0.28787796292814344,0.24876137187160727,0.21332969051669026,0.25003097468355884
0.2841184400462831,0.24468799886722975,0.2197176937870635,0.2514758672994236
0.27782180974877535,0.23384697680563613,0.23038622669960268,0.25794498674598576
0.3031158836755171,0.22652628441352723,0.23231904306535753,0.23803878884559812
0.30147406021546147,0.24074992118037336,0.21314942029066655,0.24462659831349867
0.2931879299539645,0.24049678715153652,0.22144563769126716,0.244869645203232
0.2993425933054192,0.23377937114019834,0.2245807405299004,0.242297295024482
0.2941689878080569,0.23617061720027835,0.22546618756111825,0.24419420743054654
0.2941142009557532,0.235086184866015,0.22304232586773545,0.24775728831049626
0.3062545052482523,0.23246760868551847,0.2211227133042369,0.24015517276199227
0.28688302300074414,0.24051311943205128,0.2236502601511361,0.24895359741606843
0.27232461166503025,0.25117082503941224,0.22770553767787932,0.24879902561767808
0.29041022059833005,0.25256471265896546,0.2098656458900654,0.24715942085263906
0.2716220663703447,0.2508682729378993,0.21822018583168104,0.2592894748600751
0.269012283536237,0.23740364176781023,0.233144495236022,0.2604395794599308
0.3050138152755749,0.22880700151328004,0.22682852618343755,0.2393506570277076
0.2948983572749986,0.24173185219934376,0.2136342446105847,0.24973554591507297
0.29113988479864533,0.23653300692161205,0.22484358427904846,0.24748352400069415
0.30861253513190684,0.2282919853441043,0.22622254788433338,0.23687293163965542
0.2948682937292211,0.23803766254164535,0.22213193889647403,0.24496210483265957
0.2935756311989007,0.23344904849061288,0.22673813496873302,0.24623718534175354
0.30627878059721453,0.23690395998948946,0.21989759409773812,0.23691966531555783
0.2878016329449093,0.24280399988460452,0.21714407908135086,0.25225028808913535
0.27298780749881996,0.24663750332228823,0.2335182849210931,0.2468564042577987
0.2867439975172947,0.24905888127415224,0.21439439898711005,0.249802722221443
0.27430368799607235,0.2524765166248818,0.21872435112920238,0.25449544424984344
0.26266915062356555,0.24585236630749685,0.22557197978966467,0.26590650327927295
0.29672484979716335,0.23380022552595406,0.22710560547544542,0.2423693192014373
0.2988888508535622,0.23681661673390209,0.21387188721902028,0.25042264519351526
0.2956500926220297,0.2255595194762967,0.23410439410249892,0.2446859937991746
0.3097659315471479,0.22411890090326111,0.22933131930185746,0.2367838482477336
0.3071691703119141,0.2382061499429581,0.21821903642337936,0.23640564332174838
0.29360088914300886,0.2447021138855205,0.2163430505031474,0.24535394646832331
0.29478587604548273,0.23997649799454965,0.22306204146863176,0.24217558449133586
0.2788801694335015,0.24418732135279445,0.22432256738584475,0.25260994182785923
0.26888279673547255,0.2492765784333245,0.22802675336046008,0.2538138714707429
0.2835264858055023,0.2492361116522822,0.21607005326031803,0.2511673492818975
0.28264777273958536,0.24781311423257704,0.21438279104087823,0.2551563219869594
0.2836600509446625,0.22978795509245906,0.23119562688787565,0.25535636707500275
0.2983993004836593,0.2260310228470103,0.23661540305705278,0.23895427361227753
0.3005626952388314,0.24091918324870032,0.214292056768047,0.24422606474442127
0.30356330268339077,0.24333904427485153,0.2134680909214873,0.23962956212027045
0.29456308592590086,0.2337143442645775,0.22444967469026691,0.24727289511925468
