0.3006635025760753,0.2654789621567936,0.19882840846577643,0.23502912680135465
0.3001346231318801,0.26569546886668893,0.19877476332767113,0.2353951446737598
0.29996195085269384,0.2648652838283041,0.19871636420824554,0.23645640111075644
0.3004299786383316,0.2647852014998598,0.19896878630371445,0.23581603355809422
0.2999701043237761,0.2647533496505557,0.19886970779805083,0.23640683822761743
0.3003163849655614,0.26468412404996783,0.1989451204200011,0.2360543705644696
0.3012877029839511,0.2674388122115548,0.19906643762841056,0.23220704717608348
0.29911535219942836,0.26631144832866754,0.1981799265303209,0.2363932729415833
0.3004261513502503,0.2643259779943989,0.19876819035805943,0.23647968029729144
0.30010621431490647,0.2644390969722896,0.1990244064616332,0.2364302822511707
0.300185214250652,0.2645539173132101,0.19896034854255687,0.23630051989358103
0.30008728686753494,0.2644988101123697,0.1989349053132297,0.2364789977068658
0.30068731208301713,0.26542042324656817,0.1990181371199403,0.2348741275504744
0.2997584700461522,0.2651999866919576,0.1986984189597518,0.23634312430213836
0.3002756327028582,0.26452853461785675,0.19887786305721236,0.23631796962207277
0.3003658099156735,0.26495477410562884,0.19899942515922295,0.23567999081947466
0.3007398780308352,0.26630118882701564,0.1989375978741509,0.2340213352679982
0.3000545403194665,0.2663151022955103,0.19857829614853154,0.2350520612364917
0.3009271666207192,0.2697723278878842,0.19879366601628248,0.23050683947511405
0.29890668111219565,0.26696592685059867,0.19771842877865495,0.2364089632585507
0.30064835995568606,0.26445574887164086,0.19875566552502616,0.2361402256476471
0.3000130269815876,0.26461379394347023,0.1989878745011163,0.23638530457382592
0.3001709198861169,0.26451449979249236,0.1989286508864422,0.23638592943494868
0.30018169331932304,0.2645769244235853,0.19896359290083726,0.23627778935625438
0.3013037578517039,0.2667081134032191,0.1990785967649853,0.23290953198009165
0.29922016538204427,0.2659885433593882,0.1983443017354863,0.23644698952308127
0.30040654813814216,0.2643467473749258,0.1988003692388062,0.23644633524812597
0.30046164049673657,0.2650469230771797,0.19906701647304895,0.23542441995303487
0.29999267356348097,0.2651147543191504,0.19879971729028267,0.23609285482708597
0.3000529105262512,0.2644665145533046,0.19884379240317032,0.23663678251727377
0.3008299653986693,0.2654280158579944,0.19907441253700026,0.2346676062063361
0.29959875119347995,0.26515857752524824,0.19866294380860486,0.23657972747266692
0.30029213041468017,0.26431117100548995,0.19889489631935117,0.23650180226047862
0.3000584949019735,0.2643309460994966,0.19899411987712814,0.2366164391214018
0.3001442645972922,0.2643259123615429,0.1989818627804781,0.2365479602606869
0.30011583596884506,0.26435877193781276,0.19898168860419527,0.23654370348914688
0.3001862338967245,0.2644658530902258,0.19898478107172224,0.23636313194132752
0.30006714843494825,0.26442907350420325,0.19894502011651674,0.2365587579443318
0.3001845277590751,0.26442145821086305,0.19897693487224985,0.23641707915781185
0.30009350453198347,0.26443012663964865,0.19895995849776962,0.23651641033059823
0.3001737122835461,0.2644489761829877,0.19897296190290736,0.23640434963055887
0.3003639557717095,0.26487768856835153,0.19899621669645046,0.23576213896348844
0.2997224948438289,0.27106327481937936,0.1987241268902736,0.23049010344651816
0.29915876902258215,0.26689106751446423,0.19749607763954072,0.23645408582341296
0.30043933618330737,0.2641161148216403,0.1987848957486325,0.2366596532464199
0.30005982514641955,0.26424585299269965,0.1990573102758897,0.23663701158499117
0.3001708822134806,0.26437393995771363,0.1989912419192912,0.23646393590951473
0.30009591426808346,0.26439973857509497,0.19896712735156563,0.23653721980525608
0.30074135140385244,0.26545843399877694,0.1990346619505331,0.23476555264683746
0.29970483238481566,0.26521505516265664,0.19867981698558332,0.23640029546694424
0.3002345185167432,0.26439272254634405,0.1988718908560612,0.23650086808085166
0.30021842882133026,0.2645615608699002,0.19900611544873084,0.23621389486003863
0.30057486879372125,0.26540742597553346,0.19899650489333282,0.23502120033741242
0.29976673356321826,0.265055185623853,0.19870620252726,0.23647187828566882
0.3007422365509317,0.2652546027493431,0.19896569937508538,0.23503746132463982
0.2996924873691167,0.26497961072737,0.19873354677501284,0.23659435512850038
0.3002213445255232,0.2642441903806928,0.19890781719484696,0.23662664789893698
0.30009419123575554,0.2642758876421043,0.19901029344143709,0.23661962768070302
0.300159974661952,0.2643681544909549,0.19899280666743382,0.23647906417965928
0.3002528301499299,0.26464262354867785,0.19899169279142936,0.236112853509963
0.3006931347927928,0.2658252542658552,0.1989606834448503,0.23452092749650175
0.2996278830380741,0.2652225948964137,0.198606708968988,0.23654281309652422
0.30026808591698256,0.26429316232370687,0.19888913000296743,0.2365496217563431
0.3001808612475715,0.2644839693212391,0.1990178997522857,0.23631726967890374
0.3002593916803726,0.26478905793068436,0.19896370176933004,0.235987848619613
0.29997359166593374,0.2645670733258042,0.19886895189782636,0.23659038311043565
0.3011640691866093,0.26644188667784025,0.1989842958484696,0.23340974828708091
0.29929654292955477,0.2656708279524832,0.19842808019311867,0.23660454892484342
0.3003482631961082,0.26419492239160786,0.1988412527099942,0.23661556170228984
0.3002386451262538,0.26454888156146694,0.1990568307996295,0.23615564251264978
0.30033795132233115,0.26509902546694913,0.1989518913885177,0.23561113182220197
0.30015854198310915,0.26517714029454165,0.19883529593789867,0.23582902178445062
0.2997884517440355,0.26945147010980763,0.198310966532736,0.23244911161342077
0.2995300706932036,0.2659924339169184,0.19796530703998436,0.2365121883498938
0.3005289184230438,0.26451037051044934,0.19889472115019402,0.2360659899163129
0.3006812147867749,0.265771809481269,0.19904898825625658,0.23449798747569944
0.2999459385678148,0.2657995232823659,0.1986484136613763,0.23560612448844284
0.3000661450540655,0.2647713881969782,0.19873420961249905,0.2364282571364573
0.30148243820757803,0.26740181493576587,0.19904071951507887,0.23207502734157728
0.29900078967367466,0.26628769322385903,0.19817658200864036,0.23653493509382592
0.30049783771042704,0.26429503986941744,0.19878379386304879,0.23642332855710674
0.300078650341569,0.2644674833775153,0.19902417363968522,0.23642969264123054
0.30026144513274383,0.26467154638891455,0.19896506025818153,0.2361019482201601
0.300007598064322,0.26454217350810433,0.19889816781771363,0.23655206060986012
0.30084949529314237,0.26558419212439094,0.19903775384273464,0.2345285587397319
0.2995761221789376,0.265217912193213,0.1986346085010613,0.23657135712678803
0.3005487492703827,0.26472443878839236,0.19892463289704326,0.2358021790441816
0.30022685194567295,0.2652189444894911,0.19893076014752772,0.23562344341730804
0.3000036483312786,0.26485481830622226,0.198791114138224,0.23635041922427527
0.3004483369796036,0.2649319490239889,0.19895996169453561,0.2356597523018718
0.2911713981763413,0.27398652418151087,0.19812064400969148,0.23672143363245646
0.302280372211509,0.26393752395756304,0.19741781087100485,0.2363642929599232
0.2998637167289774,0.2644564758385151,0.1993470777284616,0.23633272970404595
0.30013318347939033,0.26453891206364294,0.198883688637236,0.23644421581973082
0.30022826473992564,0.26458187621826595,0.19897449523474367,0.23621536380706482
0.3000484402163937,0.26451782366983617,0.19892065948652748,0.2365130766272426
0.30046874793061024,0.2649171574846076,0.19899996053503613,0.23561413404974607
0.2998881318439909,0.26478873286118465,0.19882397073186606,0.23649916456295839
0.3001480796776385,0.2642974781100386,0.19891989312651392,0.236634549085809
0.3005700871966595,0.2650227103000265,0.19906918107052318,0.23533802143279084
0.300211917593598,0.2656140750658616,0.19883634998267774,0.23533765735786275
0.30059230205823173,0.26601408787749437,0.19881626239941563,0.23457734766485833
0.3001232256909903,0.26605285619612695,0.19864217198801415,0.23518174612486845
0.2998736150311469,0.2648293453489045,0.19865503505362342,0.23664200456632523
0.30028911683283405,0.26436791531205694,0.19896624920186914,0.23637671865323992
0.300020150355303,0.2643780521197918,0.1989625619728143,0.236639235552091
0.30019783813364387,0.2643721878073752,0.19898627736237817,0.2364436966966027
0.3001463468724262,0.2645057348634412,0.19897590556946038,0.2363720126946722
0.3001301943517015,0.2645066796534123,0.19894783263790805,0.23641529335697817
0.3000620841342617,0.26435038496778723,0.19894263054514294,0.23664490035280816
0.3002276873517119,0.2644271433117839,0.19900049711148607,0.23634467222501807
0.3006267528589531,0.2653848543753114,0.19903360034686918,0.23495479241886638
0.2997450323892441,0.2650991305763856,0.19870063321295792,0.23645520382141233
0.30025812906871413,0.2644138382903426,0.19889584750168796,0.23643218513925535
0.30050250702117565,0.2651308726417537,0.19902257409500468,0.23534404624206595
0.2997849708123597,0.26483349213213686,0.19876010722454646,0.23662142983095694
0.30020592816080716,0.26424435446694466,0.19893115937784625,0.23661855799440193
0.30008249000181936,0.26426362142768206,0.19900371665072855,0.23665017191977014
0.3002140348061031,0.264427742321523,0.1990047532486478,0.23635346962372603
0.3001041589985493,0.26451318338976026,0.19895484961242388,0.23642780799926646
0.3001661674533317,0.2645026465276711,0.1989554557490771,0.23637573026992012
0.30006412173661534,0.2643984428614535,0.19894251992315126,0.23659491547877987
0.30020096674919117,0.26441995760302905,0.19898667225738603,0.23639240339039358
0.3005357239459691,0.26517789903565664,0.19902645016470732,0.23525992685366698
0.29977429171473674,0.2648905004307746,0.19874832851339244,0.23658687934109618
0.30043517545239806,0.2646353334373403,0.19895630721154023,0.23597318389872152
0.30186915245304613,0.2711849048797145,0.19882705221783614,0.22811889044940317
0.29823113917666466,0.26796253487584315,0.1973248946457213,0.23648143130177088
0.300657513683116,0.26403288448115114,0.19862320973797903,0.23668639209775372
0.3002851172524653,0.26463071613668315,0.1991408389333127,0.23594332767753895
0.29993530349512626,0.26459993767922363,0.19886124742760017,0.23660351139804991
0.3001543894423127,0.26426324654989064,0.1989528393246545,0.23662952468314224
0.3002489044663534,0.26473741023279546,0.19891278473506396,0.2361009005657872
0.2999946622302845,0.26450194926574405,0.19889251535348904,0.23661087315048235
0.3002206968842303,0.2644029867821259,0.198976921372215,0.23639939496142867
0.3008419350019194,0.2657774697976667,0.19906802430795692,0.234312570892457
0.25403687294763017,0.27081137229112207,0.1928126751860572,0.2823390795751905
0.0005788332601205684,0.010734044805078545,0.010197009110026786,0.978490112824774
1.6863976565286237E-11,1.0283227505859273E-07,1.5541274003109023E-06,0.9999983430234607
0.4713043080744976,0.0501492866337063,0.28149607293562134,0.1970503323561748
0.2489819651501938,0.2975304867698402,0.2196375354445708,0.2338500126353953
0.30650111046491835,0.29630404227247537,0.19344502543191944,0.20374982183068682
0.29442753052243176,0.2825442994875204,0.19293212129404494,0.2300960486960028
0.3025783587667636,0.2692535036400081,0.19676568139824427,0.23140245619498406
0.2906250220253469,0.27390847955685266,0.1986849884328853,0.236781509984915
0.3024254582561987,0.2640825769930956,0.19734145000958028,0.23615051474112547
0.30194587522807914,0.26872207637071294,0.19965680456801052,0.2296752438331974
0.2993147280888415,0.26900817890869333,0.19783552551229072,0.23384156749017446
0.30047673740727343,0.26624980186506436,0.1982910498611702,0.23498241086649202
0.30215359797565494,0.2700474233384705,0.1991114346848061,0.22868754400106844
0.29922275052401875,0.27298458483965277,0.19775369734087503,0.23003896729545348
0.2993241024802445,0.26699489792051173,0.1973124768985591,0.23636852270068462
0.3008149005845846,0.26480254178707857,0.19885771683271283,0.23552484079562402
0.2998805762994234,0.2649345799466033,0.19887752561072722,0.23630731814324607
0.30014561043321075,0.26444324938494973,0.1988790553515396,0.23653208483029992
0.30062763408651094,0.2652003717871525,0.1990523282224923,0.23511966590384425
0.29996524925700224,0.26536026037086113,0.19876465153060313,0.23590983884153352
0.30003906837600686,0.26455313262574437,0.19879776940737098,0.23661002959087787
0.30067284034402336,0.26516025519451064,0.1990463117831273,0.23512059267833887
0.30020218223260137,0.26575314852067694,0.19881471020840874,0.23522995903831292
0.30046748365180115,0.26590479410663076,0.19877432898044445,0.23485339326112364
0.2998126839003753,0.2651414234291469,0.19865315446983708,0.2363927382006407
0.30097608533991715,0.26579066612016977,0.19896546477337707,0.23426778376653598
0.2994916680278629,0.265294999388583,0.19859429612338148,0.2366190364601726
0.3002773785869693,0.26419653739882937,0.19887692810377583,0.23664915591042548
0.30013291237250594,0.26433548631795056,0.19903266591453822,0.23649893539500536
0.30042697498219006,0.264918837402471,0.1990164338343722,0.23563775378096674
0.3001911331999288,0.2652777643165124,0.19886386109693116,0.23566724138662762
0.3001424218898973,0.26503571464936604,0.198806050225974,0.23601581323476256
0.30008746530914854,0.26464040695624563,0.19886460325306032,0.23640752448154542
0.30020021425477944,0.2645386459709623,0.19895210790244544,0.23630903187181282
0.30021680021992986,0.2647060411916727,0.19896018943487737,0.23611696915351998
0.30027379502384877,0.26495633890743286,0.19893301116722886,0.23583685490148956
0.3006536453256006,0.2659837559231194,0.19893710437443224,0.2344254943768477
0.29998479774627745,0.2702005494575005,0.19831766430379882,0.23149698849242312
0.29930071409148706,0.2663807779479688,0.19777645709966388,0.23654205086088023
0.3003774895854715,0.2640933560031814,0.198826867978949,0.23670228643239807
0.3005585221974143,0.26502610067246407,0.19912854687916068,0.23528683025096095
0.30007238188674373,0.26541887495269284,0.19880424582127482,0.23570449733928864
0.3004747839612828,0.2655338916215808,0.19883931829339915,0.23515200612373732
0.299994181560286,0.26527896873595,0.19873099260269886,0.23599585710106502
0.3000670511924801,0.2645385991745235,0.19882565883665804,0.23656869079633827
0.3007156314070558,0.26529204710608134,0.1990531023887283,0.23493921909813445
0.30034755726037343,0.2661476539311576,0.19880899282814188,0.23469579598032705
0.30070600819658133,0.2675852037764098,0.19876095873677158,0.23294782929023733
0.2995116040561052,0.2661097433639471,0.1982651705112318,0.23611348206871582
0.30154540538796504,0.2689403715420027,0.19876295771090638,0.23075126535912588
0.29877639268593953,0.26681245688235944,0.19788031406248013,0.23653083636922093
0.3005532068008742,0.26421010579049775,0.198740337128388,0.23649635028024002
0.30031776937625226,0.2648236233784982,0.1990862963085876,0.23577231093666187
0.30057730638429253,0.2658689360081373,0.19892245923596624,0.234631298371604
0.2998238330667356,0.26541266717868567,0.19863360175380465,0.23612989800077405
0.3004342634210641,0.2649681687009712,0.19886587661880897,0.23573169125915563
0.3000921790190963,0.26499077954722905,0.19886982646423187,0.23604721496944273
0.30063841538535596,0.2655731655329308,0.19894013868412674,0.23484828039758626
0.30081131153216045,0.2669480340176153,0.19884082514898566,0.23339982930123856
0.2999579191982886,0.26667274916698497,0.19845034270448267,0.2349189889302437
0.30018888739343375,0.26542010620211925,0.19861136923874323,0.23577963716570371
0.30123566504886956,0.2709511513125769,0.19896038182801223,0.2288528018105415
0.2985124372916575,0.2676837726991544,0.19738539579296743,0.2364183942162207
0.30060253738360937,0.2641177060730907,0.1986628718840312,0.23661688465926864
0.3003026583864389,0.2647039222886346,0.1991189299390495,0.2358744893858771
0.30023185103404226,0.26515763048273844,0.19889365931753478,0.23571685916568466
0.300075110069321,0.2648976770440574,0.19882172728806183,0.2362054855985597
0.30051061097370346,0.26527697857618265,0.19893415212655002,0.23527825832356394
0.29985622052557587,0.2649756222390274,0.19875796122464384,0.23641019601075292
0.3010962430256988,0.266007638874379,0.19902412209887044,0.23387199600105177
0.3016417626085824,0.2695347447180948,0.19885354382663248,0.22996994884669028
0.29915823749184567,0.26817297158324727,0.19780053591285507,0.23486825501205194
0.30157712999290476,0.26788952479169986,0.19865540187907532,0.23187794333632
0.28057615925585355,0.2865646512661808,0.19909756124132325,0.2337616282366425
0.3041634798355184,0.26519352281548353,0.19485897205375197,0.23578402529524603
0.29940799244759925,0.2641049250547101,0.19953535192960012,0.23695173056809046
0.30089977198104256,0.2652505771677729,0.19902928931445854,0.23482036153672592
0.299644126599611,0.26513784400616264,0.19871589268706136,0.2365021367071651
0.3003263030088542,0.26445668320355,0.19889448237779067,0.23632253140980505
0.30054804514772804,0.26543490704488454,0.19900073905385415,0.23501630875353324
0.29975940545997926,0.26503776445424004,0.19869828063030937,0.23650454945547134
0.30125531917541626,0.2668374718419772,0.19900795144407268,0.2328992575385339
0.30103978938131143,0.269290420840089,0.19858217269186318,0.2310876170867365
0.29979088419549127,0.2682250894999588,0.1979931985987088,0.2339908277058411
0.300240586889702,0.26597029620952484,0.19838845321655146,0.23540066368422172
0.2840074367418971,0.29043072774180256,0.20102504852587055,0.22453678699042975
0.30159893403624893,0.2696393001482874,0.19335303866990894,0.23540872714555497
0.30010230802545323,0.2640362254282677,0.19899812292846042,0.23686334361781863
0.3002818528127598,0.26439282234098427,0.1990627359962871,0.23626258884996887
0.3000191957290977,0.26448393662890574,0.19893840966778897,0.2365584579742076
0.3001206592165061,0.26429679822297897,0.1989572287455878,0.23662531381492724
0.30104788094350954,0.2660130745749744,0.19910585053803587,0.23383319394348012
0.2998566718822652,0.2664017812936231,0.19856729712266277,0.23517424970144896
0.3011879295498999,0.26768430606583393,0.1987456256565035,0.23238213872776267
0.30097746764096667,0.2696421960591823,0.19844283621567893,0.23093750008417213
0.29935722762279093,0.26733469474530425,0.19788209894747721,0.23542597868442766
0.3006544028523838,0.2654239012931042,0.19865380432420504,0.2352678915303068
0.30078454003902616,0.2686730199695805,0.19892919903704065,0.23161324095435268
0.29911101498143433,0.2664891281369813,0.1979482956694921,0.2364515612120923
0.30041567014353987,0.2641961405570837,0.19877531851626118,0.23661287078311533
0.3000949563487937,0.26432399608564466,0.19904798275633573,0.236533064809226
0.30088329644118866,0.2659927365052314,0.19905475897650043,0.2340692080770794
0.2997334378863435,0.265830953887369,0.19857049159660142,0.23586511662968615
