0.2921021630263494,0.2442556095387854,0.2255620656604447,0.2380801617744205
0.2903859103215547,0.2428318029937579,0.22380302544839137,0.242979261236296
0.29139794863369833,0.2423963841652136,0.22495918593945846,0.24124648126162954
0.2903828417515497,0.24353140307550236,0.22471031612311454,0.2413754390498334
0.2882491732779372,0.24405335915850065,0.22190282512705883,0.24579464243650329
0.28998852652027857,0.2410389405069402,0.22199702598589405,0.24697550698688722
0.29165106574293415,0.24113950853429839,0.22531548612434316,0.24189393959842428
0.29217777197341555,0.24415168719223138,0.22726703823485309,0.2364035025995
0.29235252627672403,0.24324432024481832,0.22656932945698335,0.23783382402147418
0.28882785932744165,0.24519016063002896,0.22361963910430713,0.2423623409382224
0.2886420654662757,0.2429886548366477,0.22081380185144842,0.2475554778456282
0.2922792154179108,0.2388336371231792,0.22429499123812108,0.2445921562207889
0.29352525780593436,0.2439875898964923,0.22950443944668134,0.23298271285089206
0.29345939029453894,0.2446278643156621,0.22878107502802905,0.23313167036176988
0.29355093609003863,0.24437377320057327,0.22835047313901216,0.23372481757037586
0.291056934828446,0.24497511124886998,0.22596384700250927,0.23800410692017474
0.2897950152028042,0.2443261798626115,0.22317143596277347,0.24270736897181078
0.29121148555140497,0.24062730120000694,0.2236207720887328,0.24454044115985524
0.29127209554250977,0.2435378572223306,0.22601980171905142,0.23917024551610816
0.2883722626228438,0.24447467737379122,0.22256548190565784,0.24458757809770718
0.2866521638320535,0.24285592714262014,0.2189425839297894,0.251549325095537
0.28341611531283534,0.24126940404345526,0.21546550182503396,0.25984897881867536
0.2871500814335579,0.24021070941048364,0.21815056379158665,0.25448864536437177
0.29134709340418863,0.2380025497238796,0.22363040064564663,0.24701995622628514
0.2928451348016097,0.24429186983001788,0.22892351967635222,0.23393947569202028
0.2934750702822787,0.2436138510935476,0.22822704018129022,0.23468403844288346
0.2932601924133911,0.2445905644060976,0.22843412620250167,0.23371511697800962
0.28993290544030814,0.24552475792126002,0.22475180943746942,0.23979052720096236
0.2901444970658671,0.2429328469683406,0.22261428060305846,0.2443083753627339
0.2926001896693061,0.24007780777334856,0.225453018024354,0.24186898453299135
0.2921214770517741,0.244994371607828,0.22803059263668823,0.23485355870370964
0.2910600144503221,0.24426959864079384,0.2251761381885814,0.23949424872030267
0.29439686487545624,0.24136743914543227,0.22755044226438165,0.2366852537147298
0.2935609822624895,0.24413320146486325,0.22971638172193254,0.23258943455071474
0.29329175542313757,0.24675206246933512,0.22888615625576159,0.23107002585176573
0.295069887909128,0.2413230332499159,0.22845067663994767,0.2351564022010084
0.2957064033723857,0.2457003181693402,0.23253742730862303,0.22605585114965113
0.29596016022759186,0.2453340085603083,0.2319085752753408,0.226797255936759
0.2959147343174221,0.24576323391167065,0.23202182523969106,0.22630020653121627
0.2945661629415622,0.24622437650069579,0.230496615130136,0.22871284542760595
0.2938730909722963,0.2452234243405572,0.2286796921101677,0.23222379257697884
0.29377059445542375,0.24369913973139493,0.2282365135214949,0.2342937522916863
0.2945132938709229,0.24436650647518143,0.22963489742203413,0.23148530223186148
0.29450441824213863,0.2442841521728608,0.22985102215775693,0.23136040742724376
0.29274092608778524,0.2462171430635562,0.2284309025901951,0.2326110282584635
0.2864789536686784,0.24582026642437005,0.22054441485494775,0.24715636505200378
0.28885967648465904,0.2410726141477501,0.21945352615925742,0.25061418320833345
0.2948697356642296,0.23708097422912405,0.22706329478596518,0.24098599532068113
0.29634908915204666,0.2458895860802335,0.23478867310314322,0.22297265166457658
0.2964808114724522,0.24654059594273,0.23342265950826402,0.22355593307655383
0.29569193546776035,0.24678170064593608,0.23193845235526817,0.22558791153103536
0.2922463306731931,0.24654038352854882,0.22763037678134507,0.233582909016913
0.29047100164168593,0.24477121518958556,0.2237859959969603,0.24097178717176826
0.2924350003234277,0.2404389287904361,0.2248413031600484,0.24228476772608784
0.2932251561541827,0.2437341495199803,0.2286057109729274,0.23443498335290966
0.2914180609477445,0.24516247720559156,0.22661905584103662,0.23680040600562724
0.29169747361601106,0.24354767663955543,0.22514955023156363,0.23960529951286988
0.2908812661841318,0.24243231905421672,0.2247167141321213,0.2419697006295301
0.29211044736031905,0.24391908129469733,0.22626846111275248,0.23770201023223106
0.29564493402044106,0.24056038547534772,0.2292701918319094,0.23452448867230183
0.29699539509543704,0.24534813686483514,0.23451840834082402,0.22313805969890382
0.29650734471996754,0.24740170332451267,0.23392369685971717,0.2221672550958027
0.2943417524590399,0.24728840661922363,0.23033121338828635,0.22803862753345017
0.28987822436254207,0.24610731961641538,0.22419816902118783,0.23981628699985477
0.29044454510389994,0.24229479078929433,0.22241963494514544,0.24484102916166037
0.2936217615827153,0.2398422528704593,0.22668079640746483,0.23985518913936058
0.2944540378378354,0.2449544090144384,0.23102110447836377,0.22957044866936235
0.293146947665147,0.24557207694468589,0.22876821573649658,0.23251275965367052
0.2935202304219012,0.24435079594149592,0.22777893300909532,0.23435004062750758
0.2910167232934544,0.24397476838210183,0.2257102898641158,0.2392982184603281
0.29246958251647215,0.24430486092076137,0.22623302396616204,0.23699253259660438
0.29627579713910734,0.23956340290871422,0.22962810355043164,0.23453269640174673
0.29556823328597537,0.24768015700024554,0.234177420026742,0.22257418968703713
0.292117023739772,0.24770567039680322,0.22779035951871185,0.23238694634471302
0.289405286175535,0.24406576720116127,0.22221519862727115,0.24431374799603245
0.2844584980236475,0.24305450367159936,0.2172428064709491,0.2552441918338042
0.2877200584179624,0.24056967337646926,0.21847234965058496,0.2532379185549834
0.2916526838685177,0.23778176307740337,0.22392876733383338,0.24663678572024567
0.2907615541215622,0.2459064154296277,0.22726730472860965,0.2360647257202004
0.2888926827056556,0.24364419022934014,0.22210081581407745,0.24536231125092683
0.2909945525126218,0.24104883975674346,0.22335996849194903,0.24459663923868563
0.28875525969703225,0.24322366003483498,0.22326507313383154,0.24475600713430115
0.29082916721234736,0.24307685959357073,0.22378708862099703,0.24230688457308486
0.29403605669252936,0.2393642589003137,0.22710165110125347,0.23949803330590336
0.2942327844078846,0.24628735625258477,0.23145445011102897,0.22802540922850162
0.2929803133121854,0.24506668528796338,0.22795065226433772,0.23400234913551354
0.2934759659640916,0.24398612755193674,0.22769077717297406,0.2348471293109975
0.2915156290546045,0.244111795025388,0.22631544337642298,0.2380571325435846
0.291564723779088,0.24463556763842376,0.22554305447443207,0.23825665410805624
0.2921212674793024,0.2412423528870511,0.22535952689908664,0.2412768527345599
0.29114136071477087,0.24534652886615452,0.226440617016341,0.23707149340273345
0.2909433940897284,0.2427009929136163,0.22412352655074294,0.2422320864459123
0.2910719953227797,0.24272214292044383,0.22490009157373075,0.2413057701830457
0.2849602251146821,0.24533666620196093,0.2194224315997682,0.2502806770835888
0.2880619105956277,0.2408498068474552,0.2183773014660889,0.2527109810908281
0.2929181302860029,0.23685831247092393,0.2249538491993439,0.24526970804372927
0.2937387336133771,0.2463315530022544,0.23131488768679054,0.2286148256975779
0.2939366591766221,0.24387692882851242,0.22859380931189383,0.2335926026829717
0.2937773209250924,0.244898605541204,0.2290737675203682,0.23225030601333554
0.2919066720418558,0.24506234834658,0.22677207984040418,0.23625889977116005
0.2918060558482677,0.2437028095692411,0.22544627992370736,0.23904485465878378
0.29497687035781983,0.24120127833494412,0.22854059405129717,0.23528125725593887
0.29455371141337083,0.2450682826946431,0.23131039497832978,0.2290676109136563
0.2909402967432785,0.2479524902629194,0.2268395018177209,0.23426771117608133
0.2879402215276293,0.2432912231820215,0.220139823393015,0.24862873189733425
0.28627933641721887,0.24167538154129506,0.21844673238506282,0.2535985496564232
0.2923346868335924,0.2393921340190267,0.22398316570973506,0.24429001343764575
0.29546586617334764,0.24042154431333168,0.230546041569611,0.23356654794370957
0.29639282858276583,0.24753171676788455,0.23474672415214579,0.22132873049720372
0.29637031070085973,0.24546424743031486,0.23231290745907973,0.2258525344097457
0.29467793981650886,0.24739815202771046,0.2311472596849541,0.2267766484708266
0.2934765689711572,0.24501207508248984,0.22787091569826903,0.23364044024808386
0.29516750397999364,0.24283998028073153,0.22931041628585186,0.2326820994534229
0.2951978972264516,0.2447400671999166,0.23138039639879662,0.22868163917483517
0.2927502210752209,0.24729431781161743,0.22894023603101832,0.2310152250821434
0.2918970895008697,0.2439309053758098,0.22523241685738943,0.23893958826593112
0.29324196446267353,0.2419162834888333,0.2268109892984046,0.23803076275008853
0.29144866707675554,0.24511627617053508,0.22701295273635322,0.23642210401635608
0.2933195133831815,0.24321311050019154,0.22682820983804516,0.2366391662785818
0.2965284242624256,0.2409374027228078,0.2309122494412845,0.23162192357348216
0.2973189711052722,0.24694214437507844,0.2356521948526753,0.22008668966697412
0.29658427590848857,0.24725016482298598,0.2336212397296428,0.2225443195388826
0.2946995322165467,0.24738908053548517,0.23070247702435553,0.2272089102236126
0.29344925470871513,0.2446865792845169,0.22770695496583826,0.23415721104092974
0.29378051494541396,0.24371668494204665,0.22813925083243658,0.2343635492801028
0.2940821547913079,0.2439551446714598,0.2291091055595659,0.23285359497766636
0.293095411400064,0.24522739085440812,0.22852041893919245,0.2331567788063354
0.29341927929815576,0.2440647340007281,0.2277112016528783,0.23480478504823774
0.2932702382908782,0.2434671599926454,0.22792021580487137,0.23534238591160492
0.2881421250836818,0.24683285681483175,0.22350550023482618,0.24151951786666015
0.29274420869224305,0.24054440832781773,0.2236818495237628,0.24302953345617634
0.2983070797826134,0.23808396203557072,0.23239963249531467,0.23120932568650135
0.2969655398318783,0.25078366091206716,0.2383472663936479,0.21390353286240663
0.29562625881433907,0.24827986143298492,0.23154093981009977,0.22455293994257627
0.2963696508538316,0.24317830548129094,0.2305024807254485,0.22994956293942898
0.29305084550962196,0.24773388227868653,0.23007932787844998,0.22913594433324155
0.2913684810283667,0.24546865727005468,0.22495285916910818,0.23821000253247032
0.29283107912326106,0.24045290431434319,0.22541668724604247,0.2412993293163532
0.29053225653288794,0.24590076434821653,0.226406987330361,0.23715999178853453
0.28119334204134233,0.24588357413186063,0.2146419312352069,0.2582811525915901
0.2646840138034634,0.24291186126204667,0.19541892291101343,0.2969852020234765
0.2450903137144648,0.2354998923477016,0.17490222350427834,0.34450757043355534
0.2582169888885821,0.2289592458500453,0.1830646961231485,0.3297590691382242
0.27938301249334524,0.2267746620135601,0.20591464383537006,0.28792768165772464
0.2805064620636452,0.23954380719715046,0.21530863672115044,0.2646410940180539
0.2774683229184084,0.24277023330229405,0.2095054914274269,0.27025595235187067
0.2797079852169148,0.2364961300249845,0.20854508224945226,0.2752508025086485
0.27812600138035465,0.23922080313651486,0.20985861761982996,0.2727945778633006
0.2840007136253124,0.23847444994531689,0.2139493742784921,0.2635754621508786
0.2864381283274548,0.23726767339362823,0.21835692963901812,0.25793726863989885
0.28566014943527807,0.2444200088301133,0.21998357445150402,0.24993626728310456
0.2857009428427072,0.239978386428033,0.2168292621821766,0.2574914085470832
0.28420714588048823,0.2413220021094911,0.21682629788541058,0.2576445541246102
0.27994456051601707,0.24249047671102913,0.21194493996050842,0.26562002281244534
0.28604776979030966,0.23711886555832817,0.21514722544391435,0.2616861392074478
0.2903984252996723,0.23796256532654828,0.2231878106917335,0.24845119868204601
0.29166852352746797,0.24436055880501803,0.22746738929551513,0.23650352837199884
0.2934550472521121,0.24233437466600033,0.22740316369439642,0.2368074143874912
0.2924876691808547,0.2446504014270219,0.22806063999142898,0.23480128940069447
0.28993793338187723,0.24578157546328636,0.22444265022806328,0.23983784092677304
0.29282682822936673,0.24063531179574232,0.22482867963288114,0.2417091803420099
0.29250494645963404,0.2429497321590212,0.22781454519319383,0.23673077618815097
0.29028363572122756,0.24684224884821238,0.22564009303011615,0.23723402240044386
0.2883718089692603,0.24200459182891815,0.22060299896474153,0.24902060023708011
0.2895341481819015,0.24202757595386637,0.2222975906465975,0.2461406852176346
0.2886861272819899,0.24182930504535094,0.2220711307283645,0.2474134369442946
0.2925542162351327,0.2418151562157898,0.2257064968081117,0.23992413074096564
0.29695142563520593,0.24008905726995106,0.23135627442963064,0.2316032426652123
0.2969865103260523,0.247645693175209,0.23608986186049732,0.2192779346382415
0.2944356330440219,0.24878901073503723,0.2313125516876916,0.22546280453324918
0.2906546836120783,0.24579871874208856,0.2244961801950517,0.23905041745078143
0.2884987005139788,0.2430127580177021,0.2210118966635563,0.2474766448047628
0.2896601423061665,0.241226774044795,0.22198403691865712,0.24712904673038147
0.2917050996976201,0.24126658160405134,0.22521048327742377,0.24181783542090485
0.2929999042150829,0.24321004359453105,0.22789670088848366,0.23589335130190234
0.2920087322186408,0.24455327004410427,0.22716652977452761,0.23627146796272727
0.2884091546186961,0.2454087457128551,0.2226614418037474,0.2435206578647016
0.28265751996354904,0.24347256495540495,0.21483564179285258,0.2590342732881934
0.28988115047340457,0.23773350788950812,0.2193450190035501,0.25304032263353726
0.2970028664855618,0.23709878597217374,0.23061635689312787,0.2352819906491365
0.2960146504745764,0.24871290105873325,0.23648863503594478,0.2187838134307456
0.2920531336004254,0.24973905443687733,0.22826899040284954,0.22993882155984782
0.2885193949478305,0.2431173824495372,0.2204843165528565,0.2478789060497758
0.2871976550230669,0.24229312172024015,0.21957634875050788,0.250932874506185
0.29091991428278174,0.2399420852680697,0.2228008983158923,0.24633710213325627
0.2912521359833645,0.24185028549900828,0.22588393499849377,0.24101364351913354
0.28946518450497755,0.2459768693965323,0.22450852197683324,0.24004942412165695
0.2857631599964385,0.2424654795473638,0.2181425715442344,0.2536287889119634
0.28623696227027773,0.24165025019923947,0.21787756159491375,0.25423522593556913
0.284572576884405,0.24014508939695334,0.21667538387706656,0.25860694984157523
0.290092476684253,0.24047119567781614,0.22196206483628317,0.24747426280164772
0.2945902477512724,0.23858941121636293,0.22804924708453653,0.23877109394782822
0.29357722413893067,0.24742656895594572,0.23172520516453554,0.2272710017405881
0.28971067438747883,0.24643628796104944,0.22419754968862488,0.23965548796284683
0.2886599894227038,0.242264198549324,0.22059980682419858,0.2484760052037737
0.28871614742274015,0.24131933938419056,0.2213874283542581,0.24857708483881125
0.2890346956323699,0.24243570182630464,0.22237510192068288,0.24615450062064248
0.28836437846624235,0.24210625336383182,0.22154433043973085,0.24798503773019492
0.28721138467577945,0.2428735556386339,0.22031144778002548,0.24960361190556113
0.2860381903915451,0.24159391034045508,0.21827610486321214,0.2540917944047877
0.2869499565473405,0.24093029086463796,0.21897343332440874,0.2531463192636128
0.2841844852536849,0.2417319327134339,0.2170820529998751,0.2570015290330061
0.2886279955932286,0.24038844157795966,0.21986149880935932,0.2511220640194525
0.2945227965877491,0.23754913106977302,0.22714173460707748,0.24078633773540037
0.2941395571483147,0.2465053883130232,0.23235105749446777,0.22700399704419433
0.29127887447808615,0.24701616308859028,0.22658881974288356,0.23511614269043993
0.2902954136450714,0.24280774784739872,0.22284394002581864,0.24405289848171133
0.2887869481697797,0.24270093226664174,0.2221851472112902,0.24632697235228837
0.2891156023849868,0.24266529404447787,0.2220402831201705,0.2461788204503649
0.28853812666832956,0.24134953695511946,0.22150752309887287,0.2486048132776781
0.28561070372722525,0.24416809731474876,0.21922033227473334,0.25100086668329263
0.28393936499140154,0.24107864192175643,0.21516117772910737,0.2598208153577346
0.28297977212564673,0.24012521532242664,0.21446029068229355,0.26243472186963296
0.2772898063421076,0.2418818023866752,0.20934799451517772,0.2714803967560395
0.28526059007825505,0.2368773660352761,0.21371121691579084,0.264150826970678
0.2938877705648821,0.23510341694875142,0.22575052621999062,0.24525828626637583
0.29331981676838204,0.24664683214050917,0.23213651447926145,0.22789683661184731
0.29236589891531467,0.24620968042400504,0.22728895456735257,0.2341354660933277
0.2932653276422311,0.24183670791620818,0.22644562911045102,0.2384523353311097
0.29050558771745977,0.24572827513579626,0.22609640503818265,0.23766973210856138
0.2902436493939139,0.24352273200336458,0.22308849503692943,0.24314512356579204
0.28853243188746935,0.2414522580871849,0.2216655234561814,0.2483497865691642
0.28451034523718405,0.2455100999020463,0.21818484058796214,0.2517947142728075
0.2825825303795944,0.23977768522744952,0.2128841018276782,0.26475568256527793
0.28522674960285477,0.23912593402897095,0.2163020616924377,0.25934525467573666
0.2806123235393401,0.24160106577425128,0.21362269353288801,0.26416391715352056
0.28459911967821133,0.24009735171159846,0.21476418010028847,0.26053934850990185
0.2919547047829563,0.23540869530528374,0.22281635773056246,0.24982024218119758
0.293133085090985,0.24456096995903326,0.2303145780814016,0.23199136686858016
0.2940058256090508,0.24458839968537713,0.22919929380864945,0.23220648089692267
0.29601858112341983,0.24309305688758048,0.23090857216845684,0.22997978982054287
0.29337226216826134,0.24704064261090472,0.2304315807433355,0.2291555144774983
0.2878524190814733,0.24771957868179362,0.2221796336724429,0.24224836856429027
0.2834961096227163,0.2413439590140503,0.21433964916629247,0.260820282196941
0.28158199972620807,0.24094754831091825,0.2127888481332585,0.2646816038296153
0.2835992849683741,0.23873337417036194,0.21403221166845732,0.2636351291928067
0.2865539114248802,0.23885332354226493,0.21835305860348397,0.256239706429371
0.28453054648363857,0.24241569184789347,0.21810659319926873,0.2549471684691992
0.288961960111233,0.24006568391009583,0.22014434923060455,0.25082800674806666
0.2946362356643322,0.23802314353628468,0.22759204922869727,0.23974857157068583
0.29542487770634057,0.2459747031854613,0.23351136994324956,0.2250890491649486
0.2920730965108586,0.24763968071428993,0.22842246760844429,0.23186475516640723
0.2887834897426206,0.2452950483307493,0.22184718661826675,0.2440742753083635
0.28937534712228785,0.24027618653844732,0.2209191934028292,0.2494292729364357
0.29190292337117296,0.24170201902801633,0.2255608368854049,0.24083422071540586
0.2880868780838872,0.24430115007235617,0.22318658203210318,0.24442538981165332
