0.30005137538383914,0.18186312324679832,0.21522817677684591,0.30285732459251663
0.3332058159523897,0.2257791089746924,0.22749880726694263,0.2135162678059753
0.34016009294961935,0.23394349542907544,0.23359871090114995,0.19229770072015528
0.3025578017299991,0.2182009595078236,0.24164226928152796,0.23759896948064943
0.2590706227562303,0.17645302802038718,0.22506728973210202,0.3394090594912804
0.36808997396452386,0.2320172231532265,0.219692519806813,0.18020028307543656
0.35445820958130847,0.2575444386437359,0.2295619646579948,0.1584353871169608
0.3464711854136434,0.23835804221772422,0.2309022496751338,0.18426852269349867
0.3487340332310008,0.24856657046901684,0.23960491112163787,0.16309448517834454
0.23664671856737488,0.17459792028199617,0.22674899630639858,0.36200636484423027
0.3754687660049676,0.22694610892560424,0.21659221890697378,0.18099290616245434
0.38628691074004307,0.27109469189475777,0.21679656602905212,0.12582183133614708
0.3637513161131624,0.2657450007298821,0.228237535714983,0.14226614744197255
0.3435389361515489,0.23921412077953216,0.2308060418781216,0.18644090119079734
0.34104330147993106,0.24021658974188634,0.23795495905218741,0.18078514972599505
0.23631444607699487,0.17302636093717336,0.22708295674971363,0.3635762362361182
0.29749973209662955,0.18868860321525044,0.22267719426452678,0.29113447042359325
0.3279807489238819,0.21982647889136656,0.22769376026115504,0.22449901192359642
0.30795178590793915,0.2227632117416335,0.2430497307230204,0.22623527162740695
0.2296029903923403,0.1581977609847384,0.22385897028416657,0.38834027833875484
0.30370705698221695,0.19731213592371066,0.2344300087747259,0.2645507983193466
0.22577816228046274,0.15881695555127875,0.21544499143108511,0.3999598907371734
0.3897953128860238,0.23201392161204684,0.21309482750375208,0.16509593799817737
0.3722053769909878,0.26988955019674465,0.22140493901591546,0.13650013379635212
0.36746581501048936,0.2621583712672591,0.2266888087947392,0.14368700492751227
0.3615227304711812,0.24933443525524443,0.2285829263860251,0.1605599078875493
0.33164700820955156,0.24256675174301356,0.2417083315869886,0.18407790846044633
0.26724175627756985,0.19157752052455698,0.22931135170924166,0.3118693714886316
0.39526984483800925,0.2440189103595177,0.21539012924766776,0.14532111555480542
0.3726357565609722,0.26935909558637494,0.22407820502685033,0.13392694282580261
0.34585572324142444,0.2564221793980199,0.23692309942947598,0.16079899793107966
0.3583993395570298,0.23801932308427617,0.22094768419148855,0.1826336531672055
0.43993259757443515,0.29769509150617546,0.19574071154806785,0.06663159937132157
0.32807411880031057,0.25462729622965885,0.23319817980381752,0.184100405166213
0.41021447676041844,0.26637626597115766,0.21030369888441208,0.11310555838401173
0.4197137594096871,0.2958462250685475,0.2008458677086434,0.08359414781312192
0.398829897950348,0.2907668985942269,0.2110890868769222,0.09931411657850289
0.40629494612647954,0.2840882234694537,0.20940498747069947,0.1002118429333673
0.38913478268993806,0.28415287210747686,0.21925774305044965,0.10745460215213538
0.3397351842861047,0.24539471720682082,0.23191026025249464,0.18295983825457973
0.3563497796327662,0.24449181436603887,0.2288752491458042,0.17028315685539067
0.35146285318032683,0.24698071239720842,0.22445327682851923,0.17710315759394557
0.4059837210338252,0.2791634580186731,0.21280476743316765,0.10204805351433408
0.36132895337571647,0.2598100725222077,0.23016452270848656,0.14869645139358914
0.3295587858188895,0.24500615860445227,0.24863086620945285,0.17680418936720532
0.21437267387831688,0.15531887449323548,0.21271858886756623,0.41758986276088156
0.45388975725121333,0.25371280770104726,0.18906909886600706,0.10332833618173237
0.4305710218380143,0.3160829026224083,0.18752343309708738,0.06582264244248999
0.4059028046739299,0.29922225522744283,0.20745447017408067,0.08742046992454656
0.37737228161208314,0.26960162172958146,0.22165418216539298,0.13137191449294247
0.35009503350762433,0.2555555157195527,0.23751245458903983,0.15683699618378308
0.25778455570341274,0.18894293514821214,0.23157248413238435,0.3217000250159907
0.35235514810728447,0.22284218557410815,0.22293782899903214,0.20186483731957536
0.3812781727423942,0.26004184016268483,0.21883252882526544,0.13984745826965564
0.3698005645214252,0.2734702388154291,0.23004097535442056,0.12668822130872517
0.32235728399107766,0.2279080773125934,0.2337513494969985,0.21598328919933046
0.39692363433825284,0.2646284815738506,0.22047787897412047,0.11797000511377603
0.32996592490581517,0.2438879282081761,0.2328604888405688,0.19328565804544004
0.40562306481833815,0.26279947003749327,0.20912289637273984,0.12245456877142871
0.4402917795493057,0.30288797740376155,0.1880652519255186,0.06875499112141414
0.4087783951004707,0.30452569629472803,0.20512598385603703,0.08156992474876434
0.3592338974929122,0.26181260962326336,0.23026749991235448,0.14868599297146992
0.3194736324428227,0.23360678541494057,0.24461009524679989,0.20230948689543693
0.25830587858595055,0.18175399040552734,0.22449900285187446,0.3354411281566476
0.4067335801874501,0.24816351158345512,0.20977241006595998,0.13533049816313475
0.3944203840816907,0.2835650805204628,0.2114155387718476,0.11059899662599879
0.3896833512704601,0.28802458559519173,0.22153876985317011,0.10075329328117816
0.32676139983667335,0.2305701238399747,0.2318269782685255,0.21084149805482652
0.38731983114423557,0.26510476441726816,0.22597681589437685,0.1215985885441195
0.2546870896529494,0.19461172797632476,0.22718854887846887,0.32351263349225706
0.42062345284459923,0.24908303561616957,0.20192404339737458,0.12836946814185654
0.40925757732538953,0.2988422015647059,0.20468215530527772,0.08721806580462689
0.31203552448437105,0.24533944276971192,0.2463123458275102,0.19631268691840692
0.22942691636978774,0.15638638026306728,0.22303811356913633,0.39114858979800876
0.2910492358066505,0.19110487831812878,0.23468989529084683,0.2831559905843739
0.18236347144417836,0.13104145993884145,0.195339654226379,0.4912554143906012
0.3990281383219188,0.22589470080894752,0.20756331339211043,0.1675138474770232
0.3479368317294662,0.2609886780847007,0.23150594939782257,0.1595685407880105
0.29845224920091545,0.22028823700527111,0.24354242267089485,0.23771709112291844
0.3089239181865639,0.1999423472344453,0.22714123312631537,0.26399250145267544
0.3784154190960423,0.2585148090333361,0.22878320236743915,0.1342865695031824
0.2539827511955951,0.19139124596451113,0.22733164534965591,0.32729435749023794
0.426684429321953,0.2550441096447487,0.20370279514469733,0.114568665888601
0.38653483186746146,0.28585781325626614,0.215615273864583,0.11199208101168935
0.3548119525833262,0.2626494958845471,0.23390078296356448,0.1486377685685623
0.31633481776442407,0.21862609807494762,0.23080794439154967,0.2342311397690786
0.37702523755074263,0.2576049781305597,0.2274340737022079,0.13793571061648974
0.26783171367221786,0.19976050735990597,0.23311540809747072,0.29929237087040544
0.3469926101733318,0.2198190629219374,0.2269045573538234,0.2062837695509075
0.31928809610090886,0.230227479451743,0.23335289948333,0.21713152496401816
0.3170556967674821,0.22411702526407468,0.2366154792847148,0.22221179868372845
0.335779951330931,0.21871598174232992,0.23018628186900666,0.2153177850577324
0.3323642287384668,0.24536644638023875,0.24804833008928956,0.17422099479200479
0.16100655165615968,0.12037018395411783,0.18870663924657757,0.529916625143145
0.44884999200176723,0.24249756547543094,0.19127621326706942,0.11737622925573248
0.38289898288386537,0.29461580317942465,0.2149342337676541,0.10755098016905594
0.37465418323295735,0.2682006033677805,0.22417465616442073,0.1329705572348412
0.3849147975928416,0.2652440219809577,0.22211935083612955,0.12772182959007125
0.33843944891182876,0.24668353720757397,0.23669839423406186,0.1781786196465354
0.3019938292737509,0.215486737566249,0.23454922510900678,0.24797020805099335
0.3509404932825552,0.2282860066468718,0.2198173364231744,0.20095616364739857
0.4224032415592187,0.28470740792337873,0.2031788888657002,0.08971046165170236
0.33035130500190246,0.25974219515325436,0.2442397441620337,0.1656667556828096
0.2636774808869258,0.18295941642117203,0.23319066662221297,0.32017243606968926
0.34235052093554313,0.22721139511136704,0.2351246979359186,0.19531338601717121
0.29844020966051704,0.20698833571751474,0.2230926300470623,0.271478824574906
0.4747359847791531,0.2861470239868971,0.17754541579709945,0.061571575436850316
0.4157831191859868,0.3163250233013347,0.19503347371244303,0.07285838380023543
0.4142447137724495,0.2942485016694573,0.20540344824371767,0.08610333631437543
0.3763104053033644,0.2743334943440742,0.224286710066871,0.12506939028569034
0.3335877321287437,0.2447562643031949,0.2338563734046485,0.18779963016341295
0.3835364693594925,0.2547636959286754,0.21707714000754716,0.1446226947042849
0.412715103327527,0.28351586373736215,0.20797268913525613,0.09579634379985481
0.35376991915718103,0.268864785787177,0.232544241513439,0.14482105354220307
0.32808046111970207,0.2356704614440527,0.23603552478408954,0.20021355265215574
0.39691064949869487,0.25625883834804825,0.21518243817154725,0.13164807398170972
0.39397551031635736,0.2889058509682803,0.21984947635137728,0.09726916236398513
0.31222900186077296,0.22914671253618246,0.2302522313052032,0.22837205429784135
0.45805186414041765,0.28144814929093037,0.18631762717722003,0.0741823593914319
0.4377393623931843,0.31800348808726797,0.18405663210427817,0.060200517415269536
0.40985651533576833,0.30178441636576975,0.20552904423065058,0.08283002406781131
0.3581302491023723,0.26404455125071097,0.2298342891243619,0.14799091052255478
0.3469658360991193,0.2458797863376371,0.23113540922427045,0.17601896833897315
0.3701642171005513,0.253903591654869,0.2244501005448899,0.1514820906996899
0.36038451617400785,0.25088417663166973,0.22706192042597553,0.16166938676834694
0.3691650638623524,0.2634107397442438,0.22504145079276758,0.14238274560063632
0.3782787295050879,0.26971497150435364,0.22335790111836154,0.1286483978721969
0.3961581183202268,0.2639233576199392,0.2186026987332566,0.12131582532657736
0.35298316051697753,0.2727277131863387,0.24019935594994152,0.13408977034674227
0.24394894244511464,0.17996096348598672,0.21700116410266518,0.35908892996623354
0.5254935577233371,0.2734965085008258,0.15166604501266037,0.04934388876317671
0.43135697261697514,0.35038117972114363,0.17544284938828414,0.042818998273597184
0.3072741419075687,0.241872016947887,0.23521079651141588,0.2156430446331285
0.3852558737361984,0.24269308843099627,0.21548642130607082,0.1565646165267345
0.3612145633313929,0.2658991889182884,0.23402595707568727,0.1388602906746314
0.12679531921975637,0.09917885779120666,0.1728034038451398,0.6012224191438972
0.21287199666137507,0.12432987938825664,0.18286830817100266,0.47992981577936555
0.2134744619934244,0.1407017058716256,0.20247180572294476,0.4433520264120053
0.13973470190674186,0.09762865836789611,0.18293949525275977,0.5796971444726022
0.06279674665191552,0.03849694629815764,0.10797563014684208,0.7907306769030847
0.042004533657826505,0.02839266395027131,0.0735828998347426,0.8560199025571595
0.009389715128743275,0.012757842881455723,0.02249276505268759,0.9553596769371134
0.15633315125730438,0.08151899527613099,0.13496150526194614,0.6271863482046184
0.2878690939466751,0.22861378300189167,0.10761207028785648,0.3759050527635767
0.15058251776220832,0.11149548686321341,0.18753151001448812,0.5503904853600903
0.13197027071253592,0.07937639115184336,0.15269443705748956,0.6359589010781312
0.255431107966334,0.15491114576214285,0.2115331017601508,0.37812464451137234
0.12575737183995817,0.0886641448111202,0.1598390804318654,0.6257394029170562
0.31823225076865796,0.1786512993403318,0.2103858854116514,0.29273056447935875
0.2446702012228613,0.18056679821585,0.2294228798075719,0.3453401207537168
0.22213534867103163,0.14842252917126386,0.2148255494678422,0.4146165726898623
0.2839858840118764,0.17564964244146658,0.22596736267273407,0.31439711087392297
0.2398745759210771,0.17216666916027476,0.23274145621797465,0.3552172987006735
0.19738192883349479,0.12955376059729481,0.19629995013667115,0.47676436043253934
0.4022864196985785,0.23137337056675045,0.20707568311330174,0.1592645266213693
0.3612035136852472,0.2732146490359205,0.22575229182728943,0.1398295454515428
0.3543416037354777,0.24497949022365673,0.2283394273903916,0.17233947865047403
0.37738525344915214,0.2574854357701754,0.22556816518130252,0.13956114559936997
0.2901401395304447,0.22230826857858424,0.2443591641988732,0.2431924276920978
0.2688471716961815,0.17889313589308437,0.21831099881151533,0.3339486935992187
0.4147154963790277,0.25906730841528086,0.21090519411121647,0.11531200109447486
0.28313713471148677,0.2232134672980993,0.24060459892248254,0.2530447990679314
0.3300131625827032,0.2227962163133442,0.23713364048467853,0.21005698061927405
0.3263499347445808,0.21894781749815498,0.232878861883681,0.22182338587358325
0.36418515802956064,0.25031978945558375,0.23174140010894068,0.1537536524059149
0.30648175538060224,0.22062788994744095,0.2289618377726627,0.24392851689929407
0.44962621560436,0.27374131176268784,0.1889718146641864,0.08766065796876583
0.4371060768070937,0.3178538710166521,0.1859976367731734,0.05904241540308068
0.3431703648242536,0.267504028391328,0.23569842424373427,0.1536271825406842
0.28567075950072374,0.20441331961966266,0.23974891343998184,0.27016700743963185
0.28234746820835005,0.1909019537626523,0.23321960750398044,0.29353097052501725
0.28130455922942516,0.1877163483232181,0.22640817825798,0.30457091418937676
0.32626238990973794,0.21417291568705252,0.22628928205827065,0.2332754123449389
0.35624495864462885,0.24438545825093416,0.22342803371298683,0.1759415493914501
0.3847604615202474,0.27164183646014445,0.22352544524268156,0.12007225677692653
0.3078661561984479,0.2202243109431516,0.24674294113705852,0.22516659172134187
0.2546367415714638,0.1805559498455503,0.23900299388529866,0.32580431469768717
0.20712892240564118,0.1414217306136444,0.1971293195625118,0.45432002741820254
0.48127873258006587,0.25601895289660387,0.17267566921724933,0.09002664530608091
0.43578745634118526,0.33649898894978064,0.18003012337171742,0.04768343133731653
0.26755288014465717,0.21490679901820492,0.24599888785021365,0.27154143298692424
0.22734669808176944,0.15119818733118393,0.2173142706501849,0.40414084393686167
0.27005126276362995,0.17602339486030105,0.2246499131841991,0.3292754291918699
0.2432333504864073,0.16267971737369155,0.2101909343783254,0.38389599776157574
0.3851181932459024,0.23928283639401007,0.21927736655119076,0.15632160380889681
0.2652979563158569,0.20294160269184577,0.23690783096272414,0.29485261002957325
0.3009556709647118,0.20479012305877722,0.24102023366424288,0.25323397231226796
0.22492198127862967,0.15140113701898691,0.2197076271866808,0.4039692545157026
0.31844866816061856,0.20374802175243506,0.23194242131182458,0.24586088877512172
0.23389585470144744,0.1680269970382016,0.2143759269258393,0.3837012213345117
0.43521654400486826,0.2520604175290983,0.1966896246090286,0.11603341385700473
0.3855819680910511,0.2909624043053487,0.21877898410886498,0.10467664349473518
0.25769798255194387,0.1980871065967981,0.243069842368308,0.30114506848295
0.22596669203117595,0.14968922459808714,0.21432525041996395,0.41001883295077296
0.2943418715980058,0.18706046258529155,0.2236979880372,0.2948996777795027
0.27273755456672905,0.1874969341887421,0.22795758844121727,0.31180792280331154
0.27777928439516936,0.18528268567460077,0.2310118798917316,0.30592615003849827
0.25537130892464605,0.17416934064039463,0.22467253383278452,0.34578681660217486
0.29588546824032175,0.19943605629533032,0.2337464020645365,0.2709320733998113
0.27090862254432846,0.17897377043234203,0.2296603005413169,0.3204573064820127
0.31597849537822725,0.21133343152226097,0.23838135004121588,0.2343067230582959
0.21981949205406304,0.15951347095049773,0.21329066739396907,0.4073763696014703
0.42371021909226625,0.24180697138396118,0.19899740141154051,0.13548540811223203
0.4076519228715781,0.29950730797993524,0.20669308765464867,0.08614768149383803
0.28430694822354863,0.22198146136468191,0.24541935825887712,0.24829223215289226
0.23423628036254415,0.15728304003044793,0.2188030008246349,0.38967767878237297
0.30041515552509784,0.19401887636736076,0.22802092947646438,0.27754503863107705
0.21793515680834435,0.1540294373779122,0.21557545816170234,0.4124599476520411
0.2635531418003234,0.1651277690148795,0.21973543917480512,0.35158365000999203
0.2317849619562126,0.16087278576140143,0.22009510162866838,0.3872471506537177
0.2273642893246547,0.15380067041639237,0.217843397140656,0.40099164311829694
0.2515028970051883,0.15455255490312805,0.2216229711307319,0.37232157696095186
0.24925452155529898,0.17060261369729546,0.23133422916918298,0.3488086355782226
0.17020292665568598,0.12008496844059431,0.1841111824845094,0.5256009224192103
0.4473969926679999,0.2358313466183426,0.18739632598031736,0.12937533473334006
0.4109353661637298,0.31535871949082744,0.20130295230987238,0.07240296203557026
0.26736312137425616,0.20860194963887485,0.23870377597007547,0.2853311530167935
0.31377128835404744,0.19803158713325902,0.22350491591257848,0.26469220860011505
0.33492776094508275,0.23600165254081737,0.23737795908819073,0.19169262742590915
0.18366460296294285,0.13622460211700105,0.20422846679209775,0.4758823281279584
0.31112139950494216,0.18614348900996444,0.2241918608269279,0.2785432506581654
0.19262290213377078,0.1417808759347377,0.2129427190166739,0.4526535029148177
0.20973443845690729,0.1378245826616855,0.20684767808573012,0.44559330079567705
0.24780669105213224,0.15039611279079665,0.2109937164408881,0.39080347971618296
0.31485857736479467,0.21025810175613396,0.23756424124379671,0.23731907963527477
0.19570229091149366,0.14577365997869762,0.20794503203591144,0.45057901707389736
0.4103067992832643,0.22967806785281053,0.2040096922450071,0.15600544061891805
0.39948367747784264,0.2890070565232675,0.21125181525330183,0.10025745074558795
0.3202955450655634,0.24223622146833473,0.23454883448159092,0.20291939898451103
0.3556503642149868,0.23253985636414573,0.22075311932271768,0.19105666009814984
0.3731435107633471,0.264910970741878,0.22834385096762647,0.13360166752714842
0.19232133600253026,0.15025298256304503,0.22474381585825506,0.4326818655761696
0.1693691692878424,0.10722903928909827,0.1869811442266086,0.5364206471964508
0.2045606885027707,0.12870804082723336,0.19491520626376094,0.47181606440623486
0.24631491995995433,0.1602310396717655,0.21335256707278286,0.3801014732954973
0.3218260775847519,0.1991218321824442,0.22469381275207853,0.2543582774807253
0.3221341050737099,0.2263333540517774,0.24292861822419953,0.20860392265031322
0.2145590925624242,0.15475717111325174,0.21103699871530213,0.41964673760902194
0.43570909066299246,0.24921897052638103,0.19539423858952093,0.11967770022110544
0.41924531487562794,0.3043608421387983,0.19781548891661585,0.07857835406895798
0.3342251014614799,0.2563768675444532,0.2440022042708822,0.16539582672318467
0.18451885504669555,0.13492952543523917,0.2079343316395034,0.47261728787856183
