0.3003632867385625,0.2547436603927759,0.19439052485517666,0.2505025280134849
0.29802610795017975,0.25481226717127875,0.1951239409034207,0.25203768397512083
0.2877988042575159,0.24052326859500833,0.2068886448756947,0.26478928227178117
0.3013872875814405,0.2620173523752132,0.1937889160488815,0.24280644399446485
0.2983294341298438,0.25340917856349127,0.1992663885280139,0.2489949987786509
0.29875508014939817,0.24868200231412643,0.19955151650136724,0.25301140103510816
0.30110116035102674,0.25939246894215384,0.1928765987474731,0.24662977195934635
0.29454160267214935,0.2497820924261365,0.1944775065464596,0.26119879835525456
0.29558982937891304,0.2487277933789667,0.2031189123328062,0.252563464909314
0.29681214431588576,0.25912948555898263,0.19332427784726128,0.25073409227787036
0.30083695331886734,0.25420644926763436,0.1976428064716283,0.24731379094187
0.29346054455160486,0.24370608224871323,0.2073104098914714,0.25552296330821056
0.29921836313641825,0.25363950289170234,0.19968722921305782,0.24745490475882156
0.29450679556881826,0.2495589555964771,0.20069085855822555,0.25524339027647913
0.29433009660686904,0.24439297505779065,0.21148101013786577,0.24979591819747463
0.3009775783047829,0.25876885835765545,0.1974234023217198,0.2428301610158419
0.3032974040780229,0.252300738726448,0.20044418592628022,0.24395767126924897
0.29496081612454345,0.24501919184518206,0.2014242147932684,0.2585957772370061
0.3029931319508217,0.2612703780451773,0.1907280164801197,0.24500847352388133
0.28894509928398837,0.24474854232161608,0.1976958829266704,0.26861047546772515
0.2952241161165608,0.2519789915338485,0.199426037192669,0.25337085515692165
0.2944324412309578,0.2592872202594053,0.19357239610316182,0.25270794240647504
0.2997119844454798,0.25083937471736684,0.2006573506381979,0.2487912901989554
0.2930190901293714,0.24494797001902802,0.20570710705970938,0.25632583279189114
0.30251372995934567,0.26048597109517213,0.19117204337004873,0.2458282555754334
0.3001684613140488,0.2542765301165252,0.1940559980308592,0.25149901053856677
0.2971804760890051,0.2466828652292713,0.20413863851941413,0.25199802016230943
0.301341714063665,0.26533071345836096,0.18392309334217394,0.24940447913580013
0.30243467532421275,0.2573444879780901,0.19183738552532145,0.24838345117237567
0.2942281816356128,0.2426021133322841,0.20218731117864838,0.2609823938534547
0.3081319092147427,0.26841320030072696,0.18534785197509893,0.2381070385094314
0.2932795123952918,0.25048482014248996,0.19117628460814629,0.2650593828540721
0.30249116712004664,0.25321079226785875,0.19718239264604415,0.2471156479660504
0.29746878854326886,0.2581781053391716,0.19431775911082144,0.25003534700673813
0.3033218803825233,0.2564895758270541,0.1923871096376234,0.2478014341527993
0.30170335298206163,0.2539320422283499,0.19770057065640284,0.24666403413318555
0.30338883922561893,0.25628121589708625,0.19424554998939675,0.2460843948878982
0.29770077920655547,0.250044733910428,0.19749211881603526,0.2547623680669813
0.2946914434966586,0.24821110251786813,0.20448836715378416,0.25260908683168903
0.30380852884916293,0.2625370832431942,0.1921767885219697,0.24147759938567318
0.3082834095368203,0.254490051112553,0.20057857521763658,0.23664796413299014
0.3017605893665585,0.25218965439691704,0.19420212322535274,0.2518476330111719
0.30614046172067383,0.2649879899343575,0.18266296859510944,0.24620857974985924
0.29145487469956993,0.24537952349999345,0.1946818182931848,0.2684837835072519
0.2974739655333714,0.2536470471472637,0.1985600887214487,0.2503188985979162
0.2964172822486929,0.2616489682095921,0.19111210003351572,0.2508216495081993
0.3037384038539762,0.25513359336532937,0.19735374414339818,0.24377425863729632
0.29620059780715446,0.24348353455092472,0.20836831907693698,0.25194754856498375
0.30338452249096043,0.25583483860616657,0.19597597639721046,0.24480466250566263
0.30005217230375125,0.2550965787544011,0.19335262842502432,0.25149862051682326
0.2991866811397205,0.24843833229593512,0.20425288983241946,0.2481220967319249
0.3015044121435996,0.2603722568928588,0.19142580781089716,0.24669752315264434
0.307836320717055,0.2621093278876541,0.18854977714026244,0.24150457425502841
0.2959272830704485,0.2456670159785512,0.19817704056248023,0.26022866038852005
0.3038480080377442,0.26225713265221373,0.1876625002439771,0.24623235906606505
0.2912882038417069,0.25126260650684096,0.19187976451645225,0.2655694251349998
0.29480213228964464,0.2496827108098404,0.20079658076133947,0.2547185761391755
0.2999433663293474,0.2613267205341895,0.19636479658106706,0.2423651165553959
0.3050889591619347,0.25476986337122415,0.19819242592210803,0.24194875154473316
0.30162422586769533,0.24887540770246044,0.20062692053732448,0.24887344589251972
0.3024464233315027,0.2561045854306406,0.1939650781295137,0.24748391310834308
0.2995673997956793,0.25501917533785634,0.19165888219009702,0.2537545426763672
0.2970030496239542,0.24864562627948197,0.20348423606125152,0.2508670880353124
0.30271425618283504,0.26580070082019114,0.1856349375147545,0.2458501054822193
0.3075994857005266,0.2582874496877107,0.19324537511136863,0.24086768950039414
0.29055349009835024,0.2374476220556709,0.20504159392872623,0.26695729391725254
0.3036744347917245,0.26409258797379964,0.18832495957119735,0.24390801766327858
0.2888071406026706,0.24682825300708955,0.19879351715366433,0.2655710892365756
0.2963671765075035,0.24506399933671102,0.21136509681183988,0.24720372734394552
0.3026939323398593,0.2652355561872013,0.19501720343485265,0.2370533080380868
0.3046044172850694,0.2494355502146057,0.20227876470909045,0.2436812677912345
0.2949703184104032,0.2374518533830401,0.21088068977947255,0.2566971384270842
0.3034195625072552,0.26209883103430687,0.19154845448492308,0.24293315197351484
0.29317465791648845,0.24769708531359913,0.19795879167626954,0.26116946509364297
0.2968126693465639,0.24790802826814728,0.2057227912874568,0.2495565110978319
0.2992907207371195,0.2655406558864514,0.18731294087291162,0.24785568250351758
0.3010089722674266,0.25007324226898003,0.19895939225056639,0.24995839321302696
0.29226499904878483,0.24128962869880172,0.20494726665589888,0.2614981055965146
0.3037577752308035,0.26490391917789546,0.18723291945551285,0.24410538613578822
0.29147865792992206,0.24757849938711843,0.19468231083741105,0.2662605318455484
0.29804709707098836,0.24978992001295905,0.20419009695183282,0.24797288596421976
0.29691639830293604,0.2599747042081175,0.19198041547423397,0.2511284820147124
0.30227716526569637,0.25261054025277985,0.19820969616197512,0.24690259831954856
0.2922535007431298,0.2408093143105602,0.2079505073568452,0.2589866775894648
0.30648238530037164,0.26253958556903556,0.19218563480046116,0.23879239433013175
0.2916106348786021,0.24477468751956347,0.2026403281682714,0.26097434943356296
0.29478438914351435,0.2451364689249265,0.2083837358611646,0.2516954060703945
0.30209008056713477,0.26632937998591616,0.18978644202251174,0.24179409742443728
0.3020287969284786,0.24654604909730649,0.205530338060463,0.245894815913752
0.2977022266366574,0.2478986336052271,0.19998767213757448,0.254411467620541
0.3059995745463048,0.2669330278814792,0.1836100174844741,0.243457380087742
0.28669678754759764,0.23726950979436456,0.20105723641285225,0.27497646624518557
0.3013578174290443,0.25781834229053546,0.1983085410281835,0.24251529925223675
0.2941589877424959,0.25885648448098664,0.1912679482111221,0.25571657956539545
0.30659572105702965,0.2576346266375864,0.19186724399959246,0.2439024083057915
0.28990675598972726,0.24250520422121866,0.2083787339425924,0.25920930584646174
0.29921698088889276,0.25783416011059895,0.19014824142140638,0.25280061757910205
0.29581542697144003,0.25270170575082296,0.19898189525278256,0.25250097202495436
0.2936507277537226,0.24437881407054385,0.20983487242390828,0.2521355857518253
0.3099644709484589,0.2682137667517263,0.19026434057898775,0.231557421720827
0.3013315063419438,0.2505214075998743,0.19815373356222832,0.2499933524959536
0.30312785484444676,0.25250677935250443,0.19160702137964325,0.2527583444234055
0.3011766343903446,0.2617734524904579,0.18868419444229828,0.2483657186768992
0.2904348257384106,0.24545867973069177,0.1937065380969076,0.27039995643399006
0.30356980813247525,0.2651797976198362,0.19037500117843992,0.24087539306924854
0.2953908688240879,0.25640793747910484,0.19302413361482565,0.2551770600819816
0.30285637941068316,0.25111241135963724,0.19835346340623988,0.24767774582343968
0.29553522086504835,0.2492476343471063,0.20118241293140912,0.25403473185643627
0.30362519529972126,0.2604978597951358,0.18954114311063683,0.24633580179450618
0.30037948026894157,0.25064220132839027,0.20208838008367105,0.24688993831899717
0.300443004576412,0.2524917404235292,0.19882331406745463,0.24824194093260413
0.3063807494916595,0.266894424829361,0.184121805132071,0.2426030205469085
0.3025797927212224,0.2509662263953942,0.19839599596118923,0.2480579849221941
0.3030542978128625,0.2549588700095868,0.19243896736820493,0.24954786480934577
0.3032249699635197,0.26445504501930306,0.1827393295509674,0.2495806554662099
0.292370390316939,0.24835234948708587,0.19255859946605192,0.2667186607299233
0.30140584350083616,0.2576551402605749,0.19730805946833332,0.24363095677025554
0.2985843865868713,0.2573214924094776,0.19467951514745296,0.24941460585619807
0.30536071714398577,0.25645483494093807,0.19387588435017192,0.24430856356490416
0.2980617158547078,0.24819287936243606,0.20236275932351058,0.2513826454593456
0.3052539193086229,0.258809479150007,0.19192566630429456,0.24401093523707562
0.29980459664879144,0.25156693821540216,0.19942030565763796,0.24920815947816832
0.29384410274035055,0.24712489785164157,0.20220685242674036,0.25682414698126754
0.3096294236166951,0.2741327032224494,0.18159540962614817,0.2346424635347074
0.3041921458566773,0.25048773943907504,0.19970602837441126,0.24561408632983633
0.2988504648949131,0.24735969082722903,0.19566978689707407,0.25812005738078375
0.30458397123560005,0.27803812679988016,0.17094980252886935,0.24642809943565042
0.2908547162135831,0.24255786615281733,0.19727996550895405,0.2693074521246456
0.2973205972364394,0.2491607501648659,0.20425293749424364,0.24926571510445117
0.3049333633477359,0.2752428401767279,0.1800561839086502,0.23976761256688603
0.29769994486703777,0.24535072811657832,0.20195496169082083,0.254994365325563
0.29926750959263887,0.23654508208662217,0.2169129668504363,0.24727444147030267
0.29740754498782007,0.25422685890747243,0.2004064660620438,0.24795913004266373
0.2832452686868188,0.23812388976565896,0.21456878000974336,0.2640620615377788
0.2893370701776615,0.2361755597583223,0.23317007669785755,0.24131729336615862
0.29996091355106014,0.2530145893381729,0.21768102811267695,0.22934346899809008
0.3077795124885846,0.24386371039953086,0.21793138360362474,0.23042539350825983
0.2862520157279846,0.23069348810396872,0.224496145596307,0.25855835057173965
0.2950909103132714,0.2538932081736141,0.1969637907784956,0.2540520907346188
0.28410144675222737,0.24113728095383583,0.20636196448123517,0.2683993078127015
0.2808194789028679,0.2366239697632502,0.21211054530201812,0.27044600603186375
0.29549043781148443,0.26671610024833914,0.19116773905221973,0.2466257228879566
0.276923367913925,0.2333667343444103,0.2109148457956385,0.2787950519460262
0.2838273828360709,0.23493074902531025,0.21202767116154256,0.26921419697707644
0.2947636374773679,0.26024006556019624,0.19851086764690914,0.2464854293155268
0.2784731787634251,0.23224079061465308,0.2095487316187912,0.27973729900313055
0.2928159755224593,0.2510046867519552,0.20711336231764071,0.24906597540794478
0.2929478798374884,0.2573881457213227,0.19813287276329913,0.2515311016778898
0.2954302963282244,0.24148582440238806,0.20869468015696047,0.254389199112427
0.29411231758640977,0.251736021453098,0.2005609126265251,0.25359074833396705
0.3008663556645868,0.26192524583521837,0.18577049891014058,0.2514378995900543
0.28441068022235905,0.23600823392262163,0.20570542825147164,0.2738756576035477
0.2957437692047276,0.2589029521653753,0.1953888270881204,0.2499644515417766
0.2980058709813928,0.2621522904400756,0.18910180758957312,0.2507400309889585
0.2891532353006469,0.2387597216056956,0.20866445857844695,0.26342258451521056
0.29717890275126385,0.2551762829328208,0.1980786453439753,0.24956616897194014
0.2964167771397193,0.2541456252906201,0.1970802443884259,0.2523573531812347
0.29601723358965065,0.2435853625339374,0.20632812199177109,0.254069281884641
0.30116867858165824,0.25490487920746313,0.2029771654749711,0.2409492767359075
0.30181409374252277,0.2611028509799093,0.18684700883532493,0.250236046442243
0.3083027715005957,0.2557785537222725,0.19546486845083189,0.24045380632629995
0.2928795911988164,0.24562115016265393,0.19797567012765513,0.2635235885108744
0.30071947846664254,0.26435794219339676,0.18249271402748762,0.2524298653124731
0.28566826489085906,0.24545732662083775,0.19903553756687734,0.26983887092142583
0.2972215264224709,0.2521742202127833,0.20338549629028166,0.2472187570744642
0.29882531959450936,0.2582380690927273,0.20008838022671055,0.2428482310860528
0.30335863904388355,0.25298297712840756,0.1982341874071615,0.24542419642054739
0.30221103605499977,0.24769372273351098,0.20391956426883232,0.2461756769426569
0.29935090472494996,0.2516759881730173,0.19869124942900201,0.2502818576730308
0.2947318458076397,0.25071890159758053,0.19785283922732347,0.25669641336745636
0.2923170535840063,0.2493167727956128,0.20408071857901958,0.25428545504136124
0.30416694747105233,0.2630909105895099,0.19385637007739756,0.23888577186204024
0.3072749723988917,0.2558183190863734,0.1975630780977059,0.23934363041702902
0.29323340515201707,0.24330135290036475,0.19942960117248262,0.26403564077513564
0.2978492666508116,0.26370682232414966,0.1828092576958139,0.25563465332922475
0.2866325849508557,0.24466050394609795,0.20220170873053298,0.26650520237251346
0.29563912799334163,0.2508687518097074,0.2051914819713862,0.24830063822556478
0.306214106758512,0.26920478799841735,0.19006597551724724,0.23451512972582347
0.29106250369064,0.24030382300406014,0.20675472350817137,0.26187894979712845
0.3016034962058226,0.24329048417955648,0.2076327308719693,0.24747328874265168
0.2951185709868371,0.25170136427347517,0.20332084356708696,0.24985922117260081
0.2962859232751319,0.25043582176716367,0.19871263358995092,0.25456562136775346
0.2971516078156179,0.25037218213055057,0.20769072376925343,0.2447854862845782
0.2996614818757811,0.2580506144866445,0.19258050032298243,0.2497074033145919
0.3059449000411212,0.2521148293488401,0.20084411387440262,0.24109615673563609
0.28725106140336315,0.23845799707963675,0.20429279391325747,0.2699981476037426
0.30043954972741455,0.2636920891864745,0.18736670598124303,0.24850165510486777
0.28477213477953933,0.24359878671668322,0.20222794604627756,0.26940113245749997
0.2990629219182938,0.2519274198960747,0.20388352917307317,0.24512612901255826
0.2936313439225705,0.2552363835363647,0.19986142710650354,0.2512708454345612
0.2974907525651786,0.248884066086941,0.20081609590823413,0.2528090854396463
0.2936918195251895,0.24178797051161777,0.21134134729193482,0.2531788626712579
0.29821628309947357,0.2527541198275814,0.20215018034869317,0.24687941672425182
0.29645910146719684,0.2515072362094512,0.20012949935637656,0.25190416296697543
0.2917783731749438,0.2444077889445676,0.20893884128107515,0.25487499659941343
0.30047350028486797,0.25878380200674195,0.19494377634089075,0.24579892136749937
0.3031168449180305,0.2535574559475945,0.19904881764449117,0.24427688148988386
0.29073319459043917,0.24202834314370333,0.20137892450184078,0.26585953776401666
0.29875480366399326,0.26306883872823167,0.1871859856637125,0.2509903719440626
0.28670371543306633,0.24516211457465445,0.19952345331350557,0.2686107166787735
0.29410283374970986,0.24777681040767893,0.20652808296319713,0.2515922728794141
0.297561411128495,0.2610417788194097,0.19525710174210406,0.24613970830999118
0.2949031629250937,0.24671138052350225,0.20312622712786832,0.25525922942353574
0.2923920178058699,0.2383837229302773,0.21377836010396598,0.2554458991598869
0.29980327205136387,0.25553867425643145,0.20195505134679298,0.24270300234541173
0.29105531011349567,0.243666922718045,0.20828409400256134,0.25699367316589805
0.29216799117833153,0.2436999931969171,0.21281106166188452,0.25132095396286686
0.30214338471676117,0.2620081722709245,0.1955786816799989,0.2402697613323155
0.30271068164755666,0.2478433806295873,0.2041508937866153,0.24529504393624063
0.29158878200690763,0.24266691017900718,0.20308115120936518,0.26266315660471995
0.3004687996362143,0.26975115350780776,0.17909610283834781,0.25068394401763017
0.28597837510279683,0.24093478512649788,0.20046040499748213,0.27262643477322307
0.289941964528082,0.24656606717090548,0.20465694668471793,0.2588350216162946
0.30023663851155863,0.2703181953434265,0.18586113080043698,0.2435840353445779
0.2839239899726109,0.23627373739611304,0.2102550579269239,0.269547214704352
0.2953120601155187,0.24032483328226245,0.21357251885975967,0.25079058774245916
0.3002894968905202,0.25779527909509553,0.20157146566990405,0.24034375834448024
0.29382145079776173,0.24261905416848528,0.20769409909605452,0.2558653959376985
0.2954982017133325,0.2438429410504335,0.21539283973275522,0.24526601750347862
0.29907929236733843,0.2602829021996774,0.19246872245096672,0.2481690829820173
0.304787473540154,0.24934016443643098,0.20349027157802896,0.24238209044538606
0.2901211053959385,0.24201128104465292,0.20482580438819248,0.2630418091712161
0.30573732077594107,0.27059266034810686,0.17957048523385338,0.24409953364209874
0.2882012786949723,0.2440378519661452,0.19530787226762503,0.2724529970712574
0.29068602583348535,0.24523315620217093,0.20317329419815663,0.2609075237661871
0.2897880797537526,0.25859414908025946,0.19304881948909122,0.2585689516768968
0.29060052830459254,0.24735264286350583,0.20421816906789475,0.2578286597640068
0.28951315898124175,0.2378857109182849,0.21967970392924854,0.2529214261712248
0.3055478159311081,0.25799377027541326,0.20312161370403942,0.2333368000894393
0.2969009261465346,0.24553318757599368,0.20680278631079793,0.2507630999666738
0.2968926737890939,0.24175724973098175,0.21239050295091608,0.24895957352900835
0.3016921899115248,0.26234787471518056,0.19211724124497512,0.24384269412831944
0.3025063381603781,0.252553220506173,0.19520567915467882,0.2497347621787701
0.29463253522489097,0.24888556745159324,0.19588050280389546,0.26060139451962033
0.29213925013407727,0.255848225187687,0.19122895825983321,0.26078356641840256
0.28614254755791063,0.24482189426406306,0.1980622206610906,0.27097333751693575
0.2957865106239877,0.2531065076458066,0.2055055688281083,0.24560141290209742
0.29721210185116376,0.2566377863148438,0.19705640585337564,0.24909370598061678
0.29398443822114306,0.2456801224773709,0.20468101586175366,0.25565442343973244
0.2941438735925009,0.2436302081526335,0.20550048788244304,0.2567254303724226
0.3009668666022855,0.25119567284580274,0.2081491780851297,0.23968828246678206
