0.2919683723481941,0.182339034776139,0.2707573261785793,0.2549352666970876
0.29221696722289714,0.22432253079631778,0.21947569935346192,0.26398480262732305
0.2969177623979428,0.21697073445852605,0.2361891542704112,0.24992234887311993
0.2844400452839923,0.16761955416544927,0.28868339365110396,0.25925700689945436
0.2917855989186126,0.2019762480026447,0.2394792632336798,0.2667588898450628
0.2782191240713919,0.19293362108481804,0.2622980741760464,0.26654918066774363
0.2975337523648427,0.20764945330662768,0.2396360288604473,0.25518076546808227
0.297255677790796,0.23924371913035258,0.20959519937747184,0.2539054037013796
0.30081038092209733,0.2031212569550997,0.24964776167488525,0.24642060044791772
0.2835149983714753,0.1620019077570965,0.2914279859704687,0.26305510790095954
0.27840228766557895,0.17883634157919023,0.2679374552415798,0.27482391551365115
0.2674259981160948,0.19219111020654928,0.2632683519720664,0.2771145397052896
0.2966336123834527,0.19141086736361554,0.2596938836233877,0.2522616366295441
0.29243439822626605,0.21954144087367158,0.2250701594129013,0.26295400148716097
0.3043096790528893,0.1952697133603048,0.25463635927371725,0.2457842483130887
0.2863002255952737,0.16427931204743668,0.28547749326145655,0.26394296909583304
0.3041085204480575,0.21718346277983092,0.22108834508184486,0.2576196716902668
0.2922337087151069,0.2113347557985379,0.23965222204213524,0.25677931344421984
0.3147246553559071,0.22071600103114994,0.22246701837223085,0.24209232524071198
0.2990667303751839,0.2316278771487578,0.21504683403422822,0.25425855844183004
0.28828877454973345,0.17082463244737328,0.2880272667827486,0.2528593262201447
0.2619133742679424,0.15350694912007593,0.3028233037329488,0.2817563728790328
0.26679964041774634,0.19304564674878402,0.258981656009524,0.28117305682394544
0.267623268554959,0.20780731716050252,0.25217148014327045,0.2723979341412681
0.3057798777302916,0.2045764607449675,0.24517674646099366,0.24446691506374718
0.2929181265238828,0.23607211434032457,0.2103615753108904,0.26064818382490224
0.31490494062713437,0.22756519879673415,0.2218400051140343,0.23568985546209723
0.2940901904015905,0.18097685409370753,0.2680329321254059,0.256900023379296
0.2989169278426763,0.2344852776443204,0.2083346401821515,0.25826315433085184
0.2801976071928235,0.21138848868193758,0.24749183213232062,0.26092207199291834
0.30388599959049434,0.20032327277455267,0.2477952249538005,0.24799550268115259
0.2911781677711674,0.23043548216215806,0.21589692778505895,0.26248942228161554
0.2893896669351305,0.20883836755289553,0.24775072767236542,0.25402123783960867
0.2919133491219071,0.20951829553789517,0.23961724045426766,0.25895111488593014
0.3011954334158333,0.2084224615956265,0.23897298682087967,0.2514091181676606
0.28360384539153755,0.19676650390388514,0.2539507235477117,0.2656789271568656
0.30739664827188173,0.21465472658051918,0.2299451635344943,0.2480034616131048
0.2970402664115012,0.23716400195023485,0.21098730927807138,0.25480842236019247
0.3155544660722808,0.2176294192320484,0.2298736925334167,0.23694242216225406
0.29457138038486447,0.1839298882191734,0.2625193559064946,0.2589793754894675
0.30865656869584435,0.22135543422371987,0.21845733848404542,0.25153065859639046
0.30076934763314134,0.21638292428873337,0.23135779369325032,0.2514899343848749
0.32388945899060695,0.24759035792562858,0.19486902165309317,0.23365116143067116
0.30693486249554647,0.25727346307096133,0.193622477086866,0.2421691973466262
0.3082255997631554,0.1918787353245499,0.2598530111086049,0.2400426538036898
0.27083015696945806,0.1451024350890154,0.3124591681587795,0.27160823978274706
0.2621641551044713,0.1715594689533502,0.2794678527726209,0.28680852316955757
0.2610693179847176,0.21037578054248143,0.2477657767531204,0.28078912471968054
0.3136944940326736,0.2297380966736949,0.2206291234635778,0.23593828583005358
0.3121582639712201,0.2446360519619794,0.20011043729728772,0.24309524676951275
0.32564372203041103,0.23670317603748317,0.2070761659689793,0.2305769359631264
0.3038778197496192,0.18086270918560127,0.26527638917604496,0.24998308188873442
0.30597894145114757,0.21670235719661476,0.2206377852096686,0.2566809161425691
0.2898999461988426,0.2263070417546438,0.2254244245474741,0.25836858749903957
0.3083829016195342,0.21888762812317783,0.22990537637819525,0.24282409387909262
0.2976755330548804,0.23454680712901743,0.2128812919585285,0.2548963678575737
0.2874220520402242,0.1856828725358551,0.27198466244732006,0.2549104129766005
0.2653180299535643,0.1572987001300826,0.30136586671772697,0.27601740319862617
0.2826757758058592,0.19451294623223978,0.2524271731710124,0.27038410479088865
0.2813438271424539,0.22332103382668336,0.230042013266784,0.2652931257640788
0.3243755431327714,0.24523651359951146,0.20159599381069715,0.22879194945702
0.31453553839110604,0.2550585321831385,0.1916736210836635,0.23873230834209191
0.328141396106407,0.21921561535453257,0.22340511821018694,0.22923787032887352
0.28369518915233244,0.14979242070571364,0.30515648017716485,0.26135590996478913
0.29111530068055286,0.21486606784759515,0.22345304682861966,0.2705655846432323
0.279086596047937,0.2206128841961514,0.23744597829610334,0.2628545414598082
0.30831024102892085,0.19728321820345568,0.2519981816797515,0.242408359087872
0.28999072554375194,0.23027551417168055,0.21429265049651428,0.2654411097880533
0.2860042330174879,0.1581739823145512,0.3073705567734304,0.24845122789453059
0.26310231033319975,0.13327376895414592,0.32617926588348384,0.27744465482917047
0.2939983514228711,0.22619751968697738,0.21302834617957833,0.2667757827105733
0.29023979404131695,0.227418909382726,0.22912725822275398,0.2532140383532031
0.33390526352300665,0.22250569369281145,0.21672672622545722,0.22686231655872469
0.3103841559088946,0.23753931653016716,0.2026358586451817,0.24944066891575647
0.3011085749209978,0.16875322954661204,0.2857280145645577,0.24441018096783249
0.27143914645213507,0.15593853802047533,0.2935723213834376,0.27904999414395204
0.28616290568067193,0.22683595684131752,0.21943533952248928,0.2675657979555214
0.2745186287313984,0.2126651351865436,0.24891025711397474,0.2639059789680833
0.3136657400932212,0.20364756173137272,0.24226654802015632,0.2404201501552497
0.28222437713388904,0.21764390880867482,0.22893294496041156,0.2711987690970246
0.2861663832187644,0.18135873700078,0.27805145942620163,0.254423420354254
0.270653342181654,0.16530940902749605,0.2886199520156839,0.2754172967751659
0.2876788492687905,0.21688950241652835,0.22971099993976365,0.26572064837491755
0.2771207462020094,0.19870850267791776,0.2598603082722115,0.2643104428478614
0.3066435964893168,0.1856893439587531,0.2606134158707057,0.24705364368122443
0.2904497436876625,0.23349623736236086,0.20988216902193338,0.2661718499280432
0.30239131317393,0.18070759798287991,0.2753276672379237,0.24157342160526635
0.2826918208911553,0.17426366597949247,0.27017456416846997,0.27286994896088246
0.30645746242352423,0.23918713611025688,0.2044428005777648,0.24991260088845424
0.2879096950112755,0.18835366625455144,0.2682863408469817,0.25545029788719154
0.31964742635504423,0.23123255636120343,0.20638586182373136,0.242734155460021
0.2929675838852789,0.23890060569636726,0.212391227945508,0.255740582472846
0.2938944625394816,0.18723420679299155,0.2695758659328282,0.24929546473469857
0.2836351629520482,0.16331076837958738,0.28697424301611035,0.266079825652254
0.2657867297483284,0.18298071675577554,0.26769141605733165,0.28354113743856446
0.2728756971164352,0.21739668889711747,0.23938207663793942,0.27034553734850797
0.30202207266397546,0.20502064639253736,0.24736704757100958,0.24559023337247773
0.29369453645230453,0.23075909723582982,0.21544928911562602,0.2600970771962395
0.29841144255505575,0.18473643712820695,0.26995665594785717,0.24689546436888013
0.28292376378404943,0.166289306670385,0.282093725477435,0.2686932040681305
0.3077110520728027,0.24519247404631625,0.19640373640198286,0.25069273747889814
0.30017978974423776,0.23322744586594626,0.2205237719829871,0.24606899240682895
0.3282847938065549,0.27058214279326837,0.1767400950331689,0.2243929683670078
0.3134530806579279,0.23093787803057783,0.21707378399236354,0.23853525731913086
0.28072189804152875,0.1494246675699766,0.3127084323539263,0.2571450020345684
0.26197249628838415,0.1740148109945229,0.2734081096772943,0.29060458303979864
0.26489125271434494,0.2079192507244895,0.25082178215082346,0.2763677144103421
0.28610159107593175,0.2240165888590328,0.2331738042024366,0.2567080158625989
0.31382635569386697,0.22578550876163186,0.22087888584689677,0.23950924969760432
0.30416212631809364,0.23452338668145603,0.21142850547074887,0.24988598152970135
0.3148909923510334,0.19985535265269397,0.2459426850392213,0.23931096995705128
0.2994116022809196,0.20435252007898885,0.23594115182959635,0.26029472581049523
0.3087805078436048,0.2539886767788223,0.19374649568419652,0.2434843196933764
0.3101310699128078,0.22616989113528155,0.2241100993996954,0.2395889395522152
0.32397608333854816,0.2361271699171807,0.20391570997787362,0.2359810367663975
0.2937805650266159,0.222222786936442,0.22689990643323696,0.257096741603705
0.28348200476981855,0.18626262180265402,0.27041795457892237,0.25983741884860523
0.28106642157697304,0.1795523660302502,0.2714053633495173,0.26797584904325933
0.27977528779914235,0.20367773334328781,0.24609312967874683,0.27045384917882315
0.2920545785645104,0.2255330569020249,0.22700058308022728,0.2554117814532375
0.314808899216835,0.22024572685097712,0.22555161170914967,0.23939376222303838
0.3118772256952194,0.25775771553886023,0.1879641446597874,0.24240091410613285
0.32194476075074874,0.2051449568982063,0.2409443716361471,0.2319659107148979
0.29224561789744036,0.16751224155647396,0.277714069885815,0.2625280706602707
0.3013210629050998,0.2620844440771799,0.1829122223880392,0.253682270629681
0.3090022373595986,0.22254415823824894,0.2321452894956704,0.23630831490648205
0.3191174391460169,0.21694524649268992,0.2217944072980163,0.24214290706327696
0.2915574695467845,0.25512065232697156,0.19575246389314618,0.25756941423309765
0.27938912686676437,0.14994402018181663,0.324462159137706,0.2462046938137131
0.26636435400598063,0.13093983797801076,0.3262785669273844,0.27641724108862425
0.2663976694921939,0.2042446770479266,0.24038316086256675,0.2889744925973126
0.26707599133258747,0.18266632871568791,0.2844103453925262,0.2658473345591985
0.31315523057898403,0.1752443765806306,0.2672947339528738,0.24430565888751163
0.2925472006882075,0.19201457170011035,0.24641343110956837,0.26902479650211386
0.2726942593111417,0.13249905668686685,0.33827078857551635,0.2565358954264752
0.2555513690803759,0.09188432023102694,0.39434257667617545,0.2582217340124216
0.29397888452402116,0.1790156278131528,0.2469129854228103,0.2800925022400158
0.3122507262085678,0.2316571963215587,0.21126801771638948,0.24482405975348412
0.3386346957381872,0.21539814886839162,0.21988241060325936,0.2260847447901618
0.32189468231124085,0.23307842984877497,0.20118124883180996,0.24384563900817435
0.26441894365236784,0.10421967303098197,0.38881672099422376,0.24254466232242633
0.21658949024804577,0.08576845147576408,0.40594785069524497,0.2916942075809451
0.23470913780828917,0.1787370741649356,0.26997889125211477,0.3165748967746605
0.22976951084084538,0.15816908484399395,0.3271298210230784,0.28493158329208224
0.2786819698005743,0.18143028812359915,0.272239740198806,0.26764800187702054
0.27202351507129924,0.1991165064475417,0.25345051975247923,0.2754094587286797
0.2486327598793243,0.1205230324188123,0.36917241092497227,0.26167179677689106
0.2582716823343771,0.16503648336473625,0.2807012869067741,0.29599054739411257
0.2731306312560585,0.21183320260256402,0.24404458242078883,0.27099158372058857
0.27910835416941787,0.1790547482368421,0.2820033650940492,0.2598335324996908
0.30502088601016847,0.22932306818246742,0.21209549574454692,0.25356055006281725
0.28582562305959724,0.22967228372962795,0.22553636364928,0.2589657295614948
0.2731232351292222,0.1384342156831381,0.336871565100751,0.25157098408688866
0.26298923983563566,0.17050562049895712,0.2735172822928102,0.29298785737259714
0.2592027187715199,0.19024268661131344,0.2708946999373109,0.2796598946798558
0.26103136323081993,0.17634810268139456,0.28811821209068955,0.27450232199709595
0.29965213106773875,0.2198180801609347,0.2260347708388584,0.25449501793246826
0.2795366556272688,0.21285296299247972,0.24196601036227613,0.26564437101797533
0.3069930682109397,0.1970972475898998,0.25154647758285964,0.24436320661630093
0.2973630494297905,0.1926672131669413,0.2496011396240736,0.26036859777919463
0.30163756883671294,0.2375180011216828,0.20784349166277802,0.25300093837882626
0.30717676483736445,0.2378335455935604,0.213285270276589,0.24170441929248612
0.3151142423987689,0.21248572963307885,0.23189964912419606,0.24050037884395623
0.2808268191802449,0.20264982567679313,0.24622934865072446,0.2702940064922375
0.261659232948379,0.15286451405739584,0.31698278796002244,0.2684934650342026
0.2582685496498811,0.15141072573143247,0.3075935232941103,0.28272720132457607
0.2765156800688746,0.19726986623795773,0.2518140015648424,0.2744004521283252
0.292813554424601,0.23268629303472482,0.21975218963257862,0.2547479629080956
0.32911757875059605,0.24650955856193013,0.19810502190589901,0.22626784078157472
0.3215288430662754,0.23607566625251583,0.20526746226093667,0.23712802842027203
0.3076193875559555,0.18574838259036763,0.26014886982998825,0.2464833600236887
0.27151483323547554,0.1392321266470656,0.3205538324752484,0.2686992076422104
0.2837931890025003,0.21193137423445288,0.22818831390128413,0.2760871228617627
0.29837461835656615,0.23507064081064638,0.2189858071311653,0.24756893370162225
0.310995414838245,0.23270583712351878,0.2152113798453901,0.24108736819284624
0.30208756014759236,0.2408127521738191,0.2083315036470198,0.2487681840315688
0.262022678753838,0.11240630422490902,0.3801070643459123,0.24546395267534074
0.24720198892880077,0.12078785529403846,0.33766617113708053,0.2943439846400802
0.26395885577798966,0.2078233548891034,0.24027172770662275,0.28794606162628417
0.27599369296815063,0.22875341286443598,0.23420041681742773,0.26105247734998566
0.33429371293750226,0.2382411613491586,0.20469220368949562,0.2227729220238436
0.30748618836208247,0.20122276774861336,0.24036241768391167,0.2509286262053925
0.2955074511988371,0.16221112224596243,0.2875599220276526,0.2547215045275478
0.27127703693241606,0.16063915690770228,0.2889889651413283,0.2790948410185533
0.29491341060838133,0.2340859739455557,0.21139559445821363,0.2596050209878493
0.298717415722459,0.231060637702115,0.22316700917026497,0.24705493740516102
0.31392646231887844,0.19906849338591362,0.24598135515242966,0.2410236891427783
0.28029219796137306,0.19331117729960456,0.2532550158875823,0.2731416088514401
0.25995215121403586,0.13812976745582187,0.3362676820275852,0.2656503993025569
0.25548047979471833,0.14883381944555624,0.30723384221034594,0.28845185854937955
0.27386498502051404,0.20230965789137523,0.24816662802022615,0.2756587290678846
0.28198853814099795,0.21648058106742774,0.23988088425959553,0.2616499965319788
0.3133244558520223,0.1903888197963866,0.2562672992188137,0.24001942513277733
0.29588072236477253,0.199441096368887,0.2401226531012399,0.26455552816510053
0.295453735417445,0.19109519771249192,0.2577021738328113,0.2557488930372517
0.2797394648890185,0.16677621356645883,0.2864034286006821,0.2670808929438406
0.2999868518761608,0.22778823238964366,0.21394721282086782,0.25827770291332774
0.2962177720711415,0.21573573238040566,0.23673274479800718,0.25131375075044576
0.3006539869073881,0.19082638625775497,0.25690975528587906,0.2516098715489779
0.2783736543317969,0.21029904164767618,0.23751234755006947,0.2738149564704575
0.26398786417059017,0.14563191983425955,0.32911686128638273,0.2612633547087675
0.25223007926285695,0.13242137227054285,0.3318856637690513,0.2834628846975489
0.26840489751128543,0.19898719761310235,0.2481249124307717,0.2844829924448406
0.2722830997668763,0.19423425219732243,0.26741191264230246,0.2660707353934988
0.3046074754895402,0.18264273119661237,0.2643264819515398,0.24842331136230777
0.2979309505874053,0.21315299133748258,0.22645350248755478,0.2624625555875573
0.2918179053921202,0.1665583374753741,0.2896541837026274,0.2519695734298783
0.2828349004743888,0.1570714042412871,0.2907041382716229,0.26938955701270123
0.29863057489132505,0.2402576972138533,0.20155600945906607,0.2595557184357555
0.30597321018350737,0.21551371080675433,0.23681104097891528,0.241702038030823
0.3112727602815623,0.2002970822023405,0.2406999418080711,0.24773021570802606
0.28384655703017003,0.23169218710485182,0.21635274707058405,0.2681085087943942
0.2571901919772801,0.12485101641678607,0.36551905016288944,0.2524397414430444
0.2431092073835314,0.1238854643414195,0.3394834098916791,0.29352191838336994
0.25072525174352056,0.19808124817401349,0.25410003693708133,0.2970934631453847
0.2499458040117864,0.17169234869990377,0.30370847355929187,0.2746533737290178
0.30109750065541907,0.17646001794255742,0.270496858874746,0.2519456225272775
0.28742014659312837,0.21036399735626354,0.23178274553411696,0.27043311051649116
0.3002774047374685,0.18399975544331645,0.2682190475055564,0.24750379231365865
0.29878694645511966,0.18068778892044912,0.2602900237822082,0.260235240842223
0.3093737052339329,0.24230575415035724,0.19882390630221805,0.24949663431349178
0.3028280563404559,0.21424063658145973,0.2368317360600837,0.24609957101800073
0.3136726051899306,0.18592103760983916,0.2559566229640235,0.2444497342362067
0.2784300705250713,0.21860638670594912,0.22596488247371826,0.2769986602952612
0.2718934031754514,0.1735975201413958,0.2935382314177528,0.2609708452654001
0.25184349342383033,0.13513662201568455,0.33494621346547315,0.2780736710950119
0.24993300969434448,0.1710072337325873,0.2832834121053144,0.29577634446775386
0.24029876587223511,0.15311977202775837,0.3227478646612141,0.2838335974387925
0.27687170708970715,0.1514169524159468,0.307493617859764,0.26421772263458215
0.29468211643970244,0.23562777969446966,0.2047057696118293,0.26498433425399853
0.3191664346490953,0.2378491849225444,0.2116768939786025,0.23130748644975774
0.3282196770242775,0.21380492324828895,0.22331286178212684,0.23466253794530678
0.3285942456267399,0.22029520555708046,0.21245201996516724,0.23865852885101244
0.287745062329342,0.1897029073686829,0.25863250198327165,0.2639195283187036
0.290530601741513,0.1989713054107743,0.24889045153871595,0.2616076413089967
0.2611820564090907,0.19429335615940482,0.26354369726739557,0.2809808901641089
0.25689928981611976,0.13879298123088002,0.33969458712450584,0.26461314182849444
0.25047203207536145,0.1496312754159485,0.30746776778583895,0.2924289247228511
0.27343025105827423,0.19439589635170287,0.2580593869489312,0.2741144656410917
