0.31985665726823936,0.21656953455697128,0.23773653834893396,0.22583726982585536
0.3202394849420984,0.2188107559990722,0.23669908711032112,0.22425067194850828
0.31520671503275477,0.23870503988219627,0.22117695654491432,0.22491128854013465
0.31472610826123915,0.22647721280431182,0.22782700209231302,0.23096967684213615
0.31546822842044125,0.2260853165644559,0.22955311313516563,0.22889334187993726
0.3195491995054233,0.21160729677591059,0.2411326125986334,0.22771089112003276
0.32306492106701873,0.20835806711542113,0.24577044558612046,0.2228065662314397
0.3197810721972626,0.22956741400791913,0.22933313682958403,0.22131837696523415
0.3143459806962626,0.2374763559449307,0.22087606225568313,0.22730160110312359
0.3152035834213211,0.2230055336072201,0.23064090378643262,0.23114997918502617
0.31515295369500157,0.22962548192689405,0.22723675299734397,0.22798481138076032
0.3186257201546671,0.2139228436162302,0.23879653133462417,0.22865490489447848
0.31832757222165575,0.22575826234010501,0.23144100774619988,0.2244731576920393
0.31536858427151565,0.2333063255509288,0.22428975676328805,0.2270353334142675
0.3096892598048414,0.24709084517826482,0.21319713138481444,0.2300227636320793
0.31397107115471096,0.21857147555832704,0.23261797579611065,0.23483947749085132
0.3167034541249935,0.22291170250678524,0.23287542259262328,0.227509420775598
0.3213109408560842,0.20783092618552756,0.244675663152233,0.22618246980615517
0.32178479231138213,0.21839444996947868,0.23808127407857244,0.22173948364056675
0.3182980023613387,0.22947933800779122,0.22823930806925058,0.22398335156161933
0.3139393369266838,0.23659607181303063,0.22146048841099983,0.2280041028492858
0.31681665192463987,0.21631016544761142,0.2360091680789256,0.23086401454882297
0.31711226453411046,0.22679186013751718,0.2302696988382761,0.22582617649009626
0.3211859267566398,0.20714404466960676,0.24484553034271117,0.2268244982310422
0.32030773249671757,0.22432178004016165,0.23346573475853494,0.2219047527045859
0.31869755307347586,0.22361210257237005,0.23201816680966472,0.22567217754448926
0.31568486686127567,0.23226607789341175,0.22540120677809242,0.22664784846722014
0.31980006825325163,0.20810209760700835,0.24334364828178195,0.22875418585795793
0.318194153669683,0.23023510457071705,0.22870372915110657,0.22286701260849326
0.3190182283018338,0.21711065608271554,0.23634226750222412,0.2275288481132266
0.3211459333602868,0.21268274936310708,0.24158493353340274,0.22458638374320344
0.3207995299670993,0.22064680112362403,0.2357157356258331,0.22283793328344353
0.3171172569403273,0.23146713170856345,0.22643428997760223,0.22498132137350715
0.31800854338649137,0.21813991137122926,0.2353605645760379,0.22849098066624135
0.3149470713097513,0.23619668369151062,0.22300327246661977,0.2258529725321183
0.3184234088816471,0.21210044931329974,0.23949488220236703,0.2299812596026862
0.3189127872337457,0.22330896993954716,0.2335726907798401,0.2242055520468671
0.3178369802983606,0.2255894856789675,0.23048763123482904,0.22608590278784288
0.3114342907034101,0.2465208904684552,0.2146255920905186,0.2274192267376161
0.31151674429258897,0.23132700037914244,0.2229332889952044,0.2342229663330641
0.31410819382797966,0.224967714995723,0.22964240507875444,0.231281686097543
0.32265453987470877,0.19537525864592206,0.2549934280227368,0.22697677345663245
0.3254972628935046,0.2110085309583173,0.24548775815510682,0.2180064479930713
0.3193436495193301,0.2339816026781276,0.22582496599966106,0.22084978180288115
0.311105823194302,0.24688979708569564,0.21354706480189806,0.22845731491810436
0.3133830221621447,0.22259440030165217,0.2296089644011789,0.23441361313502432
0.31501940855867816,0.2272739793347442,0.22898473545276704,0.22872187665381066
0.3208895761820212,0.20495083802677963,0.24648382470139446,0.2276757610898048
0.3202426962884264,0.2253562721535248,0.23285878789577868,0.22154224366227013
0.3170435143188305,0.22984163422968046,0.22707818393335244,0.2260366675181365
0.3112233463973381,0.24457211628344386,0.21551799607575925,0.22868654124345872
0.3150674339368088,0.21718909445227794,0.23413606650154048,0.2336074051093726
0.3184294647990132,0.2179812604256301,0.23702072671817848,0.2265685480571782
0.32243441946322193,0.207629264593092,0.24552894484140925,0.2244073711022768
0.32325240861358545,0.21411672208409216,0.24162697682344542,0.22100389247887703
0.3191514709836221,0.2297384125602066,0.22860930818023395,0.22250080827593743
0.31109474569284584,0.24821994386225313,0.21304278016212527,0.22764253028277587
0.3137021682477283,0.22120386701763697,0.2305215752792707,0.23457238945536407
0.31632211433355045,0.22281539157481933,0.2326472255433972,0.228215268548233
0.3222921536446147,0.20259784515949986,0.24909195621753705,0.22601804497834846
0.3213246753823536,0.22428125213118694,0.23402506377224291,0.22036900871421652
0.31651908916559124,0.23367831764908728,0.2243695644381596,0.22543302874716187
0.3101360787053873,0.2465900743542246,0.21360956401843662,0.2296642829219515
0.31545051343964586,0.2130483781069408,0.23715809733141074,0.23434301112200248
0.3189440288445061,0.21811428875854563,0.2374057828258075,0.22553589957114073
0.3226044348881069,0.20792343799725996,0.24528705445083182,0.22418507266380128
0.32062513938059983,0.22509089628951431,0.23285163139940132,0.22143233293048445
0.31369535158299705,0.24274276809262163,0.2175552830551268,0.2260065972692546
0.3063055145733395,0.2540599656633607,0.2071335574528709,0.23250096231042888
0.31480517111732353,0.2071631619577564,0.24079313140644146,0.2372385355184786
0.31719798842771935,0.22666588918367722,0.23127179727398298,0.2248643251146204
0.32088955134400104,0.2097788347828502,0.24261321118436102,0.22671840268878773
0.3178915493711957,0.23215454242038935,0.2271376444591339,0.22281626374928107
0.31287556282087503,0.239993506675474,0.2185804806097938,0.2285504498938571
0.31082546516380544,0.23718658338959778,0.21946451721448076,0.23252343423211605
0.318768966266184,0.20236347474932137,0.24726722275547847,0.23160033622901607
0.31917162841658925,0.22771500827400346,0.23116790393152004,0.22194545937788732
0.32221786353878956,0.20608021990757566,0.2457411522672318,0.225960764286403
0.3207962415511004,0.2238634110813768,0.23403069173594473,0.22130965563157806
0.3177725447990966,0.22820645509731066,0.22853918721825442,0.2254818128853384
0.3140948074131472,0.2354505536238925,0.22243422431204707,0.22802041465091316
0.31877539843307134,0.20870546425019104,0.2423599195524761,0.2301592177642615
0.31698012905283013,0.23324250858107437,0.22628766169918277,0.22348970066691284
0.31854929129769083,0.21627253323442694,0.23657516453602273,0.2286030109318595
0.31738139666519843,0.22785018862339254,0.22959398260463748,0.22517443210677152
0.3162152056763596,0.22791987805515299,0.22808652862281137,0.22777838764567598
0.31156333706076045,0.2430660599269155,0.21674956637774478,0.22862103663457922
0.31581477526447765,0.21523998363257407,0.23589786186005476,0.2330473792428935
0.3141662790827767,0.23690973241275184,0.2226597643033664,0.22626422420110517
0.3211234870594521,0.19890373957505256,0.2504342461243779,0.2295385272411173
0.3230821665972719,0.21597124278231786,0.24102954766421528,0.21991704295619494
0.31768821479077,0.23527329279268375,0.22415980380157474,0.22287868861497154
0.31420416477595575,0.23271106210268477,0.22367471792433502,0.22941005519702454
0.3167734350445946,0.21784378357950296,0.23527679814483005,0.23010598323107226
0.3183802620709442,0.22134812920694003,0.23433479919982447,0.22593680952229128
0.3226209470467516,0.20473047025245578,0.24760873529853908,0.22503984740225355
0.3201404129469215,0.22846095650450993,0.23057668891610783,0.22082194163246066
0.31408750454266143,0.23966772913098172,0.2193874291907815,0.22685733713557538
0.3080707283448507,0.24898518813785223,0.21106825066048104,0.2318758328568161
0.3157161129982289,0.20771526636117302,0.24109636464107545,0.23547225599952273
0.32122672011024844,0.2111059667964143,0.24372478965566433,0.22394252343767293
0.3252501385244412,0.20316177738153066,0.25022942521420255,0.22135865887982556
0.32269709129781665,0.22282796621662637,0.23528619177304982,0.21918875071250715
0.31457029739075393,0.24294435382899235,0.21779844741112972,0.22468690136912395
0.3135659610443279,0.22827005838204079,0.22593852058350591,0.23222545999012545
0.3183289263846468,0.21153424727099007,0.24088327271344895,0.22925355363091413
0.32055278285920286,0.21781979183492403,0.23792219754794502,0.22370522775792806
0.3221638278098922,0.2119640613495256,0.24210972554915197,0.22376238529143025
0.31604744620884206,0.24045912537885106,0.2207601418429449,0.22273328656936192
0.31354424235859046,0.231989534053885,0.22346948244835083,0.23099674113917376
0.31379962718628185,0.22881569833664833,0.2267502120908194,0.23063446238625038
0.3183686537422511,0.2128195661870158,0.23971540009497333,0.2290963799757597
0.31850453205290846,0.22544656583569816,0.23176921260558742,0.224279689505806
0.32149724116268447,0.20844951138217885,0.24401214414928338,0.2260411033058532
0.32183508372553143,0.21780954206737163,0.23851724770882418,0.22183812649827275
0.3168598527154681,0.2353515819202722,0.22386195555287547,0.2239266098113843
0.31367169581267196,0.2337603031625282,0.2228090520541552,0.22975894897064475
0.3159823278654151,0.22003648936509393,0.23336612839061963,0.23061505437887145
0.3182848386384366,0.21964346904184218,0.23538900545476585,0.22668268686495532
0.32007435709750043,0.2164905387621714,0.23807760481148224,0.22535749932884597
0.31752714833558987,0.23033930629752716,0.22770588366105465,0.22442766170582826
0.31525382934650337,0.2306292777891371,0.22576713614474658,0.22834975671961283
0.31123294658350154,0.2420079888024587,0.21715466059312039,0.22960440402091944
0.3156046932036182,0.21588796182929934,0.23548222600782873,0.23302511895925368
0.31889885438937543,0.2175834393123535,0.23751139987105355,0.22600630642721756
0.32381390102025776,0.20219860803934964,0.250208905568217,0.2237785853721756
0.3249718789254053,0.2113957421193917,0.24453196638505154,0.21910041257015148
0.31458855383330037,0.2502717360323318,0.21388046599860838,0.22125924413575937
0.3112598503955652,0.23545678279879226,0.21964887199404715,0.23363449481159554
0.3180126532192837,0.2057584867709766,0.24470186300698274,0.23152699700275678
0.3163436586433206,0.236526983022714,0.22404365727510592,0.22308570105885953
0.31810812152271284,0.21616386781158858,0.23622469563376625,0.22950331503193228
0.31465764593826423,0.2376125068101804,0.2222040733671107,0.22552577388444478
0.30446863680459313,0.2640195784647271,0.20093459412228634,0.23057719060839332
0.2982380911521765,0.2650423865606547,0.1965858763551599,0.24013364593200895
0.30345095293665225,0.2377416594832463,0.21495030360843786,0.24385708397166347
0.31199743627572635,0.2195177987371771,0.23255001419530316,0.23593475079179324
0.32055273710293214,0.20466723194384528,0.24742132630526956,0.22735870464795294
0.3197746886503401,0.22789538697106287,0.23083619656435939,0.22149372781423776
0.31059975683680074,0.2520920677907162,0.21051220478182595,0.22679597059065706
0.3068060153661817,0.24573950544650444,0.21168165534874175,0.23577282383857215
0.3179890013864677,0.19515551417615526,0.2521887683777425,0.23466671605963457
0.3228855199486225,0.21446205407979016,0.2424252520580164,0.2202271739135708
0.32457274893403,0.20776179074549989,0.24605324992207286,0.22161221039839718
0.3225774445158793,0.21965108047680185,0.2373098811767924,0.2204615938305263
0.31545685149736763,0.24060134659401802,0.2198449267861979,0.22409687512241636
0.31459215172592003,0.22642595997035292,0.22768164567075866,0.2313002426329685
0.3187291544719111,0.21216533332013085,0.2406514633308082,0.22845404887714993
0.31860561174353097,0.22617178088441098,0.23128108839150496,0.22394151898055303
0.3240621702436362,0.19618890946220133,0.254433027400425,0.22531589289373738
0.32395127200472257,0.21868528244059438,0.2392690347619093,0.2180944107927736
0.3183327611521037,0.2325935585347368,0.2259604825402504,0.2231131977729092
0.31651190889181263,0.22523727561926452,0.229750819615196,0.22849999587372696
0.31866168584956367,0.21630866819657496,0.2375328053699371,0.22749684058392416
0.31840598428244815,0.22493930586037225,0.23179538336996605,0.22485932648721357
0.3223596236030028,0.20423746182637292,0.2476239868271547,0.22577892774346953
0.3175477274881574,0.2381168624863969,0.22331948196563328,0.22101592805981238
0.3138028245226839,0.23421112155752372,0.22215617644836577,0.2298298774714266
0.3143239604731986,0.22630389065390633,0.22844651854778886,0.23092563032510624
0.318709757287055,0.21289147069043207,0.23999903746732776,0.2283997345551852
0.3213966322113314,0.21405013730177797,0.24085787178080564,0.223695358706085
0.32436697337293097,0.2049873183282211,0.24841940973867838,0.22222629856016962
0.3210674541781788,0.22728503220390636,0.23155879421598086,0.22008871940193395
0.3141198095324876,0.2409294994711041,0.21867055468115285,0.2262801363152554
0.30952949602292934,0.24341338341391616,0.21490265676847878,0.23215446379467577
0.3155015194917451,0.2125519158000708,0.23791948842237276,0.2340270762858114
0.3195077945250474,0.21648428478042825,0.23875170943591614,0.22525621125860817
0.3222518415053477,0.2110455981708412,0.24291786335654358,0.22378469696726766
0.31870633547114574,0.23092796164631132,0.2279896593042612,0.2223760435782816
0.31295639662316116,0.24083476901205322,0.21817841795620144,0.22803041640858407
0.30781357671938964,0.24817057303156706,0.21142665277861913,0.2325891974704241
0.3123137208662282,0.22201501981941926,0.22963881742182413,0.2360324418925285
0.32076212648931707,0.20125039728881577,0.2501650262508531,0.22782244997101406
0.3273657652178029,0.19655456527249202,0.25706060467102915,0.21901906483867573
0.32458808877705775,0.22226166567953978,0.23648777581872818,0.21666246972467415
0.3103574123118494,0.2603182520663622,0.2057732038583766,0.22355113176341182
0.3059061178290582,0.24657329742801953,0.21011309153907748,0.23740749320384483
0.31673496052839006,0.19849044001073946,0.24913856010855306,0.23563603935231747
0.32193139620685207,0.2150761480682987,0.24148324549415628,0.221509210230693
0.32266624881026024,0.21433509930074546,0.24049887043323037,0.2224997814557639
0.3143367970872392,0.24628909117107303,0.2163192598228214,0.22305485191886645
0.30900536713858057,0.2448138897729162,0.21326025139652563,0.23292049169197765
0.31029179254287714,0.23190752766385683,0.22257724974774223,0.23522343004552387
0.31804786300602306,0.2068797832256251,0.2440389682262172,0.23103338554213457
0.32152975161270686,0.2153003968531603,0.24045137116415596,0.22271848036997688
0.32338289932498016,0.2096181091601474,0.2443740032434142,0.2226249882714582
0.31839007142335674,0.23417999880774276,0.22575728554521513,0.22167264422368543
0.3127694371181001,0.2400342475731932,0.2183796847270826,0.22881663058162413
0.311245195532172,0.23531200334305422,0.22084876158462846,0.23259403954014535
0.3190594067810495,0.20243843424540608,0.24746115232326807,0.23104100665027633
0.31964689848380823,0.22630890686213817,0.2322626044432853,0.22178159021076813
0.3182761790737616,0.224109261468763,0.23133356586368412,0.22628099359379136
0.31375857307637056,0.238695021737006,0.22052451060228506,0.22702189458433836
0.31359865571876744,0.2289351677555773,0.22583357242594687,0.23163260409970832
0.31291488714008836,0.23380608863408656,0.2232969283690589,0.22998209585676624
0.3172942414809908,0.21442199956330513,0.23775055653140814,0.2305332024242958
0.31973229174531276,0.21774694300968292,0.2376316424480131,0.2248891227969913
0.3225662056327643,0.2089937319601173,0.24451659286233976,0.22392346954477868
0.32176753139567854,0.2198903954842642,0.23683600160880017,0.2215060715112571
0.3154536280247149,0.23954148142606296,0.22053853441782514,0.22446635613139707
0.3115590759385852,0.238475142516383,0.2187328538653144,0.23123292767971756
0.3181605347394003,0.20551686921851067,0.24451174901903724,0.23181084702305177
0.3188540978448342,0.22653615780318584,0.23171689989759964,0.22289284445438035
0.3179038200220242,0.22437385601152,0.23104754130471367,0.2266747826617422
0.3144623790418659,0.23551370463702495,0.22282612116246792,0.22719779515864125
0.31122265757398615,0.23996400213888364,0.21800962999410772,0.2308037102930224
0.31002045457250893,0.23822801871176244,0.21856418608021197,0.23318734063551666
0.3152859071582667,0.21630147532051405,0.2355277740717188,0.23288484344950044
0.31853384007580743,0.2190472116310778,0.2362385186527539,0.2261804296403611
0.32337407783905614,0.20286152268439184,0.24945568188077283,0.22430871759577922
0.3241451268186806,0.2139515003492973,0.24233542747997963,0.21956794535204247
0.3163328849796678,0.24190715137331517,0.21957739791675004,0.22218256573026693
0.3133621891522734,0.23215681554483453,0.223223147713513,0.23125784758937906
0.3198641053635937,0.20258722096656315,0.2479130890100227,0.22963558465982037
0.3180451559876454,0.2338710885677097,0.2264919472730457,0.2215918081715994
0.31788321327594954,0.2205109676250533,0.23319252988608064,0.2284132892129166
0.31489833237258774,0.23478445409008625,0.2238219047166895,0.22649530882063648
0.3121061480266339,0.23781982259285198,0.21968012169458154,0.23039390768593265
0.31237103809703937,0.23106469366504373,0.22422741158772497,0.2323368566501919
0.3163395422847889,0.2179825045445264,0.23519878903252364,0.2304791641381611
0.31558245800961476,0.23212128243785024,0.2259356339508114,0.22636062560172365
0.3204130818226313,0.20586251318393362,0.2451966200643096,0.22852778492912562
0.3230180020167896,0.21205632403081176,0.2434223209751339,0.22150335297726456
0.3217837420252713,0.22016546635855896,0.23625596043933728,0.22179483117683244
0.3177671253388669,0.23019042982912516,0.22754166415359497,0.22450078067841303
0.3188147804656753,0.21616166852536503,0.23714358620645748,0.2278799648025022
0.31254920404103415,0.2469322623996864,0.2154216223370204,0.22509691122225903
0.31252981851184364,0.22936780220732877,0.2244246056118344,0.23367777366899312
0.31575055744964453,0.22015200389546566,0.2337400773440909,0.23035736131079898
0.3176566678820541,0.22250974060248987,0.23305523976047654,0.22677835175497957
0.31526775993623957,0.23372933323913675,0.224297798705669,0.2267051081189548
0.31619266300551024,0.22233205821056146,0.23163337189967714,0.22984190688425124
0.31556727128524575,0.22970301642163998,0.22731861119210345,0.22741110110101098
0.3216161293931069,0.20100707937156675,0.24962353271563986,0.22775325851968653
0.3228090336313782,0.21748700661656528,0.23957509517773765,0.2201288645743189
0.3165270335652877,0.23842440242315907,0.22165289662344928,0.22339566738810387
0.3121982031619183,0.23776409979921695,0.21946716084378684,0.2305705361950779
0.3186629690175179,0.20450968966516392,0.2454966938746959,0.23133064744262233
0.3204995101239468,0.22100499512974048,0.23620243858440346,0.22229305616190925
0.3193073813594867,0.22318193891165763,0.23271108011562514,0.22479959961323065
