0.2821932014469467,0.23189022519902813,0.21285218690851798,0.2730643864455072
0.2829009721333687,0.23058022658438856,0.213745084409858,0.2727737168723849
0.28348418252942287,0.2302609575024183,0.21390732933345627,0.27234753063470263
0.2812815146191149,0.23251949380869494,0.2138524701481514,0.2723465214240388
0.28018926552320444,0.23218424481751904,0.2140617578495688,0.2735647318097078
0.2835033730846402,0.2277044693956123,0.21534325664514128,0.27344890087460616
0.2836066226056151,0.23110811475106227,0.2126527382701976,0.27263252437312513
0.2853800249427696,0.2310494794020921,0.2118248177113459,0.2717456779437923
0.28371742357220714,0.2311248091550044,0.21391020967803803,0.2712475575947505
0.2785935548178005,0.23571296958538399,0.2126295142991483,0.2730639612976671
0.2836416747976635,0.22746165081804146,0.21540630113497897,0.273490373249316
0.284945619659408,0.2291165587147832,0.21331780628133612,0.27262001534447267
0.28685429797504514,0.2316160985719687,0.2103026019059178,0.2712270015470684
0.28624409709151494,0.2324416458590022,0.2106406594295186,0.2706735976199642
0.2857783792215658,0.23133999272364617,0.21243753821518246,0.2704440898396056
0.28104445457028376,0.23517162530368063,0.2121178110875303,0.27166610903850535
0.2832713614544405,0.22984258744788533,0.21433566763024012,0.272550383467434
0.28312220074721867,0.22984246930044555,0.214393329790841,0.27264200016149476
0.2825668136142566,0.23170732764808566,0.21362038003625972,0.27210547870139795
0.27903021162188235,0.23343583150834354,0.2145691285858356,0.2729648282839385
0.2783754001558912,0.2288401835686426,0.2186253648180318,0.27415905145743447
0.27464720293722406,0.23248287901367076,0.21629952788972887,0.2765703901593763
0.282764475786117,0.22476568357608953,0.2171264921246508,0.27534334851314274
0.2838238607939277,0.2294816078972761,0.21336631439213893,0.2733282169166573
0.2867544064883881,0.23114688112020937,0.2104378190283748,0.27166089336302773
0.2864407503672663,0.2314372566780397,0.21138752962030025,0.27073446333439366
0.2846831764768567,0.23246365703742,0.21237266426392826,0.27048050222179515
0.2801427398151309,0.23530492242643053,0.212167662306955,0.2723846754514836
0.2846517163366481,0.22779607017400147,0.21473299309523772,0.27281922039411266
0.28457228540446916,0.23017445476720858,0.2132298206050972,0.27202343922322497
0.2839417344218498,0.23327369366024675,0.2112889685719873,0.2714956033459161
0.28400901838789766,0.23194305855687936,0.21150144930098477,0.2725464737542382
0.28894951847321115,0.2267287623701441,0.21302764201279675,0.27129407714384807
0.2836739920403997,0.2364132697536798,0.20902611239473606,0.2708866258111844
0.2895890430515515,0.22964952099631178,0.21027224874907297,0.2704891872030639
0.28835128248870656,0.23106444551206556,0.2105933665111871,0.2699909054880408
0.2901351445795956,0.23238321216427663,0.20788673316573894,0.2695949100903887
0.2900027024237122,0.23244992768836364,0.20850657648162615,0.26904079340629805
0.2890804886101726,0.23304999388024325,0.20902803847953694,0.26884147903004735
0.28636116644389226,0.23459777792282968,0.20941328839389325,0.2696277672393849
0.2871087610219786,0.23153672751321364,0.21109976397507588,0.27025474748973183
0.28613608489814535,0.2324414898224935,0.21060143961009925,0.2708209856692618
0.288583247832505,0.23057700494198397,0.2104759513939151,0.27036379583159603
0.2864113931715274,0.23314094643147076,0.21060767594728894,0.2698399844497129
0.2831170274923341,0.23355179913001525,0.213227416104214,0.27010375727343655
0.27587466400376554,0.2367195230156599,0.21305434045974744,0.2743514725208272
0.2860793905672705,0.22420578976877525,0.21563137364866605,0.27408344601528817
0.289266712114266,0.22852326942204565,0.21086683228756586,0.27134318617612263
0.29223208584179106,0.23213804917951042,0.20647151569586178,0.2691583492828368
0.29011950712877654,0.2340854783332479,0.20757523015703763,0.2682197843809378
0.28790408819234825,0.2335856474393264,0.21011210610424405,0.26839815826408137
0.28167018763167195,0.23670268356214225,0.21107512281239107,0.27055200599379475
0.2841894983295546,0.2299535835323052,0.21376036888920708,0.2720965492489331
0.2849465437193783,0.22961281207295617,0.213316003359619,0.2721246408480465
0.28548835273013773,0.23166581650730367,0.21170334034924024,0.27114249041331845
0.28259489114196507,0.23427418693240626,0.21138016114552582,0.2717507607801028
0.285028127548451,0.2287718783925946,0.21442672425074763,0.27177326980820676
0.2814643660131953,0.23370886429063548,0.21213594468028554,0.27269082501588376
0.2878926875318576,0.22863711287461347,0.21116709713144236,0.2723031024620865
0.2909660543167018,0.22894676381506365,0.20972032748985428,0.27036685437838026
0.29216662954346057,0.23246582619650044,0.20680115896567053,0.26856638529436855
0.28935176734809875,0.234997839604215,0.2077807781189992,0.267869614928687
0.2849830178612699,0.23506464136030825,0.21118139898769908,0.2687709417907228
0.2798786742684561,0.23551652085907646,0.2124616680752062,0.2721431367972612
0.2851596294804054,0.2273326793129094,0.2145744561493726,0.27293323505731265
0.2866176551226866,0.22987117787399475,0.21177788784653384,0.2717332791567848
0.28783026150069696,0.2320469292311194,0.20989131368269104,0.27023149558549264
0.2847118327347871,0.23454602100285682,0.21001027758286864,0.2707318686794874
0.2867843048806003,0.22907744315492906,0.21350618021118398,0.2706320717532867
0.280231394343646,0.23636011371068955,0.21073046395274628,0.2726780279929183
0.29033632402492504,0.22642652837508248,0.2114195925991053,0.2718175550008872
0.2904881487712034,0.22984266033270342,0.21030579642935088,0.2693633944667424
0.28733962269791025,0.23630187190374713,0.20792910217473828,0.26842940322360437
0.2827300665644399,0.23548567356906228,0.2118682376858961,0.26991602218060184
0.2799223178144987,0.23057751939580967,0.21730388051136218,0.2721962822783293
0.27468733970482456,0.23444281893331215,0.21500451825206557,0.27586532310979783
0.2838498025548881,0.22387817470761098,0.21743730154855037,0.27483472118895064
0.2831687378382371,0.23005712391338806,0.21396266980373865,0.2728114684446362
0.28251848480343916,0.23373919610026103,0.21180284231851781,0.271939476777782
0.2813851354556299,0.23128040419731932,0.21434124821353462,0.2729932121335162
0.28307352847559514,0.2278354442204953,0.2161318304950082,0.2729591968089013
0.278653223601457,0.23515466561283035,0.21198532881507565,0.274206781970637
0.2876457097964182,0.2257581388878334,0.2138333772257281,0.27276277409002037
0.2867037231382045,0.23081291806294083,0.21152378438339547,0.2709595744154592
0.28755785881148227,0.23300056177566195,0.2094093226425196,0.2700322567703361
0.2849022724821865,0.23357278796023362,0.21081979056067496,0.2707051489969049
0.28643881393904214,0.22974210343939955,0.21306706612005716,0.2707520165015011
0.2814344981257856,0.23536871611792876,0.2112880458985287,0.2719087398577569
0.28623609025914853,0.22846404965451783,0.2135771434096508,0.2717227166766829
0.2831055755697412,0.23213583355062345,0.21313033604376186,0.2716282548358735
0.2834088353340873,0.2325619863424534,0.21209686171204115,0.27193231661141815
0.2833529951604512,0.2302334195764233,0.21420351929055143,0.2722100659725741
0.2812817807328268,0.2307117294957095,0.21573274769207706,0.2722737420793867
0.2744342010683532,0.23695798762304288,0.21282519493433893,0.275782616374265
0.2857031677773783,0.22243507807234186,0.2175177606935784,0.27434399345670135
0.28517404979413413,0.23046988759482473,0.21233230206449757,0.2720237605465434
0.28836993557571644,0.2320498847019673,0.20895762802425707,0.2706225516980591
0.28673748560829715,0.23200982386929178,0.21108615348209347,0.27016653704031746
0.28581932008607486,0.23253870061509777,0.2113569374153931,0.2702850418834342
0.283095794740067,0.23390614977653454,0.21163875200610602,0.27135930347729237
0.28570811744540126,0.23029695440853745,0.211729198474041,0.27226572967202023
0.2893846103204238,0.22810828732216687,0.2116953541460221,0.2708117482113872
0.2852360849696748,0.23550442763460516,0.20979126468143255,0.2694682227142875
0.2818508893511329,0.23518241384649063,0.21235551144918458,0.27061118535319184
0.27920833586781507,0.2304892662062685,0.21730937986556773,0.2729930180603488
0.2779060198213839,0.2319798404625724,0.21411320485379784,0.2760009348622458
0.2893356965945117,0.22359482937133376,0.21361468726954383,0.2734547867646108
0.2893855039846629,0.23189732162797136,0.20854223197967775,0.2701749424076879
0.2928877621428306,0.2319014792632371,0.20658996337762742,0.2686207952163051
0.28896258515839635,0.23417114869115396,0.20879768211152064,0.268068584038929
0.2865070617692592,0.2350776198561524,0.20912668563220083,0.26928863274238757
0.2866259633525524,0.2320214176224458,0.2106035557508329,0.2707490632741688
0.28950525879849,0.229444963398775,0.2107693676039453,0.27028041019878973
0.28699361642586535,0.2339869528311947,0.2096949500663192,0.26932448067662074
0.2839887758514256,0.23536203385585244,0.21023098109487542,0.27041820919784665
0.28521073092372373,0.23021154824601264,0.21306086363823262,0.2715168571920309
0.2851777900032252,0.23038236720264543,0.21313820378226286,0.2713016390118665
0.2822669713279813,0.23506955336102464,0.2100768053018651,0.27258667000912884
0.29029661078439606,0.22688991822424268,0.2112213883857263,0.27159208260563494
0.2915281182509058,0.23051220138905265,0.20848338864950614,0.26947629171053544
0.29309264306079175,0.23275867681441847,0.20614518792831807,0.2680034921964718
0.2888707975507047,0.23567621946680054,0.20768951010936104,0.2677634728731337
0.2868646254291394,0.2343517539843473,0.20968310063555246,0.2691005199509608
0.2857114040013086,0.232411107246195,0.21134384843616913,0.2705336403163274
0.28688788840997537,0.2310264142008808,0.21123455389922,0.27085114348992395
0.2865986630859492,0.23197420903197363,0.21099878142246667,0.27042834645961045
0.28504041546958353,0.23365511470575379,0.21036373462259716,0.2709407352020656
0.287054915185151,0.23003788735536873,0.2120824212284898,0.2708247762309904
0.2836182394576709,0.23260751079422004,0.213239446437522,0.27053480331058705
0.2772368668850835,0.23751969613863133,0.20997565349601105,0.27526778348027425
0.29329088782682533,0.22179735116900356,0.21221933053335143,0.27269243047081965
0.29498962986738075,0.22952222912182949,0.20794807084982897,0.26754007016096065
0.28896701416890724,0.24028085056188242,0.2033310850207708,0.2674210502484395
0.29121881400308014,0.23173161952726296,0.20870299139256207,0.2683465750770947
0.2884297961013374,0.2317811894361569,0.21120723109896714,0.2685817833635386
0.2820120414385553,0.2386000500814997,0.20887968803837043,0.2705082204415746
0.28630335159632725,0.22874928475967413,0.21368365606958029,0.27126370757441826
0.2837546430412512,0.23094721079369154,0.21392688517839914,0.27137126098665815
0.2797961003639889,0.23395684069201939,0.21475441716375973,0.2714926417802319
0.27015807719634,0.23311154669666692,0.2213877202360224,0.2753426558709708
0.2602221147264047,0.22427026181142465,0.23088236836891893,0.2846252550932518
0.2549298100453625,0.22240618939661974,0.23068310290845281,0.2919808976495649
0.2644171078254905,0.21521806010447683,0.23074820003921198,0.2896166320308207
0.27222941634372166,0.21878842084366004,0.22414172887948863,0.2848404339331296
0.27281070682371933,0.23068031915377726,0.2170165643874723,0.2794924096350312
0.27359516966942204,0.227581567455225,0.2207856474890926,0.2780376153862603
0.27227166672208736,0.22422273434612233,0.223971793233778,0.27953380569801234
0.27130888720967017,0.2307376506593078,0.21788570842202487,0.28006775370899717
0.2797106009020275,0.22197980596591702,0.2209173934036513,0.27739219972840423
0.27721703804579356,0.23053776443866664,0.2164601192082884,0.2757850783072514
0.27897477362194023,0.23060398256386824,0.2156780971720372,0.27474314664215427
0.2775828558550345,0.22768464582325976,0.2194183393675966,0.2753141589541091
0.2746792980886424,0.2308502378759549,0.21838275807088867,0.276087705964514
0.27380592472527787,0.2308568817370063,0.21756142614234156,0.2777757673953742
0.28096543446871947,0.2232610977652619,0.21921977282251093,0.27655369494350757
0.2824326206234082,0.22992489952196887,0.2134995633548314,0.2741429164997916
0.2858520878011361,0.23090881110419234,0.2108308861380886,0.2724082149565831
0.28672870518118704,0.22954661221183453,0.2126942356800096,0.27103044692696876
0.28283296013626336,0.2347734032190242,0.2114761968057248,0.27091743983898775
0.2825569238298349,0.2328321094125442,0.21194908571328325,0.2726618810443378
0.28669487380811753,0.22640447030942396,0.21478928671060302,0.2721113691718555
0.2824972561711309,0.23497574901727855,0.21123853760669728,0.2712884572048933
0.2830271225948149,0.23201958941754303,0.21352935555993957,0.2714239324277026
0.2795181317124243,0.2316985782224361,0.21542332307815842,0.27335996698698123
0.28205434299615706,0.2284541117560032,0.21596759527167245,0.2735239499761673
0.2799580838790082,0.23277766142364978,0.2127098387748923,0.27455441592244967
0.2900133241292613,0.22598574494056384,0.21120653839362175,0.2727943925365531
0.2930163009505374,0.22897800342807417,0.2087176337547566,0.26928806186663173
0.2901611757025253,0.2359909373968433,0.2063225012691476,0.2675253856314838
0.28517446991597606,0.23657850375759717,0.20988795531574703,0.26835907101067974
0.2812097833526075,0.2335291033385915,0.21420702993661453,0.27105408337218645
0.2800388643395604,0.23125985497200427,0.21528840890411577,0.2734128717843196
0.2825829313433646,0.22891590449606572,0.21477057065836652,0.2737305935022033
0.28462221007105987,0.22990709562506897,0.21270595894137773,0.27276473536249357
0.2858927116151025,0.230692402184024,0.21202405335890495,0.2713908328419685
0.28268101290276165,0.23342889264209868,0.21284898552779133,0.27104110892734823
0.2784737048402473,0.23315510349019186,0.2160146730201123,0.27235651864944865
0.27459273921312005,0.23325971296090742,0.21531556721327114,0.27683198061270137
0.2877678184965085,0.22263473317003943,0.2145148658165499,0.275082582516902
0.2932452971940966,0.22709706095153942,0.20968242984583868,0.26997521200852537
0.2868419121995152,0.2396917594802075,0.20586692000646972,0.26759940831380763
0.28361513034095553,0.23529752512109964,0.21200557082490173,0.2690817737130431
0.2789444061602128,0.2317987141390903,0.21671134091050717,0.2725455387901898
0.279211627416816,0.23107730655903921,0.21483194671387015,0.2748791193102747
0.2847648160141015,0.22584113157356867,0.21577235977263143,0.27362169263969843
0.2816774072912148,0.23354952482600863,0.21247009254864951,0.27230297533412695
0.28160976665162896,0.23144298897355836,0.21490778803387547,0.2720394563409371
0.2764499478985756,0.2326763529619921,0.21646530567881947,0.27440839346061285
0.27895103745677596,0.22680817161079456,0.2191772209730482,0.27506356995938125
0.2758071930496173,0.23240753268090045,0.21497910493296482,0.2768061693365174
0.28738062231579675,0.22398398313631138,0.21437787967516,0.27425751487273176
0.28788392657309847,0.22979799180320973,0.2115276472571936,0.2707904343664982
0.2846554506144496,0.23617122538070656,0.20950310841047073,0.2696702155943731
0.2809124057749852,0.23387632004755893,0.21374334792645808,0.27146792625099786
0.2805921442712169,0.2295243721764968,0.21656577974273727,0.2733177038095491
0.2800599987278146,0.23074042060232655,0.2152153613997597,0.2739842192700991
0.2813106289586713,0.22968401321083265,0.21540230738105406,0.27360305044944183
0.2795252582865862,0.23122528709885815,0.21552406614338115,0.2737253884711745
0.2789748782963392,0.23045745699806106,0.21643596770951437,0.27413169699608536
0.27790133554610863,0.2302952737602095,0.21681679994099595,0.2749865907526859
0.27870922591270453,0.22778125150066805,0.21848892023094763,0.27502060235567977
0.2753665741138534,0.23318293666720713,0.2148178656246028,0.27663262359433666
0.28572260549966566,0.22441161679985788,0.2150899523091886,0.2747758253912879
0.28835525155106967,0.228179959203429,0.21204843628189093,0.27141635296361033
0.2856098440176404,0.23582393400831098,0.20882693724094262,0.2697392847331061
0.28302774629085337,0.23394031558506523,0.21226562609527186,0.2707663120288094
0.28183394496938774,0.23010827662193956,0.21578584601613324,0.2722719323925395
0.27949385233855883,0.23269268671926405,0.2142095200904905,0.2736039408516866
0.2821100012000262,0.22834636653940513,0.2161146127074284,0.27342901955314025
0.2787906969071408,0.23161819021612792,0.2159356574931037,0.27365545538362757
0.2772054758609625,0.23180326694162146,0.21651621227183432,0.27447504492558183
0.27614969469638434,0.2281660809230551,0.21984893120773938,0.2758352931728211
0.27366839187835085,0.22839523344684223,0.220783751767554,0.2771526229072529
0.27089909816496405,0.23229652821597818,0.21718434605995363,0.2796200275591041
0.28308573260846664,0.22157546314264648,0.21827017363248624,0.27706863061640075
0.2876075351650428,0.2269443066937558,0.21291620751742685,0.27253195062377467
0.28471790871110764,0.2366914075409588,0.20785473099371754,0.2707359527542161
0.28687193537149536,0.23059650079236754,0.2119100263960314,0.27062153744010564
0.2844635238561875,0.23099175876023612,0.21368439307968043,0.27086032430389584
0.28056672292607526,0.2357733033207699,0.21131254907417377,0.272347424678981
0.28374192636914747,0.2271990997407406,0.21663168121425172,0.27242729267586024
0.2775597046495747,0.2337718560301234,0.2153771434581646,0.27329129586213724
0.2770595318737474,0.2313223443663352,0.217252891527553,0.2743652322323645
0.27523528070456743,0.22838058574518452,0.21984472044319953,0.2765394131070486
0.27642730258896686,0.22609807985657263,0.2206211975898541,0.27685341996460644
0.2721377356620315,0.23365499531837136,0.21600852938650736,0.2781987396330899
0.28222652743237886,0.22343508212242463,0.21806493943346242,0.27627345101173395
0.2849970201973661,0.22737858615773335,0.21418170302471903,0.2734426906201815
0.2863381547187586,0.23301615931445413,0.20898302356587284,0.27166266240091436
0.28908920237443214,0.23049040319584418,0.2097124003715783,0.27070799405814544
0.28950781576884993,0.23016533206984813,0.21094700910832803,0.26937984305297397
0.281972687257543,0.23848260460416443,0.21013367280057887,0.2694110353377137
0.2793272841039846,0.23291807668809159,0.21617896270106104,0.27157567650686276
0.27427431553519543,0.23021333050001822,0.2200857216103578,0.27542663235442855
0.2742792513965919,0.22915615619244364,0.21924007353351202,0.2773245188774524
0.2770715143193414,0.22643085518415584,0.21933562730057718,0.27716200319592554
0.27809668054186854,0.22774389576856002,0.21813509056632838,0.27602433312324315
0.2763380415882015,0.23285559521572835,0.2142591482167821,0.27654721497928797
0.28576298712852044,0.2246215279131254,0.2149994909389596,0.27461599401939474
0.2889845616602646,0.22852153240098985,0.21109160069796534,0.27140230524078024
0.28846120164172057,0.2334361683640027,0.20900408812287016,0.2690985418714065
0.2814182474681851,0.2376228265512029,0.21086143777096858,0.27009748820964335
0.28159926560018544,0.2306497354999602,0.21546960197873388,0.27228139692112047
0.28126520180156256,0.2299826036127341,0.21497589218737329,0.27377630239833006
0.2840547231845613,0.22785013061699255,0.2153640254680029,0.2727311207304432
0.27676017431332656,0.23668799613630864,0.21347107802627205,0.2730807515240927
