0.3155887477052488,0.19269482814243247,0.24248425375785906,0.24923217039445966
0.32021785046740175,0.18749949470298366,0.22682996180481477,0.26545269302479985
0.3147659820086752,0.19186780303964285,0.24448827126762826,0.24887794368405372
0.331451498162193,0.18160382850380646,0.22224860642103467,0.2646960669129659
0.3278586518690494,0.19548677996178818,0.22273928588307706,0.25391528228608534
0.31053840367234337,0.19575958058494838,0.2509552091278307,0.24274680661487755
0.32404719171481405,0.18216988780273033,0.2320265630225243,0.26175635745993137
0.3238153045218498,0.19125138538929978,0.22752194538701698,0.2574113647018334
0.31640708705550474,0.19237568314036352,0.23535536408983035,0.2558618657143015
0.3357158768604812,0.18092261205400717,0.2133639367395438,0.26999757434596783
0.32060783064326287,0.199729233502343,0.2269408669209344,0.2527220689334598
0.3101556266430387,0.19000054764038476,0.24905457737665818,0.25078924833991845
0.31550322671563563,0.18416411756323137,0.23620679139781797,0.26412586432331503
0.3174369444735732,0.1879951863996174,0.22825476504105752,0.26631310408575193
0.31204179838102875,0.19282735809864504,0.24540201073097478,0.24972883278935146
0.32934003295558273,0.18244283021222726,0.2244282464754587,0.26378889035673125
0.314457217526893,0.20057943594673952,0.2384322217633708,0.24653112476299655
0.3100783084335939,0.1865332623828672,0.2628139757070975,0.24057445347644135
0.3223003869035958,0.1823929704416323,0.23654501267834505,0.2587616299764269
0.32435603318917533,0.18868915092167116,0.22980348924037328,0.25715132664878027
0.314994505419908,0.19041010672480643,0.24424513687912408,0.2503502509761614
0.3429113199803692,0.17665870002161305,0.21412406186433353,0.2663059181336843
0.32065534115164046,0.20489675848244715,0.22488831128656955,0.24955958907934286
0.3118992364077476,0.18880221456720228,0.2499531758716689,0.2493453731533812
0.32085542563257546,0.1842553917353123,0.23970490260907965,0.2551842800230327
0.32314095574454565,0.1884200411643967,0.23452644073516898,0.2539125623558886
0.3099328178797209,0.19397559350704452,0.25255343995779056,0.243538148655444
0.3338088849036157,0.17741998842217135,0.22063902295443893,0.2681321037197741
0.3265768561829525,0.19800200252202493,0.2244378520934836,0.25098328920153895
0.31730471641869573,0.19077894856367728,0.25043475034836526,0.2414815846692617
0.3255780770386336,0.18421421454333012,0.22483703428279408,0.26537067413524207
0.32752729853943197,0.1900940963826817,0.22793664747167622,0.25444195760620997
0.3167560080820376,0.19545621590102893,0.2346790805234339,0.25310869549349957
0.3377539313282392,0.18191750700372877,0.20670644997322174,0.2736221116948104
0.3150734313530204,0.2032715523422424,0.23263957011249622,0.24901544619224092
0.31314982263226154,0.1856567667015767,0.25136030716317986,0.24983310350298202
0.31630234536219676,0.18602619598500372,0.23964979570089814,0.2580216629519014
0.31426268036355687,0.18888396171489702,0.22809533162856982,0.26875802629297624
0.3157639211024105,0.1901282041016537,0.23509778348109303,0.25901009131484265
0.334220899212763,0.1841808170919436,0.21946016920478753,0.26213811449050584
0.3178346415979317,0.20206613862851794,0.23595131833053964,0.2441479014430108
0.3099718272282512,0.18909333933603922,0.25727775872175324,0.24365707471395634
0.3179826534876707,0.18473376153605386,0.2391672853229335,0.25811629965334204
0.32430104678429844,0.18628288366920312,0.23158884839072819,0.2578272211557702
0.3186292472620724,0.18991861023990037,0.23202848992024275,0.25942365257778444
0.34226238707031176,0.17987103523605427,0.20565992840909214,0.2722066492845418
0.3224650974582844,0.20456559424102597,0.2222186698966994,0.2507506384039902
0.308506656664117,0.19143482519391317,0.25180417775634545,0.24825434038562436
0.3099261225516447,0.18534369721820676,0.24831517499308708,0.2564150052370614
0.32090460405965193,0.1847652893778118,0.23102997455228422,0.2633001320102521
0.31420729307499057,0.19524990630664515,0.24004833295368316,0.25049446766468114
0.33129447204999674,0.18318612947058585,0.22389667723250006,0.2616227212469172
0.32348621509134134,0.19752730458927897,0.22913759936760975,0.24984888095177002
0.31244822285054674,0.19047422135068556,0.2594773961876062,0.2376001596111613
0.3196117655945763,0.18253859065918943,0.23598819220775621,0.261861451538478
0.3298375034859603,0.18511569676668957,0.21572033140382527,0.2693264683435249
0.3192120997508107,0.1953496099180101,0.23098384208786213,0.25445444824331703
0.3394436187773908,0.18167227056983754,0.21067204562085534,0.26821206503191625
0.3167140949180422,0.2045047343365324,0.23098689338840925,0.24779427735701612
0.3048344457354908,0.18977892469731045,0.2588952968300864,0.24649133273711238
0.3165234574885973,0.1827186040913014,0.2431508220931675,0.2576071163269336
0.3226046055622508,0.18883724790310127,0.22178675349044497,0.26677139304420294
0.31567199604940926,0.19518531819734897,0.23790402084845655,0.25123866490478525
0.34079874960582063,0.18003997089566087,0.21213917850995223,0.2670221009885662
0.32031860206663343,0.20429733447147447,0.22603830920742074,0.24934575425447147
0.3055431726250699,0.1902477686478683,0.261525629675081,0.2426834290519808
0.3248855526862383,0.17744503424572428,0.22164316682990087,0.27602624623813654
0.32614190784483,0.1907221406209291,0.2114115600302143,0.27172439150402655
0.3080234299962228,0.19802438785784318,0.2476848748913674,0.24626730725456675
0.33899868545854817,0.17569654602496454,0.21064456897063547,0.2746601995458518
0.30690388323460877,0.21052227929090173,0.238979949770311,0.24359388770417856
0.30044181374175866,0.1853089559928632,0.26866791296784187,0.2455813172975363
0.32044845151516704,0.17802201630041736,0.2363903568621907,0.2651391753222249
0.32245370044985716,0.19063391756987932,0.2296603469277207,0.25725203505254285
0.3103027451382555,0.19401328964463105,0.25026144598500444,0.24542251923210903
0.3424982137305078,0.1750839396712065,0.21309141756037409,0.26932642903791143
0.3163546968206438,0.2075682701384752,0.23509214368826273,0.24098488935261822
0.3131396378353853,0.18480416862533677,0.2559939050723253,0.2460622884669526
0.32839226102214564,0.1819714065903623,0.22263009025785727,0.2670062421296347
0.32769651552818235,0.19160893853581157,0.2241273874256464,0.25656715851035966
0.3141828112801416,0.19495833118240466,0.24246812062322057,0.24839073691423325
0.34294520231164505,0.17797759805308877,0.20203266076324997,0.27704453887201613
0.31179102531382863,0.20877302113172008,0.23083594595193685,0.24860000760251452
0.3089524016779227,0.18396987621728236,0.2612529454404536,0.2458247766643415
0.322422486262268,0.18196430552811116,0.2286360598509838,0.266977148358637
0.31676033459836456,0.19254285604567975,0.22763761293817322,0.2630591964177825
0.30841194626438984,0.19269730974245042,0.25049340575540097,0.2483973382377588
0.33834860752854395,0.17677199465089527,0.2143350386943199,0.2705443591262408
0.3106862754209319,0.2073007414380577,0.24522930371938043,0.23678367942162998
0.30857983004049466,0.18319185476899283,0.2623361199360931,0.2458921952544194
0.3272699182326569,0.18083240003052564,0.22734408973585185,0.2645535920009657
0.32514813114924845,0.1937817820752795,0.2304473616372626,0.2506227251382094
0.3191918017584171,0.19136434015956444,0.2298856658632167,0.2595581922188017
0.34219906860122146,0.18135805779832567,0.21123038640437775,0.2652124871960751
0.31379665565350645,0.20537405345723372,0.23824738142055335,0.2425819094687065
0.31147898706446714,0.18388130170204267,0.2549184454499099,0.24972126578358025
0.3176867978586333,0.18237319853695555,0.23186640179442974,0.2680736018099813
0.3215372741016041,0.18775462785824265,0.22122884738394014,0.26947925065621303
0.31927652299836556,0.19359577295137453,0.24113623092421502,0.24599147312604483
0.329311366732489,0.18595260918490314,0.22259673223030205,0.26213929185230567
0.3128106094012042,0.19820760319020106,0.2526194149095243,0.23636237249907052
0.3093659534876708,0.18614468430256506,0.2609938765065365,0.2434954857032276
0.32763642240293606,0.18142558977752832,0.2240183756826685,0.26691961213686716
0.3231110476516101,0.19206531014142367,0.23333238233476478,0.25149125987220156
0.3311424469860526,0.1854909312660363,0.22212126140535934,0.26124536034255175
0.34364908041051423,0.1875620986448337,0.20503718237706464,0.2637516385675872
0.307358507207095,0.20808330290061447,0.23805012866758649,0.24650806122470398
0.31317802527167066,0.18110391216033364,0.24757829327740183,0.25813976929059396
0.3195468555357925,0.1864053309041186,0.2359531875513524,0.25809462600873656
0.3189559738434329,0.1902712514310632,0.23212573464195754,0.2586470400835464
0.31703107685894744,0.191592434600351,0.23600128952653515,0.2553751990141665
0.32998496814983513,0.18604791392087994,0.2233794306802273,0.26058768724905773
0.31567447790587655,0.19723567041889545,0.2496419922862317,0.23744785938899635
0.31416704827654734,0.18536918817216858,0.2503465950695152,0.2501171684817688
0.3283466417001042,0.18299361118531168,0.2198072415674442,0.26885250554713996
0.3243680306987109,0.1927205819802363,0.2289560116822473,0.2539553756388055
0.3252571876163375,0.18849624429993125,0.22683852511471064,0.25940804296902076
0.33892018442904476,0.1869903047359552,0.20510762905345073,0.2689818817815493
0.30903200088531685,0.20509699430289965,0.23497987114977614,0.2508911336620074
0.30599445752938315,0.18375196693307502,0.26515873400244777,0.24509484153509406
0.3225028499733921,0.1816287361008279,0.2337124091976713,0.26215600472810874
0.3145882207368027,0.19581859367169036,0.21986616349575894,0.269727022095748
0.3112646026618212,0.19054823688501804,0.25301755462894854,0.2451696058242122
0.3451107115455461,0.17753218486673056,0.2121539883219418,0.2652031152657816
0.31717702365336536,0.20727205567673535,0.2353197225536648,0.24023119811623456
0.30137741214861596,0.189437449675833,0.2671113554326229,0.2420737827429281
0.34476628081913024,0.17112384640318892,0.20257166969624843,0.2815382030814325
0.33195450199032184,0.2020036792572821,0.21144921350548976,0.25459260524690636
0.32178482999454433,0.1937156505157342,0.22178058757059863,0.26271893191912293
0.35787682041899005,0.17578358433603222,0.16842155938582326,0.2979180358591545
0.30989115192280897,0.2169413955928313,0.2348177173747062,0.2383497351096536
0.29143396582057324,0.185239947910307,0.2662543938463404,0.2570716924227794
0.31928973176045083,0.16375748744619062,0.21843362763466795,0.2985191531586905
0.3127495250396231,0.1894643583453273,0.21269259880846716,0.2850935178065826
0.3004281402538807,0.19165039830699007,0.23852467846755737,0.26939678297157194
0.31973968457565205,0.18167653539242035,0.23347523785138272,0.26510854218054486
0.29737907685860626,0.20468237603659484,0.2536840325815899,0.24425451452320895
0.2912693665154097,0.18549328507746163,0.28259056918774716,0.24064677921938146
0.30963376501493944,0.1754154703138064,0.2573070203011095,0.2576437443701446
0.31872379987269156,0.18223597374041783,0.24548818097625694,0.25355204541063364
0.31778694324789747,0.18169391400865953,0.2601466799595084,0.24037246278393465
0.3530633123535747,0.17343072394524003,0.19158582544384262,0.28192013825734263
0.31903824051641083,0.20837043722570078,0.23586488523237534,0.23672643702551305
0.3059797776759995,0.18364089526620733,0.2736591102162234,0.23672021684156988
0.33164545720701566,0.1746473499794554,0.22135930090732336,0.2723478919062056
0.31546523116580055,0.195943942770749,0.2423660943625595,0.24622473170089104
0.3199656687610576,0.18325689682068538,0.24297258512109568,0.25380484929716135
0.342369537150139,0.18213624015539748,0.20942680082289863,0.2660674218715649
0.3030872684325947,0.2080361526503371,0.26071344296329735,0.2281631359537708
0.31989435479738226,0.17424496341405044,0.25600454871247197,0.24985613307609517
0.3302286027347957,0.18746314402451128,0.21905221152778967,0.26325604171290345
0.31731621709231195,0.19492468066316743,0.2430631580785359,0.24469594416598478
0.3285680233763908,0.18075380472199573,0.2312546489551348,0.2594235229464786
0.3455573266526434,0.18475018795005688,0.2014220774068138,0.26827040799048585
0.3073398491469764,0.2080206739763107,0.2477194228943084,0.23692005398240454
0.3139536347939194,0.17815651347129208,0.24546916610143668,0.2624206856333519
0.32563662345536465,0.18558235851356544,0.22885491932555316,0.25992609870551686
0.31823892894534744,0.19531450609032652,0.23140685380139195,0.2550397111629341
0.32024665683049275,0.19044189702509273,0.23126674336367428,0.25804470278074026
0.3302303809775667,0.18775242847775186,0.22996867918092428,0.2520485113637572
0.3124582116971494,0.19944882150480903,0.24873071684801096,0.23936224995003064
0.31413839633552587,0.18281647665621764,0.25313107661826195,0.24991405038999442
0.3238940059490578,0.18117180899770954,0.22756149561734632,0.2673726894358864
0.3346782667204884,0.1855258459814532,0.21479668367939567,0.26499920361866275
0.3282794301467082,0.1951103535651292,0.2161610214876898,0.26044919480047285
0.33646499812176056,0.18960999416604973,0.20361143814995222,0.27031356956223745
0.30681187999168136,0.20533826334361768,0.24532641734913216,0.24252343931556883
0.3003013535306406,0.18476895845743632,0.2707246275269932,0.24420506048492988
0.3157023428801429,0.17928345710807267,0.2427453761027417,0.26226882390904277
0.31919831460510717,0.19076831832097438,0.21481364852233117,0.27521971855158717
0.322517328319716,0.19160767552367325,0.22988491966114175,0.25599007649546895
0.33648378298886666,0.18610370727123302,0.2244538701950733,0.2529586395448271
0.31490953865850735,0.20034620478232415,0.24388995197818966,0.2408543045809788
0.30433153507976,0.18885349918056166,0.2607033106961823,0.24611165504349602
0.32703071880434315,0.17689202007055504,0.21996586576378302,0.27611139536131885
0.3284510431124138,0.19017736002405577,0.2198000137666988,0.2615715830968317
0.3225224309315961,0.19154103801624592,0.23280618637073114,0.25313034468142687
0.34361185457386706,0.18245342855232632,0.19533459932191077,0.2786001175518959
0.30464566399550874,0.2113795773488842,0.24661687915617794,0.23735787949942921
0.2984483143311823,0.18318192708942832,0.26261814571042436,0.255751612868965
0.3221827626079593,0.17784922199046693,0.23202281353629078,0.2679452018652831
0.32046543514255177,0.19389365285447235,0.2220350101412367,0.26360590186173916
0.31783936456538003,0.1929084888523621,0.2366005419453557,0.25265160463690217
0.3296736121250451,0.18434267708319116,0.2330701442652705,0.2529135665264933
0.31044625915889396,0.20084126472264693,0.2455057875550176,0.24320668856344152
0.3130744753429399,0.18343299235024343,0.2504328452372979,0.2530596870695188
0.32588052321702354,0.18177956333770867,0.22536523019146593,0.2669746832538017
0.333943030965891,0.1869715804017733,0.21993081029810263,0.2591545783342331
0.318114195110154,0.19635347689567326,0.23414194784659884,0.25139038014757387
0.33486215752947057,0.18230881046173472,0.21063179922871902,0.27219723278007574
0.30876018367295455,0.2037408803099089,0.2392770857042193,0.24822185031291727
0.3050319507460135,0.18371721686172715,0.26015927587950066,0.25109155651275855
0.31949365892209314,0.18072469479101624,0.23930375619250227,0.2604778900943883
0.3220787953316319,0.19128371076187692,0.21949328266851775,0.26714421123797355
0.3133350229707573,0.19525736611784328,0.2438575025669099,0.24755010834448948
0.32922662165079564,0.1816046019389807,0.23570242769598435,0.25346634871423934
0.31820668510616507,0.1965602612826126,0.23900529103601256,0.24622776257520973
0.3113877017355487,0.18832224423686944,0.2535132365683531,0.24677681745922883
0.33183341168137886,0.17952101782073715,0.21800456183515105,0.27064100866273294
0.33219949895032524,0.19128831667140175,0.2175476511927316,0.2589645331855415
0.3193918671064773,0.19412514356060245,0.23620798252774136,0.25027500680517883
0.341439637747453,0.1803678049860554,0.1974780027511867,0.28071455451530475
0.3089499136575952,0.20704591437562636,0.23544348899774162,0.24856068296903683
0.2998083299908541,0.185047654471247,0.2671817941785666,0.2479622213593324
0.32227867244039465,0.17661385384406753,0.23033106176754856,0.2707764119479893
0.31394374894691807,0.19667728578870625,0.22360588738151888,0.2657730778828568
0.307862635439747,0.19078208508214967,0.25429109001914,0.24706418945896333
0.3351392866604712,0.1782140970219644,0.228164138619405,0.25848247769815935
0.3104996533428978,0.20438914309421333,0.24672521424550867,0.23838598931738023
0.3071640487028358,0.1844164414408806,0.2662112792444192,0.24220823061186442
0.338708242571365,0.17597549955595052,0.21266034015270363,0.27265591771998093
0.32871011576184345,0.196181632338407,0.22527740994633358,0.24983084195341587
0.31825116637495693,0.1887204692850307,0.24457964125802442,0.248448723081988
0.3551641974638038,0.17426606315452123,0.17971657367450863,0.29085316570716635
0.3127388623991052,0.21459939866563962,0.22919434463447436,0.24346739430078082
0.300466766025153,0.18577127460052267,0.2597199809093929,0.25404197846493143
0.3251545447892483,0.17687009456142538,0.22593068317673393,0.2720446774725924
0.3103430219865068,0.1990634617098205,0.23520095844409056,0.25539255785958215
0.3025746319765876,0.1895753937238148,0.25947509351157005,0.2483748807880275
0.3320456213924314,0.17603380695819368,0.23125086514705218,0.2606697065023228
0.3141502843273572,0.2055566552141309,0.2364972670925509,0.24379579336596105
0.31457390546385694,0.18584192419712592,0.25501282275603554,0.24457134758298177
0.33240386209680145,0.18162420586616138,0.22465112523930916,0.261320806797728
0.3314903739438007,0.19091747948450458,0.22695836137336478,0.25063378519833
0.3135329252148676,0.19176786358170744,0.2463260391346513,0.24837317206877368
0.3456064379323534,0.17223147079640277,0.1937110374566082,0.2884510538146356
0.32166119164466356,0.203984589656848,0.21663196711380858,0.2577222515846798
0.3060932600225605,0.191128549261388,0.2553061955491031,0.24747199516694843
0.3187251170223494,0.18225067167856623,0.2329242448563675,0.266099966442717
0.3138892847219411,0.1967900959704047,0.2308110601427936,0.2585095591648606
0.3027188420947784,0.19669521754584926,0.2546904773928676,0.2458954629665048
0.32324077336713775,0.17725489130862024,0.2462570159522912,0.2532473193719509
0.3165169045099824,0.19232844289680884,0.2525654201257767,0.23858923246743208
0.32227630905719923,0.18407357798527607,0.23821501514851492,0.25543509780900964
0.33343432603571893,0.18580415709545853,0.20876988601933058,0.2719916308494919
0.3301238334467559,0.19093295047445075,0.22484756182232185,0.25409565425647157
