0.2927623754904889,0.23284918681119024,0.22658572478174419,0.2478027129165767
0.2920914500308957,0.2326006987946344,0.22479925351702607,0.2505085976574437
0.2926212312905254,0.2338802127554551,0.22314839367111952,0.2503501622828999
0.2950851447826,0.23442756092035918,0.226384446919546,0.2441028473774949
0.29403647233046515,0.23117275031671586,0.22700941242293549,0.24778136492988356
0.29183437536951506,0.23310568166805612,0.2271690681065645,0.24789087485586447
0.29135987645234285,0.23409006956914416,0.22672615951261346,0.24782389446589947
0.2909576835800591,0.2318280497499132,0.22184931592913706,0.2553649507408906
0.29432206802884925,0.23609974141934403,0.225020656761093,0.24455753379071377
0.295318526134119,0.23206411139745892,0.2284872791582077,0.2441300833102143
0.29208901312483904,0.23082482130852738,0.22817094688167525,0.2489152186849583
0.2894082331349351,0.234993484447447,0.22785827235771422,0.24774001005990373
0.2908029450957157,0.2330722890350632,0.22620395949818195,0.2499208063710392
0.2899009401058,0.23223579361335434,0.22383266769041882,0.25403059859042704
0.29253310046300535,0.23482277316480182,0.2243359157508032,0.24830821062138958
0.2940596196740771,0.2330049131774752,0.22658343015291296,0.24635203699553462
0.2927083043942491,0.2312194798809866,0.22558705556081451,0.2504851601639498
0.2913270800385598,0.23420730341535095,0.22332036745709788,0.25114524908899144
0.294691186849145,0.2343254917043402,0.2223574610191862,0.24862586042732868
0.295587650206513,0.2321621647268287,0.22092451421710044,0.25132567084955787
0.29824074029345976,0.23370307217411465,0.22610543702218724,0.24195075051023845
0.2961067432371258,0.23141271641112,0.22948098063871117,0.242999559713043
0.2926645853327189,0.23105322495677724,0.22780022645940753,0.24848196325109626
0.29015710393346517,0.23543380105492076,0.22864508687980756,0.24576400813180646
0.2908431302798522,0.23194124135759495,0.22547273101913914,0.2517428973434136
0.2896963961621471,0.23332482671301724,0.22323045516074072,0.2537483219640951
0.2938859904508608,0.2353386930006185,0.22535635831566933,0.24541895823285143
0.2940965152244684,0.23169907155901495,0.22801332632250912,0.2461910868940075
0.2911268694165609,0.23134430900119485,0.22588150480140504,0.2516473167808391
0.2908138134496249,0.23563953997767245,0.22571805634743913,0.24782859022526346
0.2937184767432036,0.23390527174775552,0.22975808540945966,0.24261816609958126
0.28982240688403976,0.2295013524200026,0.2261023915837677,0.2545738491121899
0.28945884398491545,0.23605993573739012,0.22749410412581977,0.2469871161518747
0.29129605506936995,0.23343303649319164,0.22886802643751525,0.24640288199992316
0.2899409654461373,0.23023008110946883,0.22814341011918374,0.25168554332521015
0.28737203995544486,0.23497814296555788,0.22979742135304773,0.24785239572594955
0.28867879071972186,0.23161662689239162,0.2269959601052551,0.2527086222826316
0.2876510777328263,0.23252078491776787,0.2263566212376778,0.2534715161117281
0.28969644448269694,0.23361746271985506,0.2263388567045332,0.25034723609291476
0.29061917921087027,0.23217331495633822,0.22663307056736287,0.2505744352654286
0.2906452880939977,0.23295013293193167,0.22829240779527968,0.24811217117879084
0.28950500140941937,0.23256228502970447,0.22750835571773825,0.250424357843138
0.2890585255764027,0.2326904132381125,0.2247796958774325,0.25347136530805237
0.2901433916193788,0.23376361576094848,0.2202986613579074,0.25579433126176543
0.2968815307077534,0.2360955150265575,0.22602024227101936,0.24100271199466972
0.29568018375396865,0.23102711864155265,0.2327710592056082,0.2405216383988705
0.290058430055969,0.2302980909534916,0.23101184916191958,0.24863162982861975
0.285419203428908,0.23595326510389916,0.22978095880991345,0.24884657265727933
0.2878572609397255,0.23181858262658211,0.22562359418550218,0.25470056224819015
0.28769262598366885,0.2320165913642319,0.22361886816373505,0.25667191448836424
0.2920138171587761,0.2345521508278785,0.2240916255555421,0.24934240645780317
0.29382414792593775,0.23267202520500585,0.2275967677578383,0.24590705911121796
0.2919954699139176,0.23096355271158175,0.2273338485389756,0.24970712883552504
0.28954357385789564,0.23411753386484643,0.2252208969849372,0.2511179952923207
0.29257517889842033,0.23474309011316324,0.22587937083162096,0.2468023601567955
0.29220082011903975,0.23140928597197113,0.2247543138699421,0.2516355800390471
0.29285064844110764,0.23411675087080167,0.22750878588166687,0.24552381480642374
0.29247203616392187,0.23389208439803275,0.23207811474609555,0.24155776469194978
0.2895224147071174,0.23039716177511915,0.23020998671735765,0.24987043680040583
0.2851424181400233,0.23421232511309809,0.2287724978631914,0.25187275888368715
0.2870718188129496,0.23264194110381262,0.22431618503639725,0.25597005504684056
0.28950286740501163,0.23259689185617038,0.22193273393049237,0.25596750680832564
0.2943277021293618,0.23474823951439502,0.2257731620493016,0.2451508963069415
0.2941374629482254,0.23135194192734684,0.22939076816108883,0.24511982696333895
0.2905794555382342,0.23157307840384364,0.2286385216514307,0.24920894440649158
0.2882048734527459,0.2346151829963157,0.22615743264677368,0.25102251090416466
0.2912932361357165,0.2341459905957097,0.22662820823652507,0.24793256503204886
0.29022933237754006,0.2308549404697684,0.22367476996191998,0.25524095719077167
0.2928765393113038,0.2356134445656221,0.22814561188174792,0.24336440424132624
0.2925085881680036,0.2326244137203769,0.23230961003177597,0.24255738807984348
0.2878249610738486,0.22919216731415706,0.2266757044113583,0.256307167200636
0.28576349158568165,0.23712846503152876,0.2246486338587117,0.25245940952407797
0.2926753927806807,0.23312369924503612,0.22161871021948917,0.25258219775479396
0.29364324158724353,0.23155966250330653,0.22050832742467347,0.25428876848477644
0.2977200052238444,0.23506214146329768,0.2264313603620729,0.24078649295078508
0.295858464144327,0.23074708709841743,0.2290675612606164,0.2443268874966393
0.29158318807987577,0.2307081946775854,0.22464853657012532,0.2530600806724134
0.291624521337318,0.23705631107002656,0.2247692766058179,0.24654989098683758
0.2952651195720812,0.2325439353682526,0.22572391830628563,0.24646702675338056
0.2921824512973155,0.23095915319167848,0.2236668416186801,0.2531915538923259
0.29443785773549497,0.2359046866967685,0.22778734571889125,0.2418701098488452
0.2935806529190017,0.23188018412829692,0.22976599175669468,0.24477317119600664
0.29001431106283543,0.23095457840243247,0.22726388527313196,0.25176722526160006
0.28824845030916507,0.23600317748747715,0.22664584666697132,0.24910252553638648
0.29188044403170704,0.23278845861184014,0.2260291860029973,0.24930191135345572
0.290127835566486,0.23157449154634843,0.22468684093424668,0.25361083195291895
0.29224772975869057,0.2348842660542819,0.22617928238756604,0.24668872179946158
0.29240285806441013,0.2324655705657501,0.2265565744930851,0.2485749968767547
0.29159236498410535,0.2317820208925747,0.2245396399225875,0.2520859742007324
0.29205084469016424,0.2355693693643601,0.2264519355307789,0.24592785041469684
0.2932705671621726,0.23148656442436683,0.2247738603672498,0.25046900804621086
0.2912120846902714,0.23273867686091063,0.22035662546818974,0.2556926129806284
0.2975918643788898,0.2371825082408115,0.22664902520411337,0.23857660217618537
0.29600258165865345,0.22979514343765647,0.22990118352735944,0.24430109137633063
0.2909467053693296,0.23075290724946068,0.22806358969799032,0.2502367976832195
0.2887674425513861,0.23690193040466961,0.22878149127646039,0.24554913576748377
0.29097877106415243,0.23094234351745077,0.22502562074353533,0.2530532646748615
0.28938419225070616,0.23367004385552198,0.2254451480588607,0.2515006158349112
0.29226913813379657,0.2340239501229778,0.22562237766675777,0.24808453407646788
0.29291529613696815,0.23334366228440237,0.23079682850572583,0.2429442130729037
0.28928733953863084,0.2300393139912349,0.22684786640774562,0.25382548006238875
0.2874741743055882,0.23522651786865717,0.22346057646126236,0.25383873136449236
0.2929506662199672,0.2351239368250267,0.22202680512722311,0.2498985918277831
0.29533046998194123,0.23137051323885377,0.2219623929252403,0.2513366238539647
0.296720225737266,0.2346825497370227,0.2318921306566926,0.23670509386901864
0.2930597638349674,0.2300053709623165,0.23147229363784322,0.24546257156487292
0.28780753058961106,0.23317394278104944,0.23035548767406785,0.24866303895527164
0.28634775545048946,0.2347752218293607,0.22853092264333746,0.25034610007681235
0.2879876002511706,0.23061398635519434,0.22443848964936017,0.25695992374427495
0.28909326368493155,0.23461189976438496,0.22661836018877302,0.24967647636191034
0.29186753986064684,0.23227169356393781,0.22863975287642252,0.2472210136989928
0.28915195506276037,0.2309677273552772,0.2280439672932573,0.25183635028870516
0.28757178121307336,0.23366558788908293,0.22464909941351677,0.254113531484327
0.29136485264528356,0.23520422412304293,0.22535295161698707,0.2480779716146864
0.29289488787397705,0.23150510736241137,0.22709724173780216,0.24850276302580937
0.2902257452577389,0.23162951530790257,0.22480047710730375,0.25334426232705476
0.29242094403277213,0.2364998609403454,0.2293238742350229,0.2417553207918595
0.2922207355170314,0.23125169451096272,0.23128509911629594,0.2452424708557099
0.28766573992389594,0.23144971095337227,0.23070890501121152,0.2501756441115202
0.28476190755735103,0.2342245416061984,0.22802449110008333,0.25298905973636726
0.28753780424601805,0.23204476193067267,0.2245818956118356,0.25583553821147365
0.28964586892465993,0.23306581713749822,0.22587363026581847,0.2514146836720234
0.2913796075031257,0.23204413954004188,0.22692511903183024,0.24965113392500224
0.2904162767287933,0.23255422561065187,0.22780054667451907,0.24922895098603579
0.28964656758582835,0.2327528288776273,0.22578677369574154,0.25181382984080286
0.2909406658600943,0.23445787631981851,0.2273254190902195,0.24727603872986775
0.2909252367482693,0.23165019436227885,0.226186279394676,0.2512382894947759
0.28944177071139937,0.2324772367010414,0.22121518771778456,0.25686580486977467
0.29568536232498666,0.23862789680718413,0.23143497754651984,0.23425176332130937
0.29427716429275796,0.2292073961858106,0.23561416616613096,0.24090127335530048
0.2835039200109852,0.22939649717190239,0.2276439631470991,0.2594556196700134
0.283951712450834,0.2403280814158339,0.22799931293760398,0.24772089319572813
0.29115282204975335,0.22867972728270308,0.2258475856120145,0.25431986505552906
0.2869963358963031,0.2293602989148517,0.2244646415830485,0.25917872360579675
0.29060068502326125,0.2374797693169886,0.22566780590834273,0.24625173975140738
0.293549865855953,0.23100723486504807,0.2262623166952897,0.2491805825837093
0.29063286098147806,0.2307080279178507,0.22382343139270403,0.25483567970796717
0.2912964319926521,0.23604474461282732,0.21833103857486064,0.25432778481966
0.29941691942908394,0.23469344801063433,0.21145092750841957,0.2544387050518623
0.30690098599257554,0.23294086447736026,0.20820224457681927,0.25195590495324477
0.31288075354501327,0.22678877673861572,0.21705221880102918,0.24327825091534178
0.30892106368564815,0.22060250146900526,0.23003300381407144,0.24044343103127508
0.3016895844216218,0.21924705889204427,0.22240830967206707,0.2566550470142669
0.29844774607984603,0.23274089388111732,0.2212750781418713,0.24753628189716534
0.3013915985945138,0.2328073136108283,0.22210052603495367,0.24370056175970425
0.2999729414403949,0.22812194893666565,0.2196213417308686,0.2522837678920709
0.300985378012374,0.23243353054017293,0.22662975315351205,0.23995133829394108
0.297855255739927,0.22939527258880393,0.22580338309193546,0.24694608857933364
0.2954300274991532,0.23092137409368027,0.22247649239316705,0.2511721060139994
0.2959887700011737,0.23575335934680888,0.2248363330721897,0.24342153757982776
0.29673585267624497,0.23002063148313368,0.2208216077830239,0.2524219080575973
0.2966106185167454,0.2335903803635628,0.2201474950648436,0.2496515060548481
0.3003279572273592,0.2341291901753901,0.2267637067616986,0.2387791458355521
0.2973266512539237,0.22884736577748924,0.2284274892434188,0.24539849372516823
0.29281717045227235,0.23195213185694347,0.22774902608109987,0.24748167160968426
0.291711234894024,0.23553153118969133,0.2293567417773906,0.24340049213889392
0.29075202266773176,0.23050783317558018,0.22443560992473363,0.2543045342319544
0.29029379919315895,0.2351395056281081,0.22412633034541712,0.25044036483331583
0.2943308341000411,0.23506026595118545,0.22859211290798243,0.24201678704079102
0.29179707214801853,0.2288850624842228,0.225572777343488,0.25374508802427065
0.28987975861596815,0.2351297036861387,0.22457476631101783,0.25041577138687543
0.2930974819000615,0.23476155781580352,0.22316503140314334,0.24897592888099146
0.29528303861148214,0.23193938008971493,0.22481344742297663,0.2479641338758264
0.29338443456927615,0.23259562769833517,0.22493662840947448,0.2490833093229142
0.2950488400068419,0.23439026211746977,0.2296831841380548,0.24087771373763353
0.29268450427229165,0.23267802673615817,0.2345132669011008,0.2401242020904494
0.2869258684040562,0.22998154041378466,0.22864458767967333,0.2544480035024858
0.2839313034275016,0.2360744794694038,0.22558875436132467,0.25440546274177
0.2902059658107581,0.2329524646203739,0.22150683363219523,0.2553347359366728
0.29339033475565945,0.23252719014074524,0.2230096934389811,0.2510727816646143
0.29497788321150986,0.23298157884237797,0.22589952028861537,0.2461410176574968
0.2941540583195776,0.23225667699303204,0.22777724772321842,0.24581201696417201
0.292179563543229,0.23273702507857458,0.22809555812037813,0.24698785325781825
0.29030643562925906,0.23310730473296357,0.22548385402197926,0.2511024056157981
0.29104697293564064,0.2337918886297008,0.22202475819320203,0.2531363802414565
0.294277663051649,0.23421343725524787,0.21942324852913797,0.25208565116396525
0.2990900535184812,0.23516591271458784,0.22962017182760613,0.23612386193932489
0.29597649400925,0.23066174967717784,0.23744770236976553,0.23591405394380668
0.2858799986256597,0.22908629364575436,0.22738851209393277,0.25764519563465316
0.28409578290800636,0.23938811815067715,0.22391002935904658,0.25260606958226994
0.2931227347173811,0.23278098464713826,0.22044110263855768,0.253655177996923
0.29491194425369655,0.23124838651491733,0.22290249191452585,0.2509371773168603
0.29589236801661833,0.23418317732677635,0.22914519594295743,0.24077925871364783
0.29314476911421566,0.23006548096128532,0.22590431514865522,0.2508854347758439
0.2912508163972197,0.23425109394316482,0.22414070485189394,0.2503573848077215
0.2932827930898339,0.23469652960347623,0.22157569778412273,0.2504449795225673
0.2968590279142241,0.23286730748567236,0.222922854040524,0.24735081055957958
0.2957309672836173,0.23196548013719254,0.2228585455835997,0.24944500699559055
0.2977969048850181,0.2334920915158802,0.2289110437313616,0.23979995986774014
0.29428188236531677,0.23181642570633484,0.232646323480484,0.2412553684478644
0.28876286632077014,0.2303127830409695,0.2254367329783876,0.2554876176598728
0.2882431844499629,0.23774115833843523,0.22353025835877047,0.2504853988528314
0.2946628765803209,0.2331426443129807,0.22236747558744333,0.24982700351925502
0.29458850213640186,0.23174636335542723,0.2247879315177704,0.24887720299040048
0.29437056077115364,0.23291429470636918,0.2252656764494257,0.24744946807305154
0.2938994707886189,0.23306187226846872,0.224310611268928,0.24872804567398446
0.29445074713444336,0.23301285242749806,0.22313170684821704,0.2494046935898416
0.29522005034737964,0.23348541119559033,0.22310534049042557,0.24818919796660452
0.2964195752002514,0.23272432225011813,0.2242004814700959,0.24665562107953454
0.295171587766381,0.23175252049491074,0.22170308237422082,0.25137280936448736
0.2977954734489002,0.23459734947841762,0.22767424255275764,0.23993293451992434
0.2956471076414867,0.2317908444012467,0.23312696632507532,0.23943508163219127
0.28942733348606725,0.22957367065825754,0.22669140930887574,0.2543075865467994
0.2873981449696514,0.23755141928885692,0.2247746470326217,0.2502757887088701
0.29328210034796226,0.23345992052037737,0.22320593721748938,0.2500520419141709
0.29329119730824904,0.23129512057611473,0.2235837896708272,0.2518298924448089
0.2942934409733919,0.23415946491328174,0.22549104264141673,0.24605605147190965
0.2940558826249764,0.2322572235261551,0.22421260114813465,0.24947429270073393
0.2939761992908798,0.2326360517662277,0.2215044980887693,0.2518832508541233
0.29628734042533805,0.23487596918773318,0.22235288858625993,0.24648380180066876
0.2976887365242989,0.2313232286463468,0.2213144862977081,0.2496735485316462
0.29745336902703534,0.23192574183852685,0.2184617694007551,0.2521591197336827
0.30165223688051196,0.23439655519682248,0.22765864578085704,0.23629256214180844
0.29842570670104923,0.22958482556435622,0.23455541238093186,0.23743405535366277
0.289858200684533,0.2288179628930237,0.22659338931113793,0.2547304471113055
0.2884417204317628,0.23903811947221615,0.22717764343121363,0.24534251666480733
0.29273274891027257,0.23169447665199366,0.2254764560525915,0.2500963183851423
0.2902147315119905,0.2307736836590907,0.22352669883792878,0.2554848859909901
0.2928169237723121,0.23673870059597601,0.2261063724081996,0.24433800322351223
0.2935414503422187,0.2304251465047693,0.22268144422009023,0.2533519589329218
0.2936371231018528,0.23336311210970026,0.2208168396588217,0.25218292512962515
0.297097840058743,0.23542535290049285,0.22189723862155158,0.24557956841921247
0.29891708309636955,0.2306405874663192,0.22342494348326578,0.24701738595404543
0.295957819163097,0.23102946588999554,0.2204242754900872,0.25258843945682036
0.29980188039354294,0.23443153132205402,0.22512554593751907,0.2406410423468838
0.29791314628714327,0.23143779796931085,0.231861712896072,0.23878734284747385
0.29264851295257016,0.22883340410860328,0.2275873962595236,0.25093068667930296
0.2893089675917257,0.2371444605028769,0.229940074745189,0.24360649716020835
0.29126036194480354,0.2322232313168386,0.2289216778424164,0.24759472889594153
0.2870413118232575,0.2303863085349483,0.22446435203419213,0.2581080276076021
0.2893028997579526,0.23645102196641682,0.22128107334089783,0.2529650049347327
0.2955424142317557,0.23384958019802582,0.21979064023738615,0.25081736533283244
0.29794997254386674,0.23133130604821947,0.22034012085792026,0.2503786005499935
0.29896610220475356,0.2328513662272977,0.2242432863707636,0.24393924519718507
0.298200358920905,0.23056671459521863,0.22533655185044466,0.2458963746334317
0.29536723700763995,0.23119345873422148,0.22228199453804756,0.2511573097200911
0.297483993782237,0.23522854088429368,0.22831011124086317,0.2389773540926063
0.29563152543030635,0.2312510059326879,0.23258510694478943,0.24053236169221626
0.2896094176544253,0.23055231258377373,0.2292216582030013,0.2506166115587996
0.2856864458640488,0.23562105323639665,0.22411416579810883,0.2545783351014457
0.2921585182658933,0.23496009078282828,0.22156167759394843,0.25131971335732994
0.2948668883925574,0.23267314912071207,0.22497368523025052,0.2474862772564801
0.2946457946552564,0.23167686088159017,0.2279476653634357,0.24572967909971766
0.29066734475755385,0.23194979870715762,0.22269561879069508,0.2546872377445935
0.2943073589928901,0.23585457743841723,0.22048963271360864,0.2493484308550841
