0.3304147529412995,0.2163826013626133,0.2388646693336563,0.2143379763624309
0.33089414376128273,0.21430623319358008,0.24065139630502103,0.2141482267401161
0.33097690544989705,0.21442893517050832,0.24084425316216473,0.21374990621743004
0.3308090239183237,0.21476758494172474,0.24041181503238754,0.2140115761075639
0.3305105028818495,0.21510221126493245,0.2399946333207116,0.2143926525325064
0.33139623032225374,0.21367180615778145,0.24162729695874338,0.21330466656122152
0.3318768002531267,0.2133969027967436,0.24204899665438667,0.212677300295743
0.33031286548079286,0.215882483826649,0.23915943723016406,0.21464521346239404
0.3306058333837638,0.21468925880515377,0.2403407244899593,0.2143641833211232
0.3302047456462228,0.2154592648868317,0.23964735421539324,0.21468863525155218
0.3303668726112421,0.21506039269094612,0.240028156868379,0.21454457782943287
0.33257965228937514,0.21189472794346836,0.24370799512331182,0.2118176246438446
0.3305101600394683,0.21596641852312443,0.23922662184208082,0.21429679959532646
0.32994730203421035,0.2157362784751274,0.23908229123992633,0.2152341282507359
0.3297754632401318,0.21575195269071673,0.23923550669363322,0.21523707737551823
0.3300158532513042,0.21539412542646125,0.23967806094996788,0.2149119603722666
0.3298452118441448,0.21576422292063527,0.23927793019666715,0.21511263503855277
0.3317289687926465,0.21292155292238873,0.24249431374062502,0.2128551645443397
0.3307718655274669,0.2152043291947316,0.24006558210226397,0.21395822317553745
0.33051067055211053,0.21507621731568452,0.2399402955951154,0.21447281653708963
0.3308982303964608,0.21438230354128623,0.24081888622969094,0.21390057983256192
0.3322321405155353,0.21264588040789928,0.24287048790788013,0.21225149116868533
0.3318577789794233,0.2138090866437021,0.24160908249425195,0.21272405188262253
0.33343961953210216,0.21125271724875935,0.24438018122224023,0.2109274819968983
0.3304518665335947,0.21636029023784276,0.23872663448252904,0.21446120874603353
0.33038818483636606,0.2150161188357382,0.23983585674277494,0.21475983958512082
0.32988153158597505,0.21579466306505754,0.23924288698933674,0.21508091835963059
0.32980387904165676,0.2157422070745763,0.2392479270148047,0.21520598686896225
0.3302626212414363,0.21504378099249952,0.24007484534627682,0.21461875241978748
0.3320810902175392,0.21260627678536378,0.2429163172615866,0.2123963157355103
0.33014431781785814,0.2162751714300731,0.23883324934793257,0.2147472614041361
0.3300957975901604,0.21536742974753473,0.23951834266501928,0.2150184299972857
0.330788305904714,0.21436556629729975,0.24086737496697203,0.21397875283101422
0.33076732105100043,0.21476976671813877,0.24046367706094005,0.2139992351699208
0.32835626067024754,0.21823608369379954,0.23642842345766463,0.21697923217828818
0.3310767871754707,0.21313994368524244,0.24204948834922924,0.21373378079005775
0.3291611518531059,0.21729018097682287,0.23778192265661569,0.21576674451345568
0.32915985918247065,0.216351265387025,0.2383921342171933,0.21609674121331093
0.3288795801974338,0.21675868241939097,0.23812565289674062,0.2162360844864346
0.32884456532391143,0.21672969938980755,0.23813288686114711,0.2162928484251339
0.329074070084183,0.21638325250707288,0.2385424551200417,0.21600022228870241
0.3300982626680682,0.21500287374311444,0.2401450238430156,0.21475383974580184
0.32964436640915984,0.2161339156901177,0.23891983469155442,0.21530188320916802
0.3299949907837092,0.21537049573407868,0.2396528598133124,0.21498165366889985
0.32911286192856865,0.21681387125281196,0.2380887872969661,0.21598447952165334
0.32985025452471484,0.21533208839059612,0.2396690698043036,0.2151485872803854
0.3307651242487841,0.21436136273437922,0.2409325046672362,0.21394100834960034
0.3334386491738026,0.21085629338954698,0.24496115181638692,0.2107439056202635
0.32953822619031997,0.21777149848793048,0.23720455523366846,0.21548572008808103
0.3287206904999304,0.21702748154142112,0.23743742969340623,0.21681439826524235
0.3282496236200098,0.21741841943910223,0.23732484343038218,0.2170071135105058
0.3289234953872708,0.21634240306088678,0.23857246791719172,0.2161616336346508
0.3293479651776554,0.21605463072827863,0.2389825965840879,0.215614807509978
0.3316274554764675,0.21290058732055,0.24256583527806555,0.21290612192491695
0.33052229566938934,0.21555447863626334,0.23969190666437187,0.21423131902997553
0.3299696645508645,0.2157569691819785,0.23914253484589015,0.21513083142126677
0.33003520093244976,0.21539851561261078,0.239630249108395,0.21493603434654432
0.33128672539568327,0.21365246386380043,0.24169091059705872,0.21336990014345752
0.32993637977185947,0.216214813712867,0.23885435552027354,0.21499445099500017
0.331499039707433,0.2132533702356019,0.24199866445944074,0.21324892559752429
0.3294884588404653,0.21693927813660507,0.2380667438745488,0.21550551914838081
0.32825983319526253,0.21776371252480178,0.2367837776414646,0.21719267663847114
0.32816174110685076,0.21737087436125208,0.2373225532894959,0.21714483124240117
0.32913840768136043,0.21599644985401553,0.23899733549737714,0.2158678069672468
0.33037334856166656,0.21467052285880883,0.24059299750557425,0.2143631310739503
0.33213826155279813,0.21262290999323802,0.24295072069878806,0.2122881077551758
0.3299244554860646,0.21662315022626136,0.2384206881662028,0.2150317061214713
0.32955301043075874,0.21604791939407128,0.23871479651598962,0.21568427365918047
0.329443374128646,0.2160818629387658,0.2388780555483119,0.21559670738427633
0.33066326165854715,0.214318187027426,0.24091277695153085,0.214105774362496
0.3293028424269677,0.2168728097910742,0.23809861846415914,0.2157257293177988
0.33207238071513157,0.21214834596437707,0.2432689624368192,0.2125103108836721
0.3286984946987997,0.21838918622175235,0.2365258455031825,0.2163864735762654
0.32829847409019053,0.21733226978203837,0.23713973645154754,0.2172295196762236
0.32984324287751643,0.21495547625103353,0.2401687851505836,0.21503249572086647
0.33127901997414944,0.21367065377765834,0.2418045262185611,0.21324580002963117
0.33140497019364185,0.2140994345516596,0.2412692871931721,0.21322630806152643
0.3335806535684845,0.21087541221322667,0.24485307193610148,0.21069086228218736
0.33002573145051906,0.21707844596324063,0.23795788772045676,0.21493793486578364
0.3305227407571948,0.2146228329721381,0.24022747914687992,0.2146269471237873
0.3313621416460681,0.2137036551669429,0.24168979878885888,0.21324440439813017
0.33140417000626493,0.21410093041752817,0.24124290892942685,0.21325199064677997
0.3301880462374187,0.21584218968422997,0.23915998002459604,0.21480978405375525
0.3325117600937198,0.21185485669816279,0.24362934134635506,0.2120040418617624
0.32927728690116326,0.21771574630916365,0.23725838836103086,0.2157485784286422
0.3296327072862357,0.21563422543697447,0.23909757760973177,0.21563548966705806
0.3297023571434043,0.21575600311865126,0.23932058081644236,0.21522105892150212
0.33050079879982225,0.21468772187541985,0.24050132221517082,0.21431015710958704
0.3294951592152536,0.21650362727061487,0.23847711174445038,0.21552410176968115
0.331634229463874,0.21288065149868432,0.24246252404125923,0.2130225949961825
0.32977978994992185,0.21660964925015386,0.23849133030237976,0.21511923049754464
0.3307413303884398,0.21429065467653655,0.24075980907741684,0.21420820585760672
0.33096635943150027,0.21442540991539713,0.24088438925807776,0.2137238413950249
0.33057313345663925,0.2151186632703473,0.24001320820190014,0.2142949950711134
0.33093117054209814,0.21437770014692586,0.24080125512052045,0.21388987419045558
0.3339342040968599,0.21014269843418776,0.24574400742988778,0.21017909003906454
0.32942230992762084,0.2181609110284203,0.23680554443822363,0.21561123460573536
0.3301292903366769,0.21491165636215,0.23979968560193013,0.215159367699243
0.3295683956725428,0.21615082767921281,0.23891426344835104,0.2153665131998933
0.32974210017312994,0.2157187799557336,0.23926731201330426,0.21527180785783215
0.3300101258878019,0.21539552960594333,0.23969065660178934,0.21490368790446543
0.33105147368580784,0.21400451285495534,0.24129309399291535,0.21365091946632148
0.33011540466302614,0.21584442221708774,0.23925406741392813,0.21478610570595813
0.32842110835187177,0.21782816804734006,0.23680647019318912,0.21694425340759904
0.33036784110674616,0.21422277811574464,0.24087758768056183,0.21453179309694745
0.33163185686047814,0.21336126961587448,0.2421991497493657,0.21280772377428178
0.33173665942866143,0.21376341917179856,0.24164181514568175,0.21285810625385831
0.3324440039735715,0.21268238899330688,0.24277434804942147,0.2120992589837
0.328286038326809,0.21905246320870755,0.23558077574827124,0.21708072271621218
0.3291094002705239,0.21590931391862506,0.23871571770299688,0.21626556810785427
0.3281416350479827,0.2178255162937355,0.23701259421267498,0.21702025444560685
0.32915152383041063,0.21596800779698422,0.23893798776537456,0.2159424806072305
0.3301187770342514,0.21502631544273307,0.24018887468832995,0.21466603283468563
0.32990071686116623,0.21578121102348377,0.23931323088863735,0.21500484122671273
0.32862069789354853,0.21748317462854555,0.23725902847826794,0.21663709899963793
0.3297113332403406,0.21529492816897927,0.23967752690215605,0.215316211688524
0.33097566910188503,0.21400926085030836,0.24137416474692633,0.21364090530088026
0.33011760267376544,0.21584097039070863,0.2392731212797783,0.2147683056557476
0.3298616637220179,0.21574047021547899,0.23918893756629,0.2152089284962132
0.33146891473839446,0.21328093171088294,0.24208354099112162,0.21316661255960093
0.3285484403904814,0.2183219245217906,0.23649356379666536,0.21663607129106263
0.32825311215123676,0.21733681118805454,0.23718114913070212,0.21722892753000647
0.3279268276576138,0.21774060435541093,0.23699213077842246,0.21734043720855287
0.32933321415433514,0.21562337352139313,0.23939708741706298,0.2156463249072086
0.329942390228001,0.2153948253602883,0.23979988861289317,0.21486289579881757
0.33009542774454237,0.2154095165272113,0.23969884006021405,0.21479621566803234
0.3296265049596783,0.2161131859085278,0.2388586586988267,0.21540165043296716
0.32973593679461305,0.21572396531415325,0.2392570230313708,0.21528307485986292
0.3304894787203715,0.21469238768286183,0.24049576366573253,0.21432236993103426
0.3294927618846358,0.21650326839068895,0.23847898270427498,0.2155249870204003
0.33042580167154534,0.21464832363799008,0.2404350009928563,0.2144908736976081
0.33308442694954177,0.21120164943926595,0.24457898361125097,0.2111349399999414
0.3273208951147109,0.22084227601786013,0.23372797883964647,0.21810885002778244
0.3269623064219641,0.21856783860056037,0.23550686107119326,0.2189629939062822
0.329727963503377,0.21453321292954,0.24068337529828554,0.21505544826879738
0.3286425961557878,0.21754563795440904,0.23748760036261915,0.216324165527184
0.3288099005694607,0.21668052981619956,0.23807380626691715,0.21643576334742254
0.33169934602483836,0.21251397352219226,0.2429973383295987,0.2127893421233707
0.3298330466056147,0.21662554056726402,0.2385357124438704,0.2150057003832509
0.3302801619963794,0.21499274014107098,0.23994054243659355,0.21478655542595618
0.3318077415013729,0.2129697658009448,0.24250659461088056,0.2127158980868018
0.33467548826597593,0.20949574748591065,0.24658949324869245,0.20923927099942105
0.3368767898565433,0.20751374136777734,0.24896092929879157,0.2066485394768878
0.3386358516139417,0.20580536514613681,0.2508511307653021,0.20470765247461936
0.33465581065218597,0.2124239843871227,0.2432162951246836,0.2097039098360078
0.33210192253267967,0.21420031518649008,0.2406806474771016,0.2130171148037287
0.3341044881698725,0.21017450761732934,0.24548851803080887,0.21023248618198928
0.33375044193370673,0.2118163452416704,0.24399925655327892,0.210433956271344
0.33294797748331134,0.21279576488991556,0.2426104110864334,0.2116458465403398
0.3343970724634071,0.21024092769168579,0.2455165726948303,0.20984542715007673
0.3309194800890751,0.21607137771635992,0.23906032181119893,0.21394882038336605
0.3324274662649992,0.21220496524591206,0.2430181791701447,0.21234938931894387
0.3323323931094356,0.21313208928177366,0.24243548259094344,0.21210003501784744
0.33187547687205315,0.21378357335315037,0.24151430467268814,0.2128266451021084
0.3331774234345179,0.21161544678350708,0.24396532518296743,0.21124180459900768
0.3337698578462142,0.21137574496810327,0.24440741578611905,0.21044698139956347
0.33053968643746784,0.2163535081723562,0.23863672395986288,0.21447008143031293
0.3308688810722957,0.21431618605052008,0.24061991736459978,0.21419501551258455
0.3302447981978872,0.21548470964678232,0.23964010787662562,0.21463038427870484
0.3294158354318934,0.2164595613491944,0.23841503560641844,0.21570956761249366
0.3311159600861898,0.2135937817632721,0.24167054152186326,0.2136197166286748
0.331335478042607,0.2141072329093372,0.2413127933229924,0.21324449572506327
0.32899118212871614,0.21758190792981494,0.2371900330625859,0.21623687687888313
0.3312322289317953,0.21317882103676783,0.24200382804051704,0.21358512199091978
0.3311098238883412,0.21448605164193427,0.2409413743261475,0.21346275014357696
0.33182887503776215,0.2133476607100227,0.2419964455092796,0.2128270187429357
0.33076687639038604,0.2151849384260317,0.23997688772256112,0.2140712974610212
0.3319393236459339,0.21295948900721134,0.2423709129620824,0.2127302743847725
0.328637126223358,0.21834573801591572,0.23643333569064132,0.216583800070085
0.32754678866629505,0.2183720358151897,0.23597630617253873,0.21810486934597653
0.32893312279439524,0.2159446613250368,0.2389789435577101,0.2161432723228578
0.3305635295815365,0.2143202450486112,0.24105016863257459,0.21406605673727772
0.331476691573261,0.21370577229466717,0.2417399255702807,0.21307761056179114
0.33167747579434637,0.21374673991030924,0.24162290322974894,0.21295288106559543
0.3307340254182439,0.2151613588113085,0.23995273234706957,0.21415188342337807
0.3302337801867654,0.21543344176392656,0.23954959764881117,0.2147831804004969
0.32986790983101355,0.21576708129877056,0.23921956892754728,0.21514543994266858
0.3309969838542869,0.21398603942941088,0.2412674522990023,0.21374952441729989
0.3322697661503154,0.2126660750975131,0.24290862273502806,0.2121555360171434
0.3335730025034211,0.2113114599893486,0.2444606984626602,0.21065483904456997
0.3288278587105273,0.2187876811456665,0.23592695628576657,0.2164575038580395
0.3270832890941516,0.21903708472774713,0.2350847108796613,0.21879491529844006
0.330230914178301,0.21380419660739713,0.24139571217314554,0.2145691770411563
0.33115149643513936,0.2140873271515173,0.2414840892709186,0.21327708714242483
0.3318734715220924,0.21336493572921747,0.24205060505771359,0.21271098769097668
0.33199630378351835,0.21341540903591066,0.24198765926045349,0.21260062792011739
0.32960638675689563,0.216932289264833,0.23793311071260534,0.2155282132656661
0.33138116930585676,0.21321756749754225,0.24196163117628258,0.2134396320203185
0.33137772399461235,0.21413240150378018,0.24130562869385938,0.2131842458077481
0.33285922846708077,0.21194501779851924,0.24362184330303327,0.21157391043136664
0.33151842061682363,0.21455971185268152,0.24076109999761042,0.21316076753288435
0.3330968743838862,0.21157085391544417,0.24393207311364545,0.2114001985870243
0.3291579111225233,0.2180840938489299,0.23677372795178914,0.21598426707675766
0.32909874172145087,0.2163141828284423,0.23826837463945716,0.21631870081064963
0.33076187508769417,0.2139590290360287,0.24135199126583703,0.2139271046104402
0.33175273597903215,0.21337399131494514,0.2421531646665222,0.21272010803950067
0.3312695249357733,0.21447267369821504,0.24080133438185683,0.21345646698415474
0.33158786381257743,0.21370895652127506,0.24155104155917453,0.21315213810697306
0.33117939218546105,0.21446038518333893,0.2407819272509372,0.21357829538026293
0.3318070220611019,0.21335488452973822,0.24197918574511623,0.21285890766404358
0.33196831778245856,0.2134173576471872,0.24200237190568089,0.21261195266467336
0.3322560405170301,0.2130584638116969,0.2423650146401269,0.21232048103114623
0.3315932258788967,0.21414454678591308,0.24113391831650685,0.2131283090186833
0.33335510206132846,0.21123628500403996,0.24438759328323645,0.2110210196513951
0.32971537407385954,0.2174075947315083,0.23755682775260875,0.21532020344202338
0.32876035481625265,0.21704956102480977,0.23745090329454047,0.216739180864397
0.33042400792642446,0.2142714497869694,0.24091253823019018,0.21439200405641584
0.33117410452159346,0.2140656604429568,0.24136885865960714,0.21339137637584274
0.33088556320906687,0.21478470917464093,0.24042518142176666,0.21390454619452548
0.3319800598515347,0.2129803398235757,0.24240489943622565,0.21263470088866376
0.33081175611989816,0.2152050266568293,0.23999815467228394,0.2139850625509885
0.33195530125313555,0.21295786399242284,0.24235859532517567,0.21272823942926603
0.33272885622089615,0.2123725216561099,0.2432513538799155,0.21164726824307842
0.3324626857112539,0.21311606363181,0.24235109988273495,0.21207015077420124
0.3330933333459913,0.21200947457405475,0.24352312262373887,0.211374069456215
0.3347093243816755,0.20991858525591073,0.24601912810169005,0.2093529622607238
0.3300600846376644,0.21748572743807917,0.23745206416710984,0.21500212375714645
0.3288174335032852,0.21705000556993384,0.23735988550802323,0.21677267541875778
0.330900293936115,0.2135682617019617,0.24170752783598237,0.21382391652594096
0.32985311468959205,0.21621659194131856,0.23895366624733652,0.2149766271217528
0.33005453597518886,0.215365448937551,0.23959572555590905,0.21498428953135104
0.3320042255437742,0.21259144579441583,0.24291195818790262,0.21249237047390748
0.3301265970203218,0.21627558039513775,0.23885255731834434,0.21474526526619594
0.3325146462921296,0.21182843776096713,0.24358161731186928,0.21207529863503397
0.33287795968256334,0.21243469015966188,0.24329379361745707,0.2113935565403177
0.332752064761322,0.2127557852851899,0.242717775620989,0.21177437433249913
0.3319451949324589,0.21381077166842935,0.24147113931054012,0.21277289408857153
0.3344033193348356,0.20982121572257711,0.24600928242582312,0.20976618251676418
0.330704136356683,0.21644247999302357,0.23872437290724877,0.2141290107430446
0.3297266867361046,0.21606343031114308,0.2385665676734819,0.21564331527927047
0.3301713342795791,0.21503551809832264,0.2400345853513811,0.21475856227071718
0.32916283790891515,0.21683273208147247,0.23809970942159744,0.21590472058801485
0.328426525232723,0.21742181141779193,0.23726617597305763,0.21688548737642752
0.3315973330094988,0.21247278558156107,0.24297281613157004,0.21295706527737018
0.33221201418212254,0.21310206642938903,0.24259385385549845,0.21209206553298984
0.33308997087884934,0.21200080575192914,0.24358970371498195,0.21131951965423956
0.3332607713931632,0.21207072732777513,0.2435483326715955,0.21112016860746627
0.33208479961888915,0.21384854710842965,0.24146012417046903,0.2126065291022122
0.33176261838913257,0.21375033829331322,0.2414570753618178,0.2130299679557364
0.33313931821854825,0.21161825315545066,0.24399425883999795,0.21124816978600303
0.32966374312464003,0.2173848175663776,0.23754900325723313,0.21540243605174933
0.3287454194306867,0.21705100679330733,0.23746521960785827,0.21673835416814766
0.32922102316281304,0.21602518132798137,0.23890641543688776,0.21584738007231782
0.33182594972758944,0.21254801335587728,0.2430054119791916,0.2126206249373416
0.33130738402880944,0.2145161468535925,0.24090891681818233,0.21326755229941566
0.3311396581160461,0.21441017903432832,0.24073015728335234,0.21372000556627307
0.32985175035072833,0.21617803003798589,0.2387693874285868,0.2152008321826991
0.33315862666450663,0.21076253055476354,0.2448907007541762,0.21118814202655364
