0.2847419393865076,0.24066444661955758,0.24661859213660414,0.2279750218573307
0.28686233865487765,0.24115633735251465,0.24051502554369245,0.2314662984489153
0.288562991122892,0.239706098105113,0.24082448503732118,0.2309064257346738
0.2887906062702857,0.23978420502087763,0.24182319933184263,0.229601989376994
0.28615618693162753,0.23972785901841884,0.2441368264419288,0.229979127608025
0.2865062250620972,0.24081675725850923,0.23906392957153838,0.2336130881078551
0.2914476050901115,0.23986763070268,0.2364621030452157,0.23222266116199272
0.2880458119480009,0.2382859896594494,0.2463481223268293,0.22732007606572052
0.28829949113138664,0.24131693663693046,0.24103760607174318,0.22934596615993977
0.28789279197247913,0.23959077147925154,0.24423720999345716,0.22827922655481225
0.2831852806308843,0.2400816654381391,0.24524367075277362,0.2314893831782031
0.2914200819898539,0.24191741860662117,0.23112169031298527,0.23554080909053962
0.2905370041632312,0.23704878538284455,0.24583653932034621,0.22657767113357805
0.2879454881417888,0.24094503227489916,0.24457586704848427,0.2265336125348278
0.2873563729318419,0.24046627112530933,0.24484227671190156,0.22733507923094723
0.28825221650630506,0.24065862274666847,0.24327019460211358,0.2278189661449129
0.2840784045607039,0.23965248491539864,0.2471126516805114,0.229156458843386
0.28914323754815174,0.2419638705460183,0.23503893016550456,0.23385396174032527
0.289425688678541,0.2381359080479876,0.24355272286093052,0.22888568041254082
0.2869718640339002,0.24030236121857895,0.24346608521424565,0.22925968953327525
0.28493380691178544,0.24029353440285733,0.24216337521528838,0.23260928347006896
0.2882683980347591,0.24074131471780832,0.23523675588773554,0.23575353135969698
0.28516312497823026,0.23839312368261814,0.24128741233748635,0.23515633900166527
0.293453899712905,0.24124059478064558,0.22901580455211148,0.23628970095433785
0.28956995713674777,0.23633628937457096,0.24799611935428442,0.2260976341343968
0.2882928463149015,0.2417488023250849,0.24189873279359825,0.22805961856641538
0.2883528916993074,0.2398442503763101,0.24475488005334617,0.22704797787103623
0.28690619199776146,0.24041188449644668,0.24519469709681363,0.22748722640897825
0.2839211994102209,0.24038662059710791,0.24458595052982032,0.23110622946285087
0.2915050353505384,0.24152113998587862,0.23328134950222218,0.23369247516136069
0.2892224934915393,0.23743364283560456,0.247226621645676,0.2261172420271803
0.2859280883969222,0.24113608392363212,0.24439743888907173,0.22853838879037394
0.287760871952181,0.2407484497119746,0.24043400314097627,0.2310566751948681
0.29360077124138456,0.2401940055815174,0.23900962369699252,0.22719559948010562
0.28268723290619524,0.2377623784568186,0.25652469421501883,0.2230256944219674
0.29026790120968843,0.24454524009062095,0.2337626792024643,0.23142417949722646
0.28928459058332906,0.23739123767995501,0.2498018332917796,0.22352233844493646
0.2879613941901959,0.24188732640493,0.24564486390708748,0.22450641549778674
0.28803241939801477,0.2406713430634743,0.2471013148401794,0.2241949226983315
0.2873222567740333,0.2409304680871561,0.2473644932320122,0.2243827819067984
0.2855430888163568,0.2407903355228948,0.2474197738790506,0.2262468017816978
0.2886002102909239,0.24144404555550827,0.24144338131676893,0.22851236283679885
0.2875906378703425,0.23947504324458949,0.24640263770702758,0.22653168117804037
0.2896058507965775,0.2412822957711151,0.24219417928931591,0.2269176741429915
0.2866675680614898,0.23948224208678429,0.24887389258212628,0.22497629726959967
0.28544426618028157,0.24144631869079078,0.24413485161971157,0.22897456350921602
0.28222892415650075,0.2402281044443864,0.24322167496452443,0.23432129643458835
0.29537998888653777,0.24181245809372026,0.22667381078808896,0.236133742231653
0.2915989012048733,0.23575235871817346,0.251173662538802,0.2214750775381512
0.28807689807356607,0.24234744192004345,0.247337841799239,0.22223781820715163
0.2863194906135751,0.2408309864063315,0.2497741234914996,0.22307539948859398
0.28664103023376614,0.2415969328377393,0.24617650336474384,0.22558553356375083
0.2830670844610684,0.24017568852613522,0.24808208265026785,0.22867514436252862
0.2894435166957509,0.24219000884387043,0.23466328442696024,0.2337031900334184
0.2901752335928562,0.23802957424555957,0.24421513456604554,0.22758005759553862
0.2876755623027672,0.24041797251605523,0.24501670908484938,0.22688975609632805
0.2851058380396414,0.24039192889239716,0.2450686442079669,0.22943358885999454
0.29047047060186004,0.2413176828498305,0.23681865431927818,0.23139319222903124
0.28544173113229,0.237938371150269,0.248760768845177,0.2278591288722641
0.29130605983919755,0.24253971238438748,0.23480465157888836,0.2313495761975267
0.29178421081891165,0.23817495275460152,0.24708680958638288,0.22295402684010396
0.28790866516683156,0.2410274124084772,0.2501306879345695,0.22093323449012162
0.28534839930431305,0.2414487586959507,0.2499112749161762,0.22329156708356
0.2848651089482594,0.24143418430866875,0.2461808529882492,0.22751985375482278
0.2839960027445076,0.24069044608474954,0.24313525073638145,0.2321783004343613
0.2923264794800577,0.24115281324478977,0.2331468857201468,0.23337382155500563
0.2899455648229987,0.23745214846281254,0.24785096939927037,0.22475131731491843
0.2876552571001974,0.24140837138698357,0.24527455759677544,0.22566181391604365
0.28525822548076857,0.2402918036667088,0.24696934525462463,0.22748062559789803
0.2904953781458461,0.24167907477644293,0.23845677701758056,0.2293687700601304
0.2828321727740836,0.23786692860452543,0.2521224976242834,0.22717840099710743
0.29371691033818065,0.24384341194951045,0.22989278217120565,0.23254689554110325
0.29049338969016514,0.2364428363255978,0.25288195663523716,0.22018181734899983
0.2836085556915359,0.24198911284705893,0.25090539722945365,0.22349693423195155
0.2841609378684867,0.24192623162019522,0.2431086473526092,0.23080418315870885
0.2875942432214776,0.24046990834878731,0.23856486993798556,0.23337097849174956
0.283730184643998,0.23901550129594112,0.24250310962076263,0.23475120443929814
0.2945108998560239,0.24166725997977972,0.22726753169317143,0.23655430847102488
0.28858373655652275,0.23556592417170397,0.25105675251053533,0.22479358676123798
0.28498272740431324,0.24232863966665522,0.24211578849952856,0.230572844429503
0.287729877744833,0.24032921167138405,0.23864129574998127,0.23329961483380163
0.2909313463059083,0.2395183079444979,0.23895865672750458,0.2305916890220893
0.2835328680907593,0.23847909541731788,0.24844531571297912,0.22954272077894383
0.2936111469619808,0.24295399575582696,0.22962461598990083,0.23381024129229136
0.28876482334500725,0.23614469376123673,0.2522910722602182,0.222799410633538
0.28672460137605,0.24257326044500926,0.24396278128744914,0.2267393568914917
0.2863149287832586,0.24011511962428247,0.2454577054723493,0.22811224612010966
0.2899398595013071,0.24113006545191853,0.24013528880311924,0.22879478624365518
0.2839144605986689,0.2385814635212573,0.25004444262488607,0.22745963325518775
0.2907684062109752,0.2428885861048731,0.23374495369532122,0.23259805398883046
0.2870703892640955,0.23719818027966397,0.24937101096644965,0.22636041948979072
0.28656844126171127,0.2420280566842357,0.24039716732461913,0.23100633472943385
0.2890238364650813,0.23975614560000355,0.24051002609317496,0.23070999184174018
0.2874600981757728,0.23946498344524175,0.24369872763926953,0.22937619073971596
0.28148910446525505,0.2401774466405546,0.24378907535901068,0.23454437353517965
0.2963059743706448,0.24222319217634397,0.22418528039535746,0.2372855530576538
0.28844992864585833,0.23448492313705896,0.25489715137809704,0.22216799683898555
0.2875766570409132,0.2435903432380636,0.2409783504073837,0.22785464931363963
0.28801194540745517,0.23945282546118093,0.24601794960494303,0.2265172795264209
0.2872126769840491,0.24077702510170992,0.24476911837935034,0.2272411795348907
0.2856463892104617,0.24033631949429005,0.24478725890536357,0.22923003238988465
0.28967379986460645,0.241081917509157,0.2383476500057922,0.23089663262044444
0.2923522941837138,0.23934089022500024,0.2431349323130367,0.22517188327824936
0.28386978382800376,0.23920132894736035,0.2537780104265592,0.2231508767980768
0.2839776761608491,0.2429507835500322,0.240659727814978,0.2324118124741407
0.2877828153161622,0.23996481460352512,0.23775650159693784,0.23449586848337484
0.2867639069617124,0.23908709669900696,0.24017605260985864,0.23397294372942204
0.29688354664585337,0.2408276360330861,0.23154887685593395,0.23073994046512655
0.28737235113871556,0.23641346435508304,0.25696367051526564,0.21925051399093567
0.288563377482136,0.24411815656417962,0.24268704047808873,0.22463142547559556
0.28617892061842154,0.23938816029344165,0.2518075096064245,0.22262540948171236
0.2851720708053981,0.2420174852187528,0.2457658564737196,0.22704458750212944
0.2883066540938511,0.24093371342811554,0.24186280178714356,0.22889683069088984
0.2911179390771938,0.24012014670953286,0.24313547829193874,0.22562643592133466
0.2857704386411784,0.23952988116513754,0.2513921856659712,0.22330749452771279
0.28442234785116527,0.24202814658901467,0.2441700926964171,0.22937941286340296
0.28966315948793625,0.2408661521632878,0.23833111611085553,0.23113957223792045
0.2891696471899625,0.2388788301910664,0.2451600209412021,0.22679150167776907
0.2843398793838176,0.24025760428581944,0.2467137141762675,0.22868880215409548
0.29369970376190574,0.24216846446576112,0.23373474122231166,0.23039709055002144
0.28985752308153584,0.2374499476168887,0.25256741696440727,0.22012511233716814
0.2878142418247224,0.24260736124101762,0.24798100129401512,0.22159739564024478
0.28472226460651784,0.24066169149401131,0.25169606941061,0.22291997448886078
0.28598371015947555,0.2421341795904329,0.24413592678129187,0.22774618346879966
0.28774640668308976,0.24032721370492657,0.24357890501708854,0.22834747459489507
0.2890534992631384,0.24038399743445443,0.24308714830907588,0.22747535499333119
0.2878617829449352,0.24001753766055514,0.24595576150074455,0.22616491789376508
0.2861303453931241,0.2406558372510139,0.24537602236614972,0.22783779498971238
0.2899028325475071,0.24112804515466715,0.2401172732913193,0.22885184900650637
0.2864544084355673,0.23891108456354063,0.24847942367813683,0.22615508332275527
0.281742458512547,0.2412552056477651,0.24400343265358018,0.2329989031861077
0.2998667159029393,0.24225214335726072,0.22529946473604162,0.23258167600375826
0.29073177751750495,0.23513650306874276,0.26054492416855957,0.21358679524519272
0.2800220796916158,0.2434301389728085,0.25570597710266896,0.2208418042329067
0.2891795027670611,0.24383194649987858,0.2380167546209843,0.22897179611207588
0.288643329056216,0.23837609258481474,0.2503011203321521,0.2226794580268172
0.2812560697508926,0.2409535701442928,0.25074825593430156,0.227042104170513
0.2907298223899257,0.2430963716938184,0.2323895276637977,0.23378427825245823
0.2883744819182867,0.23694301983477772,0.24884890560442746,0.22583359264250816
0.2839734346031028,0.24144713523120195,0.24410898553685856,0.23047044462883673
0.28133191680326425,0.2410314286638343,0.23861877744118606,0.2390178770917153
0.2804553807346355,0.24264936283912722,0.22618704321231445,0.25070821321392295
0.2787695109636499,0.24252064949315155,0.21875149035717734,0.25995834918602123
0.2923768642716507,0.2384572618290569,0.2141778662686964,0.2549880076305959
0.2953507300607986,0.23365998571816496,0.23537014033384157,0.2356191438871948
0.28389100588278426,0.23855971900851045,0.24356428304199146,0.23398499206671378
0.2863673559962377,0.24260759529249964,0.22757398386831257,0.24345106484295007
0.2902389664058912,0.23740085250224652,0.2334526870425605,0.2389074940493019
0.2850688839694122,0.23861728290303522,0.23822363374813219,0.23809019937942036
0.2942158921424825,0.24087346575023577,0.22607774035421027,0.23883290175307154
0.2864864516700036,0.23525065329847736,0.2494260593960304,0.22883683563548868
0.28640213632400774,0.24292674710854895,0.2339413333414381,0.23672978322600524
0.289426880611608,0.2384950861271443,0.2371696804748763,0.23490835278637154
0.28546384399974006,0.23896053225833983,0.24098466510559077,0.23459095863632926
0.2856331599313153,0.24106606729478874,0.23299745040466768,0.24030332236922838
0.2949572550613576,0.23903161703491602,0.22969059333342878,0.23632053457029747
0.2885760452935628,0.2364250175549354,0.24867231201579373,0.22632662513570817
0.288311603540764,0.24211812273037506,0.23965193273849317,0.2299183409903676
0.2902081326310093,0.23950504313752763,0.24307311792886493,0.22721370630259827
0.284462694844706,0.2394960524373852,0.24920652080639397,0.2268347319115147
0.2865378320896375,0.24215401395750868,0.23806573657946736,0.23324241737338655
0.29358144245962053,0.23960273016927577,0.23744219473064598,0.22937363264045776
0.2838772175918452,0.23762726058762215,0.2540556939988853,0.2244398278216473
0.28653243597272976,0.24361438167149368,0.23617134356767633,0.23368183878810025
0.28716240820621447,0.23839028141501867,0.2422320051958956,0.23221530518287126
0.2899437800258128,0.24062986154481641,0.23679875809663442,0.23262760033273636
0.286077234127325,0.23835492338184996,0.2451609689196034,0.23040687357122164
0.2944956521183352,0.24193030491551357,0.2328206697939893,0.2307533731721618
0.291697996628415,0.2375573164963707,0.2514830917311731,0.21926159514404117
0.2841122850000015,0.24158867659088082,0.2537554307960421,0.22054360761307545
0.28356318196900643,0.2423708555941977,0.24609069070493328,0.22797527173186258
0.2857974996176113,0.24088726205468658,0.24102942652173062,0.2322858118059716
0.28757856810713633,0.23995334533349555,0.23907466246062958,0.23339342409873853
0.2901361740050927,0.2396859680145661,0.2382650340996299,0.23191282388071133
0.2894722218041833,0.23911210875183936,0.24303018700712253,0.22838548243685478
0.2887129832929662,0.24029638620257818,0.24351409669368,0.22747653381077562
0.2855633442965187,0.23993837791231157,0.24622221770960728,0.22827606008156237
0.2847390675240494,0.2411069665500317,0.2406105546960334,0.23354341122988545
0.28486294213491575,0.24026840338113628,0.2368027360910292,0.23806591839291882
0.2981240914357626,0.2401774056522925,0.22763864721723062,0.23405985569471424
0.2935850560670257,0.23640168922166366,0.2525093640458112,0.21750389066549952
0.2800390986760584,0.24112086601094612,0.25855233274611944,0.22028770256687602
0.2842078589339808,0.24430170125749362,0.238300123425746,0.2331903163827795
0.2870254892842366,0.2389589663871573,0.2407091157182768,0.23330642861032927
0.2875885817777881,0.24004398609710875,0.2381804975309743,0.2341869345941289
0.2933014694673922,0.2398212576871653,0.23574606854965569,0.23113120429578687
0.284989718536918,0.2374927074721198,0.25157162084004087,0.2259459531509212
0.2865213123185468,0.2429761758212393,0.23667510961953858,0.23382740224067539
0.2853947115492983,0.23857350171939048,0.24190483170255897,0.23412695502875225
0.2900788028008749,0.24101960309151357,0.23244444399815634,0.23645715010945517
0.2855849143330637,0.23738865904281725,0.24397488660268288,0.2330515400214361
0.29546383178523605,0.24198885833236208,0.22871365431107263,0.23383365557132912
0.28966111032815817,0.23605662374171793,0.25297126581553253,0.2213110001145913
0.28326280978441915,0.24218708729101718,0.24803277189474363,0.22651733102982005
0.28520372647491804,0.24158674033660338,0.23982566313771086,0.23338387005076766
0.289121210759868,0.2398284870410892,0.2374068437673148,0.23364345843172804
0.2877396314741008,0.2388430264817358,0.24202185007843408,0.2313954919657293
0.2885629605203267,0.24042832715381426,0.2385552831927981,0.23245342913306097
0.28693132589312054,0.23912405547918442,0.24214124926379058,0.23180336936390455
0.287262454576894,0.24048193528163272,0.23802727580912955,0.23422833433234372
0.28746534844695665,0.23938214619215695,0.23860963474214655,0.2345428706187399
0.2893055421734729,0.23976873730563622,0.2366358606310443,0.2342898598898466
0.2846535440837633,0.2386409159404474,0.24251330695810994,0.23419223301767939
0.2948289517775686,0.2416233881899534,0.22817423167091122,0.2353734283615667
0.2917096889641687,0.2362693384993352,0.249774765428147,0.22224620710834905
0.2836011462104374,0.24122492926386432,0.2506233830136391,0.22455054151205905
0.28546109269950787,0.24221701127165327,0.2403534346885675,0.2319684613402714
0.288848391951189,0.23973518184445386,0.2395440876478825,0.23187233855647466
0.2859595429233567,0.2391523548773261,0.24362813720707857,0.2312599649922387
0.28988720308625415,0.24113620824346665,0.23540508444946678,0.23357150422081246
0.2863209777564867,0.23797060455490004,0.24527904588825153,0.2304293718003617
0.2854552912196163,0.24140906825260883,0.2371740713325852,0.23596156919518962
0.28839893338006867,0.23960010992901642,0.23486746306318534,0.2371334936277295
0.2869201520457299,0.2386964904145795,0.2383486931710121,0.23603466436867837
0.2838772436311016,0.24030264219264172,0.2351722540442313,0.24064786013202527
0.297207065720524,0.2401110726776793,0.2243414270708753,0.23834043453092127
0.2926123028524835,0.2353196048189285,0.2502325586021908,0.22183553372639736
0.2825639368485176,0.2412565305895754,0.2512765206798614,0.22490301188204564
0.28911491573320763,0.24291804525588648,0.23616131026493156,0.23180572874597435
0.288540187378977,0.23808166279080534,0.24687075326563163,0.22650739656458607
0.28343060579373436,0.2407121467993909,0.24583467895755662,0.2300225684493182
0.29121212147072395,0.24185975970983783,0.23314318876513393,0.2337849300543042
0.2841455270815978,0.23675591499117493,0.25027103111949134,0.22882752680773588
0.28531152785102154,0.2432017611396771,0.23293085169136138,0.23855585931793993
0.28859008411483617,0.23845236588522575,0.2354078590028509,0.2375496909970872
0.2898076200173469,0.23906645903449564,0.23599025661267473,0.23513566433548275
0.28313430116524324,0.23867144594689643,0.24208521894378884,0.23610903394407146
0.2941876039133427,0.2419555707252479,0.22437970688072972,0.23947711848067973
0.2920438091819546,0.23532022387916443,0.2474372837921616,0.22519868314671937
0.2863336939761681,0.2411804728881623,0.2463985618202462,0.22608727131542347
0.28980673234241994,0.241417947780741,0.24089158256465468,0.22788373731218434
0.29011162471267166,0.23961767551546687,0.24689014416500413,0.22338055560685732
0.2810285067700164,0.23983049149389943,0.2537110612253244,0.22542994051075974
0.2849164741012189,0.24360899705303207,0.23455250723613466,0.23692202160961442
0.2866650906270088,0.23844582619872617,0.23819152772869867,0.23669755544556648
0.28711251000991167,0.24006149487833028,0.23423389472837522,0.23859210038338283
0.2904402469874142,0.239063885289802,0.23355860590721103,0.23693726181557284
0.28922136065437104,0.23821235644148372,0.23990246781518285,0.23266381508896236
0.28491638735901686,0.23973391814684644,0.24072013712864573,0.234629557365491
0.294835996240152,0.24104613546459475,0.2294306096244484,0.23468725867080487
0.2915037759494068,0.23659723864920182,0.24967473337235585,0.22222425202903542
0.28618060339921625,0.2416041784259483,0.2488977693893506,0.22331744878548487
0.2820095019861861,0.2408780226454899,0.24808707830936538,0.22902539705895872
0.2880843688279215,0.24220231420426971,0.23416116820124078,0.23555214876656796
0.289248510045134,0.23800839249278213,0.24169129207586817,0.2310518053862157
0.2906816805463822,0.2403369746006089,0.2396902651369891,0.22929107971601992
0.2814992194275685,0.23836406240258332,0.25047403059326284,0.22966268757658545
