0.3196821096910105,0.23231118419108512,0.2308964485293667,0.2171102575885376
0.3080272435214925,0.23954203336230329,0.2279466850754675,0.22448403804073663
0.32028759318753974,0.2365199171514263,0.22025502265273142,0.2229374670083025
0.315458970139657,0.23795397633300702,0.22884255518211144,0.21774449834522439
0.31340903567732814,0.23547898717925864,0.23278975906443705,0.21832221807897617
0.31145644133809375,0.23888977425707325,0.2283350862495438,0.22131869815528923
0.29819995577905073,0.24426336462131676,0.22625282915296302,0.23128385044666944
0.325302132341139,0.23255918193842554,0.220387501215768,0.22175118450466752
0.3228008968116208,0.23866423653673488,0.2244507793503058,0.2140840873013386
0.3124734534831152,0.23742539813660693,0.23488590034489246,0.21521524803538533
0.31522776815798975,0.23557648348528504,0.23407852304518176,0.21511722531154334
0.3030518249944209,0.24553299093079756,0.22356890701482757,0.22784627705995397
0.3129515474436291,0.24012804282667818,0.22689458865276524,0.2200258210769274
0.31876968351775764,0.2377712395808882,0.22374571988232328,0.21971335701903094
0.323600744923777,0.23857451206785882,0.22356639039841117,0.21425835260995296
0.31157295059860884,0.2397614545713058,0.23037419930502298,0.21829139552506238
0.31213574366806146,0.23631560391695564,0.23104495787886067,0.22050369453612237
0.3065528975274652,0.2404520451434897,0.21965770600815218,0.23333735132089287
0.3123296397234903,0.23707335125616752,0.2225515758576239,0.2280454331627183
0.3220310705262897,0.23187762318692023,0.2223725682046687,0.2237187380821214
0.31952585149906515,0.23423716620348803,0.23018991205977954,0.21604707023766717
0.3012406603867536,0.23681227882923106,0.23528393848103177,0.22666312230298358
0.31490988652829804,0.23384981071107078,0.23102168154592692,0.22021862121470429
0.29775306902331977,0.24597100776206512,0.22514384892193773,0.2311320742926774
0.31421731791956276,0.23766625775456585,0.2272710903163855,0.22084533400948575
0.32109813687034744,0.23770255674156848,0.22101507515313432,0.22018423123494976
0.3239567967459497,0.23886439842154147,0.22501853362698546,0.21216027120552344
0.309561584356712,0.23861409719233384,0.23526752190112618,0.216556796549828
0.31577802225635293,0.23628762494259567,0.22888131897002598,0.21905303383102542
0.3172797926101153,0.24121485797680686,0.21937343168437462,0.22213191772870317
0.3117524340635139,0.24032961074868386,0.23569754391560824,0.21222041127219402
0.31656989411269426,0.23609068623198937,0.22969294788722697,0.21764647176808954
0.3220671026227168,0.24143021897892633,0.22361927281503213,0.2128834055833246
0.3094723996887723,0.24502160928106567,0.2289701771492388,0.21653581388092327
0.32986553610003627,0.23290722857312035,0.2342091253343818,0.20301810999246156
0.30447214030411396,0.2507171309404166,0.22737040916390916,0.21744031959156018
0.31978753874875904,0.24115866562545205,0.22672430187441672,0.21232949375137225
0.32060011955788353,0.24166910126145438,0.2258859558565001,0.21184482332416193
0.32207981117867873,0.24226214906731905,0.2255750240386315,0.21008301571537072
0.32248727645485425,0.2396322416586803,0.22812795433536448,0.20975252755110102
0.3187578086208246,0.240652438985901,0.23140526322246258,0.20918448917081167
0.30757026881129307,0.24454203897897497,0.22839768971096278,0.2194900024987692
0.3091319636406839,0.2423324975451151,0.22488502357469703,0.22365051523950388
0.3288435633393024,0.2359432684101337,0.21372762633890022,0.22148554191166378
0.3342644350496595,0.23522534749478866,0.22724578314391286,0.20326443431163907
0.3088159141451357,0.23727610303663862,0.244964063795856,0.20894391902236967
0.3124443846296672,0.23840869279263574,0.23597057515832257,0.21317634741937447
0.2941617479051959,0.2533555867940089,0.22188538785879464,0.2305972774420006
0.3188307353757298,0.24097207409310847,0.2243402946623744,0.21585689586878742
0.3242052084855826,0.2396049335245724,0.22213222878403152,0.2140576292058135
0.33099461854962314,0.23875516324074736,0.22317034148083528,0.20707987672879413
0.3156349278558059,0.24013832692689202,0.23281919808254917,0.21140754713475288
0.31345456140011124,0.23749358922926606,0.2336299539348289,0.21542189543579374
0.31071166605502903,0.24180443795009998,0.22069507573386385,0.226788820261007
0.31568379062924606,0.23996090732570988,0.22600316385657804,0.21835213818846608
0.3205185291471871,0.23552740632996413,0.2271007571020023,0.21685330742084644
0.32782610767743575,0.23602462419860482,0.22828608445475676,0.2078631836692027
0.30647220764188554,0.24422560197206836,0.2351384352525345,0.2141637551335116
0.31566345220749265,0.23845316637005998,0.23565382166119486,0.21022955976125246
0.3006392241304158,0.25107889089153845,0.224886630954572,0.22339525402347363
0.31585829822199685,0.24389449389323556,0.21985062535088953,0.22039658253387806
0.3333206066302126,0.23613420182671394,0.2193951275615741,0.2111500639814993
0.3294727518826096,0.2384006817074754,0.2280896910596448,0.2040368753502703
0.3130964177060652,0.23852489748413896,0.23744472048888546,0.21093396432091033
0.3097467819372534,0.2398790517379259,0.2325787803764555,0.2177953859483651
0.30981087482188924,0.24384809161431126,0.21954065127553293,0.2268003822882666
0.31478125801142753,0.24116581445764618,0.22844696392966282,0.2156059636012634
0.32534809525693287,0.23545827901323302,0.22350436259691212,0.21568926313292197
0.3309392124025624,0.2373455753359372,0.22792381721704696,0.2037913950444534
0.29681276033101184,0.24666163928049448,0.23948974485092023,0.21703585553757354
0.31816143235587124,0.23599612799398553,0.2308610412307919,0.2149813984193512
0.30278762111584706,0.2501368914224716,0.21464904674878868,0.2324264407128926
0.3217790120787885,0.23797087449539195,0.22114059540867437,0.21910951801714515
0.3317297247711633,0.23152529433983618,0.2238315615243783,0.21291341936462208
0.32028793663736727,0.23808673490045051,0.22944400806652818,0.21218132039565393
0.29687346250434127,0.23779897726557228,0.23697082991872506,0.22835673031136128
0.3146210793238748,0.23293043161288912,0.2269187024370044,0.22552978662623158
0.30550132829164617,0.24314789616946872,0.21688904113401675,0.23446173440486842
0.3162042018526769,0.23456979093183825,0.23203901588330106,0.21718699133218392
0.32021597549230885,0.23351066211621185,0.22627692247493447,0.2199964399165449
0.31859727016616335,0.23949591515327562,0.22651749592808676,0.21538931875247427
0.30330181974217546,0.24015411488226537,0.2349864746405823,0.22155759073497686
0.31933492414318715,0.2349813376539969,0.23154093870594103,0.21414279949687504
0.3051136645991151,0.24751344463118546,0.21944587697027323,0.22792701379942612
0.32069765382501725,0.23768808120825874,0.22883870425671524,0.21277556071000886
0.3190977993934058,0.2379134153343781,0.22611173167382118,0.21687705359839496
0.32095436425206897,0.2398739639217515,0.22639521545944424,0.21277645636673526
0.3060571458752777,0.24179094657701777,0.22859850074948448,0.2235534067982201
0.3257506742639866,0.2330850516431477,0.22732981263636487,0.21383446145650076
0.3048469918567166,0.24492119170025095,0.22456080631701333,0.22567101012601906
0.3081507639750114,0.2374656106595937,0.22972463336173896,0.22465899200365597
0.32558193855821516,0.23286700915401837,0.21703221494040087,0.2245188373473657
0.32229790023091887,0.23847998350810462,0.22630988134706229,0.2129122349139143
0.3060386353431358,0.23473065131024,0.2410677701241933,0.21816294322243088
0.31818950450979716,0.2345787568256206,0.23190212620645673,0.21532961245812546
0.2924588117999643,0.25103114048307135,0.22128453528763123,0.235225512429333
0.3260167469657815,0.23319456216114173,0.22773041524089013,0.2130582756321866
0.31659856949232706,0.24126298645136582,0.22549236735514427,0.21664607670116287
0.32922715945959474,0.23762577572465382,0.22366108535613466,0.20948597945961675
0.3084536296539746,0.24241595627214765,0.23801376406538466,0.21111665000849297
0.30658820797482433,0.24057694058721124,0.23049983257341058,0.2223350188645539
0.31339754221769706,0.2422722722909786,0.21695735959805074,0.2273728258932735
0.31649785385261564,0.24090588453829512,0.2189409476795894,0.22365531392949986
0.33841537279099193,0.2286063711522832,0.22616077146555683,0.20681748459116803
0.3144659784599686,0.23955785782788042,0.23768472534689733,0.20829143836525355
0.30363320713050024,0.23862209720238528,0.23779033750096307,0.21995435816615144
0.312792635035299,0.24117156427564543,0.22989284157131828,0.21614295911773726
0.29673575739527625,0.252841132237971,0.22257411222997547,0.22784899813677717
0.3346337830155698,0.23364202320014016,0.22415985317355672,0.20756434061073348
0.3237806897833132,0.24372160157379866,0.22494170281057113,0.2075560058323169
0.32081552722547385,0.24058373824011986,0.2332063731374092,0.20539436139699707
0.30907451372090766,0.2426020957489081,0.2327283462495193,0.2155950442806649
0.3197074100860337,0.2412117630995643,0.21977849715731204,0.21930232965709004
0.32190027062944665,0.24172641344440962,0.22261353020330543,0.21375978572283827
0.3153593659512355,0.23837875432878275,0.23463252748262733,0.21162935223735443
0.32527047800817943,0.23559135219344923,0.225013844733309,0.2141243250650623
0.3196982565376673,0.24253579883852786,0.22662661186500857,0.21113933275879634
0.3130190945768275,0.23961919548501706,0.23785986463924458,0.20950184529891083
0.313953385898382,0.24170476315625636,0.23486649984199054,0.2094753511033712
0.3014421536416587,0.2526369653927707,0.22130142463068805,0.2246194563348826
0.33019468799610496,0.2383811559382874,0.22131046257277076,0.2101136934928368
0.32466395637653384,0.2416738212904064,0.2266222658146594,0.20703995651840043
0.32443606425835964,0.23903662108401497,0.23052349531768512,0.20600381933994028
0.31210651252843824,0.2426988720774809,0.23068030916032065,0.2145143062337602
0.3201164109841792,0.23951402203989494,0.22421721317578688,0.21615235380013914
0.3151612146409499,0.24246948603087176,0.2277052534190005,0.21466404590917773
0.3043282575519711,0.24264977685811198,0.2301257179359157,0.22289624765400115
0.33863401652453956,0.23124199381290822,0.2164400709037543,0.21368391875879789
0.3278569643020871,0.24126554869633274,0.22907115898039146,0.20180632802118864
0.2957319297881621,0.24078438017533527,0.25454914933520373,0.20893454070129883
0.3200120177703841,0.23784994995413447,0.2271218073369352,0.2150162249385462
0.30457923773080714,0.2577797378978273,0.2132586756053182,0.22438234876604737
0.3217798351820644,0.2389214274262854,0.2316457044196033,0.20765303297204687
0.33316273174338923,0.23330407127092642,0.22910225359283878,0.2044309433928456
0.3177590735376511,0.24827630125437705,0.22003430653980457,0.21393031866816725
0.31197028283986933,0.23945047851563084,0.23194809917438813,0.21663113947011167
0.30972222746262235,0.23713298178363232,0.2297346526502454,0.22341013810349988
0.29089733600093104,0.24355874556150284,0.20802350748399226,0.25752041095357386
0.310692707746637,0.23068436044604065,0.2074437780280475,0.25117915377927474
0.31759905884668804,0.22728334096015926,0.21118753730138973,0.243930062891763
0.31482775454379636,0.2244832982823173,0.2262243802141107,0.2344645669597757
0.27207002370982725,0.2207456757210204,0.24708711632008482,0.2600971842490676
0.2756373341849349,0.21822108611586746,0.22668344268923987,0.2794581370099577
0.28820583109103215,0.22470098635277772,0.21208183700513464,0.27501134555105555
0.30115209427871265,0.22678266805762867,0.22520132789964967,0.24686390976400896
0.31971866421211087,0.22334978460156557,0.22828317554192765,0.22864837564439586
0.2968158590983465,0.23536716271355154,0.22911479240660615,0.2387021857814957
0.2935574914282235,0.23002670458246585,0.22969930369548214,0.24671650029382852
0.31411697479122064,0.2286953092810667,0.22499873045232224,0.23218898547539044
0.290256279525993,0.24049767805461716,0.2217472531554434,0.24749878926394633
0.3150444590011827,0.22742068533684723,0.22647528556938515,0.23105957009258482
0.3162635083291666,0.23282117658848048,0.21915408495602326,0.23176123012632954
0.3118549569368165,0.23448965900864582,0.22947833000335421,0.2241770540511835
0.30602697332607925,0.2305220032985315,0.2389939241734023,0.22445709920198703
0.3097069817426859,0.23592864282364545,0.22787419672362905,0.2264901787100396
0.2942660492748853,0.24546593860654578,0.2269907655085042,0.23327724661006483
0.3183449751469052,0.2336706260752322,0.22690934113487804,0.2210750576429845
0.32507373789183835,0.23815277137550755,0.22063662155192262,0.2161368691807313
0.30978149643129455,0.2433041860141119,0.23194788374662237,0.21496643380797126
0.3141329455598349,0.23436421000928687,0.2325579500579289,0.21894489437294928
0.3118207237810041,0.24137622840525835,0.2218338713394189,0.22496917647431852
0.31356143713380025,0.2404521507947408,0.21834405359207895,0.22764235847937997
0.3231031753620621,0.23191193529944165,0.23293038202845126,0.21205450731004494
0.3160223872211269,0.23718399717740252,0.22492132784291005,0.22187228775856055
0.3256333572836265,0.23522525936686134,0.229802383616931,0.20933899973258124
0.29673244540251914,0.24423360439828273,0.2428596692821419,0.21617428091705632
0.3088703435510709,0.24121882750709117,0.23101268511113077,0.21889814383070713
0.3028097457998342,0.25083963265853837,0.21572839701481217,0.23062222452681524
0.3290975876421302,0.2379772440607208,0.21744240163237535,0.2154827666647735
0.33025895210927103,0.23505945744422152,0.22770795814833886,0.2069736322981686
0.319837785546885,0.23803160726610229,0.2302182697369283,0.21191233745008456
0.3120187896224656,0.23787970831973385,0.23146834587244713,0.21863315618535334
0.30576317600776515,0.24000805650747492,0.23059216390818846,0.22363660357657164
0.30322486469474075,0.24142775328655527,0.2243887278303213,0.23095865418838274
0.3111309689584426,0.23856987953574804,0.2198924278495291,0.23040672365628023
0.33401353961735863,0.23238912278427473,0.21572656066511675,0.2178707769332498
0.3317261240061534,0.23353030667162075,0.23307544751696946,0.20166812180525642
0.289695915733588,0.24067731914083576,0.2551339197896041,0.2144928453359722
0.2994705641611318,0.2411606015572109,0.22699498538790558,0.2323738488937518
0.30273395085113236,0.24955265636186857,0.20899834904094952,0.23871504374604952
0.32953002452396124,0.2359134246861487,0.21828274326986138,0.21627380752002864
0.3372012862696259,0.22942994593202615,0.23176762555479077,0.20160114224355724
0.30428762848822033,0.24339581529265725,0.2341843388547215,0.21813221736440086
0.3046313760119105,0.23604063824532945,0.22904546424368585,0.23028252149907427
0.3076043880504119,0.23848481623021645,0.22294229859211587,0.2309684971272558
0.3112858585427743,0.23835296362127242,0.21617126304255124,0.23418991479340198
0.3205597897104114,0.23202279953213276,0.2297393176559464,0.21767809310150946
0.31621597613424235,0.2341987140549129,0.22364671919172988,0.22593859061911492
0.32172430356139814,0.2332541922934215,0.23189711378855854,0.21312439035662187
0.28770015615295524,0.24197054334279613,0.2406634111326366,0.22966588937161217
0.31215620721906007,0.2352003054342867,0.22636249576926284,0.22628099157739043
0.30503961473182084,0.2458452938560319,0.21340041912497493,0.2357146722871724
0.3282952746781017,0.2336348975335293,0.2240952603789449,0.21397456740942422
0.31801853240178846,0.23511945682748023,0.23244822578519486,0.2144137849855364
0.30871527604799553,0.23887839502555658,0.2273022802519759,0.22510404867447203
0.30585556369981637,0.23756869558318958,0.22407357109361617,0.23250216962337794
0.313202031449924,0.23458700275740008,0.224635831526317,0.22757513426635895
0.311602488739669,0.2359181328816505,0.22365441661338506,0.2288249617652955
0.3065040791427262,0.23565465434966792,0.22863825219323616,0.22920301431436962
0.3182889017153336,0.23152947523084436,0.22130936905107926,0.22887225400274286
0.32240229171797713,0.23393152415200608,0.22861634747016119,0.21504983665985564
0.29402010194133393,0.23963683108150446,0.2432280656047876,0.22311500137237397
0.3091210759704475,0.23582603471646568,0.22975977763203756,0.22529311168104935
0.303916121257881,0.24637406471657056,0.2146078084793803,0.23510200554616803
0.32215290376565925,0.23683262329433194,0.22351986570097784,0.217494607239031
0.323884127485031,0.23344510454930237,0.22979428321293197,0.21287648475273466
0.31006090872114883,0.24070914466935206,0.22734384810008473,0.22188609850941438
0.3030810530562919,0.23805627174200653,0.22538201278327796,0.23348066241842366
0.3167181342395949,0.2328212523544594,0.22264928982519097,0.22781132358075468
0.30444740470640985,0.23846844816325455,0.22162489335496036,0.23545925377537513
0.3059770820375757,0.23209579255124832,0.2263813876739098,0.23554573773726617
0.3211559146568913,0.22906760353510877,0.2181014929839796,0.23167498882402024
0.319889278628399,0.2328246328317696,0.22851790685864423,0.2187681816811871
0.2913469124754015,0.2339988139553548,0.25034167637725313,0.22431259719199065
0.3075691618381269,0.23397481210073026,0.22799066486082906,0.2304653612003138
0.30140704309184874,0.24749371021111763,0.21635991566335647,0.23473933103367708
0.31491851007602456,0.2376675635647723,0.22914819776781276,0.2182657285913905
0.3286256479524248,0.23224197418911918,0.2278998100011595,0.21123256785729652
0.3043849155616304,0.24720458673832454,0.22463686496872082,0.22377363273132428
0.31025661873686305,0.2353267192037654,0.22480479608922257,0.22961186597014896
0.3207198549988322,0.2331317313608423,0.2228341033822102,0.2233143102581154
0.3069248979726813,0.23939888521162497,0.21881913577440595,0.2348570810412877
0.3097594549954335,0.230356655653267,0.23332090379841394,0.22656298555288568
0.30935874072244157,0.2315914823934753,0.220040875866082,0.23900890101800118
0.32058798972893265,0.2320910489310439,0.2240664892767734,0.22325447206325016
0.29783171565839145,0.23489751523718644,0.24186761631208575,0.22540315279233655
0.31661435752501427,0.2311054098601122,0.23293687237145708,0.2193433602434165
0.30122279181081496,0.24709235498220938,0.22262927145248496,0.22905558175449084
0.3073914515360581,0.24182571391273341,0.23318336119481992,0.2175994733563886
0.3123735172726955,0.239161453073966,0.2256487698993796,0.22281625975395888
0.3161724533990695,0.24305789390059318,0.21461630702647816,0.22615334567385909
0.31814203719113854,0.2377361148073905,0.21896290009638605,0.22515894790508484
0.3266464061648071,0.22939159450265192,0.228387806368625,0.21557419296391597
0.3050919143002232,0.23690000483257154,0.22723582681800691,0.23077225404919827
0.29923229592020645,0.23275071763192268,0.23071603076270383,0.2373009556851671
0.3152170379440527,0.22970231810138228,0.22170587239262288,0.2333747715619421
0.3171156623000705,0.23525262024853813,0.22736173022911743,0.220269987222274
0.3032890291015562,0.23632853674269838,0.24244636340968906,0.21793607074605642
0.3003843092239193,0.2407404431285857,0.23416173519456068,0.2247135124529343
0.30137709632144005,0.24583530003012535,0.2127902509138889,0.23999735273454578
0.33206238372684466,0.23499373362284487,0.21833162651846977,0.21461225613184073
0.32405952765205515,0.23610932456504255,0.23071256945817298,0.20911857832472944
0.3060669903685089,0.2392346239680241,0.23726978829274795,0.217428597370719
0.30050165407712326,0.23880839191902264,0.21876096318785815,0.241928990815996
