0.29346052,0.205961626,0.245523195,0.255054659
0.306492593,0.200867309,0.242521612,0.250118486
0.291247827,0.204258838,0.233765909,0.270727426
0.270223815,0.204391879,0.216263667,0.30912064
0.333998835,0.192262729,0.220233787,0.253504649
0.300333173,0.197681416,0.272297657,0.229687755
0.301046102,0.200535378,0.26719393,0.23122459
0.304279817,0.204548411,0.226399345,0.264772427
0.276128812,0.204622779,0.234501874,0.284746535
0.315225306,0.197548083,0.223745582,0.26348103
0.312325013,0.198368479,0.235710589,0.253595918
0.309398245,0.197545339,0.261323446,0.231732971
0.30346241,0.202304968,0.24217323,0.252059392
0.308956923,0.201847108,0.211788819,0.27740715
0.287620509,0.201008125,0.210032451,0.301338915
0.309273604,0.196220082,0.211255459,0.283250855
0.320457677,0.194814108,0.235676006,0.249052209
0.29668193,0.200295226,0.264793823,0.238229021
0.278076928,0.206356839,0.242298053,0.27326818
0.301854971,0.202165726,0.222801775,0.273177528
0.249235962,0.207247927,0.239119584,0.304396528
0.316500655,0.195947159,0.225845505,0.261706681
0.306796376,0.198612296,0.246173707,0.248417621
0.306583854,0.196804357,0.275867391,0.220744398
0.301927008,0.203850467,0.240623333,0.253599192
0.310070021,0.201645843,0.219032024,0.269252112
0.304273898,0.198550471,0.249378663,0.247796967
0.305402634,0.200201372,0.251921824,0.24247417
0.309904361,0.200894441,0.239261676,0.249939521
0.303213377,0.200076191,0.259760342,0.236950091
0.302896138,0.200010984,0.263419472,0.233673406
0.321409662,0.198478612,0.251616877,0.22849485
0.284223051,0.205195195,0.256867851,0.253713902
0.323515344,0.19759031,0.240579698,0.238314648
0.318086512,0.199869299,0.234624837,0.247419352
0.315219705,0.196605089,0.263024556,0.22515065
0.317224993,0.199655699,0.248566872,0.234552437
0.315421956,0.200175346,0.243691122,0.240711576
0.305711865,0.20220478,0.226181006,0.265902349
0.311966192,0.199569472,0.198738715,0.289725622
0.332745434,0.192361712,0.231895882,0.242996971
0.312146961,0.192830395,0.291475907,0.203546737
0.298260292,0.202267936,0.27352552,0.225946253
0.301320488,0.205940504,0.22651023,0.266228779
0.262398936,0.206218096,0.223773101,0.307609867
0.334489452,0.192327966,0.224781977,0.248400605
0.314556464,0.1971734,0.251981538,0.236288597
0.313237225,0.195655483,0.27819622,0.212911072
0.311038384,0.202217474,0.245483708,0.241260433
0.316152908,0.201668688,0.214334607,0.267843797
0.303485953,0.20019149,0.217876645,0.278445912
0.314887201,0.197128133,0.231839405,0.256145261
0.31624288,0.197220567,0.247448629,0.239087924
0.307920484,0.197365287,0.276336659,0.218377569
0.291088169,0.203345731,0.270520359,0.235045741
0.312586777,0.202057482,0.237449069,0.247906672
0.279504729,0.2061395,0.228543597,0.285812175
0.322986514,0.195768198,0.224532942,0.256712345
0.328017366,0.194621315,0.247271549,0.23008977
0.311111165,0.195535059,0.283812509,0.209541267
0.308620474,0.20268741,0.248754203,0.239937913
0.307719658,0.203564442,0.208741399,0.279974501
0.303619851,0.198994618,0.224228195,0.273157336
0.314746857,0.197603934,0.233174231,0.254474979
0.318508404,0.195870085,0.256561267,0.229060244
0.306766258,0.196797163,0.286012957,0.210423622
0.287243251,0.206304807,0.252360552,0.25409139
0.323226546,0.200438741,0.200655257,0.275679456
0.27467951,0.202312946,0.216466273,0.306541271
0.33669207,0.191142191,0.223486362,0.248679376
0.326179207,0.195670987,0.24287966,0.235270145
0.300693721,0.199583392,0.27131463,0.228408258
0.287621811,0.206035597,0.213682672,0.29265992
0.31248981,0.198302153,0.192194709,0.297013329
0.265469936,0.20126123,0.238621731,0.294647103
0.31895414,0.195051163,0.237181892,0.248812805
0.304817633,0.200001229,0.248084079,0.247097059
0.292223044,0.20102308,0.272660872,0.234093004
0.293881208,0.204237321,0.241964846,0.259916626
0.312633294,0.201080112,0.223838567,0.262448027
0.275077786,0.203621577,0.249129125,0.272171512
0.323629845,0.196094782,0.239927117,0.240348256
0.310252419,0.200133958,0.242970413,0.246643211
0.307597274,0.199322013,0.256909378,0.236171336
0.30117916,0.203146833,0.225818374,0.269855633
0.327509771,0.196809832,0.223993785,0.251686612
0.280472017,0.20404376,0.23928597,0.276198253
0.310193997,0.199004869,0.206482809,0.284318325
0.324837957,0.195105963,0.222628081,0.257427998
0.298960116,0.196729478,0.281804574,0.222505832
0.299530934,0.203228501,0.250140406,0.24710016
0.30138407,0.204534359,0.224307485,0.269774086
0.239140692,0.207303815,0.235863984,0.317691508
0.343627713,0.190174117,0.225121908,0.241076262
0.295427512,0.201043477,0.257495737,0.246033274
0.312123688,0.194421346,0.285653877,0.207801089
0.299589084,0.205492308,0.242497612,0.252420995
0.304782496,0.202372925,0.212252565,0.280592014
0.305978329,0.19893954,0.205357174,0.289724957
0.317806022,0.194852047,0.230762346,0.256579585
0.326087232,0.192112988,0.269944863,0.211854917
0.289165574,0.203067591,0.280222697,0.227544138
0.296836464,0.204398873,0.243587238,0.255177425
0.301449486,0.20413212,0.217805502,0.276612891
0.273768949,0.202887427,0.245523599,0.277820024
0.334281477,0.192443025,0.249426792,0.223848706
0.302790106,0.197900098,0.283237659,0.216072136
0.310234137,0.19899738,0.272899154,0.217869329
0.31110525,0.204584118,0.209003335,0.275307297
0.32376971,0.196558888,0.222315421,0.257355981
0.31906531,0.196405024,0.247448935,0.237080731
0.314477217,0.19974988,0.242267589,0.243505313
0.318176907,0.198765777,0.242964315,0.240093
0.304358752,0.199106003,0.268880169,0.227655076
0.309494849,0.199663592,0.263612565,0.227228994
0.304475205,0.204010306,0.238936964,0.252577524
0.287063366,0.203606896,0.237547558,0.27178218
0.334031782,0.193963586,0.239499755,0.232504877
0.313843364,0.197258811,0.266032415,0.222865409
0.314367615,0.198425814,0.265401208,0.221805363
0.311919944,0.203378524,0.221723035,0.262978496
0.324625802,0.197187683,0.228375724,0.24981079
0.311976201,0.199624185,0.237120742,0.251278872
0.301845716,0.201912684,0.216342095,0.279899506
0.335379199,0.192060589,0.24539269,0.227167523
0.298163502,0.194036627,0.31140254,0.196397331
0.29445433,0.205562328,0.259479458,0.240503884
0.31368346,0.203555981,0.203880883,0.278879676
0.280479627,0.200987632,0.256296816,0.262235925
0.33184365,0.193883829,0.249003327,0.225269194
0.321973846,0.19925455,0.241757141,0.237014464
0.302199781,0.199381359,0.267244215,0.231174644
0.324385103,0.200614451,0.211733225,0.263267221
0.317012337,0.199001847,0.181730396,0.30225542
0.232699068,0.192063743,0.174648753,0.400588436
0.337752522,0.177714288,0.157316459,0.327216731
0.32662473,0.187766084,0.206212557,0.27939663
0.294256815,0.197205725,0.259616788,0.248920673
0.163125964,0.206886184,0.191118613,0.43886924
0.126804312,0.161898941,0.130461712,0.580835035
0.08712286,0.132988699,0.127966516,0.651921924
0.26618128,0.161189748,0.216500631,0.356128341
0.297402386,0.187742489,0.268650937,0.246204188
0.178141991,0.216949372,0.260627793,0.344280845
0.251366996,0.198368964,0.19536986,0.354894181
0.284965472,0.196558029,0.205728024,0.312748475
0.180939468,0.202936379,0.227968945,0.388155208
0.330851219,0.186328397,0.198084142,0.284736242
0.278023691,0.20014964,0.249014421,0.272812249
0.283310423,0.20065498,0.269405055,0.246629543
0.287570628,0.205557573,0.230781165,0.276090635
0.268025082,0.206880395,0.238105579,0.286988943
0.239879237,0.207198267,0.233429716,0.31949278
0.326129731,0.193501716,0.220082136,0.260286417
0.29997507,0.197060331,0.274242691,0.228721908
0.290810567,0.202131935,0.272161659,0.234895839
0.313803916,0.202612264,0.215406771,0.26817705
0.291704578,0.202738062,0.216648677,0.288908682
0.311341464,0.195886354,0.235838407,0.256933776
0.321638339,0.197847927,0.231503406,0.249010328
0.298425697,0.200092833,0.259014756,0.242466714
0.307671928,0.197544887,0.276584705,0.218198479
0.277860877,0.208168598,0.253197652,0.260772873
0.300456111,0.203339506,0.219239387,0.276964996
0.275138646,0.203154177,0.218390934,0.303316243
0.337281502,0.189911661,0.243446959,0.229359878
0.316976944,0.197115906,0.260965236,0.224941914
0.308371629,0.200218918,0.259739365,0.231670088
0.309141469,0.202965853,0.22380193,0.264090749
0.29911687,0.20217987,0.211616155,0.287087104
0.287375215,0.200502221,0.208758133,0.30336443
0.302504918,0.196812006,0.206641936,0.294041139
0.328368966,0.189798309,0.261449376,0.220383349
0.299482541,0.193605462,0.31338931,0.193522687
0.267640196,0.212073882,0.252404825,0.267881097
0.274548634,0.204445356,0.180856468,0.340149542
0.263381583,0.196341802,0.200639085,0.339637529
0.345285201,0.183765679,0.250925539,0.220023581
0.310949521,0.194933274,0.286187873,0.207929332
0.278182527,0.207879915,0.256548765,0.257388793
0.308456378,0.201054261,0.190981248,0.299508113
0.293623767,0.198676932,0.190449382,0.317249919
0.299695283,0.194393508,0.232486595,0.273424613
0.314220531,0.197521434,0.231928324,0.256329711
0.299066224,0.199495337,0.255485045,0.245953394
0.300762182,0.200361182,0.266465127,0.232411509
0.24490474,0.211908609,0.228912838,0.314273813
0.304794982,0.198111244,0.196410274,0.3006835
0.259181707,0.201569878,0.228977293,0.310271123
0.333978805,0.188780969,0.255463667,0.221776559
0.301251675,0.202266851,0.250949998,0.245531476
0.288724357,0.204369587,0.23347139,0.273434665
0.296156078,0.200872236,0.200045044,0.302926643
0.308399674,0.196661481,0.212045725,0.282893119
0.292212942,0.199553197,0.235099623,0.273134238
0.282711186,0.202788481,0.221266295,0.293234038
0.311536053,0.196608447,0.23060728,0.26124822
0.297112306,0.19831349,0.275894109,0.228680095
0.26133714,0.209710873,0.252558555,0.276393432
0.290476211,0.203867909,0.20412996,0.30152592
0.256967791,0.202794573,0.22623505,0.314002586
0.330371204,0.190424843,0.244795956,0.234407997
0.310570895,0.19917908,0.252942132,0.237307893
0.286829666,0.20480882,0.243388561,0.264972953
0.295853257,0.20132306,0.198102847,0.304720836
0.318358416,0.195227494,0.20000877,0.28640532
0.270239737,0.201278763,0.225533849,0.302947651
0.295559987,0.197426808,0.19968411,0.307329096
0.313996062,0.19457427,0.225644349,0.265785319
0.288729228,0.197868218,0.287489239,0.225913316
0.25456228,0.211845423,0.242409342,0.291182955
0.271620171,0.205556338,0.20428691,0.318536581
0.236052513,0.2046122,0.238812292,0.320522996
0.326480928,0.191177757,0.243315807,0.239025508
0.310501905,0.198559382,0.257295411,0.233643302
0.267762255,0.207368743,0.251125082,0.27374392
0.321760607,0.19767131,0.195619538,0.284948544
0.319402454,0.196827626,0.202803778,0.280966142
0.281259576,0.199680449,0.240192881,0.278867093
0.309263511,0.198903957,0.200802695,0.291029837
0.286072319,0.199746145,0.214448421,0.299733115
0.297094486,0.197011261,0.260414934,0.245479319
0.266791491,0.207263675,0.25042017,0.275524663
0.296917663,0.202770038,0.235035446,0.265276853
0.241461004,0.209544138,0.260478802,0.288516056
0.308516255,0.198266874,0.241056912,0.25215996
0.297778484,0.202978801,0.218935231,0.280307484
0.299258382,0.199033009,0.231062426,0.270646182
0.322939067,0.196322308,0.220266924,0.260471701
0.328659199,0.196294094,0.226141208,0.248905498
0.278622439,0.204739357,0.230670255,0.285967948
0.280724903,0.200840241,0.195070206,0.323364651
0.306319391,0.195377583,0.210351877,0.287951149
0.283675974,0.198075491,0.282131328,0.236117206
0.279120427,0.205009723,0.26923249,0.24663736
0.255474722,0.211589313,0.217257688,0.315678276
0.260107123,0.200468699,0.210350525,0.329073653
0.340406654,0.18708801,0.244899708,0.227605628
0.304505588,0.196269371,0.285077329,0.214147711
0.288436183,0.207468895,0.232659244,0.271435677
0.284365123,0.200401967,0.183330264,0.331902646
0.328469061,0.19107371,0.205775108,0.27468212
0.294612546,0.19830609,0.246237946,0.260843419
0.298495999,0.202189772,0.214799122,0.284515108
0.286279436,0.200618482,0.226514609,0.286587473
0.303139,0.196475279,0.266885598,0.233500122
0.253764536,0.21072831,0.23477109,0.300736064
0.305812393,0.19955794,0.221305669,0.273323998
0.234351904,0.20835713,0.252558808,0.304732157
0.338536444,0.189816812,0.25012738,0.221519364
0.294641733,0.203655704,0.257747552,0.243955012
0.26898191,0.20597972,0.242211153,0.282827218
0.337505681,0.195232991,0.190676036,0.276585292
0.292878302,0.200105296,0.220174392,0.28684201
0.32135967,0.194348629,0.234377209,0.249914492
0.299481532,0.202627794,0.209477958,0.288412716
0.308989156,0.196598975,0.236155619,0.25825625
0.300615964,0.19888444,0.26909065,0.231408946
0.256305178,0.210255481,0.260296978,0.273142363
0.275206441,0.206959648,0.208509033,0.309324878
0.246121374,0.202891805,0.21965114,0.331335682
0.338620161,0.187122252,0.24816397,0.226093617
0.309849691,0.196691228,0.275100577,0.218358503
0.2980635,0.203698634,0.254858543,0.243379323
0.290779129,0.203740271,0.197025602,0.308454998
0.328388745,0.193769002,0.193472336,0.284369917
0.293838165,0.197941658,0.241788822,0.266431355
0.306519664,0.19974431,0.229890819,0.263845207
0.296298872,0.201506524,0.224378211,0.277816393
0.298999516,0.198836606,0.259312484,0.242851394
0.248317325,0.209685022,0.226928232,0.315069421
0.299974229,0.197287286,0.1840185,0.318719985
0.273316468,0.197603693,0.23010788,0.29897196
0.32162092,0.190771088,0.264912454,0.222695539
0.294868584,0.205103493,0.230843626,0.269184296
0.250464944,0.20678405,0.207827548,0.334923458
0.242744351,0.193845,0.182093658,0.381316991
0.358406478,0.181271846,0.21511831,0.245203366
0.264699024,0.202636649,0.289335848,0.243328478
0.282290802,0.205291985,0.250492415,0.261924798
0.277283178,0.207258765,0.213469134,0.301988923
0.279065206,0.200610193,0.258312398,0.262012203
0.308371007,0.195448107,0.280205879,0.215975008
0.281086379,0.206718102,0.264065109,0.248130411
0.300894392,0.202858404,0.235313105,0.260934099
0.318984983,0.197423781,0.241877344,0.241713892
0.318361744,0.193717237,0.280142909,0.207778109
0.30835958,0.200841557,0.266328692,0.22447017
0.308608327,0.202149686,0.245855837,0.243386151
0.316381059,0.199904454,0.239717078,0.243997409
0.312514447,0.198754362,0.253564985,0.235166205
0.308421604,0.202575227,0.226320815,0.262682354
0.32857821,0.195025763,0.242108281,0.234287747
0.306650084,0.187152667,0.330207619,0.17598963
0.290996211,0.19814786,0.318149045,0.192706883
0.310828625,0.205949527,0.234196309,0.249025539
0.305116548,0.202154048,0.238101835,0.254627569
0.318411597,0.190884542,0.292641865,0.198061996
0.320910503,0.19948074,0.258965637,0.22064312
0.321725024,0.200212959,0.240140031,0.237921986
0.323567536,0.191898733,0.285871999,0.198661732
0.318464787,0.198838776,0.267927546,0.214768891
