0.315764923,0.192352701,0.201112363,0.290770013
0.307511096,0.190431885,0.213370586,0.288686433
0.308150742,0.191050243,0.213532136,0.287266879
0.303867956,0.190846457,0.207438364,0.297847222
0.308154961,0.195956377,0.207405626,0.288483036
0.321152065,0.200531528,0.200731441,0.277584967
0.316566508,0.194226659,0.206762692,0.282444141
0.304215993,0.186511439,0.22101371,0.288258858
0.314076309,0.196465897,0.203406841,0.286050954
0.314419665,0.197577457,0.203654412,0.284348466
0.311323441,0.196897174,0.206043335,0.28573605
0.321317795,0.200097233,0.205945356,0.272639617
0.309164928,0.19075579,0.207198337,0.292880945
0.292483723,0.182414158,0.225686302,0.299415817
0.293855861,0.186774451,0.213377339,0.305992349
0.294021544,0.187331762,0.211695901,0.306950794
0.297714759,0.190207392,0.209489175,0.302588675
0.308027975,0.189932091,0.215168477,0.286871457
0.302878676,0.186247312,0.210174187,0.300699825
0.306193827,0.189266103,0.217528845,0.287011226
0.31735867,0.199277555,0.196239855,0.287123919
0.317914987,0.199787892,0.204454831,0.27784229
0.318670039,0.200069467,0.201380059,0.279880435
0.329704194,0.20294033,0.20053068,0.266824796
0.3085219,0.188756769,0.209534888,0.293186444
0.2993103,0.1861519,0.223509544,0.291028255
0.318918811,0.200118936,0.197933033,0.28302922
0.318457445,0.197087959,0.203704828,0.280749768
0.310137564,0.193882937,0.211396434,0.284583066
0.329648579,0.203676639,0.203194949,0.263479834
0.329494752,0.203084453,0.190420045,0.277000749
0.32347073,0.198392984,0.210551638,0.267584648
0.325952758,0.201262993,0.200215548,0.272568701
0.327194832,0.202094829,0.202699916,0.268010423
0.318680754,0.198609439,0.201612825,0.281096981
0.325789365,0.202761607,0.204794251,0.266654777
0.3188042,0.196679505,0.20443752,0.280078775
0.313515559,0.193713156,0.213094165,0.27967712
0.306142829,0.191342468,0.212281135,0.290233568
0.294349461,0.186948711,0.219609929,0.299091899
0.308414397,0.198157397,0.203781063,0.289647143
0.32678621,0.201689735,0.201177347,0.270346707
0.313014853,0.189954589,0.21083603,0.286194528
0.30656483,0.186515954,0.226895349,0.280023867
0.320626676,0.201339196,0.194690309,0.283343819
0.325732917,0.206325581,0.197285917,0.270655585
0.322539802,0.202940608,0.200504526,0.274015064
0.332265584,0.204638987,0.202623953,0.260471476
0.311536212,0.189650154,0.208027889,0.290785746
0.293024749,0.181374404,0.229015557,0.29658529
0.301002626,0.190760966,0.210338053,0.297898355
0.309199515,0.195520313,0.205916232,0.289363939
0.310143956,0.196068527,0.205676414,0.288111103
0.326137981,0.200880499,0.207020346,0.265961174
0.326699659,0.198900649,0.197812811,0.27658688
0.319595394,0.195510953,0.211654087,0.273239566
0.320057432,0.199973287,0.201856685,0.278112596
0.323068588,0.203874643,0.200702572,0.272354197
0.321949498,0.202268174,0.199066947,0.276715382
0.325705942,0.200160485,0.205548029,0.268585543
0.306798162,0.186472931,0.216287863,0.290441044
0.294727854,0.182166384,0.227260993,0.295844768
0.31020884,0.197153277,0.201988653,0.29064923
0.313963263,0.198643482,0.204252749,0.283140506
0.317431046,0.200295994,0.203211038,0.279061921
0.335021586,0.204089492,0.202851617,0.258037305
0.317251349,0.192955649,0.202355768,0.287437233
0.299818472,0.186466211,0.227108438,0.286606879
0.310346607,0.198242538,0.200275362,0.291135493
0.310020797,0.19791541,0.204684863,0.28737893
0.301813194,0.191353975,0.211752043,0.295080788
0.309845467,0.189522306,0.218806918,0.28182531
0.289481394,0.177735549,0.217378333,0.315404724
0.285948708,0.180488495,0.228794829,0.304767969
0.310291431,0.19866055,0.195050448,0.295997571
0.310814566,0.195592716,0.206815523,0.286777195
0.307440801,0.193240145,0.210563543,0.28875551
0.326692747,0.199584953,0.205388581,0.268333719
0.31467807,0.193014217,0.199307695,0.293000019
0.308650563,0.191679407,0.219277351,0.280392678
0.323455886,0.203064576,0.194912487,0.278567051
0.32294636,0.200627129,0.202559813,0.273866698
0.312394504,0.195289976,0.206006088,0.286309433
0.320378939,0.197752029,0.210636549,0.271232483
0.305244834,0.189546407,0.205370127,0.299838632
0.303387818,0.190160167,0.219775918,0.286676096
0.307451896,0.193423538,0.204082001,0.295042566
0.293102481,0.184819667,0.220533143,0.30154471
0.300068165,0.191997275,0.209916763,0.298017796
0.321899497,0.198592393,0.202976619,0.276531491
0.306027488,0.188080761,0.208555064,0.297336687
0.303938005,0.187243348,0.226662633,0.282156014
0.319583515,0.20049748,0.192684452,0.287234553
0.321502884,0.20179015,0.202068174,0.274638793
0.318545542,0.199659359,0.202086735,0.279708364
0.337943705,0.207439377,0.198780115,0.255836804
0.316240992,0.191301537,0.204927038,0.287530433
0.297745955,0.185905878,0.22391536,0.292432808
0.303187875,0.192966384,0.210385373,0.293460367
0.307696064,0.196794541,0.200652601,0.294856794
0.314140626,0.197459973,0.207508353,0.280891049
0.316502277,0.190995171,0.214359917,0.278142635
0.309974863,0.188543896,0.213113931,0.28836731
0.314863243,0.194687933,0.210623841,0.279824982
0.328703289,0.207714061,0.190175064,0.273407587
0.336425857,0.209651577,0.196470005,0.257452561
0.337396349,0.207130978,0.192803187,0.262669486
0.33116047,0.200153643,0.205458104,0.263227782
0.30091608,0.184849323,0.218009174,0.296225422
0.308358323,0.195030536,0.21277678,0.283834361
0.318188893,0.200469353,0.197883102,0.283458652
0.305946918,0.191379633,0.214446247,0.288227202
0.308664356,0.193098068,0.215613428,0.282624148
0.326747577,0.200757867,0.200179757,0.272314799
0.323868826,0.198739968,0.199823639,0.277567567
0.318127076,0.195887176,0.213829962,0.272155785
0.327031924,0.204417722,0.19763633,0.270914024
0.332163373,0.207279657,0.195574259,0.264982711
0.327044534,0.202899762,0.198403527,0.271652178
0.322017397,0.197371652,0.211195168,0.269415783
0.304027387,0.187197156,0.215774107,0.29300135
0.307645793,0.193255348,0.212195173,0.286903686
0.311271569,0.195596681,0.206047897,0.287083853
0.296750752,0.187763274,0.217967732,0.297518242
0.316156877,0.200493866,0.206364094,0.276985163
0.341787024,0.20734048,0.190881173,0.259991323
0.313361221,0.188700928,0.213326444,0.284611407
0.305446248,0.189541032,0.225858293,0.279154427
0.340951789,0.215093644,0.182015617,0.26193895
0.331185187,0.20657046,0.192784381,0.269459972
0.310516831,0.193268881,0.218262778,0.27795151
0.326540317,0.201433386,0.20541561,0.266610687
0.299974364,0.185220494,0.209074685,0.305730456
0.269466865,0.172341818,0.241559646,0.316631671
0.264123588,0.172715439,0.224412863,0.338748109
0.249879446,0.165636585,0.217587177,0.366896791
0.253500533,0.168248573,0.217573117,0.360677776
0.267290162,0.162298073,0.227791586,0.342620179
0.257336159,0.150442937,0.23228248,0.359938424
0.25103429,0.153490495,0.23092235,0.364552865
0.276203711,0.17610816,0.191535039,0.35615309
0.292949002,0.191670608,0.19412754,0.32125285
0.30365126,0.193689932,0.211695787,0.290963021
0.310810777,0.187109556,0.208788356,0.29329131
0.294194322,0.180014265,0.207100312,0.318691101
0.295025264,0.185260592,0.21571719,0.303996955
0.3032405,0.191412188,0.197849146,0.307498166
0.293673607,0.185527268,0.215603541,0.305195584
0.301483699,0.190495577,0.206947367,0.301073357
0.314115126,0.191668408,0.205008493,0.289207973
0.299267182,0.18340773,0.213706411,0.303618677
0.310432516,0.19206723,0.213940885,0.283559369
0.319405556,0.198786566,0.194435748,0.28737213
0.315736756,0.198645232,0.204198672,0.281419341
0.330503886,0.206286155,0.196755317,0.266454643
0.328944474,0.200299717,0.199269974,0.271485834
0.300266991,0.185083609,0.218495389,0.296154011
0.301331336,0.189326393,0.217438447,0.291903824
0.310243508,0.196457369,0.197811071,0.295488051
0.300955423,0.188509317,0.216796905,0.293738355
0.30784324,0.193139903,0.210327543,0.288689314
0.328907486,0.199003721,0.204670792,0.267418001
0.319291773,0.194588348,0.199853489,0.28626639
0.31427947,0.195366584,0.216028931,0.274325015
0.322394467,0.203794286,0.195729679,0.278081568
0.32915933,0.207896996,0.194097651,0.268846024
0.31536418,0.195822221,0.207176602,0.281636997
0.307603108,0.188515004,0.219924655,0.283957233
0.298320284,0.182662097,0.218401867,0.300615751
0.295642268,0.18520905,0.216738937,0.302409745
0.296874518,0.189852796,0.212188445,0.301084241
0.297032698,0.191101433,0.211992146,0.299873723
0.316894842,0.20166752,0.199369764,0.282067874
0.333950464,0.201113186,0.199863382,0.265072968
0.305663898,0.181771025,0.221415654,0.291149423
0.291219964,0.181462616,0.230497214,0.296820206
0.315752553,0.204249193,0.191391436,0.288606819
0.326110715,0.209570545,0.189254586,0.275064155
0.317444922,0.196879178,0.211504087,0.274171812
0.305363404,0.184329313,0.222750776,0.287556508
0.286203865,0.17657122,0.222109555,0.315115361
0.285951982,0.183141911,0.217259785,0.313646322
0.302595324,0.196056406,0.201233725,0.300114544
0.299052676,0.188488556,0.215911211,0.296547557
0.303118832,0.190527647,0.209816557,0.296536963
0.318068872,0.191453154,0.213057853,0.277420122
0.303635934,0.186484406,0.205911112,0.303968548
0.301113148,0.189655242,0.221766247,0.287465363
0.317556015,0.202592121,0.191723824,0.28812804
0.325140548,0.204421006,0.197576008,0.272862438
0.304714898,0.188652101,0.214437119,0.292195882
0.299256792,0.184577555,0.223111125,0.293054528
0.291237486,0.182186766,0.211455267,0.315120481
0.292071361,0.186348571,0.214347732,0.307232336
0.298471501,0.189931142,0.210093086,0.301504272
0.292649834,0.183682138,0.217686467,0.305981561
0.299509876,0.189283714,0.209860637,0.301345772
0.320094215,0.196235398,0.204335389,0.279334998
0.310490531,0.189850933,0.20670714,0.292951396
0.301862078,0.187949635,0.222379688,0.287808599
0.319893152,0.202720362,0.193849303,0.283537184
0.324317055,0.204244742,0.195070331,0.276367872
0.309151044,0.19264096,0.211800299,0.286407697
0.304876565,0.187848551,0.21929674,0.287978145
0.288315932,0.179968747,0.214833841,0.316881481
0.285970674,0.182803418,0.219716947,0.311508961
0.290560062,0.185679463,0.210256217,0.313504259
0.278184022,0.176838856,0.222867921,0.322109201
0.28960653,0.184957375,0.213717723,0.311718372
0.315638928,0.192429425,0.20424449,0.287687156
0.300435188,0.182096306,0.215028047,0.302440459
0.300079908,0.187009043,0.223091879,0.28981917
0.329575324,0.207554754,0.186687685,0.276182237
0.327866103,0.205681067,0.191952919,0.274499911
0.317691303,0.197466678,0.21059808,0.274243939
0.317455491,0.194832626,0.208031658,0.279680225
0.291706957,0.182085532,0.213489193,0.312718317
0.284686661,0.18162255,0.224682348,0.309008441
0.294854959,0.187498863,0.206696613,0.310949565
0.278424686,0.17436111,0.227100032,0.320114172
0.282230208,0.180599789,0.218128545,0.319041458
0.31044903,0.191233555,0.207449184,0.290868231
0.306120957,0.188858083,0.20182934,0.30319162
0.310014704,0.191819543,0.219872856,0.278292897
0.33347007,0.20642377,0.188687809,0.271418351
0.331282007,0.20458,0.195065031,0.269072962
0.309883369,0.193720663,0.211257956,0.285138011
0.317252772,0.19976741,0.206283708,0.27669611
0.300716484,0.189008302,0.203558374,0.30671684
0.285738181,0.179813829,0.227610453,0.306837538
0.283694268,0.176251051,0.223628057,0.316426625
0.275955047,0.171443507,0.224345639,0.328255807
0.290212018,0.18577969,0.21069266,0.313315632
0.321409985,0.200447112,0.198688239,0.279454663
0.321334742,0.196767416,0.201410095,0.280487748
0.307774992,0.18957667,0.219393584,0.283254753
0.319389661,0.201758678,0.196873972,0.281977689
0.330269037,0.207761701,0.191148383,0.270820879
0.321873451,0.19921337,0.200850197,0.278062982
0.296976945,0.180811458,0.231100834,0.291110763
0.281585436,0.177351674,0.220564958,0.320497932
0.294892522,0.188881528,0.209518932,0.306707018
0.297524727,0.190523347,0.202404,0.309547926
0.281056684,0.17636771,0.235564778,0.307010828
0.295223035,0.186574233,0.209378545,0.308824187
0.318008479,0.193661998,0.20349418,0.284835343
0.299256426,0.185308779,0.21031377,0.305121025
0.3115653,0.195093506,0.218358957,0.274982237
0.329741819,0.205523989,0.184747027,0.279987166
0.328193729,0.204246065,0.197167337,0.27039287
0.318088941,0.195674755,0.211091725,0.27514458
0.316513832,0.195535613,0.206280998,0.281669557
0.297118376,0.186312384,0.214800576,0.301768664
0.294395034,0.188506142,0.213169659,0.303929165
0.297571921,0.188824313,0.212584819,0.301018948
0.281043606,0.176007292,0.224680483,0.318268619
0.291713609,0.18463239,0.215532929,0.308121072
0.315510216,0.191361147,0.20853881,0.284589826
0.313100293,0.191492359,0.203545147,0.2918622
0.307740402,0.190721059,0.220646269,0.280892269
0.325543433,0.206224511,0.190410599,0.277821456
0.33562623,0.211032885,0.18985423,0.263486656
0.322084234,0.1991397,0.201916102,0.276859964
0.311327135,0.189035018,0.221080933,0.278556913
0.287966578,0.178632858,0.217273183,0.316127381
0.287404733,0.18325023,0.22152471,0.307820328
0.301695423,0.193736378,0.200309882,0.304258316
0.294125258,0.184246864,0.221587939,0.300039939
0.292428335,0.184880294,0.216117028,0.306574343
0.316152317,0.194288575,0.208038833,0.281520274
0.300523564,0.186309812,0.204440785,0.308725839
0.284652077,0.181014942,0.232623253,0.301709728
0.311412759,0.1996358,0.194791812,0.294159628
0.318141867,0.198265955,0.197432666,0.286159511
0.28650368,0.178375634,0.227138929,0.307981756
0.28658652,0.178205906,0.23109081,0.304116764
0.284240504,0.180386881,0.199554381,0.335818234
0.29380655,0.190348311,0.211081612,0.304763527
0.308467188,0.192756506,0.207437289,0.291339017
0.30603776,0.185928564,0.215628227,0.292405449
0.30143348,0.185448213,0.215852489,0.297265817
0.328663204,0.205725937,0.192327794,0.273283065
0.342987131,0.210375423,0.188390308,0.258247137
0.330070627,0.201122713,0.201521465,0.267285195
0.329515317,0.20284225,0.203871446,0.263770987
0.332858428,0.206189942,0.191645568,0.269306062
0.333995106,0.205887154,0.194564876,0.265552864
0.319741221,0.194159431,0.212550887,0.273548461
0.315907427,0.193637709,0.21229015,0.278164715
0.323483671,0.199761191,0.202579022,0.274176116
0.327085603,0.203980362,0.196415401,0.272518634
0.314114672,0.196126572,0.213026165,0.276732591
0.324344297,0.204159521,0.200407133,0.271089048
0.362272521,0.219348568,0.180989992,0.237388919
0.347073205,0.201738909,0.19305373,0.258134157
0.315272128,0.18803104,0.226949554,0.269747278
0.352206648,0.218313289,0.184351585,0.245128478
0.372858379,0.229245552,0.165736133,0.232159936
0.340037328,0.205043874,0.198783306,0.256135492
0.328817611,0.201160719,0.212638707,0.257382963
0.346446936,0.211863554,0.18638086,0.255308651
0.324851705,0.1921167,0.208381979,0.274649616
