0.328314175,0.07322547,0.423142989,0.175317365
0.083333864,0.071541933,0.093165279,0.751958925
0.041963749,0.281268915,0.094365598,0.582401738
0.343902806,0.084513919,0.430592796,0.14099048
0.328096273,0.193704996,0.086465209,0.391733523
0.28824972,0.413311462,0.208594827,0.089843991
0.039639329,0.060738334,0.054025408,0.84559693
0.169633929,0.54867879,0.166646247,0.115041035
0.465803361,0.408242713,0.067932124,0.058021803
0.529223389,0.062683056,0.224265518,0.183828037
0.296390536,0.188920466,0.107289361,0.407399637
0.235983454,0.09809721,0.579868923,0.086050413
0.31266154,0.058900385,0.323430282,0.305007793
0.293321854,0.37547922,0.179104279,0.152094648
0.302652999,0.018866438,0.005272654,0.673207909
0.391577309,0.129690483,0.177911212,0.300820995
0.249063691,0.542002992,0.106453238,0.10248008
0.372594094,0.380434284,0.118635284,0.128336338
0.238082341,0.450160358,0.172395164,0.139362137
0.23019542,0.061688689,0.035341075,0.672774815
0.096324457,0.178160366,0.49433747,0.231177707
0.26865606,0.057428916,0.072772296,0.601142728
0.141418427,0.014444861,0.020094116,0.824042596
0.507336929,0.120918659,0.263605751,0.108138661
0.064043269,0.79586607,0.071766728,0.068323933
0.202101318,0.068541176,0.099927953,0.629429554
0.047949136,0.051270855,0.140451366,0.760328643
0.434645187,0.212114077,0.099326082,0.253914653
0.69111068,0.076200849,0.078243756,0.154444715
0.108668754,0.405502006,0.308743659,0.177085581
0.096882434,0.160044859,0.311020478,0.432052228
0.129772404,0.081454602,0.22864321,0.560129783
0.08133322,0.33778227,0.030906897,0.549977613
0.227321768,0.069150951,0.05403304,0.649494242
0.427288093,0.077608029,0.05464757,0.440456308
0.098478778,0.274781345,0.074222769,0.552517109
0.102934522,0.467318615,0.191269482,0.238477381
0.393335187,0.099343279,0.140094192,0.367227341
0.233915799,0.109433837,0.095113332,0.561537032
0.455955271,0.196669239,0.265369098,0.082006393
0.721034497,0.075711497,0.011913821,0.191340185
0.077355699,0.604553327,0.212838317,0.105252658
0.385768005,0.082130399,0.34205523,0.190046366
0.457456369,0.097587133,0.385704539,0.059251959
0.220104535,0.101907366,0.121641845,0.556346254
0.148316959,0.029582179,0.151224877,0.670875984
0.104548782,0.686370301,0.03621051,0.172870407
0.349699673,0.030709173,0.046666094,0.572925061
0.142267063,0.025988866,0.060441923,0.771302147
0.347625678,0.244895858,0.092321972,0.315156492
0.446379304,0.223690669,0.120422736,0.209507291
0.336367346,0.025596309,0.01788623,0.620150115
0.159541686,0.059234744,0.671137243,0.110086327
0.176686853,0.273297144,0.226937285,0.323078718
0.143738455,0.098110684,0.465636732,0.29251413
0.6326727,0.072948484,0.017056558,0.277322258
0.07390474,0.229985142,0.567503146,0.128606971
0.137976259,0.023681084,0.23507328,0.603269377
0.522337108,0.090180463,0.186130156,0.201352272
0.08895325,0.526240595,0.050626089,0.334180066
0.5746678,0.2473315,0.115361762,0.062638938
0.384773237,0.091556058,0.087730648,0.435940057
0.314245569,0.464369615,0.125043904,0.096340912
0.026599966,0.226714413,0.127301909,0.619383713
0.050736855,0.231052535,0.046314633,0.671895976
0.355931675,0.098778801,0.239324945,0.30596458
0.672179869,0.110220616,0.062331347,0.155268168
0.05246036,0.78333459,0.113921757,0.050283293
0.424766305,0.118429494,0.044794543,0.412009658
0.271706901,0.148010479,0.318456006,0.261826614
0.147730102,0.455758204,0.051344583,0.345167111
0.659579122,0.11813678,0.147974772,0.074309326
0.328424879,0.180401446,0.386194153,0.104979522
0.131617267,0.05961091,0.047441081,0.761330742
0.186471713,0.020344979,0.130956374,0.662226935
0.276430464,0.11830875,0.483829266,0.121431519
0.085817706,0.438519966,0.140144139,0.335518189
0.099393111,0.098055751,0.69038292,0.112168217
0.46695807,0.124082951,0.130267433,0.278691546
0.10785703,0.077764833,0.68091131,0.133466827
0.041343557,0.388524964,0.19438404,0.375747439
0.419062773,0.187286161,0.220239559,0.173411507
0.393112861,0.176267434,0.329822918,0.100796787
0.513942354,0.067577617,0.109653119,0.30882691
0.067979618,0.492197542,0.313647273,0.126175566
0.093082741,0.211665795,0.413209773,0.28204169
0.242296895,0.385737067,0.065098843,0.306867196
0.330056632,0.16105468,0.250076291,0.258812397
0.136015873,0.268487554,0.365137754,0.230358819
0.310037638,0.055760907,0.017851573,0.616349881
0.266773031,0.044229202,0.41512141,0.273876357
0.224795157,0.210570294,0.240575252,0.324059297
0.169597464,0.077989447,0.504993315,0.247419773
0.081583884,0.303742157,0.238372503,0.376301456
0.073002517,0.177071492,0.287794274,0.462131717
0.194921709,0.036106528,0.188969061,0.580002703
0.225540253,0.533263238,0.101241104,0.139955405
0.765692206,0.022057145,0.101395554,0.110855094
0.295245295,0.038448742,0.515830637,0.150475325
0.492730859,0.217425462,0.214355009,0.07548867
0.263107932,0.059731661,0.581853475,0.095306933
0.248434873,0.298188127,0.052676358,0.400700641
0.626354938,0.018415654,0.146295331,0.208934077
0.062637065,0.405572971,0.269461309,0.262328656
0.477124507,0.165421298,0.11057992,0.246874274
0.541298834,0.096122176,0.166260895,0.196318095
0.710203464,0.141906297,0.024345126,0.123545113
0.024590397,0.037667058,0.083570624,0.854171921
0.33448944,0.028396376,0.419353459,0.217760725
0.211549382,0.273222546,0.41385788,0.101370192
0.087340903,0.349635688,0.276615274,0.286408136
0.189683225,0.654067787,0.025555713,0.130693275
0.45358547,0.051425702,0.100447886,0.394540942
0.437432233,0.048443864,0.443193751,0.070930152
0.181713825,0.152809702,0.312823369,0.352653104
0.025944886,0.586801405,0.253309079,0.13394463
0.372958728,0.340629846,0.05110296,0.235308466
0.039003461,0.162647005,0.042283184,0.75606635
0.346407046,0.072174605,0.515356943,0.066061405
0.894684486,0.025930664,0.010386175,0.068998675
0.362868246,0.314972483,0.15051669,0.171642581
0.340156296,0.133841157,0.329056721,0.196945826
0.364519499,0.053735648,0.038466149,0.543278705
0.375992521,0.033875874,0.235917297,0.354214309
0.20300446,0.578986075,0.114026738,0.103982726
0.336547872,0.343118707,0.116372995,0.203960425
0.185475191,0.166767182,0.195166679,0.452590948
0.254239061,0.084490068,0.005280183,0.655990687
0.282104538,0.344954637,0.162486991,0.210453834
0.236662024,0.042358416,0.080374694,0.640604866
0.199608408,0.025858052,0.267405437,0.507128103
0.169190737,0.193760245,0.418568891,0.218480127
0.354882187,0.027359247,0.539163926,0.07859464
0.1576551,0.147800232,0.045724487,0.648820181
0.546634939,0.041570214,0.036480566,0.375314281
0.079961584,0.113486748,0.047248278,0.759303391
0.110257809,0.026976215,0.740412982,0.122352994
0.14161897,0.04856364,0.628024899,0.181792491
0.091645825,0.133066613,0.555230972,0.220056589
0.198565062,0.122944739,0.509472605,0.169017594
0.194408749,0.063022767,0.647307343,0.095261141
0.467053401,0.034278129,0.106798351,0.391870119
0.448888762,0.049255303,0.119433288,0.382422647
0.294962608,0.099871654,0.02248876,0.582676978
0.664548308,0.024493886,0.139897433,0.171060373
0.406720236,0.26181679,0.112813328,0.218649646
0.425189177,0.053426475,0.318912504,0.202471844
0.270326929,0.357433871,0.175758,0.1964812
0.749130184,0.015779149,0.094532765,0.140557903
0.647084969,0.040825009,0.013390893,0.298699129
0.216106007,0.192870064,0.062668694,0.528355235
0.159731004,0.102437725,0.1468221,0.591009171
0.07910306,0.126854129,0.497718501,0.296324309
0.483835932,0.024239031,0.052737206,0.439187832
0.406017275,0.038978726,0.400686313,0.154317686
0.420256764,0.216560224,0.196635484,0.166547528
0.128489859,0.407677088,0.273810788,0.190022265
0.124096983,0.260588778,0.310478023,0.304836217
0.038548326,0.016930644,0.154467876,0.790053155
0.192819224,0.062372643,0.222990496,0.521817637
0.613200331,0.197835987,0.045001329,0.143962352
0.136333612,0.07424519,0.461685973,0.327735225
0.231218211,0.421433525,0.05927004,0.288078224
0.107780562,0.21587761,0.38938239,0.286959438
0.526185678,0.108219868,0.308031813,0.057562641
0.372011989,0.382683507,0.058800856,0.186503649
0.066965091,0.499038532,0.092995462,0.341000916
0.1705326,0.051299025,0.510437917,0.267730458
0.153032285,0.072703043,0.05836404,0.715900632
0.41990979,0.051125663,0.007472166,0.521492382
0.058194443,0.173241198,0.015928814,0.752635544
0.24186929,0.439602432,0.1147581,0.203770178
0.072073801,0.35140729,0.040895461,0.535623448
0.235450864,0.378974653,0.143636379,0.241938104
0.202722144,0.016518106,0.068197276,0.712562474
0.153278036,0.206152413,0.33910991,0.30145964
0.322697907,0.021114179,0.172416653,0.48377126
0.346812109,0.179882751,0.281069901,0.192235239
0.166301684,0.06260616,0.509975911,0.261116245
0.203647895,0.044847385,0.017073286,0.734431434
0.392547951,0.072010653,0.137111939,0.398329456
0.08994787,0.394348244,0.200339167,0.315364719
0.178144523,0.058461877,0.192120413,0.571273187
0.110452956,0.149866566,0.250638414,0.489042064
0.18141872,0.243988265,0.297925795,0.276667221
0.105317074,0.358139301,0.129773931,0.406769694
0.354306793,0.068931622,0.223174375,0.35358721
0.246867463,0.616542392,0.079730475,0.05685967
0.169529116,0.078142506,0.041095143,0.711233235
0.180687191,0.067973839,0.473841129,0.277497841
0.389814046,0.094993318,0.273378146,0.24181449
0.484117064,0.252630279,0.046663624,0.216589033
0.501391844,0.024956265,0.269958308,0.203693583
0.363417522,0.309993657,0.234048512,0.09254031
0.217008774,0.623670235,0.051602439,0.107718552
0.389198569,0.136462843,0.305084754,0.169253834
0.677809107,0.034635331,0.153774268,0.133781294
0.564122714,0.054578442,0.323817494,0.057481349
0.08429584,0.226678595,0.367413053,0.321612511
0.144064489,0.090642996,0.46083121,0.304461306
0.519617183,0.052293534,0.078761309,0.349327974
0.138736737,0.251979254,0.539411103,0.069872906
0.253016846,0.050876107,0.244192985,0.451914061
0.248023738,0.321220428,0.150893198,0.279862635
0.279835006,0.046734527,0.165089968,0.508340499
0.229420248,0.057883912,0.488562465,0.224133375
0.133488146,0.118882919,0.108480703,0.639148232
0.444261488,0.05464761,0.386285173,0.114805729
0.410335285,0.21954886,0.169271517,0.200844339
0.198605494,0.11453418,0.414129345,0.272730982
0.173096483,0.350905698,0.264316806,0.211681012
0.324410898,0.095650239,0.156477143,0.423461719
0.340489802,0.202344229,0.157768604,0.299397365
0.12781226,0.065717976,0.441054607,0.365415157
0.363977534,0.277055691,0.18634805,0.172618724
0.155032662,0.090890667,0.345614015,0.408462656
0.18527234,0.31209464,0.314919789,0.187713231
0.605004069,0.148578667,0.073474225,0.172943039
0.167562731,0.05468757,0.593933907,0.183815793
0.131069025,0.200849798,0.273203577,0.394877601
0.04736749,0.124280697,0.53958742,0.288764393
0.19814023,0.049039643,0.49504515,0.257774977
0.29018347,0.218029562,0.186625685,0.305161283
0.558716256,0.164838379,0.099355007,0.177090358
0.18938557,0.193641918,0.043202291,0.57377022
0.465456331,0.011811415,0.293820345,0.22891191
0.111823821,0.645079756,0.018764691,0.224331733
0.259664647,0.116403978,0.391373271,0.232558104
0.205320396,0.169406028,0.076033132,0.549240444
0.408645615,0.03931943,0.018059004,0.533975951
0.783500867,0.068918345,0.056143477,0.091437312
0.376839029,0.278074551,0.023313604,0.321772817
0.400567622,0.270622845,0.037413676,0.291395858
0.246450936,0.224361479,0.115595734,0.41359185
0.322715587,0.058259597,0.146827107,0.472197708
0.041471462,0.029868978,0.153945484,0.774714076
0.115753893,0.087669532,0.342323128,0.454253447
0.488226619,0.428260162,0.014331169,0.06918205
0.312346815,0.140053691,0.118608118,0.428991376
0.298324704,0.115588623,0.387720206,0.198366467
0.480542281,0.113666126,0.202963428,0.202828164
0.055916351,0.012615982,0.839414687,0.09205298
0.185692829,0.498078988,0.113003053,0.20322513
0.147128477,0.211354097,0.222391104,0.419126322
0.203589215,0.108702034,0.54981291,0.137895842
0.155697697,0.391862944,0.309062879,0.14337648
0.29859763,0.067522031,0.478643264,0.155237074
0.17337394,0.113551787,0.050982931,0.662091342
0.311337702,0.048548613,0.410937231,0.229176453
0.4968555,0.144104064,0.077496439,0.281543997
0.287548379,0.036970639,0.092978643,0.582502339
0.220589217,0.107266462,0.048192489,0.623951832
0.087699045,0.023874315,0.123020384,0.765406256
0.427510687,0.04715042,0.01207751,0.513261383
0.249302868,0.284546953,0.201501915,0.264648263
0.278558861,0.236155519,0.359834955,0.125450665
0.070269251,0.044469779,0.428712282,0.456548688
0.472859468,0.14279935,0.027717858,0.356623324
0.189527969,0.062840853,0.600341451,0.147289727
0.244590197,0.134333699,0.168060291,0.453015813
0.071806582,0.034676719,0.817904203,0.075612495
0.074565014,0.420243379,0.312103772,0.193087835
0.414444815,0.112167566,0.338743748,0.134643871
0.508112197,0.391327533,0.056057342,0.044502929
0.106098963,0.203475608,0.16299333,0.527432099
0.10550237,0.071174184,0.729122359,0.094201086
0.053999559,0.263022759,0.456168894,0.226808788
0.54946513,0.038073668,0.315080052,0.09738115
0.048899895,0.372679231,0.401266377,0.177154498
0.070938885,0.02031675,0.832370238,0.076374127
0.326907034,0.371013958,0.191297297,0.11078171
0.118565409,0.115870403,0.579651641,0.185912547
0.496883306,0.062063972,0.175319401,0.265733321
0.363889932,0.232547428,0.272933579,0.130629062
0.132952412,0.072616363,0.137162861,0.657268364
0.214690787,0.159765106,0.525638191,0.099905917
0.169315214,0.343522756,0.364891815,0.122270215
0.178337837,0.028955847,0.388620942,0.404085373
0.256911706,0.153899997,0.09915245,0.490035848
0.056754604,0.637380056,0.043190222,0.262675118
0.108664782,0.185586451,0.046659854,0.659088914
0.10243787,0.017377231,0.787130837,0.093054062
0.077961564,0.342422177,0.292724679,0.28689158
0.125990042,0.647202529,0.14452418,0.082283249
0.460907323,0.089182781,0.137745081,0.312164815
0.098121268,0.395964572,0.294776243,0.211137916
0.201741826,0.063805213,0.460410761,0.274042201
0.440711185,0.047683362,0.44996921,0.061636242
0.482935157,0.147989778,0.2480318,0.121043264
0.43698247,0.293272147,0.12926424,0.140481143
0.331899097,0.107533122,0.105655217,0.454912565
0.244078447,0.066223779,0.5153886,0.174309173
0.15484051,0.085380839,0.502168145,0.257610507
0.309984331,0.060475379,0.424241769,0.205298521
0.081215076,0.117470108,0.340029337,0.461285479
0.438687286,0.285991687,0.166479019,0.108842008
0.219349571,0.018871381,0.621161309,0.140617739
0.577551396,0.057242748,0.016813387,0.348392469
0.378340249,0.057577988,0.3029587,0.261123063
0.441935453,0.093098389,0.040028279,0.424937878
0.401342761,0.120901829,0.383778929,0.093976481
0.085278943,0.105750011,0.141217458,0.667753588
0.22753255,0.354739508,0.161103868,0.256624074
0.245204626,0.058403263,0.042480567,0.653911544
0.142147943,0.031415269,0.516259614,0.310177174
0.358225257,0.358145688,0.072029123,0.211599931
0.325756028,0.373110651,0.164191709,0.136941613
0.541592901,0.045971071,0.303730703,0.108705326
