0.308158802,0.246213419,0.071175311,0.374452468
0.44235941,0.024161366,0.45615415,0.077325073
0.47462885,0.100159644,0.145449735,0.279761771
0.404726948,0.321049363,0.214916878,0.059306811
0.150852907,0.198033685,0.072850511,0.578262897
0.290700563,0.300952642,0.359442875,0.04890392
0.728353467,0.041288428,0.210547265,0.01981084
0.229420312,0.730396367,0.011027611,0.02915571
0.068798992,0.110782637,0.072149619,0.748268753
0.051130114,0.149926186,0.027854639,0.771089061
0.268914806,0.414767164,0.086160093,0.230157937
0.494047326,0.025085894,0.413620204,0.067246576
0.296977374,0.187640368,0.464050519,0.051331739
0.069551024,0.101273652,0.6465275,0.182647824
0.241963937,0.237444859,0.030889473,0.48970173
0.370439378,0.161883463,0.056552428,0.411124731
0.070340222,0.297719432,0.169090136,0.462850211
0.087203402,0.062474009,0.61147516,0.238847429
0.04948229,0.055908054,0.004274395,0.890335261
0.556413266,0.268933702,0.104389937,0.070263094
0.261690949,0.324447392,0.021549864,0.392311794
0.348707685,0.069906889,0.461478961,0.119906465
0.240666157,0.472564549,0.094332863,0.192436431
0.069460779,0.074633654,0.151155074,0.704750493
0.227431436,0.096518976,0.162534488,0.5135151
0.360366658,0.120723024,0.478679044,0.040231274
0.425757493,0.36202383,0.046864747,0.165353931
0.143556641,0.113899176,0.011192912,0.731351272
0.349123498,0.131625188,0.22843241,0.290818904
0.312541793,0.20584972,0.249655325,0.231953163
0.324866789,0.079592417,0.185057689,0.410483104
0.677546998,0.244472931,0.03879202,0.039188051
0.495259681,0.301755595,0.068147,0.134837723
0.680916656,0.061818372,0.225473622,0.03179135
0.27289763,0.035552117,0.619964604,0.07158565
0.21721934,0.244612461,0.062882102,0.475286097
0.50845176,0.032627612,0.321744549,0.137176079
0.099651434,0.027252425,0.121610978,0.751485162
0.338800812,0.061246199,0.404132708,0.195820282
0.348652683,0.502362741,0.118137351,0.030847225
0.429729011,0.249368102,0.060989729,0.259913158
0.143551696,0.033024112,0.689043037,0.134381156
0.034011776,0.002793554,0.943814546,0.019380123
0.054744368,0.365823019,0.051931278,0.527501335
0.047015099,0.033841246,0.217606839,0.701536816
0.208286264,0.180857557,0.057932106,0.552924073
0.257428134,0.540858824,0.013057858,0.188655184
0.090380954,0.016218205,0.646589654,0.246811187
0.099483611,0.084811385,0.552914933,0.262790071
0.518000057,0.103184399,0.362738693,0.016076852
0.041381113,0.046423711,0.0460082,0.866186976
0.826104366,0.143362823,0.015594846,0.014937965
0.673456863,0.177401151,0.130685547,0.018456439
0.071092393,0.032652673,0.883780735,0.012474199
0.615589649,0.029347101,0.214782982,0.140280268
0.061037481,0.204163957,0.00959539,0.725203171
0.181538804,0.229845291,0.181526365,0.407089539
0.438540229,0.428796071,0.071085057,0.061578644
0.125869347,0.436758407,0.111445157,0.325927088
0.037697075,0.036015471,0.051167331,0.875120123
0.298816568,0.162588626,0.263375939,0.275218867
0.057701421,0.050674244,0.510275199,0.381349135
0.209336703,0.156398102,0.05509671,0.579168485
0.430930796,0.037554086,0.486777047,0.044738071
0.372009807,0.066538143,0.315923319,0.245528731
0.348385114,0.132058283,0.255524876,0.264031727
0.132608962,0.362730255,0.129934009,0.374726773
0.213274387,0.230899298,0.221306238,0.334520077
0.335212611,0.277387484,0.323546693,0.063853212
0.265748983,0.074895123,0.551069291,0.108286602
0.218881732,0.73019688,0.022484129,0.028437258
0.261840984,0.089957028,0.063267891,0.584934097
0.07526677,0.151760079,0.02060623,0.75236692
0.065795779,0.05846097,0.215297313,0.660445938
0.043377104,0.165367591,0.031643681,0.759611624
0.517296729,0.078656483,0.209292875,0.194753912
0.393029591,0.046326313,0.13411829,0.426525805
0.152293108,0.184738482,0.094083531,0.568884879
0.339302552,0.090887312,0.163352193,0.406457943
0.347044463,0.244422203,0.040275656,0.368257677
0.183150137,0.602740233,0.12195135,0.09215828
0.348033085,0.160418946,0.131084035,0.360463935
0.603009261,0.274659562,0.064326907,0.05800427
0.147814365,0.261921237,0.463998228,0.126266171
0.467653021,0.399124801,0.035411562,0.097810616
0.560464204,0.111779972,0.222225494,0.10553033
0.752003029,0.195805978,0.041085044,0.011105949
0.307194041,0.620612949,0.013650515,0.058542495
0.243426811,0.085128217,0.66854361,0.002901362
0.586189025,0.278093301,0.057675355,0.07804232
0.340098909,0.545205352,0.019198802,0.095496937
0.189119238,0.200350365,0.110266382,0.500264016
0.614605673,0.095566694,0.218638274,0.071189358
0.420868697,0.140537136,0.141812304,0.296781864
0.250049482,0.223602116,0.02417572,0.502172682
0.067015191,0.123313497,0.037933469,0.771737842
0.044806272,0.124927892,0.047355432,0.782910404
0.459724382,0.391154456,0.082279195,0.066841967
0.144963529,0.353100224,0.137626148,0.364310099
0.441878915,0.180554109,0.100003058,0.277563918
0.497920569,0.236439298,0.260120171,0.005519962
0.338915448,0.103779662,0.297409171,0.259895719
0.081519326,0.027964427,0.367325593,0.523190655
0.157970215,0.048612428,0.772109844,0.021307513
0.120837586,0.16818521,0.042566303,0.668410902
0.02857289,0.009373669,0.025556692,0.936496749
0.512921854,0.096206521,0.289668923,0.101202702
0.257371381,0.159010898,0.19323033,0.390387391
0.258617409,0.039541921,0.184521565,0.517319106
0.110463722,0.551536674,0.171423298,0.166576306
0.42757269,0.14463368,0.382277395,0.045516235
0.364017007,0.113305753,0.077929011,0.444748228
0.646797851,0.242474179,0.0191966,0.09153137
0.656305615,0.221887455,0.01846346,0.103343471
0.80940815,0.100768646,0.034459711,0.055363493
0.048160203,0.087565183,0.355911054,0.50836356
0.018014558,0.023158306,0.233565944,0.725261192
0.588150506,0.119807236,0.128255174,0.163787084
0.275660308,0.521150582,0.020447854,0.182741255
0.57716509,0.352697559,0.007868322,0.062269029
0.149687612,0.303599735,0.111533844,0.435178809
0.499616136,0.282159793,0.025298531,0.192925541
0.178045976,0.124136532,0.601375523,0.096441969
0.21912735,0.225496232,0.265716853,0.289659565
0.074270202,0.87197315,0.003714737,0.050041911
0.475697985,0.418199751,0.091224863,0.014877401
0.175692568,0.701174674,0.020656227,0.102476531
0.070743866,0.16975928,0.737611395,0.021885458
0.352010312,0.290199502,0.153764446,0.20402574
0.269635799,0.121301337,0.006468079,0.602594785
0.120259658,0.073926971,0.05118431,0.754629062
0.361528725,0.291878079,0.256811857,0.089781339
0.129541991,0.026490999,0.399743914,0.444223096
0.256766258,0.668276719,0.002403357,0.072553665
0.363631815,0.186832636,0.347672756,0.101862793
0.153710137,0.045802937,0.14010474,0.660382187
0.705801426,0.257207206,0.031127749,0.005863619
0.012666482,0.019078517,0.851232748,0.117022254
0.32952222,0.150628323,0.082450486,0.437398971
0.229048294,0.009879817,0.470913884,0.290158004
0.031175482,0.020250701,0.019071568,0.929502249
0.180681651,0.117317877,0.240950211,0.461050262
0.454831687,0.270170468,0.254246138,0.020751707
0.501846992,0.062946694,0.361775494,0.073430819
0.215850966,0.130601318,0.335726207,0.317821508
0.260125923,0.073028209,0.066516063,0.600329805
0.061589262,0.043356405,0.077341686,0.817712648
0.153386639,0.030994948,0.253823564,0.561794848
0.721235891,0.122060872,0.10697307,0.049730167
0.660561359,0.312130806,0.007644685,0.01966315
0.283036877,0.066248517,0.468742088,0.181972517
0.311540223,0.322284574,0.210224702,0.155950502
0.274230257,0.004087744,0.710331785,0.011350214
0.073428007,0.483118786,0.017793908,0.425659299
0.268660205,0.156382772,0.28799271,0.286964313
0.239110451,0.452014351,0.081263918,0.227611279
0.302382545,0.069195976,0.385739018,0.24268246
0.541087788,0.109409428,0.278349926,0.071152858
0.282776829,0.285124078,0.067070266,0.365028826
0.146671334,0.2054288,0.454526642,0.193373224
0.090150526,0.546085035,0.013033573,0.350730866
0.216106068,0.005488583,0.750874854,0.027530496
0.233479449,0.094244832,0.333940367,0.338335353
0.575403887,0.091222339,0.075288161,0.258085613
0.202212303,0.194366124,0.351130928,0.252290646
0.08824233,0.662937467,0.056658793,0.192161409
0.145341482,0.08673168,0.676508256,0.091418581
0.094304116,0.133472628,0.376647752,0.395575503
0.555485777,0.071202808,0.253868673,0.119442743
0.561811251,0.141670339,0.215353561,0.081164849
0.545162113,0.133218871,0.080685056,0.24093396
0.067572399,0.55816707,0.02312302,0.351137512
0.127422792,0.425229747,0.133918144,0.313429317
0.173000852,0.027739337,0.473987613,0.325272198
0.151847588,0.07016866,0.160143288,0.617840464
0.293912847,0.263566064,0.092466365,0.350054724
0.24078886,0.049670262,0.515947148,0.193593729
0.066639949,0.610627362,0.005165072,0.317567616
0.222600345,0.357976646,0.030536935,0.388886074
0.828457005,0.032442009,0.122458474,0.016642512
0.234944326,0.042316839,0.695570477,0.027168359
0.236040207,0.09583741,0.034168801,0.633953582
0.110915234,0.026561731,0.817118502,0.045404533
0.208977959,0.019210927,0.752459698,0.019351416
0.271387618,0.381507203,0.307310296,0.039794883
0.38057777,0.243710174,0.041626122,0.334085935
0.035381633,0.089852076,0.016210024,0.858556267
0.409346306,0.016149187,0.554145407,0.0203591
0.358575765,0.23785174,0.313619523,0.089952972
0.382087326,0.269149579,0.262544667,0.086218429
0.206211777,0.151770067,0.386511714,0.255506441
0.646503312,0.106531862,0.219318793,0.027646034
0.051135966,0.056061504,0.070823096,0.821979434
0.569303929,0.267944294,0.114160742,0.048591035
0.560367808,0.080606527,0.190687665,0.168338
0.593938576,0.124683185,0.200999575,0.080378664
0.112562913,0.05008567,0.546998909,0.290352508
0.127062011,0.007835343,0.126844384,0.738258263
0.649542769,0.156180268,0.060585426,0.133691536
0.770042893,0.170846599,0.033549448,0.02556106
0.451729089,0.178950863,0.334663551,0.034656497
0.297220495,0.075969473,0.226480574,0.400329457
0.118516124,0.082046049,0.062404425,0.737033402
0.345817195,0.230594477,0.049312319,0.374276009
0.06672075,0.043707349,0.050721295,0.838850606
0.620093452,0.225242195,0.105805812,0.048858541
0.309573313,0.407673181,0.120023015,0.162730491
0.474439344,0.275139189,0.109298452,0.141123015
0.544273624,0.029268815,0.32837795,0.09807961
0.620609483,0.097931864,0.165812806,0.115645847
0.22718793,0.245640385,0.431821019,0.095350667
0.076276015,0.057644824,0.036220349,0.829858812
0.430197567,0.09795819,0.440829975,0.031014268
0.240719901,0.170618373,0.022832903,0.565828822
0.137131009,0.294817546,0.466744789,0.101306656
0.383664529,0.385232394,0.049457953,0.181645124
0.085365068,0.060998733,0.161707405,0.691928795
0.205557205,0.368627273,0.075013858,0.350801664
0.296345134,0.290701893,0.154440584,0.258512389
0.768400954,0.063727682,0.054202832,0.113668532
0.869150627,0.075793208,0.029106874,0.025949291
0.03736203,0.077062219,0.109618929,0.775956822
0.023586358,0.009626788,0.062382275,0.904404579
0.433699034,0.078279969,0.08299893,0.405022067
0.220960072,0.468749164,0.093644417,0.216646347
0.128500036,0.236429395,0.172786313,0.462284256
0.501575821,0.256207704,0.043631747,0.198584727
0.545922109,0.272812065,0.086652042,0.094613784
0.632415287,0.190316285,0.072694905,0.104573523
0.122577078,0.084297055,0.786020902,0.007104965
0.296160188,0.044187358,0.022023922,0.637628532
0.557590927,0.069195379,0.22137155,0.151842144
0.046515308,0.410850961,0.004462855,0.538170875
0.393811064,0.085660372,0.462278045,0.058250519
0.392021525,0.276369577,0.039262249,0.292346648
0.160562409,0.574672793,0.048643995,0.216120803
0.494668196,0.054732306,0.25158786,0.199011638
0.168595896,0.762734303,0.013582778,0.055087023
0.150186781,0.770164711,0.064861059,0.014787449
0.163459551,0.309439451,0.143390146,0.383710851
0.409623743,0.094789595,0.29826274,0.197323922
0.168096254,0.279343865,0.044955442,0.507604439
0.096179337,0.132556923,0.523906081,0.247357659
0.221431629,0.037342446,0.554390591,0.186835334
0.26560003,0.135877094,0.148674097,0.449848779
0.042558842,0.268894122,0.012722367,0.675824668
0.156172872,0.041202284,0.141051421,0.661573423
0.339998024,0.115991414,0.184366742,0.359643821
0.090145657,0.219994268,0.422957892,0.266902183
0.100000613,0.084706882,0.052888871,0.762403634
0.327070922,0.221892204,0.286577768,0.164459106
0.386896309,0.057218375,0.512177332,0.043707985
0.293336344,0.227452261,0.04359433,0.435617066
0.443205197,0.054897154,0.382193956,0.119703694
0.168774663,0.092717284,0.010098865,0.728409187
0.125577982,0.120485312,0.487888327,0.266048379
0.306461116,0.24502168,0.385325523,0.063191681
0.292402974,0.096126838,0.004303555,0.607166633
0.199158723,0.070492281,0.651135,0.079213996
0.506892903,0.077392562,0.361268653,0.054445883
0.259666809,0.277632544,0.233074782,0.229625864
0.136648216,0.338004747,0.105215392,0.420131645
0.536961602,0.080583296,0.217824471,0.164630631
0.032312772,0.181159118,0.099640697,0.686887413
0.209266453,0.20198989,0.546654238,0.04208942
0.259021177,0.022486346,0.308967716,0.409524761
0.247148178,0.160927747,0.456045622,0.135878453
0.576655643,0.046522908,0.349578856,0.027242593
0.425407807,0.119614163,0.210648799,0.24432923
0.358206842,0.109186092,0.077060883,0.455546183
0.334591398,0.248857523,0.2451566,0.171394479
0.363639104,0.303202389,0.052618366,0.280540142
0.301496529,0.127548974,0.496704835,0.074249661
0.075114797,0.013998201,0.097187177,0.813699824
0.362588428,0.202472178,0.167008397,0.267930997
0.343369981,0.109337,0.452089414,0.095203605
0.150655194,0.194858983,0.063777447,0.590708376
0.146501683,0.610966277,0.189890104,0.052641936
0.697980594,0.140333449,0.130087753,0.031598203
0.576170641,0.071241568,0.330954378,0.021633413
0.382024926,0.135551254,0.220102696,0.262321124
0.654621614,0.140611606,0.179829741,0.024937039
0.162314164,0.381907298,0.024724411,0.431054126
0.160153457,0.018536168,0.817562727,0.003747647
0.855608645,0.106350112,0.02303984,0.015001402
0.10112232,0.042524399,0.633873206,0.222480075
0.659016241,0.104038983,0.220291881,0.016652895
0.37287254,0.454913758,0.045184492,0.127029209
0.743311233,0.14792004,0.061701216,0.04706751
0.134221844,0.111889335,0.01729956,0.736589261
0.184349393,0.147878096,0.507152885,0.160619626
0.242573324,0.315879383,0.012817218,0.428730075
0.252992745,0.589320629,0.041301899,0.116384726
0.055491155,0.022020041,0.171727626,0.750761178
0.63293282,0.109960369,0.247405969,0.009700843
0.099625168,0.150491462,0.423848668,0.326034703
0.388509861,0.57112859,0.016330601,0.024030948
0.426631353,0.527125138,0.002340578,0.043902931
0.351239019,0.244989931,0.35093942,0.052831631
0.436065263,0.063340103,0.283231851,0.217362782
0.571811111,0.10809516,0.22892098,0.091172749
0.124695461,0.008999116,0.765589116,0.100716306
0.269247774,0.385490286,0.012629921,0.332632019
0.777213603,0.07027149,0.120401092,0.032113815
0.216578164,0.211807282,0.078197169,0.493417385
0.430387473,0.018005427,0.404463703,0.147143396
0.710625687,0.023712491,0.237585732,0.02807609
0.537847305,0.240726244,0.155012429,0.066414023
